0 -0.265035780252016 5.95837e-07
1 -0.264908611244296 3.76016e-06
2 -0.264622218386054 1.66803e-06
3 -0.264622218386003 2.91693e-07
4 -0.264545788337988 5.30092e-07
5 -0.264545788337965 1.10555e-06
6 -0.264017472165485 5.8849e-07
7 -0.264017472165477 5.09821e-07
8 -0.26365810486488 1.10751e-06
9 -0.263658104864869 1.48337e-06
10 -0.26273656994867 1.14761e-07
11 -0.262736569948615 3.76641e-07
12 -0.261932890498464 1.62979e-07
13 -0.261932890498429 1.70917e-07
14 -0.261376464932674 2.01235e-07
15 -0.261376464932619 1.67886e-07
16 -0.261284124790591 1.93751e-07
17 -0.261284124790538 1.53236e-07
18 -0.260701888770813 5.27494e-07
19 -0.260701888770784 6.65129e-07
20 -0.260214756504704 1.42294e-07
21 -0.26021475650469 1.42294e-07
22 -0.260014401660072 1.95675e-07
23 -0.260014401660056 1.54902e-07
24 -0.259826448553974 1.36622e-07
25 -0.25982644855395 1.37987e-07
26 -0.259547043162837 1.52919e-07
27 -0.259547043162795 1.60057e-07
28 -0.258827457573393 1.16858e-07
29 -0.258827457573371 1.57699e-07
30 -0.258576496687713 1.42441e-07
31 -0.258576496687685 1.37331e-07
32 -0.258324766349195 1.19732e-07
33 -0.258324766349167 1.77294e-07
34 -0.257241505455992 1.86115e-07
35 -0.257241505455949 1.36011e-07
36 -0.256813211321062 1.92746e-07
37 -0.256813211321043 1.48405e-07
38 -0.255978314278078 3.99979e-07
39 -0.255978314278062 1.76785e-07
40 -0.255797873320421 1.76037e-07
41 -0.255797873320409 1.69368e-07
42 -0.255145018848246 1.39835e-07
43 -0.255145018848202 1.34781e-07
44 -0.254535491166245 1.62125e-07
45 -0.254535491166192 1.36215e-07
46 -0.253620348013403 1.56018e-07
47 -0.253620348013339 1.43798e-07
48 -0.253432252219225 1.18216e-07
49 -0.253432252219204 1.38338e-07
50 -0.253194226360868 1.54992e-07
51 -0.253194226360821 1.34781e-07
52 -0.253021563032687 1.42197e-07
53 -0.253021563032607 1.36011e-07
54 -0.252848739481892 1.46001e-07
55 -0.252848739481842 1.195e-07
56 -0.2526928488419 1.51871e-07
57 -0.252692848841865 1.11572e-07
58 -0.249772993631682 1.02429e-07
59 -0.249772993631523 1.04341e-07
60 -0.249201417408062 1.06741e-07
61 -0.249201417408002 1.43266e-07
62 -0.248045452854667 9.73934e-08
63 -0.248045452854537 1.35628e-07
64 -0.247984645519942 1.22511e-07
65 -0.247984645519877 7.86733e-08
66 -0.247850562859818 1.07486e-07
67 -0.247850562859721 1.05991e-07
68 -0.247024006958667 1.15814e-07
69 -0.247024006958598 1.1051e-07
70 -0.245714322031321 1.27152e-07
71 -0.245714322031195 1.1284e-07
72 -0.24183607154194 1.27097e-07
73 -0.241836071541845 1.13484e-07
74 -0.241660386842457 1.05499e-07
75 -0.241660386842385 1.252e-07
76 -0.240824540545884 1.02632e-07
77 -0.240824540545763 1.51803e-07
78 -0.235352930806747 1.09564e-07
79 -0.235352930806461 1.19529e-07
80 -0.153340551373776 6.67181e-08
81 -0.153340551373732 6.37939e-08
82 -0.146697851062392 3.46972e-08
83 -0.146697851062336 1.59144e-08
84 -0.145916071825157 3.48966e-08
85 -0.145916071825085 1.5584e-08
86 -0.143868358773649 4.83929e-08
87 -0.143868358773606 2.62097e-08
88 -0.141935971733714 2.61435e-08
89 -0.141935971733671 5.19875e-08
90 -0.140087865850622 2.53347e-08
91 -0.140087865850581 3.65002e-08
92 -0.13929684401198 3.30587e-08
93 -0.139296844011947 4.01226e-08
94 -0.138261521084178 4.4781e-08
95 -0.138261521084153 1.98002e-08
96 -0.136265550836994 7.27148e-08
97 -0.136265550836965 4.49743e-08
98 -0.136108638135919 5.4273e-08
99 -0.136108638135896 2.95098e-08
100 -0.135814476780438 2.69923e-08
101 -0.135814476780425 7.38275e-08
102 -0.135548724643948 2.04043e-08
103 -0.135548724643921 4.11472e-08
104 -0.134543086055832 3.70193e-08
105 -0.134543086055821 3.84446e-08
106 -0.133731720882518 6.79546e-08
107 -0.133731720882497 1.00307e-08
108 -0.132968812413855 1.47843e-08
109 -0.132968812413816 9.67859e-09
110 -0.13177537061982 1.39388e-08
111 -0.131775370619805 5.30772e-08
112 -0.130597122096836 2.05736e-08
113 -0.130597122096826 1.35603e-08
114 -0.128975102945207 1.75722e-08
115 -0.128975102945171 3.40411e-08
116 -0.12848269557296 5.80416e-08
117 -0.128482695572951 4.18577e-08
118 -0.128078754011623 1.59144e-08
119 -0.128078754011611 4.67149e-08
120 -0.127940101854679 8.33e-09
121 -0.127940101854665 3.54882e-08
122 -0.127640792427692 3.58771e-08
123 -0.127640792427651 2.83098e-08
124 -0.126739396859838 4.89985e-08
125 -0.126739396859821 4.0209e-08
126 -0.126658481225276 7.67988e-09
127 -0.126658481225243 3.73459e-08
128 -0.125352014901014 1.98876e-08
129 -0.125352014900993 1.11759e-08
130 -0.125258345525854 2.49205e-08
131 -0.125258345525839 4.165e-08
132 -0.12442048651653 2.75331e-08
133 -0.1244204865165 4.17748e-08
134 -0.124412400456246 1.94911e-08
135 -0.124412400456229 3.74155e-08
136 -0.123950987034442 1.52464e-08
137 -0.12395098703443 7.33324e-09
138 -0.123790797373967 2.65386e-08
139 -0.123790797373934 2.6734e-08
