0 -0.245989390323976 7.91683e-06
1 -0.245942486550714 8.24688e-06
2 -0.245868781876041 6.74171e-06
3 -0.245782299916059 5.86583e-06
4 -0.245352175474059 6.79962e-06
5 -0.245263656086379 6.6042e-06
6 -0.24526365599031 1.69048e-06
7 -0.245156991539972 5.25204e-06
8 -0.245156991492226 3.39425e-06
9 -0.244941454678594 3.2705e-06
10 -0.244941454655303 1.35436e-06
11 -0.244829197607173 2.77032e-06
12 -0.244829197590656 2.00809e-06
13 -0.243937589807943 6.95089e-07
14 -0.243937589806022 3.51838e-07
15 -0.240677403422023 9.96123e-08
16 -0.240677403422003 1.09374e-07
17 -0.240585060495513 2.14002e-08
18 -0.24058506049544 5.65582e-08
19 -0.240540802377395 9.57044e-08
20 -0.240540802377354 5.10786e-08
21 -0.240407587113571 6.97436e-08
22 -0.240407587113552 1.30119e-07
23 -0.240161812078352 5.16191e-08
24 -0.240161812078293 1.08033e-07
25 -0.239934767482092 9.20456e-08
26 -0.239934767482011 9.67859e-08
27 -0.23564754241684 3.37339e-08
28 -0.235647542416711 4.01226e-08
29 -0.235288758651455 1.46665e-08
30 -0.235288758651351 1.14337e-07
31 -0.235159362687196 9.32812e-08
32 -0.235159362687082 8.19987e-08
33 -0.230422713226618 7.78309e-08
34 -0.230422713226505 1.30465e-07
35 -0.157846171078225 7.57068e-08
36 -0.157846171078186 8.32584e-08
37 -0.153860623744718 9.04678e-08
38 -0.153860623744706 4.43137e-08
39 -0.153324149210771 5.26177e-08
40 -0.153324149210756 8.2041e-08
41 -0.152443078742087 2.64732e-08
42 -0.152443078742058 4.86789e-08
43 -0.149029944866157 1.51322e-08
44 -0.149029944866133 5.32078e-08
45 -0.148640290133998 6.36305e-08
46 -0.148640290133874 1.31709e-07
47 -0.148298766140632 3.19377e-08
48 -0.148298766140466 1.31985e-07
49 -0.147700704884959 6.67441e-08
50 -0.147700704884828 1.43036e-07
51 -0.147137700319065 7.77863e-08
52 -0.147137700318977 9.33183e-08
53 -0.146707225293802 9.3504e-08
54 -0.146707225293571 1.50483e-07
55 -0.144685782870053 1.92403e-07
56 -0.144685782868642 3.88503e-07
57 -0.144504007075203 2.71154e-07
58 -0.144504007074322 3.78539e-07
59 -0.144274109369772 2.54645e-07
60 -0.144274109366204 5.9857e-07
61 -0.143113916908062 5.74824e-07
62 -0.143113916883989 1.38972e-06
63 -0.142730813358018 9.63643e-07
64 -0.142730813300774 2.21094e-06
65 -0.142541965599378 1.62736e-06
66 -0.142541965508455 3.09275e-06
67 -0.142107378111518 1.75036e-06
68 -0.142107378024331 3.04858e-06
69 -0.142067774588081 2.07743e-06
70 -0.142067774390218 4.51891e-06
71 -0.141742166416112 2.14469e-06
72 -0.141742165979809 6.53696e-06
73 -0.141397670481191 3.76493e-06
74 -0.141397669707899 9.34432e-06
75 -0.140707033497797 4.14693e-06
76 -0.140411930472923 5.40412e-06
77 -0.140411929672925 9.77999e-06
78 -0.140234583880154 5.11937e-06
79 -0.140234583093158 9.35847e-06
80 -0.140165557992336 3.25177e-06
81 -0.140129935923216 6.90369e-06
