#n 	 E_n 	 <H> 	 <H_dir> 	 <H_exc> 	 <H_0> 	 E_B (eV)
0  0.073502026237  0.073502026237  0.008655248417  -0.000061178966   0.082096095688  -0.233856661469
1  0.074377225425  0.074377225425  0.008188413400  -0.000809011637   0.081756627188  -0.200803853137
2  0.074575653785  0.074575653785  0.008082729478  -0.000965821424   0.081692561840  -0.193661031836
3  0.074668332258  0.074668332258  0.007890864810  -0.001008114742   0.081551082325  -0.187289265195
4  0.076861572242  0.076861572242  0.009046182438  -0.000078493917   0.085829260763  -0.244023359412
5  0.076994206971  0.076994206971  0.009044629362  -0.000083390623   0.085955445709  -0.243847851816
6  0.077343901581  0.077343901581  0.008900786146  -0.000453595319   0.085791092407  -0.229859888456
7  0.077855948836  0.077855948836  0.008599614520  -0.000899711068   0.085555852289  -0.209525152798
8  0.077869137013  0.077869137013  0.008552124542  -0.000891769096   0.085529492460  -0.208448996188
9  0.077989121947  0.077989121947  0.008578085486  -0.000884437355   0.085682770078  -0.209354936755
10  0.078604210601  0.078604210601  0.008191141610  -0.001383817041   0.085411535169  -0.185236831759
11  0.079063599594  0.079063599594  0.008129663207  -0.001763431959   0.085429830842  -0.173234064988
12  0.080310336002  0.080310336002  0.009328600297  -0.000101922375   0.089537013924  -0.251070823607
13  0.080503530816  0.080503530816  0.004972922629  -0.000016590596   0.085459862849  -0.134868733478
14  0.080513058232  0.080513058232  0.004951774633  -0.000015955790   0.085448877075  -0.134310540864
15  0.080559515605  0.080559515605  0.005016553670  -0.000032927372   0.085543141902  -0.135611448635
16  0.080569411674  0.080569411674  0.004981782512  -0.000020771326   0.085530422860  -0.134996059782
17  0.080792453650  0.080792453650  0.004944136111  -0.000045405614   0.085691184147  -0.133301315045
18  0.080799588123  0.080799588123  0.004947455714  -0.000029041232   0.085718002605  -0.133836943842
19  0.080811308785  0.080811308785  0.004917010318  -0.000037569500   0.085690749603  -0.132776415867
20  0.080817546580  0.080817546580  0.004919000403  -0.000018431831   0.085718115151  -0.133351331622
21  0.081005472416  0.081005472416  0.009104966156  -0.000429023647   0.089681414924  -0.236084541969
22  0.081128673336  0.081128673336  0.009151356639  -0.000096568930   0.090183461045  -0.246393450257
23  0.081245152029  0.081245152029  0.009091174629  -0.000779034102   0.089557292556  -0.226184980738
24  0.081421082941  0.081421082941  0.009010737760  -0.000776454561   0.089655366141  -0.224066373851
25  0.081573700239  0.081573700239  0.008856025869  -0.000578622974   0.089851103135  -0.225239721156
26  0.081918993592  0.081918993592  0.008766445441  -0.001038430022   0.089647009011  -0.210290118766
27  0.082171579574  0.082171579574  0.008709506550  -0.000819785565   0.090061300559  -0.214690353611
28  0.082248705476  0.082248705476  0.008792152295  -0.001045307807   0.089995549964  -0.210802484085
29  0.082250970512  0.082250970512  0.008693690726  -0.001033232354   0.089911428884  -0.208451796923
30  0.082462512846  0.082462512846  0.008506250533  -0.001246272735   0.089722490644  -0.197554159841
31  0.082500722188  0.082500722188  0.008448899021  -0.001136929069   0.089812692139  -0.198968939132
32  0.082534649188  0.082534649188  0.008097854398  -0.000062688415   0.090569815171  -0.218648115631
33  0.083087570001  0.083087570001  0.007837897440  -0.000568185076   0.090357282365  -0.197819051016
34  0.083228011481  0.083228011481  0.007727731041  -0.000647277530   0.090308464992  -0.192669052690
35  0.083469667166  0.083469667166  0.007284337646  -0.000714514245   0.090039490567  -0.178774092486
36  0.084145406164  0.084145406164  0.005209631788  -0.000021027399   0.089334010554  -0.141189189490
37  0.084225158134  0.084225158134  0.005218487782  -0.000060781460   0.089382864456  -0.140348409807
38  0.084284973910  0.084284973910  0.005350128548  -0.000146904446   0.089488198012  -0.141587012334
39  0.084313517873  0.084313517873  0.005253424730  -0.000010760910   0.089556181694  -0.142660222283
40  0.084328049183  0.084328049183  0.005213997862  -0.000010932675   0.089531114370  -0.141582688038
41  0.084333919856  0.084333919856  0.005277120616  -0.000073509545   0.089537530928  -0.141597542315
42  0.084347493090  0.084347493090  0.005302439959  -0.000135943629   0.089513989421  -0.140587598254
43  0.084383843308  0.084383843308  0.005199827883  -0.000071871160   0.089511800031  -0.139538881580
44  0.084396436817  0.084396436817  0.005267669308  -0.000047502376   0.089616603748  -0.142048050448
45  0.084557850226  0.084557850226  0.009327509036  -0.000253854753   0.093631504508  -0.246906836145
46  0.084780941714  0.084780941714  0.005532250277  -0.000170917893   0.090142274098  -0.145889360034
47  0.084814518712  0.084814518712  0.005524922997  -0.000063069861   0.090276371848  -0.148624670425
48  0.084857019836  0.084857019836  0.005451040672  -0.000061060540   0.090246999968  -0.146668905358
49  0.084860282042  0.084860282042  0.005380369262  -0.000048411181   0.090192240123  -0.145090044140
50  0.084871048186  0.084871048186  0.008865462226  -0.000188985382   0.093547525030  -0.236099082009
51  0.084874228718  0.084874228718  0.005401020532  -0.000043341173   0.090231908077  -0.145789956114
52  0.084896664533  0.084896664533  0.005506430489  -0.000128263402   0.090274831620  -0.146347455872
53  0.084928217724  0.084928217724  0.005457800442  -0.000345205725   0.090040812442  -0.139120859894
54  0.084950244512  0.084950244512  0.005333484419  -0.000026706931   0.090257022000  -0.144404844922
55  0.084964459597  0.084964459597  0.005313420530  -0.000020588232   0.090257291895  -0.144025376784
56  0.084981777016  0.084981777016  0.005186721116  -0.000353499066   0.089814999065  -0.131518738476
57  0.085134323865  0.085134323865  0.005279332062  -0.000636909972   0.089776745955  -0.126326804448
58  0.085199597438  0.085199597438  0.008983771731  -0.000145840322   0.094037528847  -0.240492486743
59  0.085274877036  0.085274877036  0.006376204445  -0.000027446038   0.091623635443  -0.172758604509
60  0.085297625103  0.085297625103  0.007489796311  -0.000098540116   0.092688881298  -0.201126428809
61  0.085304799273  0.085304799273  0.006181017027  -0.000049464982   0.091436351318  -0.166848115315
62  0.085323701836  0.085323701836  0.004338288035  -0.000007413331   0.089654576541  -0.117849163938
63  0.085329912236  0.085329912236  0.007369424389  -0.000101541183   0.092597795442  -0.197769277077
64  0.085339573168  0.085339573168  0.004346076690  -0.000019483723   0.089666166135  -0.117732651842
65  0.085417108586  0.085417108586  0.004357837978  -0.000086510668   0.089688435896  -0.116228795978
66  0.085440813071  0.085440813071  0.004385195765  -0.000111431643   0.089714577194  -0.116295105042
67  0.085551921187  0.085551921187  0.008850097609  -0.000653689754   0.093748329042  -0.223035732705
68  0.085664571824  0.085664571824  0.006567358866  -0.000557542597   0.091674388093  -0.163535514415
69  0.085803859635  0.085803859635  0.008938008316  -0.000860234986   0.093881632965  -0.219807521200
70  0.085826599925  0.085826599925  0.008546990419  -0.000716335591   0.093657254753  -0.213083080793
71  0.085929738932  0.085929738932  0.008731306520  -0.000816485068   0.093844560383  -0.215373372439
72  0.086044161242  0.086044161242  0.008646406636  -0.000740810119   0.093949757759  -0.215122349068
73  0.086106542157  0.086106542157  0.008606468598  -0.000981589165   0.093731421589  -0.207483644188
74  0.086136254097  0.086136254097  0.008482386006  -0.000835976169   0.093782663934  -0.208069516637
75  0.086176623316  0.086176623316  0.008561654555  -0.000799880578   0.093938397293  -0.211208736402
76  0.086234830958  0.086234830958  0.008425397708  -0.000186223070   0.094474005595  -0.224199476737
77  0.086313481864  0.086313481864  0.008455922768  -0.000936763330   0.093832641303  -0.204606855142
78  0.086324558900  0.086324558900  0.008356352437  -0.001016806406   0.093664104931  -0.199719322866
79  0.086494139653  0.086494139653  0.008335220502  -0.000291044085   0.094538316070  -0.218893302150
80  0.086521749234  0.086521749234  0.008381032798  -0.001115553749   0.093787228283  -0.197703856581
81  0.086700520101  0.086700520101  0.003394144104  -0.000011179690   0.090083484515  -0.092055197853
82  0.086717232086  0.086717232086  0.003410533684  -0.000007200111   0.090120565659  -0.092609471199
83  0.086737710536  0.086737710536  0.003337596586  -0.000011492815   0.090063814307  -0.090507940155
84  0.086750025077  0.086750025077  0.003390604415  -0.000011464212   0.090129165280  -0.091951135729
85  0.086896559780  0.086896559780  0.007997042142  -0.000580151928   0.094313449994  -0.201823966372
86  0.086911275863  0.086911275863  0.008001749514  -0.001389006372   0.093524019005  -0.179941998752
87  0.087118440861  0.087118440861  0.007835956503  -0.000763269033   0.094191128330  -0.192457727807
88  0.087271404092  0.087271404092  0.007606854250  -0.000606901131   0.094271357212  -0.190478524314
89  0.087451978832  0.087451978832  0.007401521972  -0.000591929422   0.094261571383  -0.185298546731
90  0.087732780758  0.087732780758  0.007035180652  -0.000673078755   0.094094882654  -0.173121699552
91  0.087917008075  0.087917008075  0.007307190325  -0.000959126452   0.094265071948  -0.172739705279
92  0.087969133367  0.087969133367  0.005410798263  -0.000028457640   0.093351473990  -0.146461023639
93  0.088050590067  0.088050590067  0.005531177568  -0.000036680363   0.093545087273  -0.149512961262
94  0.088212991667  0.088212991667  0.005347233691  -0.000130731274   0.093429494084  -0.141948333873
95  0.088228262860  0.088228262860  0.005600163728  -0.000145744412   0.093682682176  -0.148422385760
96  0.088253805189  0.088253805189  0.005671519949  -0.000231196959   0.093694128179  -0.148038805000
97  0.088279198246  0.088279198246  0.005596607640  -0.000174448253   0.093701357633  -0.147544547942
98  0.088290818918  0.088290818918  0.005931270915  -0.000390295547   0.093831794287  -0.150777697131
99  0.088448511124  0.088448511124  0.005735716451  -0.000027676989   0.094156550587  -0.155323745036
100  0.088472268053  0.088472268053  0.005738972228  -0.000053471932   0.094157768349  -0.154710422753
101  0.088486511437  0.088486511437  0.005764204468  -0.000103605775   0.094147110131  -0.154032815291
102  0.088499471391  0.088499471391  0.005712120533  -0.000130773337   0.094080818587  -0.151876271090
103  0.088527739255  0.088527739255  0.005486553536  -0.000081413669   0.093932879122  -0.147081422986
104  0.088547639392  0.088547639392  0.005769793480  -0.000024687857   0.094292745016  -0.156332367171
105  0.088562244783  0.088562244783  0.007014716479  -0.000173668107   0.095403293155  -0.186154503655
106  0.088571316064  0.088571316064  0.005626313468  -0.000051953614   0.094145675918  -0.151686135725
107  0.088580694294  0.088580694294  0.005385033788  -0.000086529799   0.093879198284  -0.144179711458
108  0.088601409583  0.088601409583  0.005353103393  -0.000050374582   0.093904138394  -0.144294674755
109  0.088628688856  0.088628688856  0.005488053720  -0.000142801901   0.093973940674  -0.145451785327
110  0.088645527850  0.088645527850  0.006487429000  -0.000131324346   0.095001632504  -0.172958506185
111  0.088656031538  0.088656031538  0.005443454751  -0.000175599012   0.093923887277  -0.143345729662
112  0.088689926632  0.088689926632  0.006366636201  -0.000093029864   0.094963532968  -0.170713611471
113  0.088701728039  0.088701728039  0.005338253878  -0.000106859123   0.093933122794  -0.142353575236
114  0.088723275805  0.088723275805  0.006285456647  -0.000096093412   0.094912639039  -0.168421238721
115  0.088724650416  0.088724650416  0.005716222864  -0.000243168941   0.094197704339  -0.148929459512
116  0.088767050791  0.088767050791  0.006571518205  -0.000177681639   0.095160887358  -0.173985244343
117  0.088767675827  0.088767675827  0.005165065436  -0.000169946706   0.093762794557  -0.135924173803
118  0.088840368019  0.088840368019  0.006322462463  -0.000125220354   0.095037610128  -0.168635633929
119  0.088865593367  0.088865593367  0.006249014938  -0.000083893957   0.095030714348  -0.167761573079
120  0.088888100935  0.088888100935  0.005555588147  -0.000447486769   0.093996202313  -0.138998589827
121  0.088922873898  0.088922873898  0.006141153366  -0.000090340618   0.094973686646  -0.164651086000
122  0.088932536360  0.088932536360  0.005232444477  -0.000035434583   0.094129546254  -0.141417915016
123  0.088968862608  0.088968862608  0.005151916450  -0.000085293407   0.094035485651  -0.137869906277
124  0.088986916425  0.088986916425  0.008570760863  -0.000259031296   0.097298645993  -0.226173797951
125  0.089057194894  0.089057194894  0.006463847153  -0.000358073400   0.095162968647  -0.166146651901
126  0.089057903640  0.089057903640  0.004989853014  -0.000089872605   0.093957884049  -0.133335326900
127  0.089148540777  0.089148540777  0.004849274485  -0.000137762042   0.093860053219  -0.128206849673
128  0.089171852540  0.089171852540  0.004688537135  -0.000030090176   0.093830299498  -0.126762863571
129  0.089188923629  0.089188923629  0.006395185952  -0.000429534789   0.095154574792  -0.162333720058
130  0.089197860919  0.089197860919  0.004639262260  -0.000055330660   0.093781792519  -0.124735196343
131  0.089227011244  0.089227011244  0.004791226975  -0.000043754795   0.093974483425  -0.129185364484
132  0.089245371204  0.089245371204  0.004650845675  -0.000048760511   0.093847456368  -0.125229180229
133  0.089268681770  0.089268681770  0.004863405065  -0.000101138725   0.094030948111  -0.129587934288
134  0.089278915262  0.089278915262  0.004728965895  -0.000055423872   0.093952457285  -0.127173621419
135  0.089324027472  0.089324027472  0.008464667065  -0.000179630363   0.097609064173  -0.225447447694
136  0.089364360932  0.089364360932  0.004743550490  -0.000119354783   0.093988556639  -0.125830839075
137  0.089387949045  0.089387949045  0.004991314154  -0.000228333751   0.094150929448  -0.129607364923
138  0.089532828697  0.089532828697  0.004436708541  -0.000038407730   0.093931129508  -0.119683922697
139  0.089571038156  0.089571038156  0.004495083808  -0.000153433964   0.093912688000  -0.118142370569
140  0.089583904467  0.089583904467  0.007858419568  -0.000211887906   0.097230436129  -0.208072831670
141  0.089667929470  0.089667929470  0.005146094898  -0.000068608316   0.094745416051  -0.138165518360
142  0.089673614370  0.089673614370  0.004513383345  -0.000034490244   0.094152507471  -0.121876951723
143  0.089684183969  0.089684183969  0.004529875668  -0.000043218159   0.094170841479  -0.122088232151
144  0.089707542628  0.089707542628  0.005479767803  -0.000102498406   0.095084812025  -0.146323028464
145  0.089730184661  0.089730184661  0.004562380583  -0.000120560746   0.094172004499  -0.120868136321
146  0.089904215307  0.089904215307  0.004417882265  -0.000316544895   0.094005552678  -0.111603131720
147  0.089928635294  0.089928635294  0.008390187810  -0.000697925053   0.097620898050  -0.209317238760
148  0.089992779320  0.089992779320  0.006524541291  -0.000233514228   0.096283806383  -0.171187653820
149  0.090070091400  0.090070091400  0.005102067872  -0.000103679316   0.095068479956  -0.136013150338
150  0.090120255475  0.090120255475  0.004705325998  -0.000032212939   0.094793368534  -0.127161948695
151  0.090193715715  0.090193715715  0.006949216386  -0.000488594906   0.096654337195  -0.175802555331
152  0.090196406416  0.090196406416  0.004814059821  -0.000094729727   0.094915736510  -0.128419578932
153  0.090215495724  0.090215495724  0.004796299591  -0.000058589578   0.094953205738  -0.128919722265
154  0.090265266271  0.090265266271  0.005224222920  -0.000125836995   0.095363652196  -0.138734218770
155  0.090269588793  0.090269588793  0.004999963239  -0.000147368988   0.095122183044  -0.132045883200
156  0.090309018643  0.090309018643  0.006253110576  -0.000116101497   0.096446027722  -0.166996608864
157  0.090313819374  0.090313819374  0.008346074474  -0.000842837468   0.097817056379  -0.204173583455
158  0.090316092483  0.090316092483  0.005782722448  -0.000124034480   0.095974780452  -0.153980821781
159  0.090324197465  0.090324197465  0.004931932929  -0.000127918526   0.095128211867  -0.130723957512
160  0.090374714026  0.090374714026  0.005073970073  -0.000153331842   0.095295352257  -0.133897455173
161  0.090387527757  0.090387527757  0.007620197842  -0.000318550617   0.097689174982  -0.198688043285
162  0.090472221912  0.090472221912  0.007814168988  -0.000712865413   0.097573525487  -0.193236412116
163  0.090501463946  0.090501463946  0.007440595504  -0.000352678076   0.097589381374  -0.192872156308
164  0.090609389767  0.090609389767  0.007725556827  -0.000786260884   0.097548685710  -0.188827957621
165  0.090706270280  0.090706270280  0.007629331197  -0.000674074695   0.097661526783  -0.189262266788
166  0.090717002666  0.090717002666  0.003737270394  -0.000010720460   0.094443552600  -0.101404640879
167  0.090741809109  0.090741809109  0.007599101605  -0.000624859781   0.097716050933  -0.189778883972
168  0.090754362379  0.090754362379  0.003511553155  -0.000016923371   0.094248992162  -0.095093768892
169  0.090772198571  0.090772198571  0.003295019369  -0.000020451602   0.094046766338  -0.089105573324
170  0.090808113988  0.090808113988  0.003290346193  -0.000051904510   0.094046555670  -0.088122532007
171  0.090908069566  0.090908069566  0.003670750843  -0.000019114848   0.094559705561  -0.099366127721
172  0.090918695996  0.090918695996  0.007484720454  -0.000606324878   0.097797091573  -0.187170773391
173  0.090955265354  0.090955265354  0.007412332084  -0.000543887922   0.097823709515  -0.186899981456
174  0.091000971577  0.091000971577  0.006703396845  -0.000472009742   0.097232358681  -0.169564767035
175  0.091023737808  0.091023737808  0.005841074259  -0.000440277362   0.096424534705  -0.146963244681
176  0.091031136151  0.091031136151  0.007129471468  -0.000527587216   0.097633020403  -0.179646513146
177  0.091060896999  0.091060896999  0.005047334319  -0.000170875003   0.095937356314  -0.132695285024
178  0.091063534948  0.091063534948  0.005025555051  -0.000330768739   0.095758321260  -0.127751708252
179  0.091078219885  0.091078219885  0.004816660842  -0.000101509976   0.095793370751  -0.128305856264
180  0.091147488013  0.091147488013  0.003235453332  -0.000033010425   0.094349930921  -0.087142954928
181  0.091159981592  0.091159981592  0.005562167013  -0.000314223316   0.096407925288  -0.142803895112
182  0.091167979426  0.091167979426  0.006299505646  -0.000491169570   0.096976315502  -0.158052956282
183  0.091191734422  0.091191734422  0.005327208640  -0.000261935264   0.096257007798  -0.137833179948
184  0.091195936927  0.091195936927  0.003218675351  -0.000020890679   0.094393721599  -0.087016197816
185  0.091224189651  0.091224189651  0.006509414365  -0.000515348603   0.097218255413  -0.163106921094
186  0.091250152248  0.091250152248  0.005918855894  -0.000402342836   0.096766665306  -0.150112043434
187  0.091261616791  0.091261616791  0.005257304354  -0.000390805074   0.096128116070  -0.132424258503
188  0.091281596050  0.091281596050  0.004875298811  -0.000342218545   0.095814676316  -0.123351460334
189  0.091297242848  0.091297242848  0.003523518969  -0.000121677150   0.094699084667  -0.092568878480
190  0.091325840373  0.091325840373  0.004664028669  -0.000103014915   0.095886854127  -0.124111569662
191  0.091334798529  0.091334798529  0.004911595495  -0.000169578475   0.096076815549  -0.129036921921
192  0.091348847961  0.091348847961  0.006715120605  -0.000718348477   0.097345620088  -0.163180565066
193  0.091373894158  0.091373894158  0.007296654027  -0.000799407924   0.097871140261  -0.176799162607
194  0.091451697484  0.091451697484  0.004334853127  -0.000038252313   0.095748298299  -0.116916523404
195  0.091471270486  0.091471270486  0.004402203753  -0.000068422704   0.095805051535  -0.117928249636
196  0.091786559937  0.091786559937  0.007415499673  -0.000227698498   0.098974361112  -0.195590132893
197  0.091885119538  0.091885119538  0.007297563545  -0.000288918462   0.098893764621  -0.190715044809
198  0.092051077455  0.092051077455  0.005882880622  -0.000019371974   0.097914586103  -0.159554279225
199  0.092075424993  0.092075424993  0.005914335700  -0.000054529403   0.097935231290  -0.159453533077
200  0.092103438338  0.092103438338  0.005883551049  -0.000061660412   0.097925328975  -0.158421794888
201  0.092135745901  0.092135745901  0.005878435445  -0.000032297661   0.097981883685  -0.159081593705
202  0.092190208550  0.092190208550  0.006180816174  -0.000076070174   0.098294954550  -0.166118685311
203  0.092223362210  0.092223362210  0.005851253185  -0.000121185565   0.097953429829  -0.155923162020
204  0.092226552361  0.092226552361  0.006111870073  -0.000090927046   0.098247495387  -0.163838289079
205  0.092264281966  0.092264281966  0.006122200878  -0.000136192618   0.098250290225  -0.162887665154
206  0.092281408641  0.092281408641  0.005859925383  -0.000214151023   0.097927183001  -0.153629424407
207  0.092316396827  0.092316396827  0.005654734136  -0.000080339600   0.097890791364  -0.151687079487
208  0.092341955087  0.092341955087  0.006851161452  -0.000556251884   0.098636864655  -0.171293302215
209  0.092384537225  0.092384537225  0.005466239781  -0.000037767510   0.097813009497  -0.147716330365
210  0.092388772577  0.092388772577  0.006458660485  -0.000372673658   0.098474759404  -0.165608221954
211  0.092415177565  0.092415177565  0.005558978650  -0.000126677588   0.097847478627  -0.147820517137
212  0.092453493116  0.092453493116  0.006681090128  -0.000480993830   0.098653589414  -0.168713300411
213  0.092502930339  0.092502930339  0.005615353283  -0.000193938227   0.097924345394  -0.147524293651
214  0.092507388542  0.092507388542  0.005671898188  -0.000249607052   0.097929679677  -0.147548133001
215  0.092550148334  0.092550148334  0.005290421644  -0.000189900418   0.097650669559  -0.138792323280
216  0.092578706761  0.092578706761  0.005617045332  -0.000089716114   0.098106035979  -0.150406366291
217  0.092640437101  0.092640437101  0.005589378349  -0.000150798505   0.098079016945  -0.147991371552
218  0.092689721126  0.092689721126  0.005379750402  -0.000123844177   0.097945627351  -0.143020566646
219  0.092696538710  0.092696538710  0.006801812799  -0.000348900076   0.099149451433  -0.175592789277
220  0.092733269223  0.092733269223  0.006721796473  -0.000360564337   0.099094501360  -0.173098032161
221  0.092762604559  0.092762604559  0.005063416700  -0.000108076885   0.097717944375  -0.134841733865
222  0.092823161947  0.092823161947  0.005225803691  -0.000218300188   0.097830665450  -0.136261180817
223  0.092896809843  0.092896809843  0.005080520652  -0.000229616342   0.097747714153  -0.131999897553
224  0.092959106551  0.092959106551  0.004924649402  -0.000094418381   0.097789337571  -0.131437348395
225  0.092974651385  0.092974651385  0.004969845939  -0.000147419256   0.097797078069  -0.131224981459
226  0.092981420472  0.092981420472  0.006392895449  -0.000378141013   0.098996174908  -0.163669888859
227  0.093039053467  0.093039053467  0.006445422829  -0.000458882511   0.099025593786  -0.162902143232
228  0.093064923724  0.093064923724  0.005110895642  -0.000088537560   0.098087281806  -0.136665394730
229  0.093097659522  0.093097659522  0.004739065544  -0.000124486622   0.097712238445  -0.125569152899
230  0.093120652646  0.093120652646  0.004723289886  -0.000067870002   0.097776072530  -0.126680492629
231  0.093166667700  0.093166667700  0.004362281418  -0.000061724273   0.097467224845  -0.117024180693
232  0.093187117034  0.093187117034  0.004499609084  -0.000078408923   0.097608317195  -0.120307046079
233  0.093189781671  0.093189781671  0.006083471535  -0.000104630972   0.099168622234  -0.162692622104
234  0.093210390711  0.093210390711  0.006208851683  -0.000163300433   0.099255941961  -0.164507913278
235  0.093231023097  0.093231023097  0.006056017163  -0.000091442434   0.099195597826  -0.162304428785
236  0.093272641011  0.093272641011  0.005084943455  -0.000207440418   0.098150144047  -0.132723686131
237  0.093280808872  0.093280808872  0.006007587400  -0.000169431925   0.099118964347  -0.158864383881
238  0.093333567934  0.093333567934  0.005132972839  -0.000137602422   0.098328938352  -0.135931022571
239  0.093347995732  0.093347995732  0.006017546943  -0.000233692873   0.099131849802  -0.157386766635
240  0.093352295829  0.093352295829  0.005092108232  -0.000173991300   0.098270412761  -0.133828847081
241  0.093368650245  0.093368650245  0.004967759894  -0.000097981164   0.098238428975  -0.132513496918
242  0.093399494755  0.093399494755  0.005988132160  -0.000308158447   0.099079468468  -0.154560036703
243  0.093419930475  0.093419930475  0.005527624215  -0.000232518809   0.098715035881  -0.144087231247
244  0.093448902539  0.093448902539  0.004897878439  -0.000164796995   0.098181983982  -0.128793772388
245  0.093455407151  0.093455407151  0.006248660272  -0.000154061809   0.099550005614  -0.165842556612
246  0.093506352855  0.093506352855  0.005929849088  -0.000080977336   0.099355224607  -0.159155988780
247  0.093512786008  0.093512786008  0.005112420982  -0.000106380255   0.098518826735  -0.136221376637
248  0.093514981616  0.093514981616  0.005890366762  -0.000113602189   0.099291746189  -0.157193851502
249  0.093528323643  0.093528323643  0.005148768798  -0.000171443498   0.098505648943  -0.135439989664
250  0.093563862195  0.093563862195  0.005090562861  -0.000105987872   0.098548437184  -0.135637263838
251  0.093617882365  0.093617882365  0.005212961157  -0.000134851021   0.098695992501  -0.138182486155
252  0.093619053927  0.093619053927  0.005673555775  -0.000240467546   0.099052142156  -0.147841937053
253  0.093637032602  0.093637032602  0.005051574406  -0.000140804285   0.098547802722  -0.133628930059
254  0.093706970566  0.093706970566  0.004862268976  -0.000102677763   0.098466561779  -0.129515140317
255  0.093729726175  0.093729726175  0.004827977866  -0.000066754330   0.098490949710  -0.129559558105
256  0.093742272769  0.093742272769  0.005900778144  -0.000337803278   0.099305247635  -0.151376334266
257  0.093748500805  0.093748500805  0.005034281130  -0.000084419576   0.098698362359  -0.134692662689
258  0.093771011533  0.093771011533  0.004702362164  -0.000070356738   0.098403016960  -0.126043352458
259  0.093774468957  0.093774468957  0.006558029083  -0.000771964920   0.099560533120  -0.157446906367
260  0.093787500469  0.093787500469  0.004784611187  -0.000050938485   0.098521173171  -0.128809861363
261  0.093818256702  0.093818256702  0.004699561465  -0.000097933430   0.098419884737  -0.125216741115
262  0.093831898717  0.093831898717  0.004917667941  -0.000126591045   0.098622975612  -0.130371909831
263  0.093867802308  0.093867802308  0.005074540969  -0.000130924700   0.098811418577  -0.134522719727
264  0.093881167944  0.093881167944  0.005330641927  -0.000230465284   0.098981344587  -0.138782946707
265  0.093953661151  0.093953661151  0.005435727022  -0.000207507145   0.099181881029  -0.142267182383
266  0.093991448382  0.093991448382  0.005718074744  -0.000159417678   0.099550105447  -0.151258840862
267  0.094001454146  0.094001454146  0.004851834073  -0.000096418741   0.098756869478  -0.129401508766
268  0.094017476626  0.094017476626  0.005238758325  -0.000237661544   0.099018573407  -0.136086844950
269  0.094066984384  0.094066984384  0.004827626117  -0.000230434127   0.098664176374  -0.125096030121
270  0.094100001575  0.094100001575  0.005485725159  -0.000125104295   0.099460622440  -0.145869998585
271  0.094129305012  0.094129305012  0.005161388908  -0.000163186172   0.099127507748  -0.136008093916
272  0.094142554968  0.094142554968  0.004848747286  -0.000100290207   0.098891012047  -0.129212164966
273  0.094214336920  0.094214336920  0.005092408677  -0.000178528665   0.099128216932  -0.133713554556
274  0.094230371654  0.094230371654  0.004822784284  -0.000116235224   0.098936920715  -0.128071789099
275  0.094258164298  0.094258164298  0.005009408799  -0.000226620029   0.099040953068  -0.130146378322
276  0.094311467119  0.094311467119  0.005214704828  -0.000190561563   0.099335610383  -0.136713972033
277  0.094318379338  0.094318379338  0.004545154165  -0.000108950489   0.098754583014  -0.120715312700
278  0.094337143298  0.094337143298  0.004787929447  -0.000172641004   0.098952431742  -0.125588459953
279  0.094374664640  0.094374664640  0.004732942770  -0.000110802892   0.098996804517  -0.125774897073
280  0.094380219134  0.094380219134  0.005041428498  -0.000137381997   0.099284265635  -0.133445970968
281  0.094400901918  0.094400901918  0.004967140652  -0.000189877783   0.099178164786  -0.129996010817
282  0.094421640406  0.094421640406  0.004630858207  -0.000111301723   0.098941196889  -0.122983459296
283  0.094434744396  0.094434744396  0.005403437638  -0.000366913230   0.099471268803  -0.137050880264
284  0.094447666549  0.094447666549  0.004743883810  -0.000079811888   0.099111738471  -0.126915926700
285  0.094503161563  0.094503161563  0.005019245676  -0.000262228871   0.099260178368  -0.129445087094
286  0.094507936635  0.094507936635  0.007045093911  -0.000250137752   0.101302892794  -0.184900270025
287  0.094541374002  0.094541374002  0.004560471465  -0.000071188653   0.099030656814  -0.122159670301
288  0.094581286347  0.094581286347  0.004808269263  -0.000142245833   0.099247309777  -0.126969029957
289  0.094621511669  0.094621511669  0.005867052405  -0.000088647396   0.100399916678  -0.157238490072
290  0.094651064513  0.094651064513  0.004648759743  -0.000057773512   0.099242050744  -0.124927162732
291  0.094664684511  0.094664684511  0.004880773614  -0.000038430290   0.099507027835  -0.131766941117
292  0.094673706033  0.094673706033  0.004803507163  -0.000063561931   0.099413651266  -0.128980545691
293  0.094713420829  0.094713420829  0.005050687881  -0.000106685461   0.099657423249  -0.134533227437
294  0.094728696220  0.094728696220  0.005042425448  -0.000129670940   0.099641450728  -0.133682928019
295  0.094750665961  0.094750665961  0.004530882516  -0.000167338589   0.099114209889  -0.118738139221
296  0.094789683189  0.094789683189  0.004442348677  -0.000132887715   0.099099144150  -0.117266466018
297  0.094819865329  0.094819865329  0.004208088683  -0.000055810351   0.098972143661  -0.112989306600
298  0.094828825874  0.094828825874  0.004565093210  -0.000056795719   0.099337123365  -0.122677086353
299  0.094840578022  0.094840578022  0.004283586314  -0.000049580102   0.099074584234  -0.115213236640
300  0.094841579392  0.094841579392  0.004429761840  -0.000038956394   0.099232384838  -0.119479963315
301  0.094856948977  0.094856948977  0.004245618718  -0.000144403481   0.098958164213  -0.111599808284
302  0.094880208567  0.094880208567  0.005043448451  -0.000162520075   0.099761136943  -0.132816894403
303  0.094889785182  0.094889785182  0.004608106602  -0.000183420230   0.099314471554  -0.120401910740
304  0.094906474289  0.094906474289  0.004521150085  -0.000079375952   0.099348248422  -0.120866892640
305  0.094917190748  0.094917190748  0.004505625095  -0.000154943965   0.099267871877  -0.118388124479
306  0.094944689031  0.094944689031  0.004143822318  -0.000136944897   0.098951566452  -0.109032744261
307  0.094967880067  0.094967880067  0.003858898855  -0.000094646969   0.098732131952  -0.102430563748
308  0.095007245017  0.095007245017  0.006366019276  -0.000297627220   0.101075637074  -0.165129443601
309  0.095010630335  0.095010630335  0.003894255403  -0.000212819016   0.098692066722  -0.100177038108
310  0.095026164062  0.095026164062  0.006421954479  -0.000428353450   0.101019765091  -0.163094275038
311  0.095045190390  0.095045190390  0.003780103991  -0.000106272351   0.098719022030  -0.099970102290
312  0.095098874451  0.095098874451  0.004064391759  -0.000130404880   0.099032861330  -0.107049290550
313  0.095107144583  0.095107144583  0.006178577053  -0.000337352293   0.100948369343  -0.158947903440
314  0.095120231027  0.095120231027  0.003812802642  -0.000093676799   0.098839356870  -0.101202620959
315  0.095179828425  0.095179828425  0.006450393367  -0.000441000328   0.101189221464  -0.163523997739
316  0.095180189753  0.095180189753  0.004073063289  -0.000282367086   0.098970885955  -0.103150150641
317  0.095293363091  0.095293363091  0.006559019726  -0.000402929706   0.101449453111  -0.167515827979
318  0.095351204102  0.095351204102  0.006787990978  -0.000512504903   0.101626690177  -0.170764761795
319  0.095390158981  0.095390158981  0.004583292909  -0.000043793195   0.099929658695  -0.123526142515
320  0.095400424488  0.095400424488  0.003487098639  -0.000131149854   0.098756373274  -0.091320064776
321  0.095413686973  0.095413686973  0.005036380874  -0.000154617606   0.100295450240  -0.132839612981
322  0.095436314446  0.095436314446  0.005798804393  -0.000330716493   0.100904402346  -0.148794327076
323  0.095464633695  0.095464633695  0.003240104193  -0.000034868711   0.098669869178  -0.087218944806
324  0.095490314552  0.095490314552  0.004774176634  -0.000148321400   0.100116169786  -0.125875997114
325  0.095511852388  0.095511852388  0.006930252798  -0.000279279644   0.102162825542  -0.180982290872
326  0.095522512514  0.095522512514  0.006593033988  -0.000649218668   0.101466327834  -0.161739536201
327  0.095578318903  0.095578318903  0.004373881233  -0.000029127978   0.099923072158  -0.118226818715
328  0.095617590699  0.095617590699  0.005266981221  -0.000119773500   0.100764798420  -0.140062728182
329  0.095629000616  0.095629000616  0.004896257557  -0.000104183856   0.100421074316  -0.130399034300
330  0.095637128051  0.095637128051  0.004603864539  -0.000075466939   0.100165525651  -0.123224038455
331  0.095646711530  0.095646711530  0.005416298069  -0.000241438894   0.100821570705  -0.140815162960
332  0.095680038334  0.095680038334  0.004991893234  -0.000302570129   0.100369361439  -0.127603046733
333  0.095699771294  0.095699771294  0.006641729583  -0.000453677926   0.101887822950  -0.168385548846
334  0.095853805477  0.095853805477  0.006790786668  -0.000263516140   0.102381076004  -0.177616169220
335  0.095868841357  0.095868841357  0.003709691509  -0.000056350632   0.099522182234  -0.099412519930
336  0.095910378652  0.095910378652  0.004881868181  -0.000173772221   0.100618474613  -0.128113882422
337  0.095937806810  0.095937806810  0.005198112578  -0.000216139101   0.100919780287  -0.135566473075
338  0.095937955744  0.095937955744  0.006765552875  -0.000545361076   0.102158147544  -0.169260127132
339  0.095972761162  0.095972761162  0.006651590449  -0.000309630228   0.102314721383  -0.172573616363
340  0.095993309408  0.095993309408  0.003394186992  -0.000019186771   0.099368309629  -0.091838481023
341  0.096019389155  0.096019389155  0.003359879012  -0.000021789616   0.099357478551  -0.090834085771
342  0.096043333427  0.096043333427  0.003331484630  -0.000026325195   0.099348492862  -0.089938015431
343  0.096058371682  0.096058371682  0.003330095196  -0.000033143107   0.099355323771  -0.089714682081
344  0.096081469895  0.096081469895  0.006941708748  -0.000502356234   0.102520822408  -0.175223796986
345  0.096141742620  0.096141742620  0.003267540201  -0.000033196411   0.099376086410  -0.088011022603
346  0.096160103563  0.096160103563  0.006542927473  -0.000419342055   0.102283688981  -0.166631332247
347  0.096166512417  0.096166512417  0.003912414026  -0.000074047219   0.100004879225  -0.104447334538
348  0.096198676786  0.096198676786  0.005888412869  -0.000312574797   0.101774514857  -0.151726360111
349  0.096206393433  0.096206393433  0.006532085985  -0.000361237634   0.102377241784  -0.167917422818
350  0.096274422530  0.096274422530  0.006377741876  -0.000352885403   0.102299279003  -0.163944779435
351  0.096320724075  0.096320724075  0.006418965747  -0.000481130867   0.102258558955  -0.161576800061
352  0.096367319624  0.096367319624  0.006227303512  -0.000315646616   0.102278976520  -0.160864460474
353  0.096386105848  0.096386105848  0.006597345994  -0.000517152431   0.102466299412  -0.165450579132
354  0.096442161293  0.096442161293  0.006455237441  -0.000470423450   0.102426975283  -0.162855167423
355  0.096481614544  0.096481614544  0.006005492044  -0.000234062792   0.102253043797  -0.157048669952
356  0.096525739055  0.096525739055  0.006135681593  -0.000320343596   0.102341077052  -0.158243488357
357  0.096526687190  0.096526687190  0.006255342558  -0.000362616713   0.102419413036  -0.160349320075
358  0.096542955058  0.096542955058  0.006143175868  -0.000332348977   0.102353781949  -0.158120734863
359  0.096602159531  0.096602159531  0.006235027088  -0.000356271372   0.102480915247  -0.159969173289
360  0.096635531625  0.096635531625  0.005991907309  -0.000260243754   0.102367195180  -0.155966589662
361  0.096637167416  0.096637167416  0.006060178115  -0.000222747374   0.102474598158  -0.158844662881
362  0.096682537403  0.096682537403  0.006189108653  -0.000240628925   0.102631017131  -0.161866461266
363  0.096717524660  0.096717524660  0.005762775749  -0.000177566856   0.102302733553  -0.151981353275
364  0.096740780875  0.096740780875  0.006285787040  -0.000260604659   0.102765963256  -0.163953647860
365  0.096757965493  0.096757965493  0.005679059555  -0.000148293320   0.102288731729  -0.150499892333
366  0.096795937468  0.096795937468  0.005610381669  -0.000090587904   0.102315731232  -0.150201316050
367  0.096799086326  0.096799086326  0.006233733019  -0.000319064220   0.102713755125  -0.160946418553
368  0.096830394131  0.096830394131  0.005576606274  -0.000177466106   0.102229534298  -0.146918162759
369  0.096869754525  0.096869754525  0.006297387347  -0.000217908375   0.102949233497  -0.165431134108
370  0.096924584059  0.096924584059  0.006363287594  -0.000205219277   0.103082652376  -0.167569660209
371  0.096988759085  0.096988759085  0.005407034101  -0.000182254331   0.102213538856  -0.142173572257
372  0.096992460602  0.096992460602  0.006241795647  -0.000205138103   0.103029118147  -0.164265903099
373  0.097024205471  0.097024205471  0.005452275917  -0.000144089931   0.102332391457  -0.144443172134
374  0.097077714085  0.097077714085  0.003245733791  -0.000018794199   0.100304653678  -0.087809544036
375  0.097085468202  0.097085468202  0.006215949735  -0.000250200242   0.103051217696  -0.162336395771
376  0.097090937897  0.097090937897  0.003492832157  -0.000034926574   0.100548843480  -0.094094451990
377  0.097098182012  0.097098182012  0.005074177531  -0.000191515782   0.101980843761  -0.132864061915
378  0.097109958802  0.097109958802  0.003239219945  -0.000019582496   0.100329596250  -0.087610842467
379  0.097111367897  0.097111367897  0.006509290666  -0.000233849442   0.103386809122  -0.170763541330
380  0.097123926287  0.097123926287  0.004575073779  -0.000114691417   0.101584308649  -0.121373248614
381  0.097124278401  0.097124278401  0.006256754109  -0.000231069661   0.103149962849  -0.163967309797
382  0.097130695544  0.097130695544  0.003697871865  -0.000055538945   0.100773028464  -0.099112978019
383  0.097180785933  0.097180785933  0.005349548931  -0.000108338336   0.102421996529  -0.142620678007
384  0.097195614412  0.097195614412  0.005831067699  -0.000211940127   0.102814741985  -0.152904328017
385  0.097204912698  0.097204912698  0.005183545865  -0.000106927718   0.102281530845  -0.138141887032
386  0.097270018476  0.097270018476  0.005301218056  -0.000149951500   0.102421285032  -0.140173174753
387  0.097288191010  0.097288191010  0.006108162679  -0.000311040968   0.103085312720  -0.157747797714
388  0.097297203854  0.097297203854  0.005023629561  -0.000099283352   0.102221550063  -0.133998354424
389  0.097330358923  0.097330358923  0.006188572134  -0.000332401339   0.103186529718  -0.159354605975
390  0.097339741001  0.097339741001  0.005230008536  -0.000157440079   0.102412309458  -0.138031689296
391  0.097369919041  0.097369919041  0.006502158151  -0.000337955657   0.103534121535  -0.167736579743
392  0.097405538703  0.097405538703  0.005175817467  -0.000165482323   0.102415873848  -0.136338233761
393  0.097413325504  0.097413325504  0.006116255752  -0.000342048540   0.103187532717  -0.157124262149
394  0.097458960205  0.097458960205  0.005605719611  -0.000166452277   0.102898227539  -0.148010079137
395  0.097483938241  0.097483938241  0.005847453464  -0.000284266761   0.103047124945  -0.151382098656
396  0.097501625307  0.097501625307  0.005904797327  -0.000275681604   0.103130741030  -0.153176119596
397  0.097533794363  0.097533794363  0.006441859044  -0.000522477120   0.103453176287  -0.161074669297
398  0.097534019997  0.097534019997  0.005497447182  -0.000157351221   0.102874115958  -0.145311487244
399  0.097556364486  0.097556364486  0.005353789012  -0.000219328487   0.102690825011  -0.139715859119
400  0.097581478648  0.097581478648  0.005315421761  -0.000151049734   0.102745850675  -0.140529792981
401  0.097627122250  0.097627122250  0.005351868994  -0.000174222872   0.102804768371  -0.140890999664
402  0.097643495959  0.097643495959  0.006338211716  -0.000408047693   0.103573659982  -0.161368065287
403  0.097646151474  0.097646151474  0.004967577181  -0.000085433321   0.102528295334  -0.132849969427
404  0.097680019292  0.097680019292  0.005360404520  -0.000156125556   0.102884298256  -0.141615716612
405  0.097696888364  0.097696888364  0.006019931125  -0.000048840952   0.103667978537  -0.162481723145
406  0.097711735127  0.097711735127  0.005230856107  -0.000125932064   0.102816659171  -0.138912130123
407  0.097750702722  0.097750702722  0.006032373473  -0.000077649760   0.103705426435  -0.162036368845
408  0.097753106513  0.097753106513  0.004937149427  -0.000086357556   0.102603898383  -0.131996837915
409  0.097777515870  0.097777515870  0.005023147248  -0.000131805198   0.102668857920  -0.133100265064
410  0.097802236236  0.097802236236  0.005939033934  -0.000222649609   0.103518620561  -0.155550820411
411  0.097831167791  0.097831167791  0.004992950010  -0.000143506309   0.102680611493  -0.131960152334
412  0.097875556670  0.097875556670  0.005079606378  -0.000118368539   0.102836794510  -0.135002227349
413  0.097897886800  0.097897886800  0.006016079460  -0.000228454533   0.103685511727  -0.157489376948
414  0.097910590198  0.097910590198  0.004996576204  -0.000209860392   0.102697306009  -0.130253238639
415  0.097951574456  0.097951574456  0.005133903697  -0.000166091118   0.102919387035  -0.135181135212
416  0.097983864681  0.097983864681  0.005148038005  -0.000180402339   0.102951500347  -0.135176321161
417  0.098008562387  0.098008562387  0.004679648015  -0.000162992795   0.102525217607  -0.122904511849
418  0.098022835540  0.098022835540  0.005033732925  -0.000129385995   0.102927182470  -0.133454146055
419  0.098039186106  0.098039186106  0.004416382432  -0.000150885458   0.102304683079  -0.116070144341
420  0.098063072371  0.098063072371  0.005163260310  -0.000165580119   0.103060752562  -0.135993874744
421  0.098110400763  0.098110400763  0.005062809430  -0.000099272669   0.103073937525  -0.135064784232
422  0.098133621081  0.098133621081  0.004973151642  -0.000121420312   0.102985352411  -0.132022401909
423  0.098141884477  0.098141884477  0.005514655855  -0.000127115512   0.103529424820  -0.146602515303
424  0.098214103976  0.098214103976  0.004949523726  -0.000101004288   0.103062623414  -0.131935001830
425  0.098231040181  0.098231040181  0.005586232498  -0.000157553126   0.103659719553  -0.147721965870
426  0.098237185037  0.098237185037  0.005065270814  -0.000141245361   0.103161210490  -0.133989626210
427  0.098274745092  0.098274745092  0.004769157835  -0.000098872083   0.102945030844  -0.127085013709
428  0.098282094690  0.098282094690  0.005589493753  -0.000209588917   0.103661999525  -0.146394742443
429  0.098309215729  0.098309215729  0.004891455300  -0.000059655256   0.103141015773  -0.131480043715
430  0.098332500677  0.098332500677  0.004348334824  -0.000093627247   0.102587208254  -0.115776549753
431  0.098356189107  0.098356189107  0.004679529888  -0.000106738475   0.102928980519  -0.124432056241
432  0.098369327290  0.098369327290  0.004645437314  -0.000117488840   0.102897275764  -0.123211817109
433  0.098380575811  0.098380575811  0.005312275099  -0.000250409430   0.103442441480  -0.137740451456
434  0.098410611496  0.098410611496  0.004116557256  -0.000068744364   0.102458424388  -0.110146655727
435  0.098411377029  0.098411377029  0.004580899237  -0.000122997807   0.102869278458  -0.121305738963
436  0.098437315941  0.098437315941  0.004187633428  -0.000094167562   0.102530781807  -0.111388937068
437  0.098462356423  0.098462356423  0.004253663784  -0.000094766042   0.102621254164  -0.113169429995
438  0.098465350090  0.098465350090  0.004808271620  -0.000166666505   0.103106955205  -0.126304573422
439  0.098509330399  0.098509330399  0.004744187327  -0.000170655013   0.103082862713  -0.124452217216
440  0.098535122263  0.098535122263  0.004257479727  -0.000103472772   0.102689129218  -0.113036344871
441  0.098592784894  0.098592784894  0.005594206403  -0.000147322933   0.104039668364  -0.148217324838
442  0.098626057825  0.098626057825  0.004694721127  -0.000366798906   0.102953980046  -0.117768822707
443  0.098659318997  0.098659318997  0.005498750056  -0.000141676937   0.104016392115  -0.145773459464
444  0.098688668506  0.098688668506  0.004339281293  -0.000076519547   0.102951430253  -0.115995714990
445  0.098708230558  0.098708230558  0.004420352345  -0.000125031700   0.103003551203  -0.116881688212
446  0.098741400908  0.098741400908  0.004609834933  -0.000254940914   0.103096294927  -0.118502763106
447  0.098752988492  0.098752988492  0.005407366110  -0.000169975653   0.103990378949  -0.142516726681
448  0.098768298909  0.098768298909  0.004264215970  -0.000101913355   0.102930601523  -0.113262081366
449  0.098781625995  0.098781625995  0.004180622213  -0.000116563558   0.102845684649  -0.110588725665
450  0.098817293446  0.098817293446  0.004275457300  -0.000143520577   0.102949230169  -0.112435782935
451  0.098843409678  0.098843409678  0.005257717270  -0.000142191179   0.103958935768  -0.139200626662
452  0.098886201408  0.098886201408  0.004536613614  -0.000209359950   0.103213455072  -0.117750630351
453  0.098919431694  0.098919431694  0.004609389954  -0.000057893792   0.103470927856  -0.123852582661
454  0.098932043324  0.098932043324  0.004411733846  -0.000158035360   0.103185741810  -0.115749090973
455  0.098946441977  0.098946441977  0.004466083007  -0.000095271337   0.103317253647  -0.118935904655
456  0.098974359727  0.098974359727  0.004755621459  -0.000080516172   0.103649465014  -0.127216159988
457  0.098977358137  0.098977358137  0.004582070574  -0.000045941625   0.103513487086  -0.123434419272
458  0.098994924246  0.098994924246  0.004503110036  -0.000091690707   0.103406343576  -0.120040895941
459  0.098998804502  0.098998804502  0.004587129857  -0.000071850090   0.103514084269  -0.122867083852
460  0.099008814651  0.099008814651  0.004660032628  -0.000158465063   0.103510382216  -0.122493955633
461  0.099039248619  0.099039248619  0.004694258221  -0.000138443910   0.103595062930  -0.123970085556
462  0.099044635579  0.099044635579  0.004654428203  -0.000144232184   0.103554831599  -0.122728747964
463  0.099072220508  0.099072220508  0.004503747803  -0.000176763650   0.103399204661  -0.117743296591
464  0.099103980421  0.099103980421  0.004631465364  -0.000063729985   0.103671715799  -0.124294474475
465  0.099104200085  0.099104200085  0.004736015436  -0.000240505953   0.103599709568  -0.122329106736
466  0.099128086628  0.099128086628  0.004542328567  -0.000212574783   0.103457840412  -0.117818662116
467  0.099144073256  0.099144073256  0.004582858465  -0.000079724643   0.103647207078  -0.122536575687
468  0.099153220669  0.099153220669  0.004720906461  -0.000289407649   0.103584719480  -0.120587286766
469  0.099186810451  0.099186810451  0.004481322264  -0.000286574691   0.103381558024  -0.114144954103
470  0.099192176200  0.099192176200  0.004476814294  -0.000073562555   0.103595427939  -0.119818644366
471  0.099195833440  0.099195833440  0.004736848060  -0.000170210382   0.103762471117  -0.124264604498
472  0.099249377182  0.099249377182  0.004445555026  -0.000065696641   0.103629235567  -0.119182078441
473  0.099266411550  0.099266411550  0.004513266977  -0.000234003057   0.103545675470  -0.116444762237
474  0.099282947451  0.099282947451  0.004379503398  -0.000048548025   0.103613902824  -0.117851359035
475  0.099297503846  0.099297503846  0.004334270818  -0.000018930855   0.103612843808  -0.117426441863
476  0.099317375993  0.099317375993  0.004513392771  -0.000135149380   0.103695619385  -0.119138132228
477  0.099344880596  0.099344880596  0.004357529304  -0.000024694797   0.103677715103  -0.117902492920
478  0.099354967566  0.099354967566  0.004484666482  -0.000454104958   0.103385529089  -0.109677221833
479  0.099364101923  0.099364101923  0.004382848798  -0.000021354276   0.103725596445  -0.118682372035
480  0.099380922785  0.099380922785  0.004306579450  -0.000050490158   0.103637012076  -0.115814148151
481  0.099404807040  0.099404807040  0.004313450269  -0.000029471596   0.103688785713  -0.116573057269
482  0.099442493173  0.099442493173  0.004208367062  -0.000034212989   0.103616647246  -0.113584576137
483  0.099445447248  0.099445447248  0.004600397883  -0.000240419101   0.103805426031  -0.118641126638
484  0.099449668883  0.099449668883  0.004249333329  -0.000062784505   0.103636217707  -0.113921854670
485  0.099467995228  0.099467995228  0.004221593785  -0.000088355392   0.103601233621  -0.112471203224
486  0.099479639688  0.099479639688  0.004334515023  -0.000047003626   0.103767151086  -0.116669187646
487  0.099515360371  0.099515360371  0.004488671357  -0.000078823248   0.103925208480  -0.119998140843
488  0.099554296075  0.099554296075  0.004344129478  -0.000071953264   0.103826472289  -0.116251895841
489  0.099576678831  0.099576678831  0.004375778726  -0.000155785596   0.103796671961  -0.114831921050
490  0.099590679092  0.099590679092  0.004316600051  -0.000096028624   0.103811250519  -0.114847657325
491  0.099633685680  0.099633685680  0.005164719595  -0.000122674790   0.104675730485  -0.137201097999
492  0.099634585460  0.099634585460  0.005462077429  -0.000074319440   0.105022343449  -0.146608437731
493  0.099662920848  0.099662920848  0.004041103072  -0.000105321415   0.103598702505  -0.107098128979
494  0.099685419397  0.099685419397  0.004405824071  -0.000064126376   0.104027117092  -0.118143672662
495  0.099689006986  0.099689006986  0.004174348399  -0.000098338846   0.103765016538  -0.110913926339
496  0.099713183248  0.099713183248  0.005499440245  -0.000160392761   0.105052230732  -0.145282956705
497  0.099749666955  0.099749666955  0.004682530815  -0.000115752285   0.104316445485  -0.124268437295
498  0.099806915686  0.099806915686  0.004392900577  -0.000099663648   0.104100152615  -0.116824987367
499  0.099846055228  0.099846055228  0.004533375032  -0.000079515040   0.104299915220  -0.121195765776
500  0.099890793846  0.099890793846  0.005461224396  -0.000164580255   0.105187437987  -0.144129102374
501  0.099898708904  0.099898708904  0.003466103509  -0.000049503937   0.103315308476  -0.092970457578
502  0.100011007119  0.100011007119  0.005430356621  -0.000147016934   0.105294346805  -0.143767069541
503  0.100027825755  0.100027825755  0.004029217412  -0.000045538771   0.104011504396  -0.108401472972
504  0.100034932031  0.100034932031  0.005429018248  -0.000127429673   0.105336520606  -0.144263647339
505  0.100140205949  0.100140205949  0.005289670757  -0.000211191592   0.105218685114  -0.138192527954
506  0.100171776584  0.100171776584  0.005266509432  -0.000160361802   0.105277924214  -0.138945425622
507  0.100172125116  0.100172125116  0.003749299962  -0.000063350858   0.103858074220  -0.100299835423
508  0.100178635207  0.100178635207  0.003491015516  -0.000069342542   0.103600308181  -0.093108511973
509  0.100184355066  0.100184355066  0.003793186695  -0.000057780295   0.103919761466  -0.101645637708
510  0.100209832899  0.100209832899  0.003724279742  -0.000097223197   0.103836889444  -0.098697286455
511  0.100236506267  0.100236506267  0.004267525836  -0.000046243527   0.104457788577  -0.114867001442
512  0.100254393241  0.100254393241  0.004044938976  -0.000061719648   0.104237612569  -0.108388974427
513  0.100281933088  0.100281933088  0.004106053295  -0.000060873389   0.104327112995  -0.110075008497
514  0.100295028138  0.100295028138  0.005466920704  -0.000289229602   0.105472719240  -0.140892223638
515  0.100309003784  0.100309003784  0.003935275336  -0.000107856870   0.104136422249  -0.104149414834
516  0.100355912303  0.100355912303  0.003939234339  -0.000074476708   0.104220669935  -0.105165465826
517  0.100374141312  0.100374141312  0.005227617555  -0.000218394930   0.105383363937  -0.136307960525
518  0.100389380575  0.100389380575  0.003865440897  -0.000056451462   0.104198370010  -0.103647935107
519  0.100399473431  0.100399473431  0.003641701552  -0.000087986365   0.103953188618  -0.096701565428
520  0.100414052357  0.100414052357  0.003674973548  -0.000110816593   0.103978209312  -0.096985700555
521  0.100453660533  0.100453660533  0.003502598445  -0.000068973097   0.103887285881  -0.093433752796
522  0.100468115491  0.100468115491  0.003655421615  -0.000107492182   0.104016044923  -0.096544126965
523  0.100479251179  0.100479251179  0.004240549766  -0.000068550205   0.104651250740  -0.113525948864
524  0.100481482531  0.100481482531  0.005707166256  -0.000147462291   0.106041186497  -0.151287328491
525  0.100494121959  0.100494121959  0.005189926631  -0.000211806866   0.105472241724  -0.135461608170
526  0.100558359609  0.100558359609  0.005533034059  -0.000254466859   0.105836926809  -0.143637203506
527  0.100568606041  0.100568606041  0.003602186308  -0.000060441749   0.104110350599  -0.096375827879
528  0.100593939280  0.100593939280  0.005622564839  -0.000299237428   0.105917266691  -0.144855191509
529  0.100607365136  0.100607365136  0.003619339967  -0.000043733217   0.104182971885  -0.097297265499
530  0.100638909134  0.100638909134  0.003690841370  -0.000091192168   0.104238558335  -0.097951494288
531  0.100662840490  0.100662840490  0.004261490303  -0.000079163239   0.104845167553  -0.113806974648
532  0.100684047599  0.100684047599  0.003862474733  -0.000099038629   0.104447483703  -0.102408365201
533  0.100691128080  0.100691128080  0.004167316366  -0.000144775594   0.104713668852  -0.109458965957
534  0.100698988346  0.100698988346  0.005546612016  -0.000297873508   0.105947726854  -0.142825523031
535  0.100731672299  0.100731672299  0.005549669864  -0.000240122108   0.106041220055  -0.144480227817
536  0.100787834596  0.100787834596  0.005526916926  -0.000318552145   0.105996199377  -0.141726897415
537  0.100828246419  0.100828246419  0.005907849233  -0.000226037978   0.106510057674  -0.154610038771
538  0.100947633161  0.100947633161  0.005659066913  -0.000414751962   0.106191948112  -0.142705151851
539  0.100953387178  0.100953387178  0.006033877764  -0.000172007717   0.106815257225  -0.159509690581
540  0.101007713105  0.101007713105  0.005786152190  -0.000341931996   0.106451933299  -0.148144853390
541  0.101065547228  0.101065547228  0.005740412423  -0.000366137687   0.106439821965  -0.146241539565
542  0.101078704347  0.101078704347  0.005858723244  -0.000149669591   0.106787758001  -0.155351342591
543  0.101112249509  0.101112249509  0.005729399364  -0.000262925156   0.106578723716  -0.148750416247
544  0.101140595524  0.101140595524  0.005859117310  -0.000283492981   0.106716219852  -0.151720543849
545  0.101158382827  0.101158382827  0.005694562582  -0.000245631485   0.106607313924  -0.148273043669
546  0.101166200327  0.101166200327  0.005080255217  -0.000126980195   0.106119475349  -0.134785547925
547  0.101209460122  0.101209460122  0.005796045619  -0.000253723194   0.106751782548  -0.150814352448
548  0.101218972318  0.101218972318  0.005562400822  -0.000193501350   0.106587871790  -0.146095271086
549  0.101259103282  0.101259103282  0.005837003196  -0.000215881205   0.106880225273  -0.152958598953
550  0.101293784161  0.101293784161  0.005746544288  -0.000114471851   0.106925856598  -0.153256575919
551  0.101334253777  0.101334253777  0.005873064998  -0.000278724828   0.106928593947  -0.152229828113
552  0.101342214952  0.101342214952  0.005723535985  -0.000243852919   0.106821898019  -0.149109847786
553  0.101407579358  0.101407579358  0.005743107895  -0.000165091671   0.106985595582  -0.151785630690
554  0.101413846924  0.101413846924  0.005725737966  -0.000147039651   0.106992545240  -0.151804191333
555  0.101430564851  0.101430564851  0.005590617982  -0.000186380834   0.106834801999  -0.147056858710
556  0.101448124833  0.101448124833  0.005722457055  -0.000167354181   0.107003227707  -0.151162126348
557  0.101483130277  0.101483130277  0.005668584136  -0.000283364179   0.106868350234  -0.146539374337
558  0.101508494604  0.101508494604  0.005747926550  -0.000231881063   0.107024540090  -0.150099320150
559  0.101537476682  0.101537476682  0.003199753979  -0.000037141399   0.104700089262  -0.086059115969
560  0.101552724783  0.101552724783  0.003172629529  -0.000017714578   0.104707639734  -0.085849652690
561  0.101554176230  0.101554176230  0.005615080926  -0.000223008191   0.106946248964  -0.146725848006
562  0.101571175319  0.101571175319  0.005653832941  -0.000137405698   0.107087602562  -0.150109708281
563  0.101602729206  0.101602729206  0.005496476260  -0.000125637340   0.106973568126  -0.146148046180
564  0.101634236463  0.101634236463  0.005667600139  -0.000130733821   0.107171102782  -0.150665884139
565  0.101650190784  0.101650190784  0.005529463814  -0.000131673504   0.107047981095  -0.146881431257
566  0.101672579482  0.101672579482  0.005270575975  -0.000172181576   0.106770973881  -0.138734449351
567  0.101706878248  0.101706878248  0.005058380971  -0.000142149475   0.106623109744  -0.133777541711
568  0.101716067022  0.101716067022  0.005666458682  -0.000220514857   0.107162010847  -0.148191755790
569  0.101737572344  0.101737572344  0.005737937634  -0.000196780539   0.107278729439  -0.150782642188
570  0.101765505683  0.101765505683  0.005250864471  -0.000125506595   0.106890863559  -0.139468163309
571  0.101801275231  0.101801275231  0.005356198301  -0.000143398298   0.107014075235  -0.141847586005
572  0.101807491176  0.101807491176  0.005598299318  -0.000222004402   0.107183786092  -0.146296511476
573  0.101820988468  0.101820988468  0.005290996148  -0.000192691280   0.106919293336  -0.138732013072
574  0.101850223128  0.101850223128  0.005514338345  -0.000389038762   0.106975522712  -0.139466577082
575  0.101867002637  0.101867002637  0.005289086535  -0.000143399356   0.107012689815  -0.140021352081
576  0.101884519584  0.101884519584  0.005303551766  -0.000137324831   0.107050746519  -0.140580267627
577  0.101897962671  0.101897962671  0.005351776174  -0.000224908599   0.107024830246  -0.139509244324
578  0.101902045606  0.101902045606  0.005247365277  -0.000129121892   0.107020288991  -0.139274568050
579  0.101919292568  0.101919292568  0.005246029668  -0.000140591297   0.107024730939  -0.138926125681
580  0.101931381057  0.101931381057  0.005385682614  -0.000154734816   0.107162328855  -0.142341412909
581  0.101946905532  0.101946905532  0.005117441541  -0.000213264530   0.106851082543  -0.133449522313
582  0.101966045166  0.101966045166  0.005205654952  -0.000143967013   0.107027733105  -0.137735615204
583  0.101982184060  0.101982184060  0.005181046871  -0.000248323363   0.106914907568  -0.134226312458
584  0.102015569612  0.102015569612  0.004962291222  -0.000138218071   0.106839642763  -0.131269784144
585  0.102042417840  0.102042417840  0.005669656901  -0.000245137263   0.107466937479  -0.147608773687
586  0.102043379716  0.102043379716  0.005030981411  -0.000139465619   0.106934895509  -0.133104992829
587  0.102102192522  0.102102192522  0.005159455613  -0.000205594557   0.107056053578  -0.134801494739
588  0.102113741895  0.102113741895  0.004945661525  -0.000160258632   0.106899144788  -0.130217512287
589  0.102120988741  0.102120988741  0.005158760573  -0.000222060073   0.107057689241  -0.134334531973
590  0.102138170286  0.102138170286  0.005089143468  -0.000189544883   0.107037768872  -0.133324936962
591  0.102144284878  0.102144284878  0.005268810363  -0.000202466841   0.107210628400  -0.137862300110
592  0.102229473097  0.102229473097  0.005258234401  -0.000254435938   0.107233271560  -0.136160361486
593  0.102254081820  0.102254081820  0.005603699334  -0.000175082899   0.107682698256  -0.147720253266
594  0.102260285898  0.102260285898  0.005117943701  -0.000222666423   0.107155563176  -0.133207348113
595  0.102284844006  0.102284844006  0.005493778091  -0.000374533223   0.107404088874  -0.139301819804
596  0.102288153706  0.102288153706  0.004984324593  -0.000140199794   0.107132278506  -0.131815417578
597  0.102305003940  0.102305003940  0.004877910315  -0.000150711719   0.107032202536  -0.128633691858
598  0.102326377501  0.102326377501  0.005045092485  -0.000226477105   0.107144992881  -0.131121270539
599  0.102358047014  0.102358047014  0.005060747686  -0.000232560006   0.107186234694  -0.131381746238
600  0.102420198807  0.102420198807  0.005019991551  -0.000255334497   0.107184855861  -0.129652988967
601  0.102480232345  0.102480232345  0.004560696613  -0.000084693203   0.106956235755  -0.121798319190
602  0.102530210609  0.102530210609  0.004308675145  -0.000116589147   0.106722296607  -0.114072528921
603  0.102539033967  0.102539033967  0.004652633955  -0.000148546976   0.107043120946  -0.122562512406
604  0.102560682448  0.102560682448  0.004652134262  -0.000156569932   0.107056246777  -0.122330599195
605  0.102565452430  0.102565452430  0.004842857611  -0.000138676847   0.107269633193  -0.128007344426
606  0.102614074041  0.102614074041  0.004686861106  -0.000148513773   0.107152421373  -0.123494784603
607  0.102619335330  0.102619335330  0.004750648169  -0.000122041153   0.107247942346  -0.125950876955
608  0.102640091161  0.102640091161  0.004361659886  -0.000119846321   0.106881904726  -0.115425685640
609  0.102656068123  0.102656068123  0.004449808163  -0.000101406619   0.107004469667  -0.118326093770
610  0.102714874829  0.102714874829  0.004647566900  -0.000060070492   0.107302371236  -0.124832199745
611  0.102778130289  0.102778130289  0.004453046386  -0.000060799147   0.107170377528  -0.119519196517
612  0.102798541770  0.102798541770  0.004505806141  -0.000112220619   0.107192127292  -0.119555613070
613  0.102823797839  0.102823797839  0.004399764321  -0.000080426786   0.107143135374  -0.117535221407
614  0.102826871259  0.102826871259  0.004507978647  -0.000111940529   0.107222909378  -0.119622351657
615  0.102861798038  0.102861798038  0.004426371447  -0.000105035671   0.107183133814  -0.117589596340
616  0.102871723424  0.102871723424  0.004441246985  -0.000099388814   0.107213581595  -0.118148039430
617  0.102896640207  0.102896640207  0.004593868348  -0.000169184561   0.107321323993  -0.120401840392
618  0.102915022364  0.102915022364  0.004223471119  -0.000166817375   0.106971676108  -0.110387227691
619  0.102930898270  0.102930898270  0.004189928242  -0.000094311507   0.107026515005  -0.111447465218
620  0.102945508920  0.102945508920  0.004239504223  -0.000101742277   0.107083270866  -0.112594295422
621  0.102971463912  0.102971463912  0.004252896251  -0.000129218254   0.107095141909  -0.112211051446
622  0.102993288528  0.102993288528  0.004568527701  -0.000070891201   0.107490925028  -0.122386985856
623  0.103021029064  0.103021029064  0.004704563033  -0.000180017166   0.107545574931  -0.123119227413
624  0.103049310749  0.103049310749  0.004621706061  -0.000147959409   0.107523057401  -0.121736909663
625  0.103077845061  0.103077845061  0.004003941064  -0.000091426038   0.106990360087  -0.106465011380
626  0.103091674484  0.103091674484  0.004511551053  -0.000141558259   0.107461667278  -0.118913621909
627  0.103111451769  0.103111451769  0.004068158898  -0.000145484542   0.107034126125  -0.106741460976
628  0.103140688398  0.103140688398  0.004648575007  -0.000177092173   0.107612171233  -0.121675308002
629  0.103179717584  0.103179717584  0.004098402395  -0.000062348372   0.107215771607  -0.109826680446
630  0.103203924329  0.103203924329  0.004272712522  -0.000081425226   0.107395211624  -0.114050795118
631  0.103236863101  0.103236863101  0.004376338022  -0.000123876009   0.107489325113  -0.115715444806
632  0.103246826926  0.103246826926  0.003778306641  -0.000062809739   0.106962323828  -0.101103872400
633  0.103276741941  0.103276741941  0.004464619469  -0.000108611972   0.107632749439  -0.118533062424
634  0.103294676821  0.103294676821  0.003965812275  -0.000119056201   0.107141432894  -0.104675618221
635  0.103301577753  0.103301577753  0.004282901914  -0.000091473752   0.107493005916  -0.114054628300
636  0.103320516439  0.103320516439  0.004048805470  -0.000157633060   0.107211688849  -0.105884248929
637  0.103329969203  0.103329969203  0.004436289370  -0.000129476466   0.107636782107  -0.117194408652
638  0.103362760069  0.103362760069  0.004292871308  -0.000086611947   0.107569019429  -0.114458205963
639  0.103379755686  0.103379755686  0.004265723174  -0.000085626480   0.107559852380  -0.113746283180
640  0.103402508239  0.103402508239  0.003739169999  -0.000031600695   0.107110077543  -0.100888151350
641  0.103410050968  0.103410050968  0.003732779296  -0.000031291182   0.107111539083  -0.100722673683
642  0.103419089705  0.103419089705  0.003691226815  -0.000024455011   0.107085861509  -0.099777994272
643  0.103431816465  0.103431816465  0.004384851425  -0.000175009770   0.107641658120  -0.114555685200
644  0.103459422702  0.103459422702  0.004655819111  -0.000185127687   0.107930114125  -0.121653772594
645  0.103478516253  0.103478516253  0.003882114165  -0.000152025484   0.107208604933  -0.101500935116
646  0.103488283575  0.103488283575  0.004500009057  -0.000136214960   0.107852077673  -0.118744946712
647  0.103531174537  0.103531174537  0.004291984422  -0.000102340798   0.107720818162  -0.114006068531
648  0.103536086040  0.103536086040  0.004260063995  -0.000079282140   0.107716867894  -0.113764927356
649  0.103567644842  0.103567644842  0.004305647759  -0.000136279180   0.107737013420  -0.113454356141
650  0.103577547198  0.103577547198  0.004633491345  -0.000176318731   0.108034719812  -0.121285906871
651  0.103606522065  0.103606522065  0.004465207535  -0.000189093167   0.107882636434  -0.116359058522
652  0.103653776066  0.103653776066  0.005119881916  -0.000152655721   0.108621002261  -0.135165178882
653  0.103666737277  0.103666737277  0.005327349771  -0.000102890768   0.108891196279  -0.142164843689
654  0.103673040304  0.103673040304  0.005003093520  -0.000184618199   0.108491515625  -0.131117459360
655  0.103697494580  0.103697494580  0.005392628700  -0.000102726843   0.108987396438  -0.143945635413
656  0.103702324541  0.103702324541  0.005090710921  -0.000223446811   0.108569588651  -0.132445070597
657  0.103751819163  0.103751819163  0.004834526606  -0.000261119363   0.108325226406  -0.124448813836
658  0.103759845109  0.103759845109  0.005496437332  -0.000126595116   0.109129687324  -0.146120924458
659  0.103800182625  0.103800182625  0.005021252352  -0.000118681539   0.108702753438  -0.133405815423
660  0.103812142553  0.103812142553  0.004994674795  -0.000208750548   0.108598066801  -0.130231699057
661  0.103845930330  0.103845930330  0.005174977209  -0.000188604594   0.108832302945  -0.135686179781
662  0.103855059086  0.103855059086  0.005230046138  -0.000160300445   0.108924804779  -0.137954877939
663  0.103880796243  0.103880796243  0.005304146943  -0.000196559042   0.108988384144  -0.138984617399
664  0.103943304952  0.103943304952  0.005127282123  -0.000223282792   0.108847304284  -0.133444687413
665  0.103957387414  0.103957387414  0.005115243356  -0.000194472757   0.108878158014  -0.133901057082
666  0.104039182109  0.104039182109  0.003613612242  -0.000113277435   0.107539516916  -0.095249010565
667  0.104056785468  0.104056785468  0.004659372686  -0.000085051424   0.108631106729  -0.124473685577
668  0.104358460808  0.104358460808  0.004037138190  -0.000064493252   0.108331105746  -0.108101230464
669  0.104382653321  0.104382653321  0.004030915730  -0.000100477888   0.108313091162  -0.106952716271
670  0.104410161864  0.104410161864  0.004685943974  -0.000127291195   0.108968814643  -0.124047324221
671  0.104485639088  0.104485639088  0.004378461985  -0.000097724542   0.108766376531  -0.116484858862
672  0.104488795596  0.104488795596  0.003830274862  -0.000079661979   0.108239408478  -0.102059427397
673  0.104502328481  0.104502328481  0.004168232429  -0.000073578265   0.108596982645  -0.111421272322
674  0.104523748193  0.104523748193  0.003813965397  -0.000050449708   0.108287263883  -0.102410530822
675  0.104528509664  0.104528509664  0.003923820863  -0.000148893199   0.108303437328  -0.102721066643
676  0.104601561988  0.104601561988  0.003756483612  -0.000068696797   0.108289348803  -0.100349842149
677  0.104644557453  0.104644557453  0.004239866021  -0.000059333588   0.108825089886  -0.113758140252
678  0.104651770369  0.104651770369  0.004368775772  -0.000114595717   0.108905950424  -0.115762195157
679  0.104770888197  0.104770888197  0.003800165413  -0.000055788073   0.108515265537  -0.101889749562
680  0.104782950459  0.104782950459  0.003688174630  -0.000074665068   0.108396460021  -0.098328654100
681  0.104793184035  0.104793184035  0.004026539204  -0.000080390845   0.108739332394  -0.107380221455
682  0.104808408842  0.104808408842  0.004653880226  -0.000060540796   0.109401748272  -0.124991196555
683  0.104897594944  0.104897594944  0.003957152377  -0.000071839385   0.108782907936  -0.105724805951
684  0.104910344395  0.104910344395  0.004916620152  -0.000171345891   0.109655618656  -0.129125556040
685  0.104928148859  0.104928148859  0.004886877214  -0.000143927300   0.109671098773  -0.129062307299
686  0.104971534756  0.104971534756  0.004880575386  -0.000167523604   0.109684586539  -0.128248737269
687  0.105009388207  0.105009388207  0.003819093703  -0.000074765398   0.108753716511  -0.101888415213
688  0.105060298651  0.105060298651  0.004883914632  -0.000055941961   0.109888271322  -0.131375895535
689  0.105168184368  0.105168184368  0.004915302167  -0.000177980690   0.109905505845  -0.128909149640
690  0.105229505048  0.105229505048  0.004875831120  -0.000211539308   0.109893796861  -0.126921910217
691  0.105254580627  0.105254580627  0.004887613075  -0.000237476122   0.109904717580  -0.126536736685
692  0.105501323464  0.105501323464  0.004788572015  -0.000072549753   0.110217345725  -0.128329568164
693  0.105558839324  0.105558839324  0.004460506709  -0.000029040359   0.109990305674  -0.120586403446
694  0.105575773445  0.105575773445  0.004818753468  -0.000146213673   0.110248313239  -0.127146349370
695  0.105613001727  0.105613001727  0.004834378198  -0.000197534306   0.110249845619  -0.126175013887
696  0.105614712535  0.105614712535  0.004445673131  -0.000071279364   0.109989106302  -0.119033378552
697  0.105642841658  0.105642841658  0.004454062800  -0.000094045864   0.110002858594  -0.118642164854
698  0.105681208813  0.105681208813  0.004879409679  -0.000265076789   0.110295541703  -0.125562458002
699  0.105713499410  0.105713499410  0.004854677489  -0.000093737124   0.110474439775  -0.129551852660
700  0.105714184916  0.105714184916  0.004488884579  -0.000185529382   0.110017540113  -0.117100319591
701  0.105764488991  0.105764488991  0.004908558825  -0.000138559649   0.110534488167  -0.129798355582
702  0.105783635057  0.105783635057  0.004501442158  -0.000032220777   0.110252856439  -0.121613770695
703  0.105823472636  0.105823472636  0.004860966901  -0.000190236291   0.110494203247  -0.127097118929
704  0.105840437818  0.105840437818  0.004486464392  -0.000080898282   0.110246003928  -0.119881621630
705  0.105892656376  0.105892656376  0.004485260923  -0.000134521440   0.110243395858  -0.118389712357
706  0.105894679637  0.105894679637  0.004906392429  -0.000155390059   0.110645682006  -0.129281425871
707  0.105934078006  0.105934078006  0.004918190660  -0.000265145130   0.110587123536  -0.126615883144
708  0.105939291615  0.105939291615  0.004506507108  -0.000182085018   0.110263713705  -0.117673579272
709  0.106061414571  0.106061414571  0.005107797340  -0.000266057412   0.110903154499  -0.131750521885
710  0.106104360792  0.106104360792  0.004965388483  -0.000155607053   0.110914142222  -0.130880886391
711  0.106161470584  0.106161470584  0.005125406839  -0.000220673405   0.111066204017  -0.133464663352
712  0.106186911782  0.106186911782  0.005218454247  -0.000185854895   0.111219511133  -0.136944074002
713  0.106277643484  0.106277643484  0.005002596485  -0.000342232318   0.110938007650  -0.126815033471
714  0.106377767874  0.106377767874  0.005267690817  -0.000141868773   0.111503589918  -0.139480793970
715  0.106429296909  0.106429296909  0.005302583317  -0.000183453066   0.111548427160  -0.139298700916
716  0.106431443777  0.106431443777  0.004740958427  -0.000075778669   0.111096623535  -0.126946072471
717  0.106543129453  0.106543129453  0.004651457403  -0.000125591281   0.111068995575  -0.123155153376
718  0.106821484180  0.106821484180  0.004746586243  -0.000088394975   0.111479675448  -0.126755905870
719  0.106844745865  0.106844745865  0.004869909379  -0.000105437773   0.111609217471  -0.129647942660
720  0.106864900963  0.106864900963  0.004853797953  -0.000128005455   0.111590693461  -0.128595429970
721  0.106905084232  0.106905084232  0.004741522083  -0.000170681545   0.111475924771  -0.124378970237
722  0.106956523359  0.106956523359  0.004660335737  -0.000113157108   0.111503701989  -0.123735096565
723  0.106967792195  0.106967792195  0.004662183650  -0.000130066957   0.111499908888  -0.123325240167
724  0.107047551383  0.107047551383  0.004710197494  -0.000085192030   0.111672556847  -0.125852873680
725  0.107083857692  0.107083857692  0.004417057520  -0.000124710496   0.111376204716  -0.116800771801
726  0.107130806493  0.107130806493  0.004706359432  -0.000143336413   0.111693829512  -0.124166244581
727  0.107322799826  0.107322799826  0.004520524467  -0.000379364918   0.111463959374  -0.112686748947
728  0.107380744908  0.107380744908  0.004964311433  -0.000113678654   0.112231377687  -0.131992508801
729  0.107420795756  0.107420795756  0.004929588625  -0.000144421344   0.112205963037  -0.130211100954
730  0.107445664316  0.107445664316  0.004966029165  -0.000146622485   0.112265070996  -0.131142802919
731  0.107468800362  0.107468800362  0.004668923681  -0.000133674198   0.112004049845  -0.123410487774
732  0.107501469390  0.107501469390  0.004711658255  -0.000136141777   0.112076985868  -0.124506209083
733  0.107524074579  0.107524074579  0.004621099858  -0.000167958723   0.111977215714  -0.121176204679
734  0.107536063495  0.107536063495  0.004600772221  -0.000123671094   0.112013164622  -0.121828189614
735  0.107552685284  0.107552685284  0.004454084232  -0.000137533350   0.111869236166  -0.117459392680
736  0.107556920980  0.107556920980  0.004453589942  -0.000205240025   0.111805270898  -0.115603548934
737  0.107576366034  0.107576366034  0.004600972681  -0.000159744637   0.112017594078  -0.120852032812
738  0.107592553376  0.107592553376  0.004504453125  -0.000121539800   0.111975466701  -0.119265207663
739  0.107622592335  0.107622592335  0.004871252930  -0.000125254714   0.112368590552  -0.129145255869
740  0.107637002315  0.107637002315  0.004547023703  -0.000240913556   0.111943112461  -0.117175285640
741  0.107690259665  0.107690259665  0.005373331616  -0.000158543931   0.112905047350  -0.141901673629
742  0.107767598395  0.107767598395  0.004538242112  -0.000473565769   0.111832274739  -0.110605533844
743  0.107810020728  0.107810020728  0.005195282575  -0.000141871384   0.112863431919  -0.137510393283
744  0.107874986998  0.107874986998  0.004773276639  -0.000134986596   0.112513277041  -0.126214365671
745  0.107897773175  0.107897773175  0.004760007815  -0.000230437135   0.112427343856  -0.123255959615
746  0.108044738325  0.108044738325  0.005238207723  -0.000182494648   0.113100451399  -0.137573030753
747  0.108300558894  0.108300558894  0.004966655214  -0.000131760774   0.113135453333  -0.131564246546
