0 -0.244379836472888 9.30765e-06
1 -0.243884846059517 7.45063e-06
2 -0.243884845887979 4.23796e-06
3 -0.242679314853488 3.87934e-06
4 -0.242679314795551 1.40028e-06
5 -0.242235277339795 2.5268e-06
6 -0.242235277317964 1.21951e-06
7 -0.242102847600508 1.89335e-06
8 -0.242102847590652 1.0242e-06
9 -0.241783304741781 1.51959e-06
10 -0.241783304734517 6.87263e-07
11 -0.241721465450411 1.38437e-06
12 -0.241721465445277 7.29539e-07
13 -0.240766343419886 4.42511e-07
14 -0.240766343419247 2.18732e-07
15 -0.240622687840562 3.89654e-07
16 -0.240622687840138 2.52703e-07
17 -0.239790670595388 2.07332e-07
18 -0.239790670595281 1.28536e-07
19 -0.239010876840368 1.06154e-07
20 -0.239010876840222 3.00343e-08
21 -0.238849591910448 1.22709e-07
22 -0.238849591910221 1.48194e-07
23 -0.2374152151192 9.56319e-08
24 -0.237415215119075 9.85619e-08
25 -0.237096297547548 1.06546e-07
26 -0.237096297547518 1.25006e-07
27 -0.236452342517679 6.52724e-08
28 -0.236452342517634 1.41928e-07
29 -0.236245690523979 4.85004e-08
30 -0.236245690523829 5.4877e-08
31 -0.233644838094487 7.28578e-08
32 -0.233644838094413 8.96782e-08
33 -0.233330662650055 5.44326e-08
34 -0.233330662649901 1.24198e-07
35 -0.232737455422367 1.11074e-07
36 -0.232737455422081 1.07518e-07
37 -0.229667784549503 1.25476e-07
38 -0.229667784548588 5.28151e-08
39 -0.156187297325564 1.94384e-06
40 -0.156187297205342 4.89044e-06
41 -0.152797927429721 5.8159e-06
42 -0.152100886838699 7.45382e-06
43 -0.151591391613834 9.07265e-06
