0	-0.30453  	 (0.00000   )
1	-0.00942  	 (-0.00000  )
2	-0.00942  	 (-0.00000  )
3	-0.08019  	 (-0.00000  )
4	-0.19658  	 (-0.00000  )
5	-0.19639  	 (-0.00000  )
6	0.32478   	 (0.00000   )
7	-0.02054  	 (0.00000   )
8	0.29276   	 (-0.00000  )
9	0.04847   	 (-0.00000  )
10	0.04854   	 (-0.00000  )
11	-0.45242  	 (0.00000   )
12	-0.16515  	 (-0.00000  )
13	-0.05434  	 (-0.00000  )
14	-0.11319  	 (0.00000   )
15	-0.02974  	 (0.00000   )
16	-0.02988  	 (-0.00000  )
17	0.06862   	 (0.00000   )
18	0.18776   	 (0.00000   )
19	0.07098   	 (-0.00000  )
20	-0.56184  	 (-0.00000  )
21	-0.55091  	 (-0.00000  )
22	0.02919   	 (-0.00000  )
23	-0.77410  	 (0.00000   )
24	-0.07731  	 (-0.00000  )
25	-0.10566  	 (-0.00000  )
26	0.05823   	 (0.00000   )
27	0.05702   	 (0.00000   )
28	0.08587   	 (-0.00000  )
29	-0.03913  	 (0.00000   )
30	-0.03941  	 (-0.00000  )
31	-0.15078  	 (-0.00000  )
32	-0.15162  	 (-0.00000  )
33	0.24986   	 (-0.00000  )
34	-0.24260  	 (0.00000   )
35	-0.24246  	 (0.00000   )
36	-0.65424  	 (-0.00000  )
37	-0.15572  	 (0.00000   )
38	0.35038   	 (-0.00000  )
39	-0.04482  	 (0.00000   )
40	0.21294   	 (-0.00000  )
41	0.21202   	 (0.00000   )
42	-0.18273  	 (0.00000   )
43	0.27207   	 (-0.00000  )
44	0.27266   	 (-0.00000  )
45	0.30000   	 (0.00000   )
46	-0.20155  	 (-0.00000  )
47	-0.08464  	 (0.00000   )
48	0.02346   	 (0.00000   )
49	0.11628   	 (0.00000   )
50	-0.32897  	 (-0.00000  )
51	-0.99098  	 (-0.00000  )
52	-0.03653  	 (-0.00000  )
53	-0.10905  	 (0.00000   )
54	-0.12592  	 (0.00000   )
55	0.54447   	 (0.00000   )
56	0.54503   	 (-0.00000  )
57	-0.01845  	 (0.00000   )
58	0.09077   	 (0.00000   )
59	0.45506   	 (0.00000   )
60	0.17602   	 (-0.00000  )
61	0.17665   	 (0.00000   )
62	0.40964   	 (0.00000   )
63	-0.59082  	 (0.00000   )
64	-0.58838  	 (-0.00000  )
65	-0.03505  	 (0.00000   )
66	-0.39765  	 (-0.00000  )
67	-0.39671  	 (0.00000   )
68	0.24545   	 (0.00000   )
69	-0.21030  	 (0.00000   )
70	0.14362   	 (-0.00000  )
71	0.14425   	 (-0.00000  )
72	0.13115   	 (-0.00000  )
73	-0.36395  	 (-0.00000  )
74	-0.59981  	 (0.00000   )
75	-0.45931  	 (0.00000   )
76	-0.48016  	 (-0.00000  )
77	-0.08852  	 (-0.00000  )
78	-0.05979  	 (-0.00000  )
79	-0.45501  	 (0.00000   )
80	-0.45805  	 (0.00000   )
81	-0.45945  	 (-0.00000  )
82	-0.25168  	 (0.00000   )
83	-1.12456  	 (-0.00000  )
84	-0.68348  	 (-0.00000  )
85	-0.68357  	 (-0.00000  )
86	-0.06542  	 (0.00000   )
87	-0.06365  	 (0.00000   )
88	-0.08817  	 (-0.00000  )
89	-0.08948  	 (0.00000   )
90	-0.23350  	 (0.00000   )
91	0.29707   	 (-0.00000  )
92	0.13176   	 (-0.00000  )
93	0.12107   	 (-0.00000  )
94	-0.00292  	 (-0.00000  )
95	-0.74098  	 (-0.00000  )
96	-0.75148  	 (0.00000   )
97	0.07769   	 (-0.00000  )
98	0.36099   	 (-0.00000  )
99	0.04467   	 (-0.00000  )
100	0.56847   	 (0.00000   )
101	0.56908   	 (0.00000   )
102	0.93119   	 (0.00000   )
103	-0.10634  	 (-0.00000  )
104	-0.10573  	 (-0.00000  )
105	-0.24601  	 (-0.00000  )
106	-0.16396  	 (-0.00000  )
107	-0.16377  	 (-0.00000  )
108	-0.09597  	 (0.00000   )
109	-0.09591  	 (-0.00000  )
110	0.57111   	 (0.00000   )
111	0.40493   	 (-0.00000  )
112	-0.36562  	 (-0.00000  )
113	0.59878   	 (-0.00000  )
114	-0.31580  	 (-0.00000  )
115	0.45152   	 (0.00000   )
116	0.14608   	 (0.00000   )
117	-0.01064  	 (-0.00000  )
118	0.01003   	 (-0.00000  )
119	0.64136   	 (-0.00000  )
120	0.39492   	 (0.00000   )
121	0.38931   	 (-0.00000  )
122	-0.46711  	 (0.00000   )
123	0.33396   	 (0.00000   )
124	0.03554   	 (-0.00000  )
125	-0.23383  	 (-0.00000  )
126	-0.27998  	 (-0.00000  )
127	-0.28596  	 (0.00000   )
128	-0.05798  	 (-0.00000  )
129	-0.05829  	 (0.00000   )
130	1.17831   	 (0.00000   )
131	1.17785   	 (-0.00000  )
132	-0.07768  	 (0.00000   )
133	-0.05202  	 (-0.00000  )
134	-0.04981  	 (0.00000   )
135	-0.60699  	 (0.00000   )
136	-0.36174  	 (0.00000   )
137	-0.36132  	 (0.00000   )
138	-0.27302  	 (0.00000   )
139	-0.46160  	 (-0.00000  )
140	-0.14891  	 (0.00000   )
141	-0.20234  	 (-0.00000  )
142	-0.82782  	 (0.00000   )
143	-0.25395  	 (-0.00000  )
144	-0.40717  	 (0.00000   )
145	-0.40668  	 (-0.00000  )
146	-0.78997  	 (-0.00000  )
147	-0.21915  	 (0.00000   )
148	-0.22166  	 (0.00000   )
149	-0.03315  	 (0.00000   )
150	-0.19440  	 (0.00000   )
151	-1.05011  	 (0.00000   )
152	-1.05276  	 (-0.00000  )
153	-0.03164  	 (-0.00000  )
154	-0.97307  	 (-0.00000  )
155	0.47072   	 (0.00000   )
156	0.47051   	 (0.00000   )
157	-0.53475  	 (0.00000   )
158	-0.54091  	 (-0.00000  )
159	-1.02322  	 (0.00000   )
160	-0.34163  	 (0.00000   )
161	-0.22487  	 (-0.00000  )
162	0.64049   	 (-0.00000  )
163	0.47916   	 (0.00000   )
164	0.47466   	 (-0.00000  )
165	-0.45446  	 (-0.00000  )
166	-0.45597  	 (0.00000   )
167	-0.02421  	 (0.00000   )
168	-0.04640  	 (-0.00000  )
169	0.04082   	 (0.00000   )
170	-0.01790  	 (-0.00000  )
171	0.02088   	 (0.00000   )
172	-0.89349  	 (0.00000   )
173	-0.10028  	 (0.00000   )
174	0.22166   	 (-0.00000  )
175	0.22219   	 (-0.00000  )
176	-0.31853  	 (0.00000   )
177	-0.13889  	 (0.00000   )
178	0.10037   	 (-0.00000  )
179	0.11328   	 (-0.00000  )
180	0.15192   	 (0.00000   )
181	0.83697   	 (-0.00000  )
182	0.54689   	 (0.00000   )
183	-0.28849  	 (-0.00000  )
184	0.11533   	 (0.00000   )
185	-0.32743  	 (0.00000   )
186	1.15545   	 (0.00000   )
187	1.15668   	 (0.00000   )
188	-0.03545  	 (-0.00000  )
189	-0.02048  	 (0.00000   )
190	-0.05569  	 (0.00000   )
191	-0.03157  	 (0.00000   )
192	-0.20746  	 (-0.00000  )
193	0.07037   	 (0.00000   )
194	0.20067   	 (0.00000   )
195	0.20109   	 (-0.00000  )
196	-0.17541  	 (0.00000   )
197	0.03509   	 (-0.00000  )
198	1.03152   	 (-0.00000  )
199	-0.37660  	 (-0.00000  )
200	-0.37541  	 (0.00000   )
201	0.47395   	 (-0.00000  )
202	0.47496   	 (-0.00000  )
203	1.44285   	 (-0.00000  )
204	-0.13259  	 (0.00000   )
205	-0.13128  	 (-0.00000  )
206	-0.22871  	 (0.00000   )
207	-0.33465  	 (-0.00000  )
208	0.39054   	 (-0.00000  )
209	0.39015   	 (0.00000   )
210	-0.08124  	 (-0.00000  )
211	-0.08252  	 (0.00000   )
212	-0.04232  	 (-0.00000  )
213	0.15033   	 (-0.00000  )
214	0.15010   	 (-0.00000  )
215	0.95459   	 (-0.00000  )
216	-0.37191  	 (-0.00000  )
217	0.30010   	 (0.00000   )
218	-0.02073  	 (0.00000   )
219	0.04122   	 (0.00000   )
220	0.77167   	 (0.00000   )
221	-0.03970  	 (-0.00000  )
222	0.64724   	 (0.00000   )
223	0.64780   	 (0.00000   )
224	-0.82566  	 (-0.00000  )
225	-0.79958  	 (-0.00000  )
226	-0.80357  	 (-0.00000  )
227	0.25307   	 (-0.00000  )
228	-1.44930  	 (-0.00000  )
229	-0.35566  	 (-0.00000  )
230	-0.34125  	 (-0.00000  )
231	-0.34931  	 (0.00000   )
232	-0.33407  	 (-0.00000  )
233	0.50235   	 (-0.00000  )
234	1.47244   	 (-0.00000  )
235	1.46889   	 (0.00000   )
236	-0.25939  	 (-0.00000  )
237	-0.48962  	 (-0.00000  )
238	-0.48581  	 (-0.00000  )
239	-0.41130  	 (-0.00000  )
240	-0.59885  	 (0.00000   )
241	-1.04218  	 (-0.00000  )
242	1.07214   	 (-0.00000  )
243	-0.18711  	 (-0.00000  )
244	-0.18693  	 (-0.00000  )
245	-0.03202  	 (-0.00000  )
246	0.51260   	 (-0.00000  )
247	0.13970   	 (-0.00000  )
248	0.31032   	 (0.00000   )
249	0.31442   	 (0.00000   )
250	-0.42071  	 (0.00000   )
251	-0.42280  	 (0.00000   )
252	0.48804   	 (-0.00000  )
253	-0.27193  	 (0.00000   )
254	0.30217   	 (0.00000   )
255	-0.27096  	 (-0.00000  )
256	0.29976   	 (-0.00000  )
257	-1.44370  	 (0.00000   )
258	0.47517   	 (-0.00000  )
259	-0.33837  	 (-0.00000  )
260	-0.22438  	 (0.00000   )
261	0.09134   	 (0.00000   )
262	0.09143   	 (-0.00000  )
263	0.51446   	 (-0.00000  )
264	0.67566   	 (0.00000   )
265	0.58296   	 (-0.00000  )
266	0.15128   	 (0.00000   )
267	0.14450   	 (0.00000   )
268	0.44052   	 (0.00000   )
269	-0.04226  	 (0.00000   )
270	0.02305   	 (-0.00000  )
271	0.02494   	 (-0.00000  )
272	0.58820   	 (-0.00000  )
273	0.64006   	 (-0.00000  )
274	-0.55489  	 (0.00000   )
275	-0.35852  	 (0.00000   )
276	-0.35694  	 (0.00000   )
277	-0.13808  	 (-0.00000  )
278	0.32230   	 (-0.00000  )
279	0.23421   	 (-0.00000  )
280	-0.56390  	 (0.00000   )
281	0.08005   	 (-0.00000  )
282	0.08011   	 (0.00000   )
283	-0.05731  	 (0.00000   )
284	0.19011   	 (-0.00000  )
285	0.19438   	 (0.00000   )
286	0.21257   	 (0.00000   )
287	-0.04882  	 (-0.00000  )
288	0.08806   	 (0.00000   )
289	0.06077   	 (0.00000   )
290	-0.31565  	 (0.00000   )
291	-0.31269  	 (-0.00000  )
292	-0.61102  	 (-0.00000  )
293	0.58754   	 (0.00000   )
294	-0.11279  	 (0.00000   )
295	0.05296   	 (0.00000   )
296	0.31872   	 (-0.00000  )
297	1.46226   	 (-0.00000  )
298	-0.04238  	 (-0.00000  )
299	0.01812   	 (0.00000   )
300	0.04076   	 (0.00000   )
301	1.36892   	 (0.00000   )
302	-1.39355  	 (-0.00000  )
303	0.11366   	 (-0.00000  )
304	-0.32112  	 (0.00000   )
305	-0.14587  	 (0.00000   )
306	1.27095   	 (-0.00000  )
307	0.86839   	 (0.00000   )
308	0.88559   	 (0.00000   )
309	0.08193   	 (0.00000   )
310	0.31098   	 (0.00000   )
311	0.29383   	 (-0.00000  )
312	0.29057   	 (0.00000   )
313	-0.61636  	 (-0.00000  )
314	-0.61397  	 (-0.00000  )
315	0.22140   	 (-0.00000  )
316	0.21588   	 (0.00000   )
317	0.86227   	 (-0.00000  )
318	0.26378   	 (-0.00000  )
319	-0.17299  	 (0.00000   )
320	1.01904   	 (0.00000   )
321	0.57150   	 (0.00000   )
322	0.90978   	 (0.00000   )
323	0.88908   	 (-0.00000  )
324	-0.11371  	 (-0.00000  )
325	-1.26960  	 (0.00000   )
326	-0.31844  	 (0.00000   )
327	-1.21068  	 (0.00000   )
328	-1.20789  	 (-0.00000  )
329	0.19164   	 (0.00000   )
330	-0.16852  	 (0.00000   )
331	2.31089   	 (-0.00000  )
332	0.55721   	 (-0.00000  )
333	0.54651   	 (-0.00000  )
334	-0.15085  	 (-0.00000  )
335	-0.15107  	 (0.00000   )
336	0.89232   	 (-0.00000  )
337	0.89861   	 (-0.00000  )
338	-0.70874  	 (0.00000   )
339	-0.25652  	 (0.00000   )
340	-0.25643  	 (0.00000   )
341	1.14543   	 (0.00000   )
342	0.60058   	 (-0.00000  )
343	0.73835   	 (0.00000   )
344	0.72364   	 (-0.00000  )
345	0.72468   	 (0.00000   )
346	-0.43059  	 (-0.00000  )
347	0.71610   	 (0.00000   )
348	-0.39283  	 (-0.00000  )
349	0.99297   	 (0.00000   )
350	-0.24383  	 (-0.00000  )
351	-0.13337  	 (0.00000   )
352	-0.13348  	 (-0.00000  )
353	0.36377   	 (-0.00000  )
354	0.23986   	 (-0.00000  )
355	-0.33430  	 (-0.00000  )
356	0.70837   	 (-0.00000  )
357	0.70539   	 (0.00000   )
358	-0.16182  	 (-0.00000  )
359	0.49556   	 (-0.00000  )
360	-0.74934  	 (0.00000   )
361	-0.75938  	 (-0.00000  )
362	-1.14615  	 (-0.00000  )
363	0.77331   	 (0.00000   )
364	0.80012   	 (0.00000   )
365	0.34019   	 (-0.00000  )
366	0.07059   	 (-0.00000  )
367	0.30281   	 (-0.00000  )
368	0.14688   	 (-0.00000  )
369	-0.07937  	 (-0.00000  )
370	-1.74776  	 (0.00000   )
371	0.27218   	 (0.00000   )
372	0.01966   	 (-0.00000  )
373	0.04417   	 (0.00000   )
374	-0.04716  	 (-0.00000  )
375	-0.59697  	 (-0.00000  )
376	-0.59571  	 (0.00000   )
377	-0.27183  	 (-0.00000  )
378	0.02578   	 (-0.00000  )
379	-0.03181  	 (0.00000   )
380	-0.15403  	 (0.00000   )
381	-0.15453  	 (-0.00000  )
382	0.92637   	 (0.00000   )
383	0.92878   	 (0.00000   )
384	0.41979   	 (-0.00000  )
385	0.07075   	 (-0.00000  )
386	0.25491   	 (0.00000   )
387	0.25435   	 (0.00000   )
388	0.23361   	 (-0.00000  )
389	1.09306   	 (0.00000   )
390	1.10703   	 (0.00000   )
391	0.95192   	 (0.00000   )
392	1.25204   	 (0.00000   )
393	1.02077   	 (-0.00000  )
394	-0.04788  	 (-0.00000  )
395	0.90026   	 (0.00000   )
396	0.82910   	 (0.00000   )
397	1.29082   	 (0.00000   )
398	-0.20034  	 (0.00000   )
399	-0.19846  	 (0.00000   )
400	-0.07896  	 (-0.00000  )
401	1.47932   	 (-0.00000  )
402	0.36494   	 (0.00000   )
403	0.79166   	 (-0.00000  )
404	0.79920   	 (0.00000   )
405	0.39795   	 (0.00000   )
406	-0.87806  	 (-0.00000  )
407	-1.44483  	 (0.00000   )
408	0.28018   	 (0.00000   )
409	-0.06893  	 (0.00000   )
410	0.00735   	 (0.00000   )
411	0.00843   	 (0.00000   )
412	0.14769   	 (0.00000   )
413	0.14630   	 (0.00000   )
414	0.15605   	 (0.00000   )
415	0.16083   	 (0.00000   )
416	-0.10939  	 (0.00000   )
417	0.60368   	 (0.00000   )
418	0.41633   	 (-0.00000  )
419	0.11357   	 (0.00000   )
420	0.11598   	 (0.00000   )
421	0.13623   	 (0.00000   )
422	0.13541   	 (0.00000   )
423	-0.33334  	 (0.00000   )
424	-0.45420  	 (0.00000   )
425	-0.44450  	 (-0.00000  )
426	-0.44307  	 (0.00000   )
427	-0.03580  	 (-0.00000  )
428	-0.53192  	 (0.00000   )
429	-0.15154  	 (-0.00000  )
430	-0.15124  	 (-0.00000  )
431	0.53303   	 (-0.00000  )
432	-0.00663  	 (-0.00000  )
433	1.54177   	 (0.00000   )
434	-0.32867  	 (-0.00000  )
435	0.18826   	 (-0.00000  )
436	0.18879   	 (-0.00000  )
437	1.31696   	 (0.00000   )
438	0.23493   	 (-0.00000  )
439	1.61305   	 (-0.00000  )
440	0.96636   	 (-0.00000  )
441	0.96151   	 (-0.00000  )
442	0.45468   	 (0.00000   )
443	0.57228   	 (-0.00000  )
444	0.32518   	 (-0.00000  )
445	0.31572   	 (0.00000   )
446	-0.08641  	 (-0.00000  )
447	-0.08682  	 (-0.00000  )
448	0.60341   	 (0.00000   )
449	-0.72947  	 (0.00000   )
450	-1.16590  	 (-0.00000  )
451	-1.16519  	 (0.00000   )
452	0.32549   	 (-0.00000  )
453	0.32480   	 (0.00000   )
454	-0.89238  	 (-0.00000  )
455	-0.18059  	 (-0.00000  )
456	0.52934   	 (-0.00000  )
457	0.52889   	 (0.00000   )
458	-0.29859  	 (0.00000   )
459	-0.29953  	 (0.00000   )
460	1.80794   	 (0.00000   )
461	1.09426   	 (0.00000   )
462	0.27136   	 (0.00000   )
463	0.25833   	 (-0.00000  )
464	0.25570   	 (0.00000   )
465	0.24051   	 (-0.00000  )
466	-0.11714  	 (0.00000   )
467	0.18677   	 (0.00000   )
468	0.25667   	 (0.00000   )
469	-0.01832  	 (0.00000   )
470	-0.13739  	 (-0.00000  )
471	0.14266   	 (-0.00000  )
472	0.47577   	 (0.00000   )
473	0.44104   	 (-0.00000  )
474	0.44131   	 (-0.00000  )
475	0.66532   	 (0.00000   )
476	0.27565   	 (-0.00000  )
477	0.27213   	 (0.00000   )
478	0.27251   	 (-0.00000  )
479	0.26032   	 (0.00000   )
480	0.21056   	 (-0.00000  )
481	0.06802   	 (0.00000   )
482	0.56281   	 (0.00000   )
483	0.31599   	 (-0.00000  )
484	0.31636   	 (-0.00000  )
485	0.34991   	 (-0.00000  )
486	0.34964   	 (0.00000   )
487	-0.31550  	 (-0.00000  )
488	-0.31605  	 (-0.00000  )
489	0.34275   	 (-0.00000  )
490	0.34442   	 (0.00000   )
491	0.51455   	 (-0.00000  )
492	0.39573   	 (-0.00000  )
493	0.19377   	 (-0.00000  )
494	0.19391   	 (-0.00000  )
495	0.10817   	 (-0.00000  )
496	0.10826   	 (-0.00000  )
497	0.23172   	 (0.00000   )
498	0.04992   	 (-0.00000  )
499	0.25009   	 (0.00000   )
500	0.03796   	 (-0.00000  )
501	0.12652   	 (0.00000   )
502	0.26273   	 (-0.00000  )
503	0.29519   	 (0.00000   )
504	0.31145   	 (0.00000   )
505	0.31174   	 (-0.00000  )
506	0.35364   	 (0.00000   )
507	-0.08585  	 (-0.00000  )
508	-0.00585  	 (0.00000   )
509	0.02243   	 (0.00000   )
510	0.12379   	 (0.00000   )
511	-0.04592  	 (0.00000   )
512	-0.04628  	 (-0.00000  )
513	-0.10704  	 (0.00000   )
514	-0.10777  	 (0.00000   )
515	-0.35136  	 (0.00000   )
516	0.46627   	 (-0.00000  )
517	0.83122   	 (-0.00000  )
518	0.83415   	 (0.00000   )
519	0.04457   	 (0.00000   )
520	0.61566   	 (0.00000   )
521	0.61616   	 (0.00000   )
522	0.47019   	 (-0.00000  )
523	0.47142   	 (-0.00000  )
524	-0.13050  	 (0.00000   )
525	0.45042   	 (-0.00000  )
526	0.35725   	 (-0.00000  )
527	0.35666   	 (0.00000   )
528	-0.10090  	 (-0.00000  )
529	-0.24550  	 (-0.00000  )
530	-0.24092  	 (-0.00000  )
531	0.01382   	 (0.00000   )
532	0.01373   	 (0.00000   )
533	-0.10109  	 (-0.00000  )
534	0.19257   	 (-0.00000  )
535	-0.58404  	 (0.00000   )
536	-0.57960  	 (0.00000   )
537	0.50436   	 (0.00000   )
538	0.21045   	 (0.00000   )
539	-0.18747  	 (-0.00000  )
540	0.17661   	 (0.00000   )
541	0.30613   	 (-0.00000  )
542	0.30530   	 (-0.00000  )
543	0.51786   	 (0.00000   )
544	0.51651   	 (0.00000   )
545	-0.47040  	 (0.00000   )
546	0.52028   	 (-0.00000  )
547	0.91464   	 (-0.00000  )
548	0.31347   	 (0.00000   )
549	-0.00153  	 (-0.00000  )
550	0.22351   	 (-0.00000  )
551	0.22258   	 (-0.00000  )
552	0.55227   	 (-0.00000  )
553	0.55206   	 (0.00000   )
554	0.52865   	 (0.00000   )
555	-0.25647  	 (-0.00000  )
556	-0.14990  	 (-0.00000  )
557	0.05318   	 (0.00000   )
558	0.05435   	 (0.00000   )
559	0.23279   	 (0.00000   )
560	0.23331   	 (0.00000   )
561	-0.70433  	 (0.00000   )
562	0.52621   	 (0.00000   )
563	0.09073   	 (-0.00000  )
564	0.15481   	 (0.00000   )
565	0.05393   	 (0.00000   )
566	-0.27431  	 (-0.00000  )
567	-0.27525  	 (-0.00000  )
568	0.26823   	 (0.00000   )
569	0.10669   	 (0.00000   )
570	0.10654   	 (0.00000   )
571	0.05221   	 (0.00000   )
572	0.05243   	 (0.00000   )
573	-0.02099  	 (0.00000   )
574	0.21024   	 (0.00000   )
575	0.21014   	 (-0.00000  )
576	0.37066   	 (0.00000   )
577	0.29250   	 (-0.00000  )
578	0.72532   	 (-0.00000  )
579	0.51392   	 (0.00000   )
580	0.51415   	 (0.00000   )
581	0.65181   	 (-0.00000  )
582	0.65193   	 (-0.00000  )
583	0.11501   	 (-0.00000  )
584	0.11461   	 (-0.00000  )
585	0.11088   	 (-0.00000  )
586	0.42715   	 (-0.00000  )
587	0.47611   	 (-0.00000  )
588	-0.61443  	 (0.00000   )
589	0.35856   	 (-0.00000  )
590	0.35815   	 (-0.00000  )
591	0.00506   	 (0.00000   )
592	0.80587   	 (-0.00000  )
593	0.72965   	 (0.00000   )
594	0.67663   	 (0.00000   )
595	0.29590   	 (-0.00000  )
596	0.29607   	 (0.00000   )
597	-0.17212  	 (-0.00000  )
598	0.30618   	 (0.00000   )
599	0.30205   	 (0.00000   )
600	0.08804   	 (0.00000   )
601	0.09250   	 (0.00000   )
602	0.02856   	 (-0.00000  )
603	-0.23978  	 (0.00000   )
604	0.08189   	 (0.00000   )
605	0.08227   	 (0.00000   )
606	1.19623   	 (0.00000   )
607	-0.24224  	 (-0.00000  )
608	-0.24476  	 (0.00000   )
609	0.33992   	 (-0.00000  )
610	0.66731   	 (0.00000   )
611	0.66787   	 (-0.00000  )
612	0.02757   	 (-0.00000  )
613	0.60587   	 (-0.00000  )
614	0.10628   	 (0.00000   )
615	0.10703   	 (0.00000   )
616	0.45501   	 (-0.00000  )
617	0.45509   	 (-0.00000  )
618	0.23211   	 (0.00000   )
619	0.48461   	 (0.00000   )
620	0.48475   	 (-0.00000  )
621	-0.21116  	 (-0.00000  )
622	0.68924   	 (0.00000   )
623	0.00179   	 (0.00000   )
624	0.61497   	 (0.00000   )
625	0.51298   	 (0.00000   )
626	0.65019   	 (0.00000   )
627	0.34213   	 (-0.00000  )
628	0.34211   	 (-0.00000  )
629	0.36476   	 (-0.00000  )
630	0.36431   	 (-0.00000  )
631	-0.13013  	 (-0.00000  )
632	0.49509   	 (-0.00000  )
633	0.57669   	 (-0.00000  )
634	0.57660   	 (-0.00000  )
635	0.06933   	 (0.00000   )
636	0.50995   	 (-0.00000  )
637	0.50985   	 (-0.00000  )
638	0.27099   	 (-0.00000  )
639	0.27166   	 (0.00000   )
640	-0.12152  	 (-0.00000  )
641	-0.42248  	 (-0.00000  )
642	-0.40866  	 (-0.00000  )
643	0.14522   	 (-0.00000  )
644	0.03257   	 (0.00000   )
645	0.28506   	 (0.00000   )
646	0.17926   	 (-0.00000  )
647	0.17855   	 (-0.00000  )
648	0.15289   	 (-0.00000  )
649	0.78653   	 (-0.00000  )
650	0.78642   	 (-0.00000  )
651	-0.14420  	 (-0.00000  )
652	0.76322   	 (-0.00000  )
653	0.25047   	 (-0.00000  )
654	0.51806   	 (-0.00000  )
655	0.51775   	 (-0.00000  )
656	0.46448   	 (-0.00000  )
657	0.74451   	 (-0.00000  )
658	0.74517   	 (-0.00000  )
659	-0.20082  	 (0.00000   )
660	-0.23232  	 (-0.00000  )
661	-0.05790  	 (-0.00000  )
662	0.23778   	 (0.00000   )
663	0.18334   	 (0.00000   )
664	0.12245   	 (0.00000   )
665	0.28019   	 (0.00000   )
666	0.71925   	 (-0.00000  )
667	0.47728   	 (0.00000   )
668	-0.85524  	 (0.00000   )
669	-0.85615  	 (0.00000   )
670	0.31759   	 (0.00000   )
671	-0.73880  	 (0.00000   )
672	0.38473   	 (0.00000   )
673	0.38570   	 (-0.00000  )
674	0.61940   	 (-0.00000  )
675	0.61975   	 (-0.00000  )
676	0.26776   	 (0.00000   )
677	0.26825   	 (0.00000   )
678	-0.07031  	 (0.00000   )
679	0.06973   	 (0.00000   )
680	0.00376   	 (-0.00000  )
681	0.27839   	 (-0.00000  )
682	1.06565   	 (0.00000   )
683	0.73383   	 (-0.00000  )
684	0.34078   	 (-0.00000  )
685	0.34065   	 (-0.00000  )
686	0.68244   	 (-0.00000  )
687	0.68271   	 (-0.00000  )
688	0.25374   	 (-0.00000  )
689	0.25311   	 (-0.00000  )
690	0.42769   	 (0.00000   )
691	0.66266   	 (0.00000   )
692	0.49942   	 (0.00000   )
693	0.48883   	 (0.00000   )
694	0.35531   	 (-0.00000  )
695	0.35386   	 (-0.00000  )
696	0.53990   	 (0.00000   )
697	0.70515   	 (0.00000   )
698	0.40299   	 (0.00000   )
699	0.40314   	 (-0.00000  )
700	0.56822   	 (-0.00000  )
701	0.38178   	 (0.00000   )
702	0.02075   	 (-0.00000  )
703	0.02128   	 (-0.00000  )
704	0.59811   	 (-0.00000  )
705	0.59811   	 (-0.00000  )
706	-0.01967  	 (0.00000   )
707	0.18793   	 (0.00000   )
708	0.72708   	 (0.00000   )
709	-0.21062  	 (-0.00000  )
710	-0.20998  	 (-0.00000  )
711	0.08577   	 (0.00000   )
712	0.29405   	 (-0.00000  )
713	0.46363   	 (0.00000   )
714	0.46649   	 (0.00000   )
715	-0.02136  	 (-0.00000  )
716	-0.01813  	 (-0.00000  )
717	0.39632   	 (0.00000   )
718	0.65284   	 (0.00000   )
719	0.23903   	 (0.00000   )
720	0.35803   	 (-0.00000  )
721	0.57658   	 (0.00000   )
722	0.47542   	 (-0.00000  )
723	0.47444   	 (0.00000   )
724	0.58297   	 (-0.00000  )
725	0.58308   	 (-0.00000  )
726	0.35517   	 (-0.00000  )
727	0.26893   	 (-0.00000  )
728	0.19572   	 (-0.00000  )
729	1.01380   	 (-0.00000  )
730	1.01550   	 (-0.00000  )
731	0.38696   	 (0.00000   )
732	0.07858   	 (0.00000   )
733	0.27489   	 (0.00000   )
734	0.44495   	 (0.00000   )
735	0.44596   	 (-0.00000  )
736	0.84204   	 (-0.00000  )
737	0.84367   	 (-0.00000  )
738	0.34924   	 (0.00000   )
739	0.74203   	 (-0.00000  )
740	0.12146   	 (-0.00000  )
741	0.12110   	 (-0.00000  )
742	0.49828   	 (-0.00000  )
743	0.49825   	 (-0.00000  )
744	0.20758   	 (-0.00000  )
745	0.15129   	 (0.00000   )
746	0.15118   	 (0.00000   )
747	0.45148   	 (-0.00000  )
748	0.43129   	 (-0.00000  )
749	0.43121   	 (-0.00000  )
750	0.32131   	 (0.00000   )
751	0.86453   	 (0.00000   )
752	0.31942   	 (-0.00000  )
753	0.21344   	 (0.00000   )
754	0.21347   	 (0.00000   )
755	0.34668   	 (-0.00000  )
756	0.19598   	 (0.00000   )
757	0.65999   	 (0.00000   )
758	0.69780   	 (-0.00000  )
759	-0.34872  	 (-0.00000  )
760	0.60361   	 (0.00000   )
761	0.47537   	 (0.00000   )
762	0.48530   	 (-0.00000  )
763	0.02240   	 (0.00000   )
764	-0.42732  	 (0.00000   )
765	0.37218   	 (0.00000   )
766	0.37211   	 (0.00000   )
767	0.93141   	 (0.00000   )
768	0.94245   	 (0.00000   )
769	0.22238   	 (0.00000   )
770	0.25393   	 (0.00000   )
771	0.07037   	 (0.00000   )
772	0.06872   	 (-0.00000  )
773	0.14443   	 (-0.00000  )
774	0.53169   	 (-0.00000  )
775	0.98281   	 (-0.00000  )
776	0.53649   	 (0.00000   )
777	0.53587   	 (-0.00000  )
778	1.02457   	 (-0.00000  )
779	-0.04733  	 (0.00000   )
780	0.51632   	 (-0.00000  )
781	0.07187   	 (-0.00000  )
782	0.68200   	 (0.00000   )
783	0.68212   	 (-0.00000  )
784	1.13809   	 (0.00000   )
785	0.58386   	 (-0.00000  )
786	0.26532   	 (0.00000   )
787	0.26651   	 (0.00000   )
788	0.80199   	 (-0.00000  )
789	0.01623   	 (0.00000   )
790	-0.11321  	 (0.00000   )
791	-0.11291  	 (0.00000   )
792	0.68380   	 (-0.00000  )
793	0.68398   	 (-0.00000  )
794	0.29462   	 (0.00000   )
795	0.52663   	 (0.00000   )
796	1.20193   	 (-0.00000  )
797	0.21518   	 (0.00000   )
798	0.21545   	 (0.00000   )
799	0.84608   	 (-0.00000  )
800	0.84630   	 (0.00000   )
801	0.73052   	 (0.00000   )
802	0.27582   	 (-0.00000  )
803	0.47798   	 (-0.00000  )
804	0.86472   	 (-0.00000  )
805	0.86515   	 (-0.00000  )
806	0.14174   	 (-0.00000  )
807	0.78218   	 (-0.00000  )
808	0.78062   	 (-0.00000  )
809	0.46491   	 (0.00000   )
810	1.17074   	 (-0.00000  )
811	1.16820   	 (-0.00000  )
812	0.19499   	 (-0.00000  )
813	0.69567   	 (0.00000   )
814	0.16989   	 (-0.00000  )
815	0.96483   	 (-0.00000  )
816	0.96467   	 (-0.00000  )
817	0.31493   	 (0.00000   )
818	0.67756   	 (0.00000   )
819	0.67800   	 (-0.00000  )
820	0.78243   	 (0.00000   )
821	0.40684   	 (0.00000   )
822	-0.70167  	 (0.00000   )
823	1.19200   	 (-0.00000  )
824	0.22676   	 (0.00000   )
825	0.68754   	 (-0.00000  )
826	0.68768   	 (-0.00000  )
827	0.23052   	 (0.00000   )
828	0.79582   	 (-0.00000  )
829	0.79609   	 (-0.00000  )
830	-0.13043  	 (0.00000   )
831	0.09150   	 (0.00000   )
832	-0.00474  	 (0.00000   )
833	-0.00189  	 (0.00000   )
834	0.03899   	 (0.00000   )
835	0.03677   	 (-0.00000  )
836	-0.22600  	 (0.00000   )
837	0.09728   	 (0.00000   )
838	-0.60644  	 (-0.00000  )
839	-0.60661  	 (0.00000   )
840	0.50460   	 (-0.00000  )
841	0.10305   	 (0.00000   )
842	0.10298   	 (-0.00000  )
843	0.27058   	 (0.00000   )
844	0.49105   	 (-0.00000  )
845	-0.34654  	 (0.00000   )
846	0.64189   	 (0.00000   )
847	0.54449   	 (-0.00000  )
848	0.03225   	 (0.00000   )
849	1.02585   	 (0.00000   )
850	1.15619   	 (-0.00000  )
851	1.38254   	 (0.00000   )
852	1.38264   	 (0.00000   )
853	1.03096   	 (0.00000   )
854	1.03098   	 (-0.00000  )
855	0.33225   	 (0.00000   )
856	1.38901   	 (0.00000   )
857	0.11663   	 (0.00000   )
858	1.01907   	 (0.00000   )
859	1.01885   	 (-0.00000  )
860	1.09008   	 (-0.00000  )
861	1.09010   	 (0.00000   )
862	1.61883   	 (0.00000   )
863	0.49409   	 (0.00000   )
864	1.25158   	 (-0.00000  )
865	1.14442   	 (-0.00000  )
866	0.05841   	 (0.00000   )
867	0.59792   	 (0.00000   )
868	0.79396   	 (-0.00000  )
869	0.45282   	 (0.00000   )
870	0.45238   	 (-0.00000  )
871	0.08495   	 (-0.00000  )
872	0.08515   	 (-0.00000  )
873	0.32629   	 (-0.00000  )
874	0.23080   	 (-0.00000  )
875	0.43653   	 (0.00000   )
876	0.23705   	 (0.00000   )
877	0.23722   	 (-0.00000  )
878	0.27154   	 (-0.00000  )
879	0.27149   	 (-0.00000  )
880	-0.20463  	 (-0.00000  )
881	0.60226   	 (-0.00000  )
882	0.60159   	 (-0.00000  )
883	0.67449   	 (-0.00000  )
884	1.65069   	 (-0.00000  )
885	1.64693   	 (-0.00000  )
886	0.06687   	 (-0.00000  )
887	0.06797   	 (0.00000   )
888	0.29823   	 (-0.00000  )
889	0.72193   	 (-0.00000  )
890	0.20771   	 (0.00000   )
891	0.41062   	 (-0.00000  )
892	-0.64010  	 (-0.00000  )
893	-0.63971  	 (-0.00000  )
894	0.57709   	 (-0.00000  )
895	-0.40464  	 (0.00000   )
896	0.66949   	 (-0.00000  )
897	0.47027   	 (-0.00000  )
898	0.47028   	 (0.00000   )
899	0.51445   	 (0.00000   )
900	0.51475   	 (0.00000   )
901	0.22120   	 (-0.00000  )
902	0.22308   	 (-0.00000  )
903	0.49866   	 (0.00000   )
904	0.31296   	 (-0.00000  )
905	1.02537   	 (0.00000   )
906	-0.69574  	 (-0.00000  )
907	-0.70307  	 (-0.00000  )
908	0.05114   	 (0.00000   )
909	-0.07749  	 (-0.00000  )
910	0.24479   	 (0.00000   )
911	0.23925   	 (0.00000   )
912	0.61254   	 (0.00000   )
913	0.61263   	 (-0.00000  )
914	0.93028   	 (-0.00000  )
915	0.18899   	 (-0.00000  )
916	0.46429   	 (0.00000   )
917	0.46486   	 (-0.00000  )
918	-0.33228  	 (0.00000   )
919	1.05164   	 (-0.00000  )
920	1.11788   	 (0.00000   )
921	1.11841   	 (0.00000   )
922	0.78548   	 (0.00000   )
923	0.11880   	 (-0.00000  )
924	-0.41622  	 (0.00000   )
925	0.43959   	 (0.00000   )
926	0.44024   	 (0.00000   )
927	0.46145   	 (0.00000   )
928	0.46130   	 (-0.00000  )
929	1.09684   	 (-0.00000  )
930	0.35229   	 (-0.00000  )
931	0.90671   	 (-0.00000  )
932	1.22703   	 (-0.00000  )
933	0.14133   	 (-0.00000  )
934	0.14121   	 (0.00000   )
935	1.34888   	 (-0.00000  )
936	0.01996   	 (0.00000   )
937	0.08317   	 (0.00000   )
938	0.07954   	 (0.00000   )
939	0.93999   	 (-0.00000  )
940	0.60528   	 (-0.00000  )
941	0.20572   	 (0.00000   )
942	0.21009   	 (-0.00000  )
943	0.37680   	 (-0.00000  )
944	-0.08322  	 (-0.00000  )
945	0.88614   	 (0.00000   )
946	0.88624   	 (0.00000   )
947	0.42715   	 (-0.00000  )
948	0.33401   	 (0.00000   )
949	-0.12329  	 (-0.00000  )
950	0.87663   	 (-0.00000  )
951	0.47838   	 (0.00000   )
952	0.47834   	 (0.00000   )
953	0.13038   	 (-0.00000  )
954	0.90662   	 (0.00000   )
955	0.90683   	 (-0.00000  )
956	0.02792   	 (0.00000   )
957	-1.00680  	 (0.00000   )
958	0.18871   	 (0.00000   )
959	0.39612   	 (0.00000   )
960	0.66548   	 (-0.00000  )
961	0.66558   	 (-0.00000  )
962	0.82172   	 (0.00000   )
963	-0.42433  	 (0.00000   )
964	0.27848   	 (0.00000   )
965	0.79195   	 (0.00000   )
966	0.79102   	 (-0.00000  )
967	0.97625   	 (0.00000   )
968	1.07996   	 (-0.00000  )
969	1.08044   	 (-0.00000  )
970	-0.06015  	 (0.00000   )
971	0.99925   	 (-0.00000  )
972	-0.37482  	 (-0.00000  )
973	0.27129   	 (0.00000   )
974	0.27158   	 (-0.00000  )
975	0.31022   	 (0.00000   )
976	0.76651   	 (0.00000   )
977	0.76662   	 (0.00000   )
978	0.39355   	 (0.00000   )
979	0.09000   	 (0.00000   )
980	0.09027   	 (-0.00000  )
981	0.40433   	 (-0.00000  )
982	0.53852   	 (-0.00000  )
983	0.60090   	 (-0.00000  )
984	0.60093   	 (0.00000   )
985	0.37366   	 (-0.00000  )
986	0.37368   	 (0.00000   )
987	0.51595   	 (0.00000   )
988	0.15086   	 (-0.00000  )
989	-0.22760  	 (-0.00000  )
990	-0.16699  	 (0.00000   )
991	0.13313   	 (-0.00000  )
992	-0.72387  	 (-0.00000  )
993	0.85245   	 (-0.00000  )
994	0.02279   	 (0.00000   )
995	-0.40625  	 (0.00000   )
996	-0.14687  	 (0.00000   )
997	0.45666   	 (-0.00000  )
998	0.45674   	 (-0.00000  )
999	0.82328   	 (0.00000   )
1000	0.82389   	 (0.00000   )
1001	0.90222   	 (0.00000   )
1002	0.27819   	 (0.00000   )
1003	0.27792   	 (-0.00000  )
1004	1.21628   	 (0.00000   )
1005	0.01837   	 (-0.00000  )
1006	-0.36587  	 (0.00000   )
1007	0.96372   	 (-0.00000  )
1008	-0.58428  	 (0.00000   )
1009	-0.58331  	 (-0.00000  )
1010	0.86907   	 (-0.00000  )
1011	0.53759   	 (-0.00000  )
1012	0.52679   	 (0.00000   )
1013	0.52785   	 (-0.00000  )
1014	-0.18332  	 (-0.00000  )
1015	-0.02195  	 (-0.00000  )
1016	-0.02133  	 (0.00000   )
1017	-0.10173  	 (0.00000   )
1018	0.55693   	 (-0.00000  )
1019	0.46474   	 (0.00000   )
1020	1.13532   	 (0.00000   )
1021	-0.17907  	 (-0.00000  )
1022	0.70178   	 (-0.00000  )
1023	0.70098   	 (-0.00000  )
1024	0.79945   	 (-0.00000  )
1025	1.72864   	 (0.00000   )
1026	0.07410   	 (0.00000   )
1027	-0.59544  	 (-0.00000  )
1028	-0.63517  	 (0.00000   )
1029	0.19011   	 (-0.00000  )
1030	-1.09447  	 (0.00000   )
1031	0.29483   	 (-0.00000  )
1032	0.29425   	 (-0.00000  )
1033	-0.54875  	 (-0.00000  )
1034	-0.54884  	 (-0.00000  )
1035	0.85305   	 (0.00000   )
1036	-0.40962  	 (0.00000   )
1037	0.67817   	 (0.00000   )
1038	0.70186   	 (-0.00000  )
1039	0.70785   	 (-0.00000  )
1040	0.70316   	 (-0.00000  )
1041	0.79519   	 (-0.00000  )
1042	0.79008   	 (0.00000   )
1043	0.35089   	 (0.00000   )
1044	-0.42388  	 (0.00000   )
1045	-0.42325  	 (0.00000   )
1046	0.22024   	 (0.00000   )
1047	0.22034   	 (0.00000   )
1048	0.94331   	 (0.00000   )
1049	0.11654   	 (0.00000   )
1050	0.47949   	 (-0.00000  )
1051	0.34355   	 (-0.00000  )
1052	0.41986   	 (-0.00000  )
1053	0.57519   	 (-0.00000  )
1054	0.38637   	 (0.00000   )
1055	0.38569   	 (0.00000   )
1056	-0.44802  	 (-0.00000  )
1057	1.67891   	 (-0.00000  )
1058	0.91757   	 (-0.00000  )
1059	0.91823   	 (0.00000   )
1060	1.57196   	 (-0.00000  )
1061	-0.73736  	 (0.00000   )
1062	-0.73824  	 (0.00000   )
1063	0.59347   	 (0.00000   )
1064	0.48337   	 (-0.00000  )
1065	0.52629   	 (-0.00000  )
1066	0.71220   	 (-0.00000  )
1067	-0.48424  	 (-0.00000  )
1068	0.89725   	 (0.00000   )
1069	1.52150   	 (-0.00000  )
1070	0.30016   	 (-0.00000  )
1071	0.31914   	 (-0.00000  )
1072	-0.04014  	 (-0.00000  )
1073	-0.02234  	 (-0.00000  )
1074	-0.01558  	 (0.00000   )
1075	0.11201   	 (0.00000   )
1076	0.96363   	 (-0.00000  )
1077	0.08369   	 (0.00000   )
1078	-0.03160  	 (-0.00000  )
1079	-0.03199  	 (-0.00000  )
1080	1.21013   	 (-0.00000  )
1081	0.25655   	 (-0.00000  )
1082	0.26235   	 (-0.00000  )
1083	0.08203   	 (0.00000   )
1084	0.33386   	 (-0.00000  )
1085	0.63240   	 (-0.00000  )
1086	0.67454   	 (-0.00000  )
1087	0.40663   	 (-0.00000  )
1088	0.40649   	 (0.00000   )
1089	0.00534   	 (0.00000   )
1090	0.93246   	 (0.00000   )
1091	0.43694   	 (0.00000   )
1092	0.43646   	 (0.00000   )
1093	-0.04087  	 (0.00000   )
1094	0.89957   	 (0.00000   )
1095	1.03437   	 (-0.00000  )
1096	0.29481   	 (0.00000   )
1097	-0.59329  	 (0.00000   )
1098	-0.59339  	 (0.00000   )
1099	1.76058   	 (0.00000   )
1100	0.84641   	 (-0.00000  )
1101	0.84590   	 (0.00000   )
1102	0.53738   	 (-0.00000  )
1103	0.05465   	 (0.00000   )
1104	0.05466   	 (-0.00000  )
1105	0.13601   	 (0.00000   )
1106	0.14109   	 (0.00000   )
1107	0.25250   	 (-0.00000  )
1108	-0.10217  	 (-0.00000  )
1109	-0.42764  	 (-0.00000  )
1110	0.31897   	 (0.00000   )
1111	-0.07291  	 (-0.00000  )
1112	-0.07292  	 (-0.00000  )
1113	0.34455   	 (0.00000   )
1114	0.33858   	 (0.00000   )
1115	0.70175   	 (-0.00000  )
1116	0.70316   	 (-0.00000  )
1117	-0.21307  	 (-0.00000  )
1118	0.43325   	 (-0.00000  )
1119	-0.00710  	 (0.00000   )
1120	-1.10121  	 (-0.00000  )
1121	1.03463   	 (0.00000   )
1122	-0.29121  	 (0.00000   )
1123	-0.26469  	 (-0.00000  )
1124	0.07741   	 (0.00000   )
1125	0.07734   	 (0.00000   )
1126	0.25498   	 (0.00000   )
1127	0.25499   	 (0.00000   )
1128	-0.02229  	 (0.00000   )
1129	-0.02153  	 (0.00000   )
1130	0.61952   	 (-0.00000  )
1131	-0.18389  	 (-0.00000  )
1132	0.10989   	 (0.00000   )
1133	0.08433   	 (-0.00000  )
1134	0.64238   	 (0.00000   )
1135	0.64225   	 (0.00000   )
1136	0.10748   	 (0.00000   )
1137	0.10695   	 (0.00000   )
1138	-0.03589  	 (-0.00000  )
1139	-0.30771  	 (-0.00000  )
1140	0.67362   	 (0.00000   )
1141	-0.62831  	 (0.00000   )
1142	-0.23928  	 (0.00000   )
1143	-0.23822  	 (-0.00000  )
1144	0.22347   	 (0.00000   )
1145	0.07388   	 (0.00000   )
1146	0.07433   	 (-0.00000  )
1147	-0.99991  	 (0.00000   )
1148	-0.01776  	 (-0.00000  )
1149	0.38031   	 (0.00000   )
1150	0.30649   	 (-0.00000  )
1151	0.52853   	 (0.00000   )
1152	0.52996   	 (0.00000   )
1153	-0.12068  	 (0.00000   )
1154	-0.11972  	 (0.00000   )
1155	0.96291   	 (-0.00000  )
1156	1.81709   	 (-0.00000  )
1157	0.77040   	 (-0.00000  )
1158	0.77091   	 (0.00000   )
1159	-0.64826  	 (0.00000   )
1160	1.81934   	 (0.00000   )
1161	0.58800   	 (0.00000   )
1162	0.58682   	 (0.00000   )
1163	0.38121   	 (-0.00000  )
1164	-0.12737  	 (-0.00000  )
1165	-0.12670  	 (-0.00000  )
1166	0.52737   	 (-0.00000  )
1167	0.41559   	 (0.00000   )
1168	0.41607   	 (0.00000   )
1169	0.41824   	 (-0.00000  )
1170	1.04134   	 (-0.00000  )
1171	0.35050   	 (0.00000   )
1172	0.76346   	 (-0.00000  )
1173	-0.08319  	 (0.00000   )
1174	0.48003   	 (-0.00000  )
1175	0.47981   	 (-0.00000  )
1176	-0.17581  	 (-0.00000  )
1177	-0.17571  	 (-0.00000  )
1178	0.14179   	 (-0.00000  )
1179	1.81026   	 (-0.00000  )
1180	-0.37732  	 (0.00000   )
1181	-0.69956  	 (0.00000   )
1182	-0.69937  	 (-0.00000  )
1183	0.57849   	 (0.00000   )
1184	0.57788   	 (0.00000   )
1185	-0.36563  	 (-0.00000  )
1186	0.85543   	 (0.00000   )
1187	0.85525   	 (-0.00000  )
1188	-0.80538  	 (0.00000   )
1189	-0.27852  	 (0.00000   )
1190	-0.61663  	 (0.00000   )
1191	-0.61655  	 (0.00000   )
1192	0.39259   	 (-0.00000  )
1193	0.15362   	 (-0.00000  )
1194	0.52926   	 (0.00000   )
1195	0.53037   	 (0.00000   )
1196	-0.00055  	 (0.00000   )
1197	0.68597   	 (0.00000   )
1198	-0.14996  	 (-0.00000  )
1199	0.01431   	 (-0.00000  )
1200	1.08551   	 (0.00000   )
1201	1.08565   	 (-0.00000  )
1202	0.68349   	 (-0.00000  )
1203	-0.36460  	 (-0.00000  )
1204	-0.79670  	 (-0.00000  )
1205	0.28192   	 (-0.00000  )
1206	1.69516   	 (-0.00000  )
1207	1.54570   	 (-0.00000  )
1208	0.21619   	 (0.00000   )
1209	0.21652   	 (0.00000   )
1210	0.67804   	 (0.00000   )
1211	0.67906   	 (0.00000   )
1212	0.13509   	 (0.00000   )
1213	0.04293   	 (0.00000   )
1214	-0.22105  	 (-0.00000  )
1215	0.28754   	 (-0.00000  )
1216	0.28829   	 (0.00000   )
1217	0.33148   	 (-0.00000  )
1218	0.79562   	 (0.00000   )
1219	-0.90033  	 (-0.00000  )
1220	0.12519   	 (-0.00000  )
1221	0.12435   	 (-0.00000  )
1222	0.65513   	 (-0.00000  )
1223	0.46567   	 (0.00000   )
1224	-0.75237  	 (-0.00000  )
1225	-0.75088  	 (-0.00000  )
1226	0.69775   	 (0.00000   )
1227	0.30373   	 (0.00000   )
1228	0.30284   	 (-0.00000  )
1229	-1.61468  	 (0.00000   )
1230	-0.01265  	 (0.00000   )
1231	-0.01241  	 (0.00000   )
1232	0.43725   	 (-0.00000  )
1233	0.05623   	 (-0.00000  )
1234	0.05649   	 (-0.00000  )
1235	0.52219   	 (0.00000   )
1236	1.01162   	 (0.00000   )
1237	0.93712   	 (-0.00000  )
1238	0.93582   	 (0.00000   )
1239	0.20065   	 (0.00000   )
1240	-0.05228  	 (-0.00000  )
1241	-0.00862  	 (0.00000   )
1242	-0.98950  	 (-0.00000  )
1243	-0.99024  	 (-0.00000  )
1244	-0.36143  	 (0.00000   )
1245	0.55114   	 (-0.00000  )
1246	0.55069   	 (-0.00000  )
1247	0.44404   	 (-0.00000  )
1248	0.39298   	 (0.00000   )
1249	-0.28935  	 (0.00000   )
1250	0.68559   	 (0.00000   )
1251	0.24746   	 (0.00000   )
1252	0.24736   	 (0.00000   )
1253	0.02313   	 (-0.00000  )
1254	0.16160   	 (-0.00000  )
1255	-0.05188  	 (-0.00000  )
1256	-0.13661  	 (-0.00000  )
1257	0.05669   	 (0.00000   )
1258	0.05738   	 (0.00000   )
1259	0.21213   	 (0.00000   )
1260	0.21179   	 (0.00000   )
1261	-0.34689  	 (0.00000   )
1262	-0.34756  	 (0.00000   )
1263	-0.27024  	 (-0.00000  )
1264	-0.90501  	 (0.00000   )
1265	-1.28639  	 (-0.00000  )
1266	1.50246   	 (-0.00000  )
1267	0.56734   	 (-0.00000  )
1268	0.56729   	 (0.00000   )
1269	0.02833   	 (0.00000   )
1270	-0.10507  	 (-0.00000  )
1271	-0.10514  	 (-0.00000  )
1272	-0.81000  	 (0.00000   )
1273	-0.85342  	 (0.00000   )
1274	-0.85318  	 (-0.00000  )
1275	-0.14748  	 (-0.00000  )
