0	-0.00000  	-0.00000  	0.00000   	1.95063   	 (0.00000   )
1	-0.00000  	0.00000   	0.00016   	1.52157   	 (-0.00000  )
2	-0.00000  	0.00000   	-0.00016  	1.52157   	 (0.00000   )
3	0.00000   	-0.00000  	-0.00000  	1.42672   	 (-0.00000  )
4	-0.00000  	0.00000   	0.00000   	1.93800   	 (0.00000   )
5	-0.00000  	-0.00000  	-0.00000  	1.93798   	 (0.00000   )
6	-0.00000  	-0.00000  	0.00000   	1.62364   	 (-0.00000  )
7	-0.00000  	0.00000   	0.00000   	1.65266   	 (-0.00000  )
8	-0.00000  	0.00000   	-0.00000  	1.60783   	 (0.00000   )
9	0.00000   	-0.00000  	0.00000   	1.39747   	 (-0.00000  )
10	0.00000   	-0.00000  	-0.00000  	1.39742   	 (-0.00000  )
11	-0.00000  	0.00000   	-0.00000  	1.78865   	 (-0.00000  )
12	-0.00000  	-0.00000  	0.00000   	1.92769   	 (-0.00000  )
13	0.00000   	-0.00000  	-0.00000  	1.52284   	 (0.00000   )
14	-0.00000  	0.00000   	0.00000   	1.92662   	 (-0.00000  )
15	0.00000   	-0.00000  	0.00000   	1.45813   	 (-0.00000  )
16	0.00000   	-0.00000  	-0.00000  	1.45812   	 (0.00000   )
17	-0.00000  	0.00000   	0.00000   	1.83663   	 (-0.00000  )
18	0.00000   	-0.00000  	0.00000   	1.44973   	 (0.00000   )
19	-0.00000  	-0.00000  	-0.00000  	1.83571   	 (0.00000   )
20	-0.00000  	0.00000   	0.00000   	1.83559   	 (0.00000   )
21	-0.00000  	0.00000   	-0.00000  	1.82914   	 (-0.00000  )
22	0.00000   	-0.00000  	-0.00000  	1.59481   	 (-0.00000  )
23	-0.00000  	-0.00000  	0.00000   	1.60957   	 (-0.00000  )
24	0.00000   	-0.00000  	-0.00000  	1.29826   	 (0.00000   )
25	-0.00000  	0.00000   	-0.00000  	1.51434   	 (0.00000   )
26	-0.00000  	0.00000   	0.00001   	1.48848   	 (0.00000   )
27	0.00000   	-0.00000  	-0.00001  	1.48904   	 (-0.00000  )
28	0.00000   	-0.00000  	-0.00000  	1.42720   	 (0.00000   )
29	0.00000   	0.00000   	0.00000   	1.19698   	 (0.00000   )
30	0.00000   	-0.00000  	-0.00000  	1.19622   	 (0.00000   )
31	-0.00000  	0.00000   	-0.00000  	1.70002   	 (0.00000   )
32	-0.00000  	0.00000   	0.00000   	1.70006   	 (0.00000   )
33	0.00000   	-0.00000  	-0.00000  	1.38066   	 (0.00000   )
34	0.00000   	-0.00000  	0.00000   	1.90136   	 (0.00000   )
35	-0.00000  	0.00000   	-0.00000  	1.90125   	 (-0.00000  )
36	-0.00000  	0.00000   	0.00000   	1.90366   	 (0.00000   )
37	-0.00000  	-0.00000  	-0.00000  	1.50540   	 (0.00000   )
38	0.00000   	-0.00000  	0.00000   	1.51919   	 (0.00000   )
39	0.00000   	-0.00000  	0.00000   	1.57482   	 (-0.00000  )
40	0.00000   	-0.00000  	0.00000   	1.61238   	 (0.00000   )
41	-0.00000  	0.00000   	-0.00000  	1.61260   	 (-0.00000  )
42	-0.00000  	0.00000   	0.00000   	1.87097   	 (0.00000   )
43	-0.00000  	-0.00000  	-0.00000  	1.44261   	 (-0.00000  )
44	0.00000   	0.00000   	0.00000   	1.44254   	 (-0.00000  )
45	-0.00000  	0.00000   	-0.00000  	1.71510   	 (-0.00000  )
46	0.00000   	0.00000   	-0.00000  	1.44500   	 (0.00000   )
47	-0.00000  	0.00000   	-0.00000  	1.85418   	 (-0.00000  )
48	-0.00000  	0.00000   	0.00000   	1.82160   	 (-0.00000  )
49	0.00000   	-0.00000  	0.00000   	1.60904   	 (0.00000   )
50	-0.00000  	0.00000   	-0.00000  	1.76392   	 (0.00000   )
51	0.00000   	0.00000   	-0.00000  	1.70626   	 (-0.00000  )
52	-0.00000  	0.00000   	0.00000   	1.65903   	 (0.00000   )
53	0.00000   	-0.00000  	0.00000   	1.59287   	 (0.00000   )
54	-0.00000  	-0.00000  	-0.00000  	1.59618   	 (-0.00000  )
55	0.00000   	-0.00000  	-0.00000  	1.38025   	 (0.00000   )
56	0.00000   	-0.00000  	0.00000   	1.38017   	 (-0.00000  )
57	0.00000   	-0.00000  	0.00000   	1.18311   	 (-0.00000  )
58	-0.00000  	0.00000   	0.00000   	1.11712   	 (-0.00000  )
59	0.00000   	0.00000   	-0.00000  	1.50391   	 (0.00000   )
60	-0.00000  	-0.00000  	-0.00000  	1.42889   	 (0.00000   )
61	-0.00000  	0.00000   	-0.00000  	1.42855   	 (-0.00000  )
62	-0.00000  	-0.00000  	-0.00000  	1.46702   	 (0.00000   )
63	0.00000   	-0.00000  	0.00000   	1.47991   	 (-0.00000  )
64	-0.00000  	0.00000   	-0.00000  	1.47921   	 (0.00000   )
65	-0.00000  	0.00000   	0.00000   	1.69446   	 (-0.00000  )
66	0.00000   	-0.00000  	-0.00000  	1.50452   	 (0.00000   )
67	-0.00000  	0.00000   	0.00000   	1.50386   	 (0.00000   )
68	0.00000   	0.00000   	0.00000   	1.56473   	 (-0.00000  )
69	0.00000   	-0.00000  	-0.00000  	1.25670   	 (0.00000   )
70	0.00000   	-0.00000  	0.00000   	1.47967   	 (-0.00000  )
71	0.00000   	0.00000   	-0.00000  	1.47941   	 (-0.00000  )
72	0.00000   	-0.00000  	0.00000   	1.43427   	 (0.00000   )
73	0.00000   	0.00000   	0.00000   	1.64942   	 (-0.00000  )
74	-0.00000  	0.00000   	-0.00000  	1.70399   	 (-0.00000  )
75	0.00000   	-0.00000  	0.00000   	1.50447   	 (-0.00000  )
76	0.00000   	-0.00000  	-0.00000  	1.53169   	 (0.00000   )
77	-0.00000  	0.00000   	-0.00000  	1.25973   	 (0.00000   )
78	-0.00000  	0.00000   	0.00000   	1.54215   	 (0.00000   )
79	0.00000   	-0.00000  	0.00000   	1.88298   	 (0.00000   )
80	-0.00000  	-0.00000  	0.00000   	1.50647   	 (0.00000   )
81	-0.00000  	0.00000   	-0.00000  	1.50596   	 (-0.00000  )
82	-0.00000  	0.00000   	-0.00000  	1.81490   	 (-0.00000  )
83	0.00000   	-0.00000  	-0.00000  	1.80387   	 (0.00000   )
84	0.00000   	-0.00000  	0.00000   	1.50294   	 (0.00000   )
85	-0.00000  	0.00000   	-0.00000  	1.50263   	 (0.00000   )
86	0.00000   	-0.00000  	-0.00003  	1.67389   	 (0.00000   )
87	-0.00000  	0.00000   	0.00003   	1.67357   	 (-0.00000  )
88	-0.00000  	0.00000   	-0.00000  	1.83269   	 (0.00000   )
89	0.00000   	-0.00000  	0.00000   	1.83206   	 (-0.00000  )
90	0.00000   	-0.00000  	0.00000   	0.81568   	 (-0.00000  )
91	0.00000   	-0.00000  	0.00000   	1.60818   	 (0.00000   )
92	-0.00000  	-0.00000  	0.00000   	1.37602   	 (0.00000   )
93	-0.00000  	0.00000   	-0.00000  	1.38212   	 (0.00000   )
94	-0.00000  	-0.00000  	-0.00000  	1.61398   	 (-0.00000  )
95	-0.00000  	0.00000   	-0.00000  	1.72242   	 (-0.00000  )
96	0.00000   	0.00000   	0.00000   	1.72885   	 (-0.00000  )
97	-0.00000  	0.00000   	-0.00000  	1.32250   	 (0.00000   )
98	0.00000   	-0.00000  	0.00000   	1.53657   	 (-0.00000  )
99	-0.00000  	-0.00000  	0.00000   	1.60524   	 (-0.00000  )
100	-0.00000  	0.00000   	0.00000   	1.64177   	 (0.00000   )
101	-0.00000  	-0.00000  	-0.00000  	1.64191   	 (-0.00000  )
102	-0.00000  	-0.00000  	-0.00000  	1.34919   	 (0.00000   )
103	0.00000   	-0.00000  	-0.00001  	1.66538   	 (0.00000   )
104	-0.00000  	0.00000   	0.00001   	1.66471   	 (0.00000   )
105	0.00000   	0.00000   	-0.00000  	1.54035   	 (0.00000   )
106	-0.00000  	0.00000   	-0.00000  	1.64115   	 (-0.00000  )
107	-0.00000  	-0.00000  	0.00000   	1.64109   	 (0.00000   )
108	0.00000   	-0.00000  	0.00001   	1.61559   	 (-0.00000  )
109	-0.00000  	-0.00000  	-0.00001  	1.61635   	 (0.00000   )
110	0.00000   	-0.00000  	-0.00000  	1.43220   	 (-0.00000  )
111	0.00000   	0.00000   	-0.00000  	1.57845   	 (0.00000   )
112	0.00000   	-0.00000  	-0.00000  	1.47955   	 (0.00000   )
113	-0.00000  	0.00000   	0.00000   	1.37981   	 (0.00000   )
114	-0.00000  	0.00000   	0.00000   	1.42834   	 (0.00000   )
115	0.00000   	0.00000   	-0.00000  	1.43322   	 (0.00000   )
116	-0.00000  	0.00000   	0.00000   	1.45309   	 (0.00000   )
117	-0.00000  	0.00000   	-0.00000  	1.41225   	 (0.00000   )
118	0.00000   	-0.00000  	0.00000   	1.41614   	 (0.00000   )
119	-0.00000  	0.00000   	0.00000   	1.45910   	 (-0.00000  )
120	-0.00000  	0.00000   	-0.00000  	1.40164   	 (0.00000   )
121	0.00000   	0.00000   	0.00000   	1.40137   	 (0.00000   )
122	0.00000   	-0.00000  	0.00000   	1.57319   	 (0.00000   )
123	-0.00000  	0.00000   	0.00000   	1.61311   	 (-0.00000  )
124	-0.00000  	-0.00000  	-0.00000  	1.33667   	 (-0.00000  )
125	-0.00000  	0.00000   	-0.00000  	1.42766   	 (0.00000   )
126	-0.00000  	0.00000   	-0.00000  	1.74356   	 (0.00000   )
127	0.00000   	0.00000   	-0.00000  	1.49026   	 (-0.00000  )
128	-0.00000  	0.00000   	-0.00001  	1.64848   	 (0.00000   )
129	0.00000   	-0.00000  	0.00001   	1.64816   	 (0.00000   )
130	0.00000   	0.00000   	0.00001   	1.48984   	 (0.00000   )
131	0.00000   	-0.00000  	-0.00001  	1.48966   	 (-0.00000  )
132	0.00000   	-0.00000  	0.00000   	1.48200   	 (0.00000   )
133	-0.00000  	0.00000   	0.00000   	1.33151   	 (0.00000   )
134	0.00000   	-0.00000  	-0.00000  	1.33196   	 (-0.00000  )
135	-0.00000  	0.00000   	-0.00000  	1.42068   	 (-0.00000  )
136	0.00000   	-0.00000  	-0.00001  	1.64770   	 (-0.00000  )
137	-0.00000  	0.00000   	0.00001   	1.64735   	 (-0.00000  )
138	-0.00000  	0.00000   	-0.00000  	1.52907   	 (-0.00000  )
139	-0.00000  	0.00000   	0.00000   	1.61616   	 (0.00000   )
140	-0.00000  	-0.00000  	-0.00001  	1.72647   	 (-0.00000  )
141	-0.00000  	0.00000   	-0.00009  	1.72166   	 (0.00000   )
142	0.00000   	-0.00000  	0.00010   	1.66635   	 (0.00000   )
143	-0.00000  	0.00000   	-0.00000  	1.71112   	 (-0.00000  )
144	0.00000   	-0.00000  	-0.00001  	1.54322   	 (-0.00000  )
145	-0.00000  	0.00000   	0.00001   	1.54323   	 (0.00000   )
146	0.00000   	0.00000   	-0.00000  	1.64743   	 (-0.00000  )
147	0.00000   	0.00000   	0.00000   	1.37737   	 (-0.00000  )
148	-0.00000  	0.00000   	-0.00000  	1.37931   	 (0.00000   )
149	-0.00000  	-0.00000  	0.00000   	1.36694   	 (0.00000   )
150	-0.00000  	-0.00000  	0.00000   	1.58960   	 (-0.00000  )
151	0.00000   	-0.00000  	-0.00001  	1.58555   	 (-0.00000  )
152	-0.00000  	0.00000   	0.00001   	1.58632   	 (0.00000   )
153	-0.00000  	-0.00000  	-0.00000  	1.71669   	 (0.00000   )
154	0.00000   	-0.00000  	-0.00000  	1.47666   	 (0.00000   )
155	-0.00000  	0.00000   	0.00002   	1.64459   	 (-0.00000  )
156	0.00000   	-0.00000  	-0.00002  	1.64487   	 (0.00000   )
157	0.00000   	-0.00000  	0.00000   	1.38074   	 (-0.00000  )
158	-0.00000  	0.00000   	-0.00000  	1.38212   	 (0.00000   )
159	0.00000   	-0.00000  	-0.00000  	1.56426   	 (-0.00000  )
160	0.00000   	-0.00000  	-0.00000  	1.36445   	 (-0.00000  )
161	0.00000   	-0.00000  	0.00000   	1.82644   	 (0.00000   )
162	-0.00000  	0.00000   	0.00000   	1.71070   	 (-0.00000  )
163	0.00000   	-0.00000  	-0.00000  	1.69475   	 (0.00000   )
164	-0.00000  	0.00000   	0.00000   	1.69427   	 (-0.00000  )
165	-0.00000  	0.00000   	-0.00001  	1.56483   	 (0.00000   )
166	0.00000   	-0.00000  	0.00001   	1.56498   	 (-0.00000  )
167	0.00000   	0.00000   	0.00000   	1.55727   	 (-0.00000  )
168	0.00000   	-0.00000  	-0.00000  	1.59596   	 (0.00000   )
169	-0.00000  	-0.00000  	-0.00000  	1.44179   	 (-0.00000  )
170	-0.00000  	0.00000   	0.00000   	1.59068   	 (-0.00000  )
171	0.00000   	0.00000   	-0.00000  	1.30948   	 (-0.00000  )
172	-0.00000  	0.00000   	-0.00000  	1.65271   	 (0.00000   )
173	-0.00000  	0.00000   	0.00000   	1.16564   	 (0.00000   )
174	-0.00000  	0.00000   	-0.00000  	1.47729   	 (-0.00000  )
175	-0.00000  	-0.00000  	0.00000   	1.47934   	 (0.00000   )
176	0.00000   	-0.00000  	-0.00000  	1.71647   	 (-0.00000  )
177	0.00000   	-0.00000  	0.00000   	1.53151   	 (0.00000   )
178	-0.00000  	-0.00000  	0.00000   	1.43550   	 (-0.00000  )
179	-0.00000  	0.00000   	0.00000   	1.42618   	 (0.00000   )
180	0.00000   	-0.00000  	-0.00000  	1.56528   	 (0.00000   )
181	-0.00000  	0.00000   	0.00000   	1.69090   	 (-0.00000  )
182	0.00000   	-0.00000  	0.00000   	1.81177   	 (-0.00000  )
183	-0.00000  	0.00000   	-0.00000  	0.92524   	 (-0.00000  )
184	0.00000   	0.00000   	0.00000   	1.13001   	 (0.00000   )
185	-0.00000  	-0.00000  	-0.00000  	1.79867   	 (-0.00000  )
186	-0.00000  	0.00000   	0.00000   	1.51336   	 (-0.00000  )
187	0.00000   	-0.00000  	-0.00000  	1.51495   	 (0.00000   )
188	-0.00000  	-0.00000  	0.00000   	1.63036   	 (-0.00000  )
189	-0.00000  	0.00000   	-0.00000  	1.63973   	 (0.00000   )
190	-0.00000  	0.00000   	-0.00000  	0.95167   	 (0.00000   )
191	0.00000   	-0.00000  	0.00000   	1.63390   	 (-0.00000  )
192	-0.00000  	0.00000   	-0.00000  	1.56230   	 (0.00000   )
193	-0.00000  	-0.00000  	-0.00000  	1.30915   	 (0.00000   )
194	-0.00000  	0.00000   	0.00000   	1.33904   	 (0.00000   )
195	-0.00000  	-0.00000  	-0.00000  	1.33960   	 (-0.00000  )
196	0.00000   	0.00000   	0.00000   	1.39762   	 (0.00000   )
197	-0.00000  	-0.00000  	-0.00000  	1.43724   	 (0.00000   )
198	-0.00000  	-0.00000  	-0.00000  	1.38946   	 (0.00000   )
199	0.00000   	-0.00000  	-0.00003  	1.60425   	 (0.00000   )
200	-0.00000  	0.00000   	0.00003   	1.60434   	 (-0.00000  )
201	-0.00000  	0.00000   	-0.00004  	1.58415   	 (-0.00000  )
202	0.00000   	-0.00000  	0.00004   	1.58413   	 (-0.00000  )
203	0.00000   	-0.00000  	0.00000   	1.52236   	 (-0.00000  )
204	0.00000   	-0.00000  	-0.00000  	1.51611   	 (-0.00000  )
205	-0.00000  	0.00000   	0.00000   	1.51600   	 (-0.00000  )
206	-0.00000  	0.00000   	-0.00000  	1.45486   	 (-0.00000  )
207	-0.00000  	-0.00000  	-0.00000  	1.66388   	 (-0.00000  )
208	0.00000   	-0.00000  	0.00000   	1.53057   	 (-0.00000  )
209	0.00000   	0.00000   	-0.00000  	1.53049   	 (0.00000   )
210	0.00000   	-0.00000  	0.00004   	1.69320   	 (0.00000   )
211	0.00000   	0.00000   	-0.00004  	1.69377   	 (0.00000   )
212	0.00000   	-0.00000  	-0.00000  	0.95954   	 (0.00000   )
213	-0.00000  	0.00000   	0.00002   	1.65703   	 (-0.00000  )
214	0.00000   	-0.00000  	-0.00002  	1.65837   	 (0.00000   )
215	-0.00000  	0.00000   	0.00000   	1.46109   	 (-0.00000  )
216	-0.00000  	0.00000   	-0.00000  	1.38591   	 (0.00000   )
217	0.00000   	-0.00000  	0.00000   	1.58545   	 (-0.00000  )
218	0.00000   	0.00000   	0.00000   	1.45219   	 (-0.00000  )
219	0.00000   	-0.00000  	-0.00000  	1.51479   	 (0.00000   )
220	-0.00000  	0.00000   	-0.00000  	1.43553   	 (-0.00000  )
221	-0.00000  	0.00000   	0.00000   	1.48654   	 (0.00000   )
222	0.00000   	-0.00000  	0.00000   	1.73824   	 (-0.00000  )
223	-0.00000  	0.00000   	-0.00000  	1.73781   	 (0.00000   )
224	-0.00000  	0.00000   	-0.00000  	1.52970   	 (0.00000   )
225	0.00000   	-0.00000  	0.00000   	1.48440   	 (-0.00000  )
226	0.00000   	0.00000   	0.00000   	1.50748   	 (0.00000   )
227	0.00000   	-0.00000  	-0.00000  	1.61792   	 (-0.00000  )
228	0.00000   	-0.00000  	-0.00000  	1.79748   	 (0.00000   )
229	0.00000   	-0.00000  	-0.00000  	1.40733   	 (0.00000   )
230	-0.00000  	0.00000   	-0.00000  	1.46130   	 (-0.00000  )
231	0.00000   	-0.00000  	-0.00000  	1.57928   	 (0.00000   )
232	-0.00000  	0.00000   	0.00000   	1.24966   	 (0.00000   )
233	-0.00000  	0.00000   	-0.00000  	1.66040   	 (0.00000   )
234	0.00000   	0.00000   	-0.00000  	1.57816   	 (-0.00000  )
235	0.00000   	-0.00000  	0.00000   	1.57773   	 (-0.00000  )
236	0.00000   	0.00000   	-0.00000  	1.71320   	 (0.00000   )
237	0.00000   	0.00000   	-0.00000  	1.71125   	 (0.00000   )
238	-0.00000  	-0.00000  	0.00000   	1.70855   	 (-0.00000  )
239	-0.00000  	-0.00000  	-0.00000  	1.77873   	 (-0.00000  )
240	0.00000   	-0.00000  	0.00000   	1.69415   	 (-0.00000  )
241	-0.00000  	-0.00000  	-0.00000  	1.51326   	 (0.00000   )
242	0.00000   	-0.00000  	-0.00000  	1.63444   	 (0.00000   )
243	0.00000   	-0.00000  	-0.00000  	1.38424   	 (-0.00000  )
244	-0.00000  	0.00000   	0.00000   	1.38502   	 (0.00000   )
245	0.00000   	0.00000   	0.00000   	0.96886   	 (0.00000   )
246	0.00000   	0.00000   	0.00000   	1.68830   	 (0.00000   )
247	-0.00000  	-0.00000  	0.00000   	1.71262   	 (0.00000   )
248	0.00000   	-0.00000  	-0.00000  	1.44380   	 (-0.00000  )
249	-0.00000  	0.00000   	0.00000   	1.44833   	 (0.00000   )
250	0.00000   	-0.00000  	0.00000   	1.38614   	 (-0.00000  )
251	0.00000   	0.00000   	-0.00000  	1.39385   	 (-0.00000  )
252	0.00000   	-0.00000  	-0.00000  	1.47633   	 (0.00000   )
253	-0.00000  	0.00000   	0.00000   	1.14576   	 (0.00000   )
254	-0.00000  	0.00000   	0.00000   	1.63438   	 (-0.00000  )
255	0.00000   	0.00000   	-0.00000  	1.13869   	 (0.00000   )
256	-0.00000  	-0.00000  	-0.00000  	1.60686   	 (-0.00000  )
257	-0.00000  	-0.00000  	0.00000   	1.76105   	 (-0.00000  )
258	-0.00000  	0.00000   	0.00000   	1.63907   	 (-0.00000  )
259	0.00000   	-0.00000  	0.00000   	1.58518   	 (-0.00000  )
260	-0.00000  	0.00000   	-0.00000  	1.66643   	 (0.00000   )
261	0.00000   	0.00000   	0.00000   	1.33841   	 (0.00000   )
262	0.00000   	-0.00000  	-0.00000  	1.34020   	 (-0.00000  )
263	-0.00000  	0.00000   	-0.00000  	1.65020   	 (-0.00000  )
264	-0.00000  	-0.00000  	0.00000   	1.34664   	 (-0.00000  )
265	-0.00000  	-0.00000  	-0.00000  	1.39924   	 (-0.00000  )
266	0.00000   	-0.00000  	0.00000   	1.39129   	 (-0.00000  )
267	-0.00000  	0.00000   	-0.00000  	1.38708   	 (0.00000   )
268	0.00000   	0.00000   	0.00000   	1.67430   	 (-0.00000  )
269	-0.00000  	0.00000   	-0.00000  	1.55516   	 (-0.00000  )
270	0.00000   	-0.00000  	-0.00001  	1.72753   	 (0.00000   )
271	0.00000   	0.00000   	0.00001   	1.72640   	 (-0.00000  )
272	-0.00000  	0.00000   	0.00000   	1.60529   	 (0.00000   )
273	0.00000   	-0.00000  	-0.00000  	1.53945   	 (-0.00000  )
274	0.00000   	-0.00000  	-0.00000  	1.30173   	 (-0.00000  )
275	0.00000   	-0.00000  	0.00000   	1.15334   	 (-0.00000  )
276	-0.00000  	0.00000   	-0.00000  	1.15225   	 (-0.00000  )
277	-0.00000  	-0.00000  	-0.00000  	1.63992   	 (0.00000   )
278	-0.00000  	0.00000   	0.00000   	1.66943   	 (0.00000   )
279	0.00000   	0.00000   	-0.00000  	1.66479   	 (-0.00000  )
280	0.00000   	0.00000   	-0.00000  	1.59911   	 (-0.00000  )
281	-0.00000  	0.00000   	-0.00003  	1.64963   	 (0.00000   )
282	0.00000   	-0.00000  	0.00003   	1.64910   	 (-0.00000  )
283	0.00000   	0.00000   	-0.00000  	1.72247   	 (-0.00000  )
284	-0.00000  	-0.00000  	-0.00000  	1.46768   	 (0.00000   )
285	0.00000   	-0.00000  	-0.00000  	1.46807   	 (0.00000   )
286	0.00000   	0.00000   	0.00000   	1.23730   	 (0.00000   )
287	0.00000   	-0.00000  	-0.00000  	1.07083   	 (0.00000   )
288	0.00000   	-0.00000  	0.00000   	1.52586   	 (0.00000   )
289	-0.00000  	0.00000   	-0.00000  	1.42664   	 (-0.00000  )
290	-0.00000  	0.00000   	-0.00000  	1.64244   	 (0.00000   )
291	0.00000   	-0.00000  	0.00000   	1.64493   	 (0.00000   )
292	0.00000   	-0.00000  	-0.00000  	1.56410   	 (0.00000   )
293	0.00000   	-0.00000  	0.00000   	1.42061   	 (0.00000   )
294	-0.00000  	0.00000   	-0.00000  	0.99780   	 (0.00000   )
295	0.00000   	-0.00000  	0.00000   	1.35797   	 (-0.00000  )
296	-0.00000  	0.00000   	0.00000   	1.49913   	 (-0.00000  )
297	-0.00000  	0.00000   	0.00000   	1.60654   	 (-0.00000  )
298	0.00000   	0.00000   	-0.00000  	1.23001   	 (0.00000   )
299	-0.00000  	0.00000   	-0.00000  	1.72576   	 (-0.00000  )
300	0.00000   	-0.00000  	0.00000   	1.72674   	 (0.00000   )
301	-0.00000  	0.00000   	0.00000   	1.57473   	 (0.00000   )
302	0.00000   	0.00000   	0.00000   	1.66716   	 (0.00000   )
303	0.00000   	-0.00000  	-0.00000  	1.22236   	 (-0.00000  )
304	-0.00000  	0.00000   	0.00000   	1.13423   	 (-0.00000  )
305	0.00000   	-0.00000  	-0.00000  	1.17655   	 (-0.00000  )
306	0.00000   	-0.00000  	0.00000   	1.63042   	 (-0.00000  )
307	-0.00000  	0.00000   	-0.00000  	1.73329   	 (0.00000   )
308	-0.00000  	0.00000   	0.00000   	1.72258   	 (-0.00000  )
309	-0.00000  	-0.00000  	-0.00000  	1.41210   	 (0.00000   )
310	0.00000   	-0.00000  	-0.00000  	1.68614   	 (-0.00000  )
311	-0.00000  	0.00000   	0.00000   	1.64151   	 (-0.00000  )
312	-0.00000  	0.00000   	-0.00000  	1.64579   	 (0.00000   )
313	0.00000   	-0.00000  	-0.00001  	1.76129   	 (0.00000   )
314	-0.00000  	0.00000   	0.00001   	1.76029   	 (-0.00000  )
315	-0.00000  	0.00000   	-0.00000  	1.65523   	 (-0.00000  )
316	-0.00000  	0.00000   	0.00000   	1.65446   	 (0.00000   )
317	0.00000   	-0.00000  	0.00000   	1.73524   	 (-0.00000  )
318	0.00000   	0.00000   	0.00000   	1.21128   	 (0.00000   )
319	0.00000   	0.00000   	-0.00000  	1.48678   	 (-0.00000  )
320	-0.00000  	-0.00000  	0.00000   	1.63325   	 (-0.00000  )
321	0.00000   	-0.00000  	-0.00000  	1.46456   	 (0.00000   )
322	0.00000   	-0.00000  	-0.00000  	1.54014   	 (0.00000   )
323	-0.00000  	0.00000   	0.00000   	1.53665   	 (-0.00000  )
324	-0.00000  	-0.00000  	-0.00000  	0.80173   	 (0.00000   )
325	-0.00000  	0.00000   	0.00000   	1.72163   	 (-0.00000  )
326	-0.00000  	0.00000   	0.00000   	1.76620   	 (-0.00000  )
327	0.00000   	-0.00000  	-0.00001  	1.63227   	 (-0.00000  )
328	-0.00000  	0.00000   	0.00001   	1.63273   	 (0.00000   )
329	0.00000   	0.00000   	-0.00000  	1.23182   	 (0.00000   )
330	0.00000   	0.00000   	-0.00000  	1.65689   	 (-0.00000  )
331	-0.00000  	0.00000   	0.00000   	1.72947   	 (-0.00000  )
332	0.00000   	-0.00000  	0.00000   	1.20720   	 (0.00000   )
333	0.00000   	0.00000   	-0.00000  	1.20263   	 (-0.00000  )
334	-0.00000  	0.00000   	-0.00000  	1.41857   	 (0.00000   )
335	-0.00000  	-0.00000  	0.00000   	1.41739   	 (-0.00000  )
336	0.00000   	0.00000   	-0.00000  	1.41930   	 (0.00000   )
337	-0.00000  	0.00000   	0.00000   	1.42349   	 (-0.00000  )
338	0.00000   	0.00000   	-0.00000  	1.90301   	 (-0.00000  )
339	0.00000   	-0.00000  	-0.00005  	1.50881   	 (-0.00000  )
340	-0.00000  	0.00000   	0.00005   	1.50875   	 (0.00000   )
341	0.00000   	0.00000   	-0.00000  	1.76928   	 (-0.00000  )
342	0.00000   	0.00000   	0.00000   	1.53775   	 (0.00000   )
343	-0.00000  	0.00000   	-0.00000  	1.76947   	 (-0.00000  )
344	0.00000   	-0.00000  	0.00000   	1.49608   	 (0.00000   )
345	0.00000   	-0.00000  	-0.00000  	1.49643   	 (0.00000   )
346	-0.00000  	-0.00000  	0.00000   	1.11464   	 (0.00000   )
347	-0.00000  	0.00000   	-0.00000  	1.52107   	 (0.00000   )
348	-0.00000  	-0.00000  	-0.00000  	1.82033   	 (-0.00000  )
349	-0.00000  	-0.00000  	0.00000   	1.53090   	 (0.00000   )
350	0.00000   	-0.00000  	0.00000   	1.17484   	 (0.00000   )
351	0.00000   	-0.00000  	-0.00000  	1.30718   	 (0.00000   )
352	-0.00000  	0.00000   	0.00000   	1.30816   	 (0.00000   )
353	-0.00000  	0.00000   	0.00000   	1.44611   	 (-0.00000  )
354	-0.00000  	0.00000   	-0.00000  	1.47335   	 (-0.00000  )
355	0.00000   	0.00000   	-0.00000  	1.78515   	 (-0.00000  )
356	0.00000   	0.00000   	0.00000   	1.56267   	 (-0.00000  )
357	-0.00000  	-0.00000  	-0.00000  	1.56315   	 (0.00000   )
358	0.00000   	-0.00000  	0.00000   	1.68400   	 (0.00000   )
359	-0.00000  	-0.00000  	-0.00000  	1.65092   	 (-0.00000  )
360	-0.00000  	0.00000   	0.00002   	1.49797   	 (-0.00000  )
361	0.00000   	-0.00000  	-0.00002  	1.49718   	 (0.00000   )
362	-0.00000  	0.00000   	-0.00000  	1.41105   	 (0.00000   )
363	0.00000   	0.00000   	0.00000   	1.69841   	 (-0.00000  )
364	0.00000   	-0.00000  	-0.00000  	1.70483   	 (0.00000   )
365	-0.00000  	0.00000   	-0.00000  	1.63673   	 (-0.00000  )
366	-0.00000  	0.00000   	0.00000   	1.52076   	 (-0.00000  )
367	0.00000   	-0.00000  	-0.00000  	1.35138   	 (0.00000   )
368	0.00000   	0.00000   	-0.00000  	1.48221   	 (-0.00000  )
369	-0.00000  	-0.00000  	-0.00000  	0.94150   	 (0.00000   )
370	-0.00000  	-0.00000  	0.00000   	1.76880   	 (-0.00000  )
371	-0.00000  	0.00000   	-0.00000  	1.27033   	 (0.00000   )
372	0.00000   	-0.00000  	0.00000   	1.38655   	 (0.00000   )
373	0.00000   	0.00000   	-0.00000  	1.37692   	 (0.00000   )
374	0.00000   	0.00000   	-0.00000  	1.66217   	 (0.00000   )
375	-0.00000  	0.00000   	-0.00001  	1.30181   	 (0.00000   )
376	0.00000   	-0.00000  	0.00001   	1.30295   	 (-0.00000  )
377	0.00000   	-0.00000  	-0.00000  	1.00164   	 (-0.00000  )
378	0.00000   	0.00000   	0.00000   	1.86594   	 (-0.00000  )
379	-0.00000  	0.00000   	0.00000   	1.89806   	 (0.00000   )
380	0.00000   	-0.00000  	0.00002   	1.69049   	 (-0.00000  )
381	0.00000   	-0.00000  	-0.00002  	1.69204   	 (-0.00000  )
382	0.00000   	0.00000   	0.00000   	1.73178   	 (-0.00000  )
383	-0.00000  	0.00000   	-0.00000  	1.73201   	 (0.00000   )
384	0.00000   	-0.00000  	-0.00000  	1.54698   	 (-0.00000  )
385	-0.00000  	-0.00000  	-0.00000  	1.48029   	 (0.00000   )
386	0.00000   	-0.00000  	-0.00000  	1.22260   	 (-0.00000  )
387	-0.00000  	0.00000   	0.00000   	1.22503   	 (-0.00000  )
388	-0.00000  	-0.00000  	0.00000   	1.05837   	 (0.00000   )
389	-0.00000  	-0.00000  	-0.00000  	1.70614   	 (0.00000   )
390	-0.00000  	0.00000   	0.00000   	1.70245   	 (-0.00000  )
391	0.00000   	-0.00000  	0.00000   	1.76499   	 (0.00000   )
392	0.00000   	-0.00000  	-0.00000  	1.48169   	 (0.00000   )
393	-0.00000  	-0.00000  	-0.00000  	1.63581   	 (-0.00000  )
394	0.00000   	-0.00000  	0.00000   	1.85332   	 (0.00000   )
395	0.00000   	0.00000   	-0.00000  	1.52750   	 (-0.00000  )
396	-0.00000  	0.00000   	0.00000   	1.49972   	 (-0.00000  )
397	-0.00000  	0.00000   	-0.00000  	1.68988   	 (0.00000   )
398	-0.00000  	0.00000   	0.00000   	1.40332   	 (0.00000   )
399	0.00000   	-0.00000  	-0.00000  	1.40696   	 (-0.00000  )
400	-0.00000  	0.00000   	-0.00000  	1.78387   	 (-0.00000  )
401	0.00000   	-0.00000  	0.00000   	1.76688   	 (-0.00000  )
402	-0.00000  	0.00000   	-0.00000  	1.64227   	 (0.00000   )
403	0.00000   	0.00000   	-0.00000  	1.49612   	 (0.00000   )
404	0.00000   	-0.00000  	0.00000   	1.49621   	 (0.00000   )
405	-0.00000  	0.00000   	0.00000   	1.71083   	 (0.00000   )
406	0.00000   	0.00000   	0.00000   	1.78318   	 (-0.00000  )
407	-0.00000  	-0.00000  	-0.00000  	1.66829   	 (0.00000   )
408	0.00000   	-0.00000  	-0.00000  	1.66974   	 (0.00000   )
409	0.00000   	0.00000   	-0.00000  	1.65050   	 (-0.00000  )
410	0.00000   	0.00000   	0.00000   	1.28450   	 (-0.00000  )
411	0.00000   	-0.00000  	-0.00000  	1.28611   	 (0.00000   )
412	-0.00000  	-0.00000  	-0.00000  	1.52959   	 (0.00000   )
413	-0.00000  	0.00000   	0.00000   	1.52979   	 (-0.00000  )
414	0.00000   	-0.00000  	0.00000   	1.47054   	 (-0.00000  )
415	-0.00000  	0.00000   	-0.00000  	1.46274   	 (0.00000   )
416	-0.00000  	0.00000   	0.00000   	1.61583   	 (-0.00000  )
417	-0.00000  	0.00000   	0.00000   	1.54254   	 (0.00000   )
418	0.00000   	-0.00000  	-0.00000  	1.53935   	 (-0.00000  )
419	-0.00000  	0.00000   	0.00000   	1.51855   	 (0.00000   )
420	0.00000   	-0.00000  	-0.00000  	1.51809   	 (0.00000   )
421	0.00000   	-0.00000  	0.00000   	1.22964   	 (-0.00000  )
422	0.00000   	0.00000   	-0.00000  	1.22781   	 (0.00000   )
423	-0.00000  	0.00000   	-0.00000  	1.52209   	 (0.00000   )
424	0.00000   	0.00000   	0.00000   	1.59922   	 (-0.00000  )
425	0.00000   	-0.00000  	-0.00000  	1.27283   	 (-0.00000  )
426	-0.00000  	0.00000   	0.00000   	1.27038   	 (0.00000   )
427	0.00000   	-0.00000  	0.00000   	1.01671   	 (0.00000   )
428	-0.00000  	0.00000   	-0.00000  	1.84551   	 (-0.00000  )
429	0.00000   	-0.00000  	-0.00002  	1.45851   	 (-0.00000  )
430	-0.00000  	0.00000   	0.00002   	1.45812   	 (0.00000   )
431	0.00000   	0.00000   	0.00000   	1.81764   	 (-0.00000  )
432	0.00000   	0.00000   	0.00000   	0.85092   	 (-0.00000  )
433	0.00000   	-0.00000  	-0.00000  	1.73190   	 (-0.00000  )
434	-0.00000  	0.00000   	0.00000   	1.20064   	 (0.00000   )
435	0.00000   	-0.00000  	-0.00000  	1.23572   	 (0.00000   )
436	-0.00000  	0.00000   	0.00000   	1.23638   	 (0.00000   )
437	0.00000   	0.00000   	0.00000   	1.71520   	 (-0.00000  )
438	0.00000   	-0.00000  	-0.00000  	1.46855   	 (-0.00000  )
439	-0.00000  	0.00000   	-0.00000  	1.76592   	 (-0.00000  )
440	0.00000   	-0.00000  	0.00000   	1.57717   	 (0.00000   )
441	0.00000   	0.00000   	-0.00000  	1.57303   	 (-0.00000  )
442	-0.00000  	0.00000   	0.00000   	1.65273   	 (0.00000   )
443	0.00000   	0.00000   	0.00000   	1.66293   	 (-0.00000  )
444	0.00000   	-0.00000  	0.00006   	1.54086   	 (-0.00000  )
445	-0.00000  	0.00000   	-0.00006  	1.53465   	 (0.00000   )
446	0.00000   	0.00000   	-0.00001  	0.82979   	 (0.00000   )
447	0.00000   	0.00000   	0.00001   	0.82972   	 (0.00000   )
448	0.00000   	-0.00000  	-0.00000  	1.72226   	 (-0.00000  )
449	-0.00000  	0.00000   	-0.00000  	1.68498   	 (-0.00000  )
450	-0.00000  	0.00000   	0.00023   	1.70486   	 (0.00000   )
451	0.00000   	-0.00000  	-0.00023  	1.70440   	 (-0.00000  )
452	-0.00000  	0.00000   	0.00000   	1.69596   	 (0.00000   )
453	0.00000   	-0.00000  	-0.00000  	1.69625   	 (-0.00000  )
454	0.00000   	0.00000   	0.00000   	1.88298   	 (0.00000   )
455	-0.00000  	0.00000   	-0.00000  	1.52600   	 (-0.00000  )
456	0.00000   	0.00000   	-0.00000  	1.83442   	 (0.00000   )
457	0.00000   	-0.00000  	0.00000   	1.83541   	 (0.00000   )
458	-0.00000  	-0.00000  	0.00000   	1.28875   	 (0.00000   )
459	0.00000   	-0.00000  	-0.00000  	1.28841   	 (-0.00000  )
460	0.00000   	0.00000   	-0.00000  	1.77947   	 (-0.00000  )
461	-0.00000  	-0.00000  	0.00000   	1.43540   	 (0.00000   )
462	0.00000   	-0.00000  	-0.00000  	1.18371   	 (0.00000   )
463	-0.00000  	-0.00000  	-0.00001  	1.51297   	 (-0.00000  )
464	0.00000   	-0.00000  	0.00001   	1.51484   	 (0.00000   )
465	-0.00000  	0.00000   	-0.00000  	1.50305   	 (-0.00000  )
466	0.00000   	-0.00000  	0.00000   	1.85946   	 (-0.00000  )
467	0.00000   	0.00000   	0.00000   	1.44430   	 (0.00000   )
468	-0.00000  	0.00000   	-0.00000  	1.55476   	 (0.00000   )
469	0.00000   	-0.00000  	-0.00000  	1.09200   	 (0.00000   )
470	-0.00000  	0.00000   	-0.00000  	1.26031   	 (0.00000   )
471	0.00000   	0.00000   	0.00000   	1.17090   	 (0.00000   )
472	-0.00000  	0.00000   	0.00000   	1.80696   	 (0.00000   )
473	-0.00000  	0.00000   	-0.00001  	1.60008   	 (-0.00000  )
474	0.00000   	-0.00000  	0.00001   	1.59945   	 (-0.00000  )
475	-0.00000  	0.00000   	-0.00000  	1.69692   	 (-0.00000  )
476	0.00000   	-0.00000  	-0.00000  	1.53139   	 (-0.00000  )
477	-0.00000  	0.00000   	-0.00001  	1.78331   	 (0.00000   )
478	0.00000   	-0.00000  	0.00001   	1.78208   	 (-0.00000  )
479	0.00000   	0.00000   	0.00000   	1.88482   	 (-0.00000  )
480	0.00000   	-0.00000  	0.00000   	1.84773   	 (-0.00000  )
481	-0.00000  	0.00000   	0.00000   	1.27789   	 (-0.00000  )
482	-0.00000  	0.00000   	-0.00000  	1.78295   	 (-0.00000  )
483	0.00000   	-0.00000  	0.00000   	1.13370   	 (-0.00000  )
484	-0.00000  	0.00000   	-0.00000  	1.13544   	 (-0.00000  )
485	0.00000   	0.00000   	-0.00000  	1.69586   	 (-0.00000  )
486	0.00000   	-0.00000  	0.00000   	1.69595   	 (0.00000   )
487	-0.00000  	0.00000   	0.00000   	1.66177   	 (0.00000   )
488	0.00000   	-0.00000  	-0.00000  	1.66266   	 (-0.00000  )
489	0.00000   	-0.00000  	-0.00001  	1.67060   	 (0.00000   )
490	-0.00000  	0.00000   	0.00001   	1.67060   	 (-0.00000  )
491	0.00000   	-0.00000  	-0.00000  	1.36346   	 (-0.00000  )
492	0.00000   	0.00000   	-0.00000  	1.52963   	 (-0.00000  )
493	-0.00000  	-0.00000  	-0.00000  	1.29944   	 (-0.00000  )
494	-0.00000  	0.00000   	0.00000   	1.29958   	 (0.00000   )
495	0.00000   	0.00000   	-0.00000  	1.00562   	 (0.00000   )
496	0.00000   	-0.00000  	0.00000   	1.00609   	 (0.00000   )
497	0.00000   	-0.00000  	0.00000   	1.43806   	 (0.00000   )
498	-0.00000  	-0.00000  	-0.00000  	1.22794   	 (0.00000   )
499	-0.00000  	0.00000   	-0.00000  	1.88134   	 (0.00000   )
500	-0.00000  	-0.00000  	-0.00000  	0.98942   	 (0.00000   )
501	-0.00000  	0.00000   	-0.00000  	1.38328   	 (0.00000   )
502	0.00000   	-0.00000  	0.00000   	1.81553   	 (-0.00000  )
503	-0.00000  	0.00000   	-0.00000  	1.59795   	 (0.00000   )
504	-0.00000  	-0.00000  	0.00039   	1.67912   	 (-0.00000  )
505	0.00000   	0.00000   	-0.00039  	1.67897   	 (-0.00000  )
506	0.00000   	-0.00000  	0.00000   	1.88326   	 (-0.00000  )
507	0.00000   	0.00000   	0.00000   	1.26077   	 (0.00000   )
508	-0.00000  	-0.00000  	-0.00000  	1.61185   	 (0.00000   )
509	-0.00000  	0.00000   	0.00000   	1.80124   	 (-0.00000  )
510	-0.00000  	0.00000   	-0.00000  	1.06872   	 (0.00000   )
511	0.00000   	-0.00000  	-0.00000  	1.51946   	 (0.00000   )
512	-0.00000  	0.00000   	0.00000   	1.51973   	 (-0.00000  )
513	-0.00000  	0.00000   	0.00001   	1.53546   	 (-0.00000  )
514	0.00000   	-0.00000  	-0.00001  	1.53529   	 (0.00000   )
515	0.00000   	-0.00000  	0.00000   	1.60925   	 (-0.00000  )
516	0.00001   	-0.00001  	0.00000   	1.69292   	 (-0.00000  )
517	-0.00000  	0.00000   	0.00000   	1.61391   	 (-0.00000  )
518	-0.00001  	0.00001   	-0.00000  	1.61372   	 (-0.00000  )
519	-0.00000  	0.00000   	-0.00000  	1.29456   	 (-0.00000  )
520	0.00000   	0.00000   	-0.00006  	1.68667   	 (0.00000   )
521	0.00000   	-0.00000  	0.00006   	1.68647   	 (-0.00000  )
522	-0.00000  	-0.00000  	0.00000   	1.59321   	 (-0.00000  )
523	0.00000   	0.00000   	0.00000   	1.86442   	 (-0.00000  )
524	0.00000   	-0.00000  	0.00000   	0.97240   	 (0.00000   )
525	-0.00000  	0.00000   	-0.00000  	1.63685   	 (-0.00000  )
526	0.00000   	-0.00000  	-0.00000  	1.63682   	 (0.00000   )
527	-0.00000  	0.00000   	0.00000   	1.63729   	 (-0.00000  )
528	-0.00000  	0.00000   	0.00000   	0.92754   	 (0.00000   )
529	-0.00000  	0.00000   	0.00000   	1.76790   	 (0.00000   )
530	-0.00000  	-0.00000  	-0.00000  	1.76636   	 (0.00000   )
531	-0.00000  	0.00000   	0.00000   	0.90718   	 (0.00000   )
532	-0.00000  	0.00000   	-0.00000  	0.90708   	 (0.00000   )
533	0.00000   	0.00000   	-0.00000  	1.33607   	 (0.00000   )
534	-0.00000  	0.00000   	0.00000   	1.44790   	 (0.00000   )
535	-0.00000  	-0.00000  	-0.00000  	1.49311   	 (-0.00000  )
536	0.00000   	-0.00000  	0.00000   	1.49165   	 (-0.00000  )
537	-0.00000  	-0.00000  	-0.00000  	1.76918   	 (-0.00000  )
538	-0.00000  	0.00000   	0.00000   	1.31439   	 (0.00000   )
539	0.00000   	-0.00000  	-0.00000  	1.12942   	 (0.00000   )
540	-0.00000  	0.00000   	-0.00000  	1.36160   	 (0.00000   )
541	-0.00000  	0.00000   	-0.00004  	1.47448   	 (0.00000   )
542	0.00000   	-0.00000  	0.00004   	1.47358   	 (0.00000   )
543	-0.00000  	0.00000   	0.00000   	1.54289   	 (-0.00000  )
544	0.00000   	-0.00000  	0.00000   	1.44076   	 (0.00000   )
545	0.00000   	-0.00000  	-0.00000  	1.30819   	 (-0.00000  )
546	0.00000   	-0.00000  	-0.00000  	1.52317   	 (-0.00000  )
547	-0.00000  	0.00000   	0.00000   	1.77114   	 (-0.00000  )
548	-0.00000  	0.00000   	0.00000   	1.45016   	 (0.00000   )
549	0.00000   	0.00000   	-0.00000  	1.79932   	 (0.00000   )
550	0.00000   	0.00000   	-0.00001  	1.66833   	 (-0.00000  )
551	0.00000   	-0.00000  	0.00001   	1.66769   	 (0.00000   )
552	0.00000   	-0.00000  	0.00004   	1.73733   	 (-0.00000  )
553	-0.00000  	0.00000   	-0.00004  	1.73728   	 (-0.00000  )
554	-0.00000  	-0.00000  	-0.00000  	1.54720   	 (0.00000   )
555	0.00000   	-0.00000  	0.00000   	1.89299   	 (-0.00000  )
556	0.00000   	-0.00000  	0.00000   	1.13133   	 (0.00000   )
557	-0.00000  	0.00000   	0.00001   	1.19846   	 (0.00000   )
558	0.00000   	-0.00000  	-0.00001  	1.19898   	 (0.00000   )
559	0.00000   	-0.00000  	-0.00000  	1.43152   	 (0.00000   )
560	-0.00000  	0.00000   	0.00000   	1.43157   	 (0.00000   )
561	0.00000   	-0.00000  	-0.00000  	1.88115   	 (-0.00000  )
562	0.00000   	-0.00000  	-0.00000  	1.49644   	 (0.00000   )
563	0.00000   	0.00000   	-0.00000  	1.64670   	 (0.00000   )
564	0.00000   	-0.00000  	-0.00000  	1.58979   	 (0.00000   )
565	-0.00000  	0.00000   	0.00000   	1.48952   	 (0.00000   )
566	-0.00000  	0.00000   	-0.00001  	1.26351   	 (-0.00000  )
567	0.00000   	-0.00000  	0.00001   	1.26259   	 (0.00000   )
568	0.00000   	0.00000   	0.00000   	1.87914   	 (0.00000   )
569	-0.00000  	0.00001   	0.00003   	1.23432   	 (0.00000   )
570	0.00000   	-0.00001  	-0.00003  	1.23370   	 (0.00000   )
571	-0.00000  	0.00000   	0.00000   	1.21197   	 (-0.00000  )
572	0.00000   	0.00000   	-0.00000  	1.21174   	 (-0.00000  )
573	-0.00000  	0.00000   	0.00000   	1.46862   	 (0.00000   )
574	-0.00000  	0.00000   	-0.00002  	1.26544   	 (-0.00000  )
575	0.00000   	-0.00000  	0.00002   	1.26533   	 (0.00000   )
576	-0.00000  	0.00000   	-0.00000  	1.48073   	 (0.00000   )
577	-0.00000  	-0.00000  	-0.00000  	1.29046   	 (0.00000   )
578	-0.00000  	0.00000   	0.00000   	1.76920   	 (-0.00000  )
579	0.00000   	-0.00000  	-0.00029  	1.75430   	 (0.00000   )
580	-0.00000  	0.00000   	0.00029   	1.75445   	 (0.00000   )
581	0.00000   	-0.00000  	-0.00007  	1.80778   	 (0.00000   )
582	0.00000   	0.00000   	0.00007   	1.80766   	 (0.00000   )
583	-0.00000  	0.00000   	0.00000   	1.35049   	 (-0.00000  )
584	0.00000   	-0.00000  	-0.00000  	1.32422   	 (0.00000   )
585	0.00000   	0.00000   	0.00000   	1.58285   	 (0.00000   )
586	0.00000   	-0.00000  	-0.00000  	1.72102   	 (-0.00000  )
587	0.00000   	0.00000   	0.00000   	1.60292   	 (-0.00000  )
588	-0.00000  	0.00000   	0.00000   	1.89281   	 (-0.00000  )
589	-0.00000  	-0.00000  	-0.00001  	1.56657   	 (-0.00000  )
590	-0.00000  	-0.00000  	0.00001   	1.56700   	 (-0.00000  )
591	-0.00000  	0.00000   	0.00000   	1.83046   	 (-0.00000  )
592	0.00000   	-0.00000  	-0.00000  	1.59010   	 (0.00000   )
593	0.00000   	-0.00000  	-0.00000  	1.71677   	 (0.00000   )
594	0.00000   	0.00000   	-0.00000  	1.53146   	 (-0.00000  )
595	-0.00000  	0.00000   	0.00000   	1.75562   	 (-0.00000  )
596	-0.00000  	-0.00000  	-0.00000  	1.75568   	 (-0.00000  )
597	0.00000   	0.00000   	0.00000   	1.34426   	 (0.00000   )
598	-0.00000  	0.00000   	-0.00003  	1.29574   	 (0.00000   )
599	-0.00000  	-0.00000  	0.00003   	1.29950   	 (-0.00000  )
600	0.00000   	-0.00000  	0.00000   	1.11875   	 (0.00000   )
601	0.00000   	-0.00000  	-0.00000  	1.11405   	 (0.00000   )
602	-0.00000  	0.00000   	-0.00000  	1.31655   	 (0.00000   )
603	0.00000   	0.00000   	0.00000   	1.89031   	 (0.00000   )
604	0.00000   	-0.00000  	-0.00003  	1.40353   	 (-0.00000  )
605	-0.00000  	0.00000   	0.00004   	1.40344   	 (0.00000   )
606	0.00000   	-0.00000  	-0.00000  	1.74984   	 (-0.00000  )
607	-0.00000  	0.00000   	-0.00004  	1.47340   	 (-0.00000  )
608	0.00000   	-0.00000  	0.00004   	1.47282   	 (-0.00000  )
609	0.00000   	-0.00000  	0.00000   	1.51586   	 (-0.00000  )
610	-0.00000  	0.00000   	0.00001   	1.67760   	 (0.00000   )
611	-0.00000  	0.00000   	-0.00001  	1.67744   	 (0.00000   )
612	0.00000   	-0.00000  	0.00000   	0.85288   	 (-0.00000  )
613	0.00000   	-0.00000  	-0.00000  	1.36315   	 (0.00000   )
614	0.00000   	0.00000   	-0.00000  	0.93599   	 (-0.00000  )
615	-0.00000  	0.00000   	-0.00000  	1.17863   	 (0.00000   )
616	0.00000   	-0.00000  	-0.00009  	1.58279   	 (-0.00000  )
617	0.00000   	0.00000   	0.00009   	1.58276   	 (0.00000   )
618	0.00000   	-0.00000  	0.00000   	1.00717   	 (0.00000   )
619	-0.00000  	0.00000   	0.00010   	1.51670   	 (0.00000   )
620	0.00000   	-0.00000  	-0.00010  	1.51674   	 (0.00000   )
621	-0.00000  	-0.00000  	0.00000   	1.66126   	 (-0.00000  )
622	0.00000   	0.00000   	-0.00000  	1.78214   	 (-0.00000  )
623	-0.00000  	0.00000   	-0.00000  	1.19150   	 (0.00000   )
624	-0.00000  	0.00000   	0.00000   	1.85380   	 (0.00000   )
625	0.00000   	-0.00000  	-0.00000  	1.83608   	 (-0.00000  )
626	0.00000   	-0.00000  	0.00000   	1.70769   	 (0.00000   )
627	0.00000   	-0.00000  	-0.00005  	1.69693   	 (0.00000   )
628	-0.00000  	0.00000   	0.00005   	1.69645   	 (0.00000   )
629	-0.00000  	0.00000   	-0.00000  	1.56128   	 (0.00000   )
630	-0.00000  	-0.00000  	0.00000   	1.56034   	 (-0.00000  )
631	0.00000   	-0.00000  	-0.00000  	1.32664   	 (-0.00000  )
632	0.00000   	0.00000   	0.00000   	1.48922   	 (0.00000   )
633	0.00000   	-0.00000  	-0.00004  	1.65456   	 (-0.00000  )
634	0.00000   	0.00000   	0.00004   	1.65351   	 (0.00000   )
635	-0.00000  	-0.00000  	0.00000   	1.59984   	 (-0.00000  )
636	-0.00000  	0.00000   	0.00001   	1.48630   	 (-0.00000  )
637	0.00000   	-0.00000  	-0.00001  	1.48593   	 (-0.00000  )
638	0.00000   	0.00000   	-0.00001  	1.61907   	 (0.00000   )
639	0.00000   	-0.00000  	0.00001   	1.61885   	 (-0.00000  )
640	-0.00000  	0.00000   	0.00000   	1.30347   	 (0.00000   )
641	-0.00001  	0.00001   	-0.00011  	1.61043   	 (-0.00000  )
642	0.00001   	-0.00001  	0.00011   	1.59206   	 (0.00000   )
643	0.00000   	0.00000   	-0.00000  	1.33003   	 (0.00000   )
644	-0.00000  	-0.00000  	0.00000   	1.26660   	 (-0.00000  )
645	-0.00000  	0.00000   	-0.00000  	1.54580   	 (-0.00000  )
646	-0.00000  	-0.00000  	-0.00003  	1.57448   	 (-0.00000  )
647	-0.00000  	-0.00000  	0.00003   	1.57412   	 (0.00000   )
648	-0.00000  	-0.00000  	0.00000   	1.67418   	 (-0.00000  )
649	0.00000   	-0.00000  	-0.00002  	1.58148   	 (-0.00000  )
650	0.00000   	-0.00000  	0.00002   	1.58129   	 (0.00000   )
651	-0.00000  	0.00000   	-0.00000  	1.37000   	 (-0.00000  )
652	-0.00000  	0.00000   	0.00000   	1.41631   	 (0.00000   )
653	-0.00000  	0.00000   	0.00000   	1.09020   	 (-0.00000  )
654	0.00000   	-0.00000  	0.00002   	1.33952   	 (-0.00000  )
655	0.00000   	-0.00000  	-0.00002  	1.33957   	 (-0.00000  )
656	-0.00000  	0.00000   	-0.00000  	1.50498   	 (-0.00000  )
657	-0.00000  	0.00000   	0.00003   	1.52496   	 (-0.00000  )
658	-0.00000  	0.00000   	-0.00003  	1.52459   	 (-0.00000  )
659	0.00000   	-0.00000  	0.00000   	1.27410   	 (0.00000   )
660	0.00000   	-0.00000  	0.00000   	1.48964   	 (-0.00000  )
661	0.00000   	0.00000   	0.00000   	1.21746   	 (-0.00000  )
662	0.00000   	0.00000   	-0.00000  	1.35026   	 (-0.00000  )
663	0.00000   	0.00000   	0.00000   	1.34419   	 (0.00000   )
664	0.00000   	-0.00000  	0.00000   	1.10676   	 (-0.00000  )
665	0.00000   	-0.00000  	0.00000   	1.48421   	 (-0.00000  )
666	0.00000   	0.00000   	0.00000   	1.55149   	 (-0.00000  )
667	0.00000   	0.00000   	0.00000   	1.11450   	 (0.00000   )
668	-0.00000  	-0.00000  	-0.00004  	1.53855   	 (-0.00000  )
669	-0.00000  	0.00000   	0.00004   	1.53871   	 (-0.00000  )
670	0.00000   	-0.00000  	0.00000   	1.23902   	 (-0.00000  )
671	0.00000   	0.00000   	-0.00000  	1.36696   	 (-0.00000  )
672	-0.00000  	0.00000   	-0.00002  	1.53948   	 (-0.00000  )
673	-0.00000  	-0.00000  	0.00002   	1.53925   	 (0.00000   )
674	-0.00000  	-0.00000  	0.00000   	1.68038   	 (0.00000   )
675	-0.00000  	0.00000   	-0.00000  	1.68027   	 (0.00000   )
676	-0.00000  	-0.00000  	-0.00006  	1.72910   	 (0.00000   )
677	0.00000   	-0.00000  	0.00006   	1.72878   	 (-0.00000  )
678	-0.00000  	0.00000   	-0.00000  	0.87956   	 (0.00000   )
679	0.00000   	0.00000   	-0.00000  	1.41003   	 (0.00000   )
680	-0.00000  	0.00000   	-0.00000  	1.28055   	 (0.00000   )
681	0.00000   	-0.00000  	-0.00000  	1.01581   	 (0.00000   )
682	-0.00000  	0.00000   	0.00000   	1.76419   	 (-0.00000  )
683	-0.00000  	-0.00000  	0.00000   	1.69338   	 (-0.00000  )
684	-0.00000  	0.00000   	0.00027   	1.53568   	 (0.00000   )
685	0.00000   	-0.00000  	-0.00027  	1.53582   	 (0.00000   )
686	-0.00000  	0.00000   	-0.00000  	1.51620   	 (0.00000   )
687	0.00000   	-0.00000  	0.00000   	1.51626   	 (0.00000   )
688	0.00000   	-0.00000  	-0.00003  	1.65558   	 (0.00000   )
689	0.00000   	0.00000   	0.00003   	1.65643   	 (-0.00000  )
690	0.00000   	-0.00000  	-0.00000  	1.37952   	 (-0.00000  )
691	0.00000   	0.00000   	-0.00000  	1.76455   	 (-0.00000  )
692	0.00000   	-0.00000  	0.00000   	1.60655   	 (-0.00000  )
693	0.00000   	0.00000   	0.00000   	1.16689   	 (0.00000   )
694	-0.00000  	0.00000   	0.00002   	1.51037   	 (0.00000   )
695	0.00000   	-0.00000  	-0.00002  	1.51231   	 (-0.00000  )
696	-0.00000  	-0.00000  	0.00000   	1.28037   	 (0.00000   )
697	-0.00000  	0.00000   	-0.00000  	1.54496   	 (-0.00000  )
698	0.00000   	-0.00001  	-0.00020  	1.40951   	 (-0.00000  )
699	-0.00000  	0.00001   	0.00020   	1.40957   	 (-0.00000  )
700	-0.00000  	0.00000   	-0.00000  	1.65977   	 (-0.00000  )
701	0.00000   	0.00000   	-0.00000  	1.04930   	 (0.00000   )
702	-0.00000  	0.00000   	0.00006   	1.70964   	 (0.00000   )
703	-0.00000  	-0.00000  	-0.00006  	1.70947   	 (0.00000   )
704	-0.00000  	0.00000   	0.00000   	1.23109   	 (-0.00000  )
705	-0.00000  	0.00000   	-0.00000  	1.23104   	 (-0.00000  )
706	-0.00000  	0.00000   	-0.00000  	1.30895   	 (-0.00000  )
707	0.00000   	-0.00000  	0.00000   	1.22862   	 (0.00000   )
708	0.00000   	0.00000   	-0.00000  	1.71013   	 (0.00000   )
709	-0.00000  	-0.00000  	-0.00002  	1.58152   	 (-0.00000  )
710	0.00000   	0.00000   	0.00002   	1.58105   	 (-0.00000  )
711	-0.00000  	0.00000   	0.00000   	1.35139   	 (-0.00000  )
712	0.00000   	0.00000   	-0.00000  	1.45477   	 (-0.00000  )
713	0.00000   	-0.00000  	-0.00003  	1.34504   	 (-0.00000  )
714	-0.00000  	0.00000   	0.00003   	1.34735   	 (-0.00000  )
715	0.00000   	-0.00000  	-0.00001  	1.56800   	 (-0.00000  )
716	0.00000   	0.00000   	0.00001   	1.57048   	 (0.00000   )
717	0.00000   	0.00000   	0.00000   	1.58843   	 (0.00000   )
718	-0.00000  	0.00000   	-0.00000  	1.88279   	 (0.00000   )
719	-0.00000  	0.00000   	0.00000   	1.50856   	 (-0.00000  )
720	-0.00000  	0.00000   	0.00000   	1.51886   	 (-0.00000  )
721	-0.00000  	0.00000   	0.00000   	1.90415   	 (-0.00000  )
722	0.00000   	0.00000   	0.00004   	1.40954   	 (0.00000   )
723	0.00000   	0.00000   	-0.00004  	1.40935   	 (-0.00000  )
724	-0.00000  	-0.00000  	0.00000   	1.19811   	 (-0.00000  )
725	-0.00000  	0.00000   	-0.00000  	1.19811   	 (0.00000   )
726	0.00000   	0.00000   	-0.00000  	1.87607   	 (-0.00000  )
727	-0.00000  	0.00000   	0.00000   	1.70168   	 (0.00000   )
728	-0.00000  	-0.00000  	-0.00000  	1.38470   	 (0.00000   )
729	0.00000   	-0.00000  	-0.00119  	1.82073   	 (-0.00000  )
730	-0.00000  	0.00000   	0.00119   	1.82074   	 (-0.00000  )
731	-0.00000  	-0.00000  	-0.00000  	1.51570   	 (-0.00000  )
732	-0.00000  	-0.00000  	-0.00000  	1.71662   	 (0.00000   )
733	0.00000   	-0.00000  	0.00000   	0.94839   	 (0.00000   )
734	0.00000   	0.00000   	0.00003   	1.51964   	 (0.00000   )
735	0.00000   	0.00000   	-0.00003  	1.51879   	 (-0.00000  )
736	-0.00000  	-0.00001  	-0.00030  	1.75729   	 (-0.00000  )
737	-0.00000  	0.00001   	0.00030   	1.75639   	 (0.00000   )
738	0.00000   	-0.00000  	0.00000   	1.73140   	 (-0.00000  )
739	0.00000   	-0.00000  	0.00000   	1.50360   	 (-0.00000  )
740	0.00000   	0.00000   	-0.00013  	1.39175   	 (-0.00000  )
741	-0.00000  	-0.00000  	0.00013   	1.39185   	 (-0.00000  )
742	0.00000   	-0.00000  	0.00000   	1.59622   	 (-0.00000  )
743	0.00000   	-0.00000  	-0.00000  	1.59617   	 (-0.00000  )
744	0.00000   	-0.00000  	0.00000   	1.22352   	 (-0.00000  )
745	0.00000   	0.00000   	-0.00000  	1.07016   	 (0.00000   )
746	0.00000   	0.00000   	0.00000   	1.07004   	 (0.00000   )
747	-0.00000  	-0.00000  	-0.00000  	1.68438   	 (-0.00000  )
748	0.00000   	-0.00000  	-0.00008  	1.54345   	 (-0.00000  )
749	-0.00000  	0.00000   	0.00008   	1.54343   	 (-0.00000  )
750	0.00000   	0.00000   	0.00000   	1.39757   	 (0.00000   )
751	0.00000   	0.00000   	0.00000   	1.31521   	 (0.00000   )
752	-0.00000  	-0.00000  	-0.00000  	1.74022   	 (0.00000   )
753	-0.00000  	0.00000   	0.00099   	1.53409   	 (0.00000   )
754	0.00000   	-0.00000  	-0.00099  	1.53409   	 (-0.00000  )
755	0.00000   	0.00000   	0.00000   	1.27112   	 (-0.00000  )
756	0.00000   	0.00000   	-0.00000  	1.25612   	 (-0.00000  )
757	0.00000   	-0.00000  	-0.00000  	1.32095   	 (0.00000   )
758	0.00000   	-0.00000  	-0.00000  	1.76504   	 (0.00000   )
759	-0.00000  	0.00000   	0.00000   	1.68115   	 (0.00000   )
760	-0.00000  	0.00000   	0.00000   	1.33519   	 (0.00000   )
761	-0.00000  	0.00000   	0.00001   	1.28362   	 (-0.00000  )
762	-0.00000  	0.00000   	-0.00001  	1.29269   	 (0.00000   )
763	0.00000   	-0.00000  	-0.00000  	1.21778   	 (-0.00000  )
764	0.00000   	-0.00000  	-0.00000  	1.75346   	 (-0.00000  )
765	0.00000   	-0.00000  	0.00036   	1.31900   	 (0.00000   )
766	-0.00000  	0.00000   	-0.00036  	1.31900   	 (-0.00000  )
767	-0.00000  	0.00000   	0.00000   	1.76747   	 (0.00000   )
768	0.00000   	-0.00000  	-0.00000  	1.77620   	 (0.00000   )
769	0.00000   	-0.00000  	-0.00000  	1.32140   	 (-0.00000  )
770	0.00000   	-0.00000  	0.00000   	1.55536   	 (-0.00000  )
771	0.00000   	-0.00000  	-0.00000  	1.31315   	 (-0.00000  )
772	-0.00000  	0.00000   	0.00000   	1.31334   	 (0.00000   )
773	-0.00000  	0.00000   	-0.00000  	1.42946   	 (0.00000   )
774	-0.00000  	0.00000   	-0.00000  	1.44532   	 (0.00000   )
775	-0.00000  	0.00000   	-0.00000  	1.68041   	 (-0.00000  )
776	0.00000   	-0.00000  	0.00001   	1.37785   	 (-0.00000  )
777	0.00000   	-0.00000  	-0.00001  	1.37787   	 (-0.00000  )
778	-0.00000  	0.00000   	0.00000   	1.44276   	 (0.00000   )
779	0.00000   	0.00000   	-0.00000  	1.41051   	 (0.00000   )
780	-0.00000  	-0.00000  	0.00001   	1.40135   	 (0.00000   )
781	-0.00000  	-0.00000  	-0.00001  	1.62065   	 (0.00000   )
782	0.00000   	0.00000   	0.00004   	1.66388   	 (0.00000   )
783	0.00000   	-0.00000  	-0.00004  	1.66349   	 (-0.00000  )
784	-0.00000  	0.00000   	0.00000   	1.65673   	 (-0.00000  )
785	0.00000   	0.00000   	0.00000   	1.67868   	 (-0.00000  )
786	0.00000   	0.00000   	-0.00000  	1.08905   	 (0.00000   )
787	-0.00000  	0.00000   	0.00000   	1.08748   	 (-0.00000  )
788	-0.00000  	0.00000   	0.00000   	1.38350   	 (0.00000   )
789	-0.00000  	-0.00000  	-0.00000  	1.66773   	 (-0.00000  )
790	-0.00000  	0.00000   	0.00079   	1.52064   	 (0.00000   )
791	0.00000   	-0.00000  	-0.00079  	1.52056   	 (-0.00000  )
792	-0.00000  	0.00000   	0.00010   	1.59673   	 (0.00000   )
793	0.00000   	-0.00000  	-0.00010  	1.59673   	 (-0.00000  )
794	-0.00000  	-0.00000  	0.00000   	1.17378   	 (-0.00000  )
795	0.00000   	-0.00000  	-0.00000  	1.25190   	 (0.00000   )
796	0.00000   	-0.00000  	-0.00000  	1.65601   	 (0.00000   )
797	0.00000   	-0.00000  	0.00000   	0.87806   	 (0.00000   )
798	-0.00000  	0.00000   	-0.00000  	0.87778   	 (0.00000   )
799	0.00000   	-0.00000  	-0.00006  	1.76204   	 (0.00000   )
800	-0.00000  	0.00000   	0.00006   	1.76193   	 (-0.00000  )
801	0.00000   	0.00000   	0.00000   	1.48786   	 (0.00000   )
802	0.00000   	-0.00000  	-0.00000  	1.80880   	 (-0.00000  )
803	-0.00000  	0.00000   	0.00000   	1.70509   	 (-0.00000  )
804	0.00000   	-0.00000  	0.00054   	1.79739   	 (0.00000   )
805	0.00000   	0.00000   	-0.00054  	1.79738   	 (-0.00000  )
806	-0.00000  	0.00000   	0.00000   	1.31688   	 (-0.00000  )
807	-0.00000  	0.00000   	0.00004   	1.67913   	 (0.00000   )
808	0.00000   	0.00000   	-0.00004  	1.67850   	 (-0.00000  )
809	-0.00000  	0.00000   	0.00000   	1.48817   	 (-0.00000  )
810	-0.00000  	-0.00000  	-0.00005  	1.85760   	 (0.00000   )
811	0.00000   	0.00000   	0.00005   	1.85586   	 (0.00000   )
812	-0.00000  	-0.00000  	-0.00000  	0.67179   	 (0.00000   )
813	0.00000   	-0.00000  	0.00000   	1.51036   	 (-0.00000  )
814	-0.00000  	-0.00000  	0.00000   	1.61527   	 (0.00000   )
815	0.00000   	0.00000   	0.00006   	1.77166   	 (0.00000   )
816	0.00000   	-0.00000  	-0.00006  	1.77123   	 (0.00000   )
817	0.00000   	0.00000   	0.00000   	1.08649   	 (-0.00000  )
818	0.00000   	-0.00000  	-0.00013  	1.37217   	 (0.00000   )
819	-0.00000  	0.00000   	0.00013   	1.37256   	 (0.00000   )
820	-0.00000  	0.00000   	-0.00000  	1.42745   	 (-0.00000  )
821	0.00000   	-0.00000  	-0.00000  	1.37204   	 (0.00000   )
822	0.00000   	0.00000   	-0.00000  	1.70437   	 (0.00000   )
823	-0.00000  	0.00000   	-0.00000  	1.36624   	 (-0.00000  )
824	0.00000   	-0.00000  	0.00000   	1.06876   	 (-0.00000  )
825	-0.00000  	0.00000   	0.00012   	1.71746   	 (0.00000   )
826	0.00000   	-0.00000  	-0.00012  	1.71652   	 (-0.00000  )
827	-0.00000  	0.00000   	-0.00000  	1.13700   	 (0.00000   )
828	0.00000   	0.00000   	0.00013   	1.62548   	 (-0.00000  )
829	0.00000   	-0.00000  	-0.00013  	1.62542   	 (-0.00000  )
830	-0.00000  	0.00000   	0.00000   	1.21104   	 (0.00000   )
831	-0.00000  	0.00000   	-0.00000  	1.39838   	 (-0.00000  )
832	0.00000   	-0.00000  	-0.00001  	1.62584   	 (0.00000   )
833	-0.00000  	0.00000   	0.00001   	1.63068   	 (-0.00000  )
834	-0.00000  	-0.00000  	-0.00000  	1.61050   	 (-0.00000  )
835	0.00000   	-0.00000  	0.00000   	1.60479   	 (-0.00000  )
836	0.00000   	-0.00000  	-0.00000  	1.31266   	 (0.00000   )
837	0.00000   	0.00000   	0.00000   	1.34450   	 (0.00000   )
838	0.00000   	-0.00000  	-0.00005  	1.45970   	 (-0.00000  )
839	-0.00000  	0.00000   	0.00005   	1.45972   	 (0.00000   )
840	0.00000   	-0.00000  	-0.00000  	1.20321   	 (-0.00000  )
841	-0.00000  	0.00000   	-0.00001  	1.46603   	 (0.00000   )
842	0.00000   	-0.00000  	0.00001   	1.46565   	 (0.00000   )
843	-0.00000  	0.00000   	0.00000   	0.81218   	 (0.00000   )
844	0.00000   	-0.00000  	-0.00000  	1.26443   	 (-0.00000  )
845	-0.00000  	0.00000   	-0.00000  	1.26074   	 (-0.00000  )
846	-0.00000  	-0.00000  	-0.00000  	1.54763   	 (-0.00000  )
847	-0.00000  	-0.00000  	0.00000   	1.59222   	 (0.00000   )
848	0.00000   	-0.00000  	0.00000   	1.46855   	 (0.00000   )
849	-0.00000  	0.00000   	0.00000   	1.46573   	 (0.00000   )
850	-0.00000  	0.00000   	0.00000   	1.15625   	 (-0.00000  )
851	-0.00000  	0.00000   	0.00002   	1.71906   	 (0.00000   )
852	0.00000   	-0.00000  	-0.00002  	1.71892   	 (-0.00000  )
853	-0.00000  	0.00000   	0.00008   	1.68545   	 (-0.00000  )
854	-0.00000  	-0.00000  	-0.00008  	1.68542   	 (0.00000   )
855	0.00000   	-0.00000  	-0.00000  	1.78882   	 (-0.00000  )
856	-0.00000  	0.00000   	-0.00000  	1.47788   	 (0.00000   )
857	0.00000   	0.00000   	0.00000   	1.66219   	 (-0.00000  )
858	-0.00000  	0.00000   	0.00013   	1.64139   	 (0.00000   )
859	0.00000   	-0.00000  	-0.00013  	1.64121   	 (-0.00000  )
860	-0.00000  	0.00000   	0.00002   	1.50573   	 (-0.00000  )
861	0.00000   	-0.00000  	-0.00002  	1.50597   	 (0.00000   )
862	0.00000   	-0.00000  	-0.00000  	1.63098   	 (0.00000   )
863	-0.00000  	0.00000   	0.00000   	1.66003   	 (-0.00000  )
864	-0.00000  	0.00000   	0.00000   	1.73418   	 (-0.00000  )
865	0.00000   	-0.00000  	-0.00000  	1.50472   	 (0.00000   )
866	0.00000   	-0.00000  	-0.00000  	1.52224   	 (0.00000   )
867	-0.00000  	-0.00000  	0.00000   	1.51084   	 (-0.00000  )
868	-0.00000  	0.00000   	0.00000   	1.74687   	 (-0.00000  )
869	0.00000   	0.00000   	0.00000   	1.45764   	 (-0.00000  )
870	0.00000   	0.00000   	-0.00000  	1.45719   	 (0.00000   )
871	0.00000   	-0.00000  	0.00053   	1.56032   	 (0.00000   )
872	-0.00000  	0.00000   	-0.00053  	1.56004   	 (0.00000   )
873	-0.00000  	-0.00000  	-0.00000  	1.50915   	 (0.00000   )
874	0.00000   	0.00000   	-0.00000  	1.55779   	 (0.00000   )
875	0.00000   	-0.00000  	-0.00000  	1.27890   	 (0.00000   )
876	0.00000   	-0.00000  	0.00002   	1.35453   	 (0.00000   )
877	0.00000   	-0.00000  	-0.00002  	1.35473   	 (-0.00000  )
878	0.00000   	0.00000   	-0.00005  	1.27706   	 (-0.00000  )
879	0.00000   	-0.00000  	0.00005   	1.27717   	 (-0.00000  )
880	0.00000   	0.00000   	-0.00000  	1.38319   	 (-0.00000  )
881	-0.00000  	0.00000   	0.00000   	1.42801   	 (0.00000   )
882	0.00000   	0.00000   	-0.00000  	1.42770   	 (-0.00000  )
883	-0.00000  	-0.00000  	-0.00000  	1.71233   	 (0.00000   )
884	0.00000   	-0.00000  	0.00000   	1.75719   	 (0.00000   )
885	-0.00000  	0.00000   	-0.00000  	1.79433   	 (-0.00000  )
886	0.00000   	0.00000   	-0.00000  	0.95017   	 (-0.00000  )
887	0.00000   	0.00000   	0.00000   	0.95165   	 (-0.00000  )
888	-0.00000  	-0.00000  	-0.00000  	1.09430   	 (0.00000   )
889	-0.00000  	-0.00000  	-0.00000  	1.74355   	 (-0.00000  )
890	0.00000   	0.00000   	-0.00000  	0.78123   	 (0.00000   )
891	-0.00000  	-0.00000  	0.00000   	1.47720   	 (-0.00000  )
892	-0.00000  	0.00000   	0.00031   	1.69357   	 (-0.00000  )
893	0.00000   	-0.00000  	-0.00031  	1.69372   	 (-0.00000  )
894	0.00000   	-0.00000  	0.00000   	1.69756   	 (-0.00000  )
895	0.00000   	-0.00000  	0.00000   	1.48179   	 (0.00000   )
896	-0.00000  	-0.00000  	0.00000   	1.78563   	 (-0.00000  )
897	0.00000   	0.00000   	0.00000   	1.61127   	 (0.00000   )
898	0.00000   	-0.00000  	-0.00000  	1.61126   	 (0.00000   )
899	-0.00000  	0.00000   	-0.00001  	1.63151   	 (0.00000   )
900	-0.00000  	-0.00000  	0.00001   	1.63148   	 (0.00000   )
901	0.00000   	-0.00000  	0.00004   	1.65036   	 (0.00000   )
902	0.00000   	-0.00000  	-0.00004  	1.65029   	 (-0.00000  )
903	-0.00000  	0.00000   	0.00000   	1.46887   	 (0.00000   )
904	0.00000   	-0.00000  	0.00000   	1.50032   	 (-0.00000  )
905	-0.00000  	0.00000   	0.00000   	1.47200   	 (0.00000   )
906	0.00000   	-0.00000  	0.00001   	1.64328   	 (-0.00000  )
907	-0.00000  	0.00000   	-0.00001  	1.64289   	 (0.00000   )
908	0.00000   	-0.00000  	0.00000   	1.32320   	 (-0.00000  )
909	0.00000   	0.00000   	0.00000   	1.29061   	 (-0.00000  )
910	-0.00000  	0.00000   	-0.00002  	1.51983   	 (-0.00000  )
911	-0.00000  	-0.00000  	0.00002   	1.51888   	 (0.00000   )
912	-0.00000  	0.00000   	0.00017   	1.51743   	 (0.00000   )
913	0.00000   	-0.00000  	-0.00017  	1.51742   	 (-0.00000  )
914	-0.00000  	-0.00000  	0.00000   	1.64437   	 (0.00000   )
915	-0.00000  	0.00000   	0.00000   	1.42049   	 (-0.00000  )
916	0.00000   	-0.00000  	-0.00003  	1.32764   	 (0.00000   )
917	0.00000   	0.00000   	0.00003   	1.32818   	 (-0.00000  )
918	-0.00000  	0.00000   	-0.00000  	1.41988   	 (0.00000   )
919	-0.00000  	-0.00000  	-0.00000  	1.59465   	 (-0.00000  )
920	0.00000   	-0.00000  	0.00000   	1.22217   	 (-0.00000  )
921	0.00000   	0.00000   	-0.00000  	1.22215   	 (-0.00000  )
922	0.00000   	-0.00000  	-0.00000  	1.67089   	 (-0.00000  )
923	0.00000   	-0.00000  	0.00000   	1.28005   	 (0.00000   )
924	0.00000   	-0.00000  	0.00000   	1.62032   	 (-0.00000  )
925	0.00000   	-0.00000  	-0.00017  	1.48787   	 (-0.00000  )
926	-0.00000  	0.00000   	0.00017   	1.48745   	 (0.00000   )
927	-0.00000  	0.00000   	-0.00002  	1.36334   	 (-0.00000  )
928	-0.00000  	-0.00000  	0.00002   	1.36333   	 (-0.00000  )
929	-0.00000  	-0.00000  	-0.00000  	1.48314   	 (0.00000   )
930	0.00000   	-0.00000  	-0.00000  	1.42650   	 (-0.00000  )
931	0.00000   	0.00000   	0.00000   	1.53632   	 (-0.00000  )
932	-0.00000  	0.00000   	-0.00000  	1.64555   	 (-0.00000  )
933	-0.00000  	-0.00000  	-0.00032  	1.59281   	 (-0.00000  )
934	-0.00000  	0.00000   	0.00032   	1.59278   	 (0.00000   )
935	0.00000   	0.00000   	0.00000   	1.61277   	 (-0.00000  )
936	-0.00000  	0.00000   	-0.00000  	1.64045   	 (0.00000   )
937	-0.00000  	0.00000   	0.00001   	1.45817   	 (-0.00000  )
938	-0.00000  	-0.00000  	-0.00001  	1.45549   	 (-0.00000  )
939	-0.00000  	-0.00000  	0.00000   	1.72563   	 (-0.00000  )
940	-0.00000  	0.00000   	0.00000   	1.46760   	 (0.00000   )
941	0.00000   	-0.00000  	-0.00001  	1.44250   	 (-0.00000  )
942	0.00000   	0.00000   	0.00001   	1.44548   	 (-0.00000  )
943	-0.00000  	-0.00000  	-0.00000  	1.57324   	 (0.00000   )
944	0.00000   	-0.00000  	-0.00000  	1.28617   	 (0.00000   )
945	0.00000   	-0.00000  	0.00011   	1.51574   	 (-0.00000  )
946	0.00000   	0.00000   	-0.00011  	1.51569   	 (0.00000   )
947	-0.00000  	-0.00000  	-0.00000  	1.09291   	 (0.00000   )
948	-0.00000  	0.00000   	-0.00000  	1.41958   	 (-0.00000  )
949	-0.00000  	-0.00000  	-0.00000  	1.55840   	 (-0.00000  )
950	0.00000   	-0.00000  	-0.00000  	1.74637   	 (0.00000   )
951	-0.00000  	0.00000   	0.00006   	1.15060   	 (0.00000   )
952	0.00000   	-0.00000  	-0.00006  	1.15014   	 (-0.00000  )
953	0.00000   	0.00000   	0.00000   	0.82710   	 (-0.00000  )
954	0.00000   	-0.00000  	0.00044   	1.65793   	 (0.00000   )
955	-0.00000  	0.00000   	-0.00044  	1.65796   	 (-0.00000  )
956	-0.00000  	0.00000   	-0.00000  	1.51006   	 (-0.00000  )
957	0.00000   	-0.00000  	-0.00000  	1.56560   	 (-0.00000  )
958	0.00000   	-0.00000  	0.00000   	0.99946   	 (0.00000   )
959	-0.00000  	0.00000   	-0.00000  	0.90320   	 (0.00000   )
960	-0.00000  	0.00000   	0.00017   	1.61292   	 (0.00000   )
961	0.00000   	-0.00000  	-0.00017  	1.61298   	 (0.00000   )
962	-0.00000  	0.00000   	-0.00000  	1.67796   	 (0.00000   )
963	-0.00000  	-0.00000  	0.00000   	1.70959   	 (-0.00000  )
964	0.00000   	-0.00000  	-0.00000  	1.76468   	 (-0.00000  )
965	-0.00000  	0.00000   	-0.00006  	1.56078   	 (-0.00000  )
966	-0.00000  	-0.00000  	0.00006   	1.55912   	 (0.00000   )
967	-0.00001  	-0.00000  	0.00000   	1.51368   	 (-0.00000  )
968	0.00000   	0.00002   	-0.00011  	1.69883   	 (-0.00000  )
969	0.00001   	-0.00001  	0.00011   	1.69900   	 (0.00000   )
970	0.00000   	-0.00000  	0.00000   	1.32830   	 (-0.00000  )
971	-0.00001  	-0.00000  	0.00000   	1.82672   	 (0.00000   )
972	-0.00000  	0.00000   	-0.00000  	1.37262   	 (0.00000   )
973	-0.00001  	0.00001   	0.00738   	1.68671   	 (0.00000   )
974	0.00001   	-0.00001  	-0.00738  	1.68671   	 (-0.00000  )
975	-0.00000  	-0.00000  	-0.00000  	1.51478   	 (-0.00000  )
976	-0.00000  	0.00000   	0.00007   	1.68779   	 (-0.00000  )
977	-0.00000  	0.00000   	-0.00007  	1.68757   	 (0.00000   )
978	0.00000   	-0.00000  	0.00000   	1.29755   	 (0.00000   )
979	-0.00000  	-0.00000  	-0.00003  	1.47342   	 (0.00000   )
980	-0.00000  	-0.00000  	0.00003   	1.47328   	 (-0.00000  )
981	0.00000   	-0.00000  	-0.00000  	1.50561   	 (-0.00000  )
982	-0.00000  	0.00000   	0.00000   	1.70693   	 (-0.00000  )
983	0.00000   	0.00000   	0.00040   	1.58596   	 (0.00000   )
984	-0.00000  	-0.00000  	-0.00040  	1.58597   	 (-0.00000  )
985	-0.00000  	0.00000   	0.00108   	1.63431   	 (0.00000   )
986	0.00000   	-0.00000  	-0.00108  	1.63428   	 (0.00000   )
987	0.00000   	-0.00000  	-0.00000  	1.26646   	 (-0.00000  )
988	0.00000   	-0.00000  	-0.00000  	1.82236   	 (0.00000   )
989	0.00000   	-0.00000  	0.00000   	1.54867   	 (-0.00000  )
990	-0.00000  	0.00000   	-0.00000  	1.64486   	 (0.00000   )
991	0.00000   	-0.00000  	0.00000   	1.25522   	 (0.00000   )
992	0.00000   	-0.00000  	-0.00000  	1.57445   	 (0.00000   )
993	0.00000   	-0.00000  	0.00000   	1.18515   	 (0.00000   )
994	-0.00005  	0.00004   	0.00000   	1.41124   	 (0.00000   )
995	0.00001   	-0.00006  	-0.00001  	1.27384   	 (0.00000   )
996	0.00003   	0.00001   	0.00001   	1.35694   	 (0.00000   )
997	-0.00000  	0.00000   	0.00005   	1.56894   	 (-0.00000  )
998	0.00000   	-0.00000  	-0.00005  	1.56929   	 (0.00000   )
999	0.00000   	-0.00000  	-0.00135  	1.62011   	 (-0.00000  )
1000	-0.00000  	0.00000   	0.00135   	1.61982   	 (0.00000   )
1001	0.00000   	-0.00000  	-0.00000  	1.41714   	 (-0.00000  )
1002	0.00000   	0.00000   	0.00001   	1.67927   	 (0.00000   )
1003	0.00000   	-0.00000  	-0.00001  	1.67922   	 (-0.00000  )
1004	-0.00000  	-0.00000  	0.00000   	1.63558   	 (-0.00000  )
1005	0.00000   	-0.00000  	0.00000   	1.30436   	 (0.00000   )
1006	-0.00000  	-0.00000  	-0.00000  	1.68059   	 (-0.00000  )
1007	-0.00000  	0.00000   	-0.00000  	1.61180   	 (0.00000   )
1008	0.00000   	0.00000   	0.00007   	1.59911   	 (0.00000   )
1009	0.00000   	-0.00000  	-0.00007  	1.59833   	 (0.00000   )
1010	-0.00000  	0.00000   	0.00000   	1.40356   	 (-0.00000  )
1011	0.00000   	0.00000   	0.00000   	1.55212   	 (0.00000   )
1012	-0.00000  	-0.00000  	-0.00017  	1.81370   	 (0.00000   )
1013	-0.00000  	-0.00000  	0.00017   	1.81383   	 (-0.00000  )
1014	0.00001   	-0.00000  	0.00000   	1.29218   	 (0.00000   )
1015	-0.00000  	-0.00000  	0.00001   	1.36124   	 (-0.00000  )
1016	-0.00000  	0.00000   	-0.00001  	1.36105   	 (0.00000   )
1017	0.00000   	-0.00000  	-0.00000  	0.87789   	 (-0.00000  )
1018	-0.00000  	-0.00000  	-0.00000  	1.44292   	 (0.00000   )
1019	0.00000   	-0.00000  	0.00000   	0.88038   	 (0.00000   )
1020	0.00000   	-0.00000  	-0.00000  	1.73455   	 (-0.00000  )
1021	0.00000   	-0.00000  	-0.00000  	1.43620   	 (0.00000   )
1022	-0.00000  	0.00000   	0.00003   	1.24538   	 (-0.00000  )
1023	0.00000   	0.00000   	-0.00003  	1.24598   	 (-0.00000  )
1024	0.00000   	-0.00000  	0.00000   	1.51252   	 (-0.00000  )
1025	0.00000   	0.00000   	0.00000   	1.70623   	 (0.00000   )
1026	0.00012   	-0.00009  	-0.00003  	1.34987   	 (0.00000   )
1027	-0.00012  	0.00009   	0.00004   	1.37897   	 (-0.00000  )
1028	-0.00000  	0.00000   	-0.00001  	1.38047   	 (0.00000   )
1029	-0.00000  	0.00000   	0.00000   	1.35548   	 (0.00000   )
1030	-0.00000  	0.00000   	0.00000   	1.61026   	 (-0.00000  )
1031	0.00000   	-0.00000  	0.00008   	1.40314   	 (0.00000   )
1032	-0.00000  	0.00000   	-0.00008  	1.40304   	 (0.00000   )
1033	-0.00000  	0.00000   	0.00019   	1.60988   	 (-0.00000  )
1034	0.00000   	-0.00000  	-0.00019  	1.60988   	 (0.00000   )
1035	-0.00000  	-0.00000  	-0.00000  	1.78055   	 (-0.00000  )
1036	0.00000   	-0.00000  	-0.00000  	1.46005   	 (0.00000   )
1037	0.00000   	0.00000   	-0.00000  	1.48345   	 (-0.00000  )
1038	-0.00000  	0.00000   	0.00001   	1.11026   	 (-0.00000  )
1039	-0.00000  	-0.00000  	-0.00001  	1.11326   	 (0.00000   )
1040	-0.00002  	-0.00001  	0.00000   	1.49983   	 (-0.00000  )
1041	0.00001   	-0.00001  	-0.00030  	1.47976   	 (-0.00000  )
1042	0.00002   	0.00002   	0.00029   	1.47765   	 (0.00000   )
1043	-0.00000  	0.00000   	-0.00000  	1.71252   	 (-0.00000  )
1044	-0.00000  	0.00000   	0.00005   	1.44281   	 (-0.00000  )
1045	0.00000   	-0.00000  	-0.00005  	1.44302   	 (-0.00000  )
1046	-0.00000  	-0.00000  	-0.00000  	1.03794   	 (-0.00000  )
1047	0.00000   	-0.00000  	0.00000   	1.03661   	 (-0.00000  )
1048	0.00000   	0.00000   	-0.00000  	1.15037   	 (0.00000   )
1049	-0.00000  	0.00000   	0.00000   	1.18333   	 (-0.00000  )
1050	-0.00000  	0.00000   	-0.00000  	1.11135   	 (0.00000   )
1051	-0.00000  	0.00000   	0.00000   	1.13120   	 (-0.00000  )
1052	0.00000   	-0.00000  	0.00000   	1.50556   	 (0.00000   )
1053	0.00000   	-0.00000  	-0.00000  	1.54501   	 (-0.00000  )
1054	-0.00000  	-0.00000  	-0.00006  	1.40431   	 (0.00000   )
1055	-0.00000  	0.00000   	0.00006   	1.40561   	 (-0.00000  )
1056	-0.00000  	0.00000   	-0.00000  	1.47317   	 (-0.00000  )
1057	0.00000   	-0.00000  	0.00000   	1.79908   	 (-0.00000  )
1058	-0.00000  	0.00001   	-0.00065  	1.70933   	 (0.00000   )
1059	0.00000   	-0.00000  	0.00065   	1.70922   	 (0.00000   )
1060	-0.00000  	0.00000   	-0.00000  	1.73445   	 (-0.00000  )
1061	0.00000   	-0.00000  	-0.00009  	1.57980   	 (0.00000   )
1062	0.00000   	-0.00000  	0.00009   	1.58148   	 (-0.00000  )
1063	0.00007   	-0.00005  	0.00004   	1.72014   	 (0.00000   )
1064	0.00008   	-0.00014  	-0.00014  	1.66696   	 (-0.00000  )
1065	-0.00015  	0.00019   	0.00010   	1.68665   	 (0.00000   )
1066	0.00000   	-0.00000  	-0.00000  	1.65630   	 (-0.00000  )
1067	-0.00000  	0.00000   	0.00000   	1.44156   	 (0.00000   )
1068	0.00000   	0.00000   	-0.00000  	1.67215   	 (0.00000   )
1069	0.00000   	-0.00000  	-0.00000  	1.60087   	 (0.00000   )
1070	0.00000   	-0.00000  	0.00002   	1.71954   	 (0.00000   )
1071	0.00000   	-0.00000  	-0.00004  	1.71933   	 (0.00000   )
1072	0.00000   	0.00000   	0.00015   	1.71255   	 (0.00000   )
1073	-0.00001  	-0.00000  	-0.00014  	1.71138   	 (-0.00000  )
1074	0.00000   	-0.00000  	0.00000   	1.50625   	 (0.00000   )
1075	-0.00000  	-0.00001  	0.00001   	1.75256   	 (0.00000   )
1076	0.00000   	0.00000   	0.00000   	1.65088   	 (-0.00000  )
1077	0.00000   	0.00000   	-0.00001  	1.70988   	 (-0.00000  )
1078	0.00000   	-0.00000  	-0.00004  	1.39599   	 (-0.00000  )
1079	0.00000   	-0.00000  	0.00004   	1.39571   	 (0.00000   )
1080	-0.00000  	0.00000   	0.00000   	1.63580   	 (-0.00000  )
1081	0.00000   	0.00000   	-0.00081  	1.61033   	 (0.00000   )
1082	0.00000   	-0.00000  	0.00081   	1.61093   	 (0.00000   )
1083	0.00000   	-0.00000  	-0.00000  	1.59781   	 (-0.00000  )
1084	-0.00000  	0.00000   	0.00000   	1.45925   	 (0.00000   )
1085	-0.00000  	0.00000   	0.00000   	1.24520   	 (0.00000   )
1086	-0.00000  	0.00000   	-0.00000  	1.68586   	 (-0.00000  )
1087	-0.00000  	0.00000   	0.00000   	1.48776   	 (0.00000   )
1088	-0.00000  	-0.00000  	-0.00000  	1.48752   	 (0.00000   )
1089	0.00000   	-0.00000  	-0.00000  	1.27122   	 (0.00000   )
1090	0.00000   	0.00000   	-0.00000  	1.73754   	 (-0.00000  )
1091	-0.00000  	0.00000   	0.00004   	1.07708   	 (-0.00000  )
1092	0.00000   	0.00000   	-0.00004  	1.07738   	 (-0.00000  )
1093	0.00000   	-0.00000  	0.00000   	1.44088   	 (-0.00000  )
1094	-0.00000  	-0.00000  	0.00000   	1.81095   	 (0.00000   )
1095	-0.00000  	0.00000   	-0.00000  	1.72353   	 (-0.00000  )
1096	-0.00000  	0.00000   	-0.00000  	1.67640   	 (0.00000   )
1097	-0.00000  	0.00000   	0.00028   	1.31766   	 (-0.00000  )
1098	0.00000   	-0.00000  	-0.00028  	1.31807   	 (-0.00000  )
1099	0.00000   	-0.00000  	0.00000   	1.72615   	 (-0.00000  )
1100	0.00000   	0.00000   	0.00120   	1.65484   	 (0.00000   )
1101	0.00000   	-0.00000  	-0.00120  	1.65482   	 (-0.00000  )
1102	0.00001   	-0.00000  	-0.00000  	1.76395   	 (-0.00000  )
1103	0.00000   	-0.00001  	-0.00113  	1.72747   	 (0.00000   )
1104	-0.00000  	0.00000   	0.00113   	1.72731   	 (-0.00000  )
1105	-0.00001  	0.00001   	-0.00000  	1.69338   	 (0.00000   )
1106	-0.00000  	-0.00001  	0.00000   	1.69307   	 (0.00000   )
1107	0.00000   	0.00000   	0.00000   	1.27600   	 (-0.00000  )
1108	0.00001   	-0.00000  	-0.00000  	1.73089   	 (0.00000   )
1109	0.00001   	-0.00000  	-0.00000  	1.80707   	 (-0.00000  )
1110	-0.00001  	0.00000   	0.00000   	1.78647   	 (0.00000   )
1111	-0.00000  	0.00000   	0.00024   	1.32344   	 (-0.00000  )
1112	0.00000   	-0.00000  	-0.00024  	1.32346   	 (-0.00000  )
1113	-0.00001  	0.00000   	0.00006   	1.54816   	 (0.00000   )
1114	-0.00000  	0.00000   	-0.00006  	1.55009   	 (0.00000   )
1115	0.00000   	-0.00000  	-0.00007  	1.28136   	 (-0.00000  )
1116	-0.00000  	0.00000   	0.00007   	1.27968   	 (-0.00000  )
1117	0.00000   	0.00000   	0.00000   	1.34600   	 (0.00000   )
1118	0.00000   	-0.00000  	-0.00000  	1.55278   	 (-0.00000  )
1119	0.00000   	-0.00000  	0.00000   	0.98979   	 (-0.00000  )
1120	0.00000   	-0.00000  	0.00000   	1.61820   	 (0.00000   )
1121	-0.00000  	0.00000   	0.00000   	1.62897   	 (-0.00000  )
1122	0.00000   	0.00000   	-0.00000  	1.46562   	 (-0.00000  )
1123	0.00000   	0.00000   	0.00000   	1.17102   	 (0.00000   )
1124	0.00003   	-0.00005  	-0.02125  	1.74273   	 (0.00000   )
1125	-0.00003  	0.00005   	0.02125   	1.74279   	 (-0.00000  )
1126	-0.00001  	0.00001   	0.00165   	1.52337   	 (-0.00000  )
1127	0.00000   	-0.00001  	-0.00165  	1.52322   	 (0.00000   )
1128	0.00000   	-0.00000  	-0.00014  	1.24588   	 (-0.00000  )
1129	0.00000   	0.00000   	0.00014   	1.24523   	 (-0.00000  )
1130	-0.00000  	0.00000   	-0.00000  	1.75292   	 (-0.00000  )
1131	-0.00000  	-0.00000  	0.00000   	1.75813   	 (-0.00000  )
1132	-0.00000  	0.00000   	0.00000   	1.20458   	 (0.00000   )
1133	-0.00000  	0.00000   	0.00000   	0.71305   	 (0.00000   )
1134	-0.00000  	0.00000   	0.00036   	1.32727   	 (-0.00000  )
1135	-0.00000  	-0.00000  	-0.00036  	1.32731   	 (0.00000   )
1136	-0.00000  	-0.00000  	-0.00000  	1.23809   	 (-0.00000  )
1137	0.00000   	0.00000   	0.00000   	1.23765   	 (-0.00000  )
1138	0.00000   	0.00000   	-0.00000  	1.42742   	 (0.00000   )
1139	0.00000   	0.00000   	-0.00000  	1.53578   	 (0.00000   )
1140	0.00000   	0.00000   	-0.00000  	1.81966   	 (-0.00000  )
1141	0.00000   	-0.00000  	0.00000   	1.66990   	 (-0.00000  )
1142	0.00000   	-0.00000  	-0.00005  	1.43801   	 (0.00000   )
1143	0.00000   	0.00000   	0.00005   	1.43775   	 (-0.00000  )
1144	0.00000   	0.00000   	-0.00000  	1.15311   	 (0.00000   )
1145	-0.00000  	0.00000   	0.00045   	1.11929   	 (-0.00000  )
1146	0.00000   	-0.00000  	-0.00045  	1.11975   	 (-0.00000  )
1147	-0.00000  	0.00000   	-0.00000  	1.64313   	 (0.00000   )
1148	-0.00000  	0.00000   	0.00000   	1.32189   	 (0.00000   )
1149	-0.00000  	-0.00000  	-0.00000  	1.31472   	 (0.00000   )
1150	-0.00000  	0.00000   	0.00000   	1.35165   	 (-0.00000  )
1151	-0.00000  	0.00000   	0.00010   	0.94848   	 (-0.00000  )
1152	0.00000   	-0.00000  	-0.00010  	0.94919   	 (-0.00000  )
1153	0.00000   	0.00000   	0.00004   	1.36929   	 (-0.00000  )
1154	0.00000   	-0.00000  	-0.00004  	1.36931   	 (-0.00000  )
1155	-0.00000  	0.00000   	-0.00000  	1.17522   	 (0.00000   )
1156	-0.00003  	0.00002   	-0.00000  	1.76882   	 (-0.00000  )
1157	0.00002   	-0.00002  	0.00008   	1.48127   	 (0.00000   )
1158	0.00001   	-0.00000  	-0.00008  	1.48059   	 (-0.00000  )
1159	-0.00000  	0.00000   	-0.00000  	1.43138   	 (-0.00000  )
1160	-0.00000  	0.00000   	-0.00000  	1.70496   	 (0.00000   )
1161	-0.00000  	-0.00000  	0.00095   	1.50317   	 (0.00000   )
1162	-0.00000  	0.00000   	-0.00095  	1.50303   	 (-0.00000  )
1163	-0.00000  	-0.00000  	0.00000   	0.88610   	 (0.00000   )
1164	-0.00001  	0.00001   	0.00002   	1.55337   	 (0.00000   )
1165	-0.00000  	-0.00000  	-0.00002  	1.55321   	 (0.00000   )
1166	0.00001   	-0.00001  	0.00000   	1.49254   	 (-0.00000  )
1167	-0.00000  	0.00000   	0.00246   	1.66971   	 (0.00000   )
1168	0.00000   	-0.00000  	-0.00246  	1.66909   	 (-0.00000  )
1169	0.00000   	-0.00000  	0.00000   	1.47880   	 (-0.00000  )
1170	0.00000   	-0.00000  	-0.00001  	1.62537   	 (-0.00000  )
1171	0.00000   	-0.00000  	0.00001   	1.43106   	 (0.00000   )
1172	0.00000   	0.00000   	-0.00000  	1.73103   	 (0.00000   )
1173	0.00000   	-0.00000  	0.00000   	1.69602   	 (-0.00000  )
1174	0.00000   	0.00000   	0.00002   	1.08301   	 (-0.00000  )
1175	0.00000   	-0.00000  	-0.00002  	1.08228   	 (-0.00000  )
1176	-0.00000  	0.00000   	0.00000   	1.25314   	 (-0.00000  )
1177	-0.00000  	-0.00000  	-0.00000  	1.25319   	 (-0.00000  )
1178	-0.00000  	-0.00000  	0.00000   	1.55076   	 (0.00000   )
1179	0.00000   	-0.00000  	-0.00000  	1.84960   	 (-0.00000  )
1180	-0.00001  	0.00001   	-0.00000  	1.71740   	 (0.00000   )
1181	-0.00004  	0.00009   	0.01892   	1.76401   	 (0.00000   )
1182	0.00005   	-0.00010  	-0.01892  	1.76390   	 (-0.00000  )
1183	-0.00000  	-0.00000  	0.00011   	1.36719   	 (0.00000   )
1184	-0.00000  	0.00000   	-0.00011  	1.36728   	 (0.00000   )
1185	0.00000   	-0.00000  	0.00000   	1.15284   	 (0.00000   )
1186	-0.00002  	0.00005   	0.00700   	1.60674   	 (0.00000   )
1187	0.00001   	-0.00005  	-0.00700  	1.60662   	 (-0.00000  )
1188	-0.00000  	0.00000   	-0.00000  	1.65476   	 (-0.00000  )
1189	0.00000   	-0.00000  	0.00000   	1.63138   	 (0.00000   )
1190	0.00000   	-0.00000  	0.00013   	1.41910   	 (-0.00000  )
1191	-0.00000  	0.00000   	-0.00013  	1.41893   	 (0.00000   )
1192	0.00000   	0.00000   	-0.00000  	1.71043   	 (-0.00000  )
1193	-0.00001  	0.00001   	0.00000   	1.57967   	 (-0.00000  )
1194	0.00001   	-0.00001  	-0.00002  	1.55244   	 (0.00000   )
1195	0.00001   	0.00000   	0.00002   	1.55246   	 (0.00000   )
1196	-0.00000  	-0.00000  	-0.00000  	1.36840   	 (0.00000   )
1197	-0.00000  	0.00000   	0.00000   	1.65806   	 (-0.00000  )
1198	0.00000   	-0.00000  	-0.00000  	1.78998   	 (-0.00000  )
1199	-0.00000  	0.00000   	0.00000   	0.89149   	 (-0.00000  )
1200	0.00000   	-0.00000  	-0.00010  	1.71719   	 (-0.00000  )
1201	0.00000   	0.00000   	0.00010   	1.71713   	 (0.00000   )
1202	-0.00000  	0.00000   	0.00000   	0.77418   	 (0.00000   )
1203	-0.00000  	0.00000   	-0.00000  	1.77411   	 (-0.00000  )
1204	0.00000   	-0.00000  	0.00000   	1.55800   	 (0.00000   )
1205	-0.00000  	0.00000   	-0.00000  	1.25817   	 (-0.00000  )
1206	0.00000   	0.00000   	-0.00000  	1.74384   	 (-0.00000  )
1207	0.00001   	-0.00000  	0.00000   	1.71014   	 (-0.00000  )
1208	-0.00000  	-0.00000  	-0.00062  	1.76197   	 (0.00000   )
1209	-0.00001  	0.00001   	0.00062   	1.76180   	 (0.00000   )
1210	0.00000   	-0.00000  	-0.00000  	1.60272   	 (0.00000   )
1211	0.00000   	-0.00000  	0.00000   	1.60194   	 (0.00000   )
1212	0.00000   	-0.00000  	-0.00000  	1.72522   	 (-0.00000  )
1213	0.00000   	-0.00000  	0.00000   	0.88549   	 (0.00000   )
1214	0.00000   	-0.00000  	-0.00001  	1.77973   	 (-0.00000  )
1215	-0.00000  	-0.00000  	-0.00009  	1.22220   	 (-0.00000  )
1216	-0.00000  	0.00000   	0.00009   	1.22515   	 (-0.00000  )
1217	0.00000   	0.00000   	0.00001   	1.60808   	 (-0.00000  )
1218	0.00000   	0.00000   	0.00000   	1.46286   	 (0.00000   )
1219	0.00000   	-0.00000  	-0.00000  	1.61317   	 (0.00000   )
1220	0.00000   	-0.00000  	-0.00003  	1.07464   	 (-0.00000  )
1221	-0.00000  	-0.00000  	0.00003   	1.07178   	 (-0.00000  )
1222	0.00000   	0.00000   	-0.00000  	1.53893   	 (0.00000   )
1223	-0.00000  	0.00000   	-0.00000  	1.68922   	 (0.00000   )
1224	-0.00001  	0.00000   	0.00019   	1.54140   	 (0.00000   )
1225	-0.00000  	0.00000   	-0.00019  	1.54082   	 (0.00000   )
1226	0.00000   	-0.00000  	0.00000   	1.65723   	 (-0.00000  )
1227	0.00000   	0.00000   	-0.00003  	1.00046   	 (-0.00000  )
1228	0.00000   	-0.00000  	0.00003   	1.00039   	 (-0.00000  )
1229	-0.00000  	0.00000   	0.00000   	1.83218   	 (0.00000   )
1230	-0.00000  	0.00000   	-0.00000  	1.02721   	 (-0.00000  )
1231	0.00000   	-0.00000  	0.00000   	1.02734   	 (-0.00000  )
1232	-0.00000  	-0.00000  	0.00000   	1.58205   	 (-0.00000  )
1233	0.00000   	0.00000   	0.00028   	1.34176   	 (-0.00000  )
1234	-0.00000  	-0.00000  	-0.00028  	1.34167   	 (0.00000   )
1235	-0.00000  	-0.00000  	0.00002   	1.50475   	 (-0.00000  )
1236	-0.00001  	0.00001   	-0.00002  	1.78611   	 (-0.00000  )
1237	0.00001   	-0.00000  	-0.00058  	1.40190   	 (0.00000   )
1238	0.00000   	-0.00000  	0.00058   	1.40058   	 (0.00000   )
1239	-0.00000  	0.00000   	-0.00000  	1.43252   	 (-0.00000  )
1240	0.00000   	-0.00000  	0.00000   	0.79381   	 (-0.00000  )
1241	0.00001   	0.00000   	0.00000   	1.10610   	 (-0.00000  )
1242	-0.00004  	0.00004   	0.00485   	1.61241   	 (0.00000   )
1243	0.00003   	-0.00004  	-0.00485  	1.61283   	 (-0.00000  )
1244	-0.00001  	-0.00000  	0.00000   	1.46363   	 (0.00000   )
1245	0.00000   	0.00000   	-0.00044  	1.17822   	 (-0.00000  )
1246	-0.00000  	-0.00000  	0.00044   	1.17754   	 (-0.00000  )
1247	0.00000   	-0.00000  	-0.00000  	1.13979   	 (-0.00000  )
1248	0.00000   	-0.00000  	0.00002   	1.82136   	 (-0.00000  )
1249	0.00001   	-0.00000  	-0.00002  	1.59355   	 (-0.00000  )
1250	-0.00004  	0.00002   	-0.00000  	1.68828   	 (-0.00000  )
1251	0.00001   	0.00001   	-0.00038  	1.39408   	 (0.00000   )
1252	0.00002   	-0.00003  	0.00038   	1.39376   	 (-0.00000  )
1253	-0.00000  	0.00000   	0.00000   	1.81579   	 (-0.00000  )
1254	0.00000   	-0.00000  	-0.00000  	0.74348   	 (0.00000   )
1255	-0.00000  	0.00000   	-0.00000  	1.74183   	 (0.00000   )
1256	-0.00000  	0.00000   	-0.00000  	1.66802   	 (-0.00000  )
1257	-0.00000  	0.00001   	0.00112   	1.52578   	 (0.00000   )
1258	0.00000   	-0.00001  	-0.00112  	1.52574   	 (-0.00000  )
1259	0.00000   	-0.00000  	-0.00009  	0.78756   	 (-0.00000  )
1260	-0.00000  	0.00000   	0.00009   	0.78726   	 (-0.00000  )
1261	-0.00000  	0.00000   	0.00001   	1.63479   	 (0.00000   )
1262	-0.00000  	-0.00000  	-0.00001  	1.63473   	 (0.00000   )
1263	-0.00000  	0.00000   	-0.00000  	1.13638   	 (0.00000   )
1264	0.00000   	-0.00000  	0.00002   	1.81956   	 (0.00000   )
1265	-0.00000  	-0.00000  	-0.00002  	1.75106   	 (-0.00000  )
1266	-0.00001  	0.00001   	-0.00000  	1.82493   	 (-0.00000  )
1267	-0.00001  	0.00003   	0.00952   	1.70899   	 (-0.00000  )
1268	0.00002   	-0.00003  	-0.00952  	1.70896   	 (0.00000   )
1269	-0.00000  	0.00000   	-0.00000  	0.62564   	 (0.00000   )
1270	-0.00000  	0.00000   	0.00004   	0.71717   	 (-0.00000  )
1271	-0.00000  	0.00000   	-0.00004  	0.71734   	 (-0.00000  )
1272	-0.00004  	0.00001   	-0.00000  	1.78182   	 (0.00000   )
1273	0.00002   	-0.00001  	0.00208   	1.64314   	 (-0.00000  )
1274	0.00001   	-0.00000  	-0.00208  	1.64296   	 (0.00000   )
1275	-0.00000  	0.00000   	-0.00000  	0.65944   	 (-0.00000  )
