0	-0.00000  	-0.00000  	0.00000   	229.37237 	 (-0.00000  )
1	0.00000   	0.00000   	-0.00000  	229.64723 	 (-0.00000  )
2	0.00000   	-0.00000  	0.00000   	230.82489 	 (-0.00000  )
3	-0.00000  	0.00000   	-0.00000  	236.97202 	 (-0.00000  )
4	-0.00000  	0.00000   	0.00000   	224.58272 	 (-0.00000  )
5	-0.00000  	0.00000   	0.00000   	225.83775 	 (-0.00000  )
6	-0.00000  	-0.00000  	-0.00000  	301.28161 	 (0.00000   )
7	-0.00000  	0.00000   	0.00000   	232.08896 	 (-0.00000  )
8	0.00000   	-0.00000  	-0.00000  	234.43213 	 (0.00000   )
9	0.00000   	0.00000   	0.00000   	233.18301 	 (-0.00000  )
10	0.00000   	0.00000   	0.00000   	272.69643 	 (0.00000   )
11	-0.00000  	-0.00000  	-0.00000  	245.91488 	 (0.00000   )
12	-0.00000  	0.00000   	-0.00000  	251.63450 	 (0.00000   )
13	-0.00000  	-0.00000  	-0.00000  	282.23008 	 (-0.00000  )
14	-0.00000  	-0.00000  	0.00000   	265.44901 	 (0.00000   )
15	0.00000   	0.00000   	0.00000   	262.67689 	 (0.00000   )
16	-0.00000  	0.00000   	-0.00000  	271.19067 	 (0.00000   )
17	0.00000   	-0.00000  	0.00000   	272.42690 	 (-0.00000  )
18	-0.00000  	-0.00000  	-0.00000  	256.72195 	 (-0.00000  )
19	-0.00000  	-0.00000  	-0.00000  	307.81178 	 (0.00000   )
20	0.00000   	0.00000   	0.00000   	233.05817 	 (-0.00000  )
21	-0.00000  	-0.00000  	-0.00000  	234.82387 	 (-0.00000  )
22	-0.00000  	0.00000   	-0.00000  	237.59402 	 (-0.00000  )
23	0.00000   	0.00000   	0.00000   	232.10846 	 (-0.00000  )
24	-0.00000  	0.00000   	-0.00000  	233.93183 	 (-0.00000  )
25	-0.00000  	0.00000   	0.00000   	231.17024 	 (-0.00000  )
26	-0.00000  	0.00000   	0.00000   	228.52440 	 (-0.00000  )
27	-0.00000  	0.00000   	0.00000   	233.30325 	 (-0.00000  )
28	-0.00000  	-0.00000  	0.00000   	238.32380 	 (-0.00000  )
29	-0.00000  	-0.00000  	0.00000   	275.62645 	 (0.00000   )
30	-0.00000  	0.00000   	-0.00000  	273.06309 	 (0.00000   )
31	-0.00000  	0.00000   	-0.00000  	235.77753 	 (-0.00000  )
32	0.00000   	0.00000   	0.00000   	236.90013 	 (-0.00000  )
33	0.00000   	0.00000   	0.00000   	282.64079 	 (0.00000   )
34	-0.00000  	0.00000   	-0.00000  	283.84510 	 (0.00000   )
35	-0.00000  	-0.00000  	0.00000   	240.44572 	 (-0.00000  )
36	0.00000   	0.00000   	-0.00000  	252.61275 	 (0.00000   )
37	-0.00000  	-0.00000  	0.00000   	277.36743 	 (0.00000   )
38	-0.00000  	-0.00000  	0.00000   	280.45419 	 (0.00000   )
39	0.00000   	-0.00000  	0.00000   	266.74114 	 (0.00000   )
40	-0.00000  	-0.00000  	0.00000   	272.71191 	 (0.00000   )
41	-0.00000  	0.00000   	-0.00000  	243.07104 	 (0.00000   )
42	0.00000   	-0.00000  	-0.00000  	262.79092 	 (0.00000   )
43	0.00000   	-0.00000  	0.00000   	246.99968 	 (0.00000   )
44	-0.00000  	0.00000   	0.00000   	236.13939 	 (-0.00000  )
45	-0.00000  	0.00000   	-0.00000  	232.72185 	 (-0.00000  )
46	0.00000   	-0.00000  	0.00000   	266.50225 	 (0.00000   )
47	0.00000   	0.00000   	-0.00000  	261.20597 	 (0.00000   )
48	-0.00000  	-0.00000  	-0.00000  	297.37195 	 (0.00000   )
49	-0.00000  	-0.00000  	0.00000   	267.71926 	 (0.00000   )
50	-0.00000  	0.00000   	0.00000   	233.94095 	 (0.00000   )
51	0.00000   	-0.00000  	-0.00000  	248.80475 	 (0.00000   )
52	-0.00000  	0.00000   	0.00000   	244.89390 	 (-0.00000  )
53	0.00000   	0.00000   	0.00000   	231.59378 	 (-0.00000  )
54	0.00000   	0.00000   	-0.00000  	240.29684 	 (-0.00000  )
55	-0.00000  	-0.00000  	-0.00000  	247.18663 	 (0.00000   )
56	0.00000   	0.00000   	0.00000   	244.58741 	 (-0.00000  )
57	-0.00000  	-0.00000  	-0.00000  	250.76618 	 (-0.00000  )
58	0.00000   	0.00000   	0.00000   	237.80505 	 (-0.00000  )
59	0.00000   	-0.00000  	-0.00000  	258.50146 	 (-0.00000  )
60	-0.00000  	-0.00000  	0.00000   	259.85009 	 (-0.00000  )
61	-0.00000  	0.00000   	-0.00000  	254.95576 	 (-0.00000  )
62	0.00000   	-0.00000  	0.00000   	266.52254 	 (0.00000   )
63	0.00000   	-0.00000  	-0.00000  	261.18998 	 (-0.00000  )
64	-0.00000  	-0.00000  	0.00000   	252.33409 	 (-0.00000  )
65	-0.00000  	-0.00000  	0.00000   	239.65619 	 (-0.00000  )
66	0.00000   	0.00000   	0.00000   	248.38746 	 (0.00000   )
67	-0.00000  	-0.00000  	0.00000   	244.20646 	 (-0.00000  )
68	0.00000   	-0.00000  	-0.00000  	251.17460 	 (-0.00000  )
69	0.00000   	-0.00000  	0.00000   	266.09483 	 (-0.00000  )
70	-0.00000  	0.00000   	-0.00000  	257.20553 	 (-0.00000  )
71	-0.00000  	0.00000   	-0.00000  	269.22170 	 (0.00000   )
72	0.00000   	0.00000   	0.00000   	249.98044 	 (-0.00000  )
73	0.00000   	-0.00000  	0.00000   	274.65271 	 (0.00000   )
74	-0.00000  	-0.00000  	-0.00000  	272.00346 	 (0.00000   )
75	0.00000   	0.00000   	0.00000   	270.59009 	 (0.00000   )
76	-0.00000  	-0.00000  	0.00000   	242.72011 	 (-0.00000  )
77	0.00000   	0.00000   	-0.00000  	275.43812 	 (0.00000   )
78	-0.00000  	-0.00000  	-0.00000  	272.57880 	 (0.00000   )
79	0.00000   	0.00000   	0.00000   	240.57650 	 (0.00000   )
80	0.00000   	0.00000   	0.00000   	278.15604 	 (0.00000   )
81	0.00000   	-0.00000  	0.00000   	276.80075 	 (0.00000   )
82	-0.00000  	-0.00000  	0.00000   	280.12797 	 (-0.00000  )
83	-0.00000  	-0.00000  	-0.00000  	275.50897 	 (0.00000   )
84	0.00000   	-0.00000  	0.00000   	240.17119 	 (-0.00000  )
85	0.00000   	0.00000   	-0.00000  	247.54756 	 (-0.00000  )
86	-0.00000  	-0.00000  	-0.00000  	241.77419 	 (-0.00000  )
87	-0.00000  	-0.00000  	-0.00000  	239.05879 	 (-0.00000  )
88	-0.00000  	-0.00000  	0.00000   	237.06057 	 (-0.00000  )
89	0.00000   	0.00000   	-0.00000  	234.94208 	 (-0.00000  )
90	-0.00000  	-0.00000  	0.00000   	237.09427 	 (-0.00000  )
91	0.00000   	-0.00000  	0.00000   	270.02224 	 (-0.00000  )
92	0.00000   	-0.00000  	-0.00000  	275.35228 	 (-0.00000  )
93	-0.00000  	-0.00000  	0.00000   	252.11682 	 (0.00000   )
94	-0.00000  	-0.00000  	0.00000   	285.96283 	 (0.00000   )
95	0.00000   	0.00000   	-0.00000  	291.18859 	 (-0.00000  )
96	0.00000   	0.00000   	0.00000   	283.74617 	 (0.00000   )
97	-0.00000  	-0.00000  	-0.00000  	262.94323 	 (0.00000   )
98	-0.00000  	0.00000   	0.00000   	283.29667 	 (0.00000   )
99	0.00000   	-0.00000  	0.00000   	272.77343 	 (0.00000   )
100	0.00000   	-0.00000  	0.00000   	281.86500 	 (0.00000   )
101	-0.00000  	-0.00000  	0.00000   	236.39698 	 (-0.00000  )
102	-0.00000  	-0.00000  	-0.00000  	277.85382 	 (0.00000   )
103	-0.00000  	-0.00000  	-0.00000  	255.65236 	 (0.00000   )
104	-0.00000  	-0.00000  	0.00000   	252.11000 	 (-0.00000  )
105	0.00000   	0.00000   	0.00000   	254.98230 	 (0.00000   )
106	-0.00000  	0.00000   	-0.00000  	255.49907 	 (-0.00000  )
107	-0.00000  	-0.00000  	-0.00000  	276.81586 	 (0.00000   )
108	0.00000   	-0.00000  	0.00000   	259.33399 	 (-0.00000  )
109	-0.00000  	0.00000   	-0.00000  	248.82734 	 (-0.00000  )
110	-0.00000  	0.00000   	-0.00000  	281.27427 	 (0.00000   )
111	-0.00000  	-0.00000  	-0.00000  	267.89963 	 (-0.00000  )
112	0.00000   	-0.00000  	-0.00000  	268.76188 	 (0.00000   )
113	-0.00000  	-0.00000  	0.00000   	239.57795 	 (-0.00000  )
114	-0.00000  	0.00000   	-0.00000  	244.43097 	 (-0.00000  )
115	0.00000   	0.00000   	-0.00000  	237.18101 	 (-0.00000  )
116	-0.00000  	-0.00000  	0.00000   	256.39909 	 (0.00000   )
117	-0.00000  	0.00000   	0.00000   	244.07620 	 (-0.00000  )
118	0.00000   	0.00000   	0.00000   	242.98989 	 (0.00000   )
119	-0.00000  	-0.00000  	-0.00000  	248.00067 	 (0.00000   )
120	0.00000   	-0.00000  	0.00000   	255.02876 	 (-0.00000  )
121	-0.00000  	-0.00000  	0.00000   	251.72631 	 (-0.00000  )
122	0.00000   	0.00000   	-0.00000  	255.96050 	 (0.00000   )
123	-0.00000  	-0.00000  	-0.00000  	262.38904 	 (0.00000   )
124	0.00000   	0.00000   	0.00000   	249.88478 	 (-0.00000  )
125	-0.00000  	-0.00000  	-0.00000  	253.78203 	 (0.00000   )
126	0.00000   	-0.00000  	0.00000   	266.24995 	 (0.00000   )
127	-0.00000  	0.00000   	-0.00000  	263.38395 	 (0.00000   )
128	0.00000   	0.00000   	0.00000   	300.12883 	 (0.00000   )
129	0.00000   	0.00000   	-0.00000  	249.87755 	 (-0.00000  )
130	-0.00000  	0.00000   	-0.00000  	299.57751 	 (0.00000   )
131	0.00000   	0.00000   	-0.00000  	262.52350 	 (-0.00000  )
132	-0.00000  	-0.00000  	-0.00000  	255.69611 	 (0.00000   )
133	-0.00000  	-0.00000  	0.00000   	259.91753 	 (-0.00000  )
134	-0.00000  	-0.00000  	0.00000   	299.44208 	 (-0.00000  )
135	-0.00000  	0.00000   	-0.00000  	261.05495 	 (0.00000   )
136	0.00000   	0.00000   	-0.00000  	249.60224 	 (-0.00000  )
137	0.00000   	0.00000   	-0.00000  	300.08067 	 (0.00000   )
138	0.00000   	-0.00000  	0.00000   	261.75733 	 (-0.00000  )
139	-0.00000  	-0.00000  	0.00000   	242.78179 	 (-0.00000  )
140	-0.00000  	0.00000   	0.00000   	247.79808 	 (0.00000   )
141	-0.00000  	-0.00000  	0.00000   	230.58124 	 (-0.00000  )
142	-0.00000  	-0.00000  	-0.00000  	268.10794 	 (-0.00000  )
143	-0.00000  	-0.00000  	-0.00000  	260.45452 	 (-0.00000  )
144	0.00000   	-0.00000  	-0.00000  	249.85516 	 (0.00000   )
145	0.00000   	0.00000   	0.00000   	249.94873 	 (-0.00000  )
146	0.00000   	0.00000   	0.00000   	244.33432 	 (0.00000   )
147	-0.00000  	-0.00000  	0.00000   	242.32015 	 (-0.00000  )
148	-0.00000  	-0.00000  	-0.00000  	224.28733 	 (-0.00000  )
149	-0.00000  	-0.00000  	0.00000   	252.37169 	 (-0.00000  )
150	0.00002   	0.00001   	0.00000   	261.92110 	 (-0.00000  )
151	-0.00001  	-0.00001  	-0.00000  	251.87503 	 (-0.00000  )
152	-0.00000  	-0.00000  	-0.00000  	239.52319 	 (-0.00000  )
153	-0.00000  	0.00000   	0.00000   	254.06619 	 (-0.00000  )
154	-0.00000  	-0.00000  	-0.00000  	258.06890 	 (-0.00000  )
155	0.00000   	-0.00000  	0.00000   	262.90392 	 (-0.00000  )
156	-0.00000  	0.00000   	0.00000   	259.46149 	 (0.00000   )
157	-0.00000  	-0.00000  	-0.00000  	254.42986 	 (0.00000   )
158	0.00000   	0.00000   	-0.00000  	244.41455 	 (-0.00000  )
159	-0.00000  	-0.00000  	-0.00000  	256.67176 	 (-0.00000  )
160	0.00000   	-0.00000  	-0.00000  	262.61830 	 (-0.00000  )
161	-0.00000  	-0.00000  	0.00000   	246.44758 	 (-0.00000  )
162	0.00000   	-0.00000  	-0.00000  	260.60792 	 (0.00000   )
163	-0.00000  	-0.00000  	0.00000   	261.57789 	 (-0.00000  )
164	-0.00000  	-0.00000  	-0.00000  	262.10803 	 (0.00000   )
165	0.00000   	-0.00000  	-0.00000  	262.94532 	 (0.00000   )
166	0.00000   	0.00000   	-0.00000  	254.62078 	 (-0.00000  )
167	-0.00000  	0.00000   	0.00000   	265.42282 	 (0.00000   )
168	0.00000   	-0.00000  	-0.00000  	255.26412 	 (-0.00000  )
169	-0.00000  	-0.00000  	-0.00000  	268.74722 	 (0.00000   )
170	-0.00000  	0.00000   	-0.00000  	260.68911 	 (-0.00000  )
171	0.00000   	-0.00000  	-0.00000  	264.63129 	 (-0.00000  )
172	-0.00000  	0.00000   	0.00000   	259.39148 	 (-0.00000  )
173	-0.00000  	-0.00000  	-0.00000  	262.43867 	 (-0.00000  )
174	-0.00000  	-0.00000  	-0.00000  	262.82881 	 (-0.00000  )
175	-0.00000  	-0.00000  	-0.00000  	265.32576 	 (-0.00000  )
176	-0.00000  	0.00000   	0.00000   	268.11470 	 (0.00000   )
177	-0.00000  	-0.00000  	-0.00000  	262.78347 	 (0.00000   )
178	-0.00000  	-0.00000  	-0.00000  	272.09460 	 (0.00000   )
179	0.00000   	0.00000   	-0.00000  	265.18345 	 (-0.00000  )
180	-0.00000  	-0.00000  	-0.00000  	269.22020 	 (-0.00000  )
181	0.00000   	0.00000   	0.00000   	275.16645 	 (0.00000   )
182	-0.00000  	-0.00000  	0.00000   	271.49741 	 (-0.00000  )
183	0.00000   	0.00000   	-0.00000  	274.12460 	 (0.00000   )
184	-0.00000  	-0.00000  	0.00000   	271.21376 	 (0.00000   )
185	0.00000   	0.00000   	-0.00000  	265.71787 	 (0.00000   )
186	-0.00000  	-0.00000  	-0.00000  	266.41227 	 (-0.00000  )
187	-0.00000  	-0.00000  	-0.00000  	261.68624 	 (0.00000   )
188	0.00000   	-0.00000  	0.00000   	269.03151 	 (0.00000   )
189	-0.00000  	-0.00000  	-0.00000  	269.06793 	 (0.00000   )
190	-0.00000  	-0.00000  	0.00000   	251.27070 	 (-0.00000  )
191	0.00000   	0.00000   	0.00000   	247.50548 	 (-0.00000  )
192	-0.00000  	-0.00000  	-0.00000  	284.84542 	 (0.00000   )
193	-0.00000  	0.00000   	0.00000   	276.49800 	 (0.00000   )
194	0.00000   	-0.00000  	-0.00000  	275.45766 	 (-0.00000  )
195	-0.00000  	-0.00000  	-0.00000  	255.33999 	 (0.00000   )
196	0.00000   	0.00000   	0.00000   	280.96510 	 (0.00000   )
197	-0.00000  	-0.00000  	0.00000   	237.86437 	 (0.00000   )
198	-0.00000  	0.00000   	0.00000   	282.57478 	 (0.00000   )
199	-0.00000  	-0.00000  	-0.00000  	280.81690 	 (-0.00000  )
200	0.00000   	-0.00000  	0.00000   	236.09783 	 (-0.00000  )
201	-0.00000  	-0.00000  	-0.00000  	289.80649 	 (-0.00000  )
202	-0.00000  	-0.00000  	-0.00000  	237.13800 	 (0.00000   )
203	-0.00000  	0.00000   	-0.00000  	240.08248 	 (-0.00000  )
204	-0.00000  	-0.00000  	0.00000   	265.96472 	 (0.00000   )
205	0.00000   	0.00000   	-0.00000  	262.08177 	 (-0.00000  )
206	-0.00000  	0.00000   	-0.00000  	299.36684 	 (0.00000   )
207	-0.00000  	-0.00000  	0.00000   	250.33242 	 (-0.00000  )
208	-0.00000  	-0.00000  	0.00000   	249.70694 	 (0.00000   )
209	0.00000   	0.00000   	-0.00000  	243.74446 	 (0.00000   )
210	-0.00000  	0.00000   	-0.00000  	291.85391 	 (-0.00000  )
211	-0.00000  	-0.00000  	0.00000   	242.73148 	 (-0.00000  )
212	0.00000   	-0.00000  	0.00000   	294.98968 	 (0.00000   )
213	0.00000   	-0.00000  	-0.00000  	283.81149 	 (-0.00000  )
214	-0.00000  	-0.00000  	-0.00000  	251.41227 	 (0.00000   )
215	-0.00000  	-0.00000  	-0.00000  	284.61015 	 (-0.00000  )
216	0.00000   	-0.00000  	0.00000   	251.96839 	 (0.00000   )
217	-0.00000  	-0.00000  	-0.00000  	289.92250 	 (-0.00000  )
218	0.00000   	0.00000   	-0.00000  	239.83175 	 (0.00000   )
219	0.00000   	-0.00000  	0.00000   	239.49359 	 (-0.00000  )
220	-0.00000  	0.00000   	-0.00000  	283.26582 	 (0.00000   )
221	-0.00000  	-0.00000  	-0.00000  	242.66822 	 (-0.00000  )
222	0.00000   	-0.00001  	0.00000   	250.13142 	 (-0.00000  )
223	-0.00000  	0.00000   	-0.00000  	252.72688 	 (-0.00000  )
224	0.00000   	-0.00000  	0.00000   	239.70482 	 (0.00000   )
225	-0.00000  	0.00000   	-0.00000  	244.82754 	 (-0.00000  )
226	-0.00000  	-0.00000  	-0.00000  	239.88067 	 (0.00000   )
227	0.00001   	-0.00001  	-0.00000  	243.77825 	 (-0.00000  )
228	-0.00001  	0.00001   	0.00000   	243.99751 	 (0.00000   )
229	0.00000   	0.00000   	0.00000   	237.55364 	 (-0.00000  )
230	-0.00000  	-0.00000  	0.00000   	234.38710 	 (-0.00000  )
231	0.00000   	-0.00000  	-0.00000  	249.85069 	 (-0.00000  )
232	-0.00000  	0.00000   	-0.00000  	245.00748 	 (0.00000   )
233	0.00000   	-0.00000  	0.00000   	235.78589 	 (-0.00000  )
234	-0.00000  	-0.00000  	-0.00000  	255.96470 	 (0.00000   )
235	0.00000   	0.00000   	-0.00000  	242.10840 	 (0.00000   )
236	0.00000   	-0.00000  	-0.00000  	244.44365 	 (-0.00000  )
237	-0.00000  	0.00000   	-0.00000  	252.64000 	 (-0.00000  )
238	0.00000   	-0.00000  	0.00000   	250.51752 	 (-0.00000  )
239	-0.00000  	-0.00000  	-0.00000  	316.19859 	 (0.00000   )
240	-0.00000  	0.00000   	0.00000   	315.32645 	 (0.00000   )
241	-0.00000  	-0.00000  	0.00000   	246.48588 	 (0.00000   )
242	0.00000   	-0.00000  	-0.00000  	257.38345 	 (-0.00000  )
243	0.00000   	0.00000   	0.00000   	244.09475 	 (-0.00000  )
244	0.00000   	0.00000   	-0.00000  	312.69382 	 (0.00000   )
245	0.00000   	-0.00000  	-0.00000  	245.45897 	 (-0.00000  )
246	-0.00000  	-0.00000  	0.00000   	310.14193 	 (-0.00000  )
247	-0.00000  	-0.00000  	0.00000   	241.87443 	 (0.00000   )
248	0.00000   	0.00000   	-0.00000  	247.84794 	 (0.00000   )
249	-0.00000  	-0.00000  	-0.00000  	299.58497 	 (0.00000   )
250	-0.00000  	-0.00000  	0.00000   	242.71626 	 (0.00000   )
251	-0.00000  	-0.00000  	0.00000   	256.07581 	 (0.00000   )
252	0.00000   	0.00000   	-0.00000  	247.44399 	 (-0.00000  )
253	-0.00000  	0.00000   	-0.00000  	250.84637 	 (-0.00000  )
254	-0.00000  	-0.00000  	0.00000   	297.70341 	 (-0.00000  )
255	-0.00000  	-0.00000  	0.00000   	250.33615 	 (0.00000   )
256	0.00000   	0.00000   	-0.00000  	297.68695 	 (-0.00000  )
257	0.00000   	-0.00000  	-0.00000  	250.15381 	 (-0.00000  )
258	0.00000   	-0.00000  	-0.00000  	264.85133 	 (0.00000   )
259	-0.00000  	-0.00000  	0.00000   	243.29028 	 (-0.00000  )
260	-0.00000  	-0.00000  	-0.00000  	299.49757 	 (0.00000   )
261	-0.00000  	-0.00000  	-0.00000  	247.99324 	 (-0.00000  )
262	0.00000   	0.00000   	0.00000   	260.20671 	 (-0.00000  )
263	0.00000   	-0.00000  	0.00000   	294.96051 	 (-0.00000  )
264	-0.00000  	0.00000   	-0.00000  	254.39867 	 (-0.00000  )
265	0.00000   	0.00000   	-0.00000  	294.84293 	 (-0.00000  )
266	-0.00000  	-0.00000  	-0.00000  	262.35673 	 (-0.00000  )
267	-0.00000  	-0.00000  	-0.00000  	271.55702 	 (-0.00000  )
268	-0.00000  	-0.00000  	0.00000   	262.66875 	 (0.00000   )
269	-0.00000  	-0.00000  	-0.00000  	263.51201 	 (0.00000   )
270	-0.00000  	-0.00000  	0.00000   	283.81965 	 (0.00000   )
271	-0.00000  	0.00001   	-0.00001  	263.97965 	 (-0.00000  )
272	0.00000   	-0.00001  	0.00001   	270.36565 	 (0.00000   )
273	0.00000   	-0.00000  	0.00000   	267.99603 	 (0.00000   )
274	0.00000   	-0.00000  	-0.00000  	241.14540 	 (-0.00000  )
275	-0.00000  	-0.00000  	-0.00000  	273.27618 	 (0.00000   )
276	0.00000   	-0.00000  	-0.00000  	270.94417 	 (-0.00000  )
277	0.00000   	0.00000   	-0.00000  	276.58092 	 (-0.00000  )
278	0.00000   	-0.00000  	-0.00000  	265.89500 	 (-0.00000  )
279	-0.00000  	0.00000   	0.00000   	263.56528 	 (-0.00000  )
280	-0.00000  	-0.00000  	0.00000   	243.78546 	 (0.00000   )
281	-0.00000  	-0.00000  	-0.00000  	278.74421 	 (0.00000   )
282	-0.00000  	-0.00000  	0.00000   	273.14468 	 (0.00000   )
283	-0.00000  	-0.00000  	-0.00000  	268.10131 	 (0.00000   )
284	-0.00000  	-0.00000  	-0.00000  	263.95682 	 (0.00000   )
285	-0.00000  	0.00000   	0.00000   	268.25711 	 (-0.00000  )
286	-0.00000  	0.00000   	0.00000   	280.20253 	 (0.00000   )
287	-0.00000  	0.00000   	-0.00000  	265.08548 	 (0.00000   )
288	-0.00000  	-0.00000  	-0.00000  	240.45610 	 (-0.00000  )
289	-0.00000  	-0.00000  	0.00000   	241.13566 	 (-0.00000  )
290	0.00000   	0.00000   	-0.00000  	277.94253 	 (0.00000   )
291	-0.00000  	0.00000   	0.00000   	256.74980 	 (0.00000   )
292	-0.00000  	-0.00000  	0.00000   	267.12170 	 (0.00000   )
293	-0.00000  	-0.00000  	0.00000   	227.92203 	 (-0.00000  )
294	-0.00000  	0.00000   	-0.00000  	266.90491 	 (0.00000   )
295	-0.00000  	-0.00000  	0.00000   	277.42110 	 (-0.00000  )
296	-0.00000  	0.00000   	0.00000   	261.66045 	 (-0.00000  )
297	0.00000   	-0.00000  	0.00000   	247.94952 	 (-0.00000  )
298	-0.00000  	-0.00000  	-0.00000  	239.44623 	 (0.00000   )
299	-0.00000  	-0.00000  	0.00000   	273.58953 	 (-0.00000  )
300	0.00000   	-0.00000  	-0.00000  	282.43165 	 (-0.00000  )
301	-0.00000  	-0.00000  	0.00000   	275.57403 	 (0.00000   )
302	0.00000   	0.00000   	0.00000   	287.88049 	 (-0.00000  )
303	-0.00000  	0.00000   	0.00000   	278.11832 	 (-0.00000  )
304	0.00000   	-0.00000  	0.00000   	268.66134 	 (-0.00000  )
305	0.00000   	0.00000   	0.00000   	276.54269 	 (0.00000   )
306	-0.00000  	0.00000   	-0.00000  	276.03099 	 (0.00000   )
307	0.00000   	-0.00000  	0.00000   	273.89461 	 (0.00000   )
308	0.00000   	-0.00000  	-0.00000  	279.85635 	 (0.00000   )
309	0.00000   	0.00000   	-0.00000  	263.49099 	 (-0.00000  )
310	-0.00000  	0.00000   	-0.00000  	266.97453 	 (0.00000   )
311	-0.00000  	-0.00000  	-0.00000  	219.76023 	 (-0.00000  )
312	-0.00000  	-0.00000  	-0.00000  	280.40343 	 (-0.00000  )
313	-0.00000  	-0.00000  	0.00000   	276.55940 	 (-0.00000  )
314	0.00000   	0.00000   	0.00000   	265.02080 	 (-0.00000  )
315	0.00000   	0.00000   	-0.00000  	279.68925 	 (0.00000   )
316	-0.00000  	0.00000   	-0.00000  	275.89153 	 (0.00000   )
317	0.00000   	-0.00000  	0.00000   	276.54567 	 (0.00000   )
318	-0.00000  	0.00000   	-0.00000  	275.87960 	 (-0.00000  )
319	-0.00000  	-0.00000  	0.00000   	268.63350 	 (0.00000   )
320	0.00000   	-0.00000  	-0.00000  	268.32009 	 (-0.00000  )
321	-0.00000  	-0.00000  	-0.00000  	228.44392 	 (-0.00000  )
322	-0.00000  	-0.00000  	0.00000   	276.52262 	 (0.00000   )
323	-0.00000  	0.00000   	-0.00000  	270.85331 	 (-0.00000  )
324	0.00000   	-0.00000  	-0.00000  	274.78132 	 (0.00000   )
325	-0.00000  	0.00000   	-0.00000  	281.05297 	 (0.00000   )
326	-0.00000  	-0.00000  	0.00000   	262.64241 	 (-0.00000  )
327	-0.00000  	-0.00000  	0.00000   	244.40647 	 (0.00000   )
328	0.00000   	-0.00000  	-0.00000  	268.59452 	 (-0.00000  )
329	-0.00000  	-0.00000  	-0.00000  	247.28843 	 (-0.00000  )
330	0.00000   	0.00000   	0.00000   	272.23928 	 (0.00000   )
331	-0.00000  	-0.00000  	-0.00000  	260.17999 	 (-0.00000  )
332	-0.00000  	-0.00000  	0.00000   	249.37739 	 (0.00000   )
333	0.00000   	0.00000   	-0.00000  	262.95163 	 (0.00000   )
334	-0.00000  	-0.00000  	0.00000   	249.34496 	 (-0.00000  )
335	-0.00000  	0.00000   	0.00000   	285.78728 	 (0.00000   )
336	-0.00000  	-0.00000  	0.00000   	245.28328 	 (0.00000   )
337	-0.00000  	-0.00000  	-0.00000  	263.54799 	 (-0.00000  )
338	0.00000   	-0.00000  	0.00000   	267.97591 	 (0.00000   )
339	0.00000   	-0.00000  	-0.00000  	248.60440 	 (0.00000   )
340	-0.00000  	0.00000   	-0.00000  	258.93145 	 (0.00000   )
341	0.00000   	0.00000   	-0.00000  	249.99340 	 (-0.00000  )
342	0.00000   	0.00000   	-0.00000  	262.53254 	 (0.00000   )
343	-0.00000  	0.00000   	0.00000   	271.29083 	 (0.00000   )
344	-0.00000  	-0.00000  	0.00000   	247.72116 	 (0.00000   )
345	-0.00000  	-0.00000  	0.00000   	238.23783 	 (-0.00000  )
346	0.00000   	0.00000   	-0.00000  	249.88220 	 (0.00000   )
347	-0.00000  	-0.00000  	0.00000   	251.37468 	 (-0.00000  )
348	-0.00000  	-0.00000  	0.00000   	251.29293 	 (-0.00000  )
349	-0.00000  	0.00000   	-0.00000  	250.34519 	 (0.00000   )
350	0.00000   	0.00000   	-0.00000  	247.85127 	 (-0.00000  )
351	-0.00000  	-0.00000  	0.00000   	246.71333 	 (0.00000   )
352	-0.00001  	-0.00001  	0.00000   	240.43006 	 (0.00000   )
353	-0.00000  	-0.00000  	-0.00000  	241.64813 	 (0.00000   )
354	0.00000   	0.00000   	0.00000   	242.46985 	 (0.00000   )
355	0.00000   	-0.00000  	-0.00000  	231.86506 	 (0.00000   )
356	0.00000   	-0.00000  	0.00000   	249.43388 	 (0.00000   )
357	-0.00001  	-0.00000  	0.00000   	240.89735 	 (-0.00000  )
358	0.00000   	-0.00000  	-0.00000  	241.02678 	 (-0.00000  )
359	0.00001   	0.00000   	0.00000   	233.54187 	 (-0.00000  )
360	0.00000   	-0.00000  	0.00001   	231.59065 	 (-0.00000  )
361	-0.00000  	0.00000   	-0.00000  	233.63047 	 (-0.00000  )
362	-0.00000  	-0.00000  	-0.00001  	233.17490 	 (-0.00000  )
363	0.00000   	0.00000   	-0.00000  	245.39356 	 (-0.00000  )
364	-0.00000  	-0.00000  	0.00000   	269.72096 	 (0.00000   )
365	-0.00000  	-0.00000  	-0.00000  	283.65992 	 (0.00000   )
366	-0.00000  	0.00000   	0.00000   	233.68228 	 (-0.00000  )
367	0.00000   	-0.00000  	-0.00000  	244.64600 	 (-0.00000  )
368	-0.00000  	-0.00000  	-0.00000  	287.58304 	 (0.00000   )
369	0.00000   	0.00000   	0.00000   	287.52844 	 (0.00000   )
370	-0.00000  	-0.00000  	0.00000   	249.33332 	 (0.00000   )
371	-0.00000  	-0.00000  	0.00000   	285.61030 	 (0.00000   )
372	-0.00000  	-0.00000  	0.00000   	248.39995 	 (-0.00000  )
373	0.00000   	0.00000   	-0.00000  	291.22087 	 (-0.00000  )
374	-0.00000  	-0.00000  	-0.00000  	250.82832 	 (-0.00000  )
375	0.00000   	0.00000   	-0.00000  	296.20405 	 (0.00000   )
376	-0.00000  	0.00000   	0.00000   	293.40545 	 (0.00000   )
377	0.00000   	-0.00000  	-0.00000  	247.50572 	 (0.00000   )
378	0.00000   	-0.00000  	-0.00000  	263.72860 	 (-0.00000  )
379	-0.00000  	-0.00000  	0.00000   	253.60694 	 (-0.00000  )
380	0.00000   	-0.00000  	-0.00000  	301.11331 	 (-0.00000  )
381	-0.00000  	-0.00000  	-0.00000  	248.88891 	 (0.00000   )
382	-0.00000  	-0.00000  	-0.00000  	258.07153 	 (-0.00000  )
383	-0.00000  	-0.00000  	0.00000   	291.20982 	 (-0.00000  )
384	0.00000   	0.00000   	0.00000   	269.60702 	 (-0.00000  )
385	-0.00000  	-0.00000  	-0.00000  	251.82782 	 (-0.00000  )
386	-0.00000  	-0.00000  	-0.00000  	298.03330 	 (0.00000   )
387	0.00000   	-0.00000  	0.00000   	270.44981 	 (-0.00000  )
388	0.00000   	-0.00000  	0.00000   	296.66595 	 (-0.00000  )
389	-0.00000  	0.00000   	-0.00000  	266.80620 	 (0.00000   )
390	-0.00000  	-0.00000  	0.00000   	267.11214 	 (0.00000   )
391	0.00000   	-0.00000  	0.00000   	291.45011 	 (0.00000   )
392	-0.00000  	-0.00000  	-0.00000  	275.85292 	 (0.00000   )
393	0.00000   	0.00000   	0.00000   	257.41644 	 (-0.00000  )
394	-0.00000  	0.00000   	0.00000   	292.02106 	 (0.00000   )
395	-0.00001  	-0.00000  	0.00000   	256.87829 	 (-0.00000  )
396	-0.00000  	-0.00000  	-0.00000  	267.66962 	 (0.00000   )
397	0.00000   	-0.00000  	-0.00000  	287.66107 	 (-0.00000  )
398	-0.00000  	-0.00001  	-0.00000  	267.82526 	 (0.00000   )
399	0.00000   	-0.00000  	0.00000   	275.22235 	 (0.00000   )
400	0.00000   	0.00000   	-0.00000  	271.77977 	 (0.00000   )
401	0.00000   	0.00000   	-0.00000  	262.06445 	 (-0.00000  )
402	0.00000   	-0.00000  	0.00000   	262.00510 	 (0.00000   )
403	-0.00000  	-0.00000  	0.00000   	294.86959 	 (0.00000   )
404	-0.00000  	0.00000   	-0.00000  	257.60166 	 (-0.00000  )
405	0.00000   	-0.00000  	-0.00000  	299.31542 	 (0.00000   )
406	-0.00000  	-0.00000  	-0.00000  	243.67427 	 (0.00000   )
407	0.00000   	0.00000   	-0.00000  	288.39117 	 (0.00000   )
408	0.00001   	-0.00000  	0.00000   	246.67023 	 (0.00000   )
409	-0.00001  	0.00000   	-0.00000  	249.54507 	 (0.00000   )
410	-0.00000  	-0.00000  	-0.00000  	289.42879 	 (-0.00000  )
411	-0.00000  	-0.00000  	0.00000   	246.57306 	 (0.00000   )
412	-0.00000  	-0.00000  	0.00000   	250.82508 	 (-0.00000  )
413	-0.00000  	0.00000   	-0.00000  	296.70544 	 (0.00000   )
414	-0.00000  	-0.00000  	-0.00000  	285.73511 	 (-0.00000  )
415	0.00000   	-0.00000  	0.00000   	267.77082 	 (0.00000   )
416	-0.00000  	-0.00000  	-0.00000  	267.50626 	 (0.00000   )
417	0.00000   	-0.00000  	-0.00000  	263.85616 	 (0.00000   )
418	-0.00000  	-0.00000  	0.00000   	261.11670 	 (0.00000   )
419	-0.00000  	0.00000   	-0.00000  	292.79207 	 (0.00000   )
420	-0.00000  	-0.00000  	-0.00000  	275.15720 	 (0.00000   )
421	0.00000   	0.00000   	-0.00000  	241.12621 	 (0.00000   )
422	0.00000   	0.00000   	-0.00000  	266.40252 	 (-0.00000  )
423	0.00000   	0.00000   	0.00000   	256.21149 	 (-0.00000  )
424	-0.00000  	-0.00000  	-0.00000  	268.41765 	 (-0.00000  )
425	-0.00000  	-0.00000  	0.00000   	290.85228 	 (-0.00000  )
426	0.00000   	-0.00000  	-0.00000  	251.84432 	 (-0.00000  )
427	-0.00000  	-0.00000  	-0.00000  	277.16488 	 (-0.00000  )
428	0.00000   	-0.00000  	-0.00000  	268.01689 	 (0.00000   )
429	0.00000   	0.00000   	0.00000   	275.35608 	 (0.00000   )
430	0.00000   	-0.00000  	-0.00000  	283.38750 	 (-0.00000  )
431	-0.00000  	-0.00000  	0.00000   	240.27474 	 (0.00000   )
432	0.00000   	0.00000   	0.00000   	271.35886 	 (-0.00000  )
433	-0.00001  	-0.00001  	-0.00001  	276.22967 	 (0.00000   )
434	0.00001   	0.00000   	0.00001   	269.48309 	 (-0.00000  )
435	-0.00000  	0.00000   	-0.00000  	250.52611 	 (0.00000   )
436	-0.00000  	-0.00000  	0.00000   	261.42473 	 (0.00000   )
437	-0.00000  	-0.00000  	0.00000   	262.36867 	 (0.00000   )
438	-0.00000  	-0.00000  	0.00000   	276.86562 	 (0.00000   )
439	-0.00000  	0.00000   	0.00000   	281.51713 	 (-0.00000  )
440	-0.00000  	-0.00000  	0.00000   	264.32342 	 (-0.00000  )
441	-0.00000  	-0.00000  	-0.00000  	269.81562 	 (-0.00000  )
442	0.00000   	-0.00000  	-0.00000  	282.00572 	 (-0.00000  )
443	-0.00000  	-0.00000  	0.00000   	272.86791 	 (-0.00000  )
444	-0.00000  	-0.00000  	0.00000   	274.82117 	 (-0.00000  )
445	-0.00000  	-0.00000  	-0.00000  	240.87796 	 (-0.00000  )
446	-0.00000  	-0.00000  	-0.00000  	265.70510 	 (-0.00000  )
447	-0.00000  	0.00000   	0.00000   	265.47665 	 (0.00000   )
448	-0.00000  	-0.00000  	0.00000   	266.39215 	 (-0.00000  )
449	0.00000   	0.00000   	-0.00001  	263.43751 	 (0.00000   )
450	0.00000   	-0.00000  	-0.00000  	277.81408 	 (-0.00000  )
451	-0.00000  	-0.00000  	-0.00000  	262.04193 	 (-0.00000  )
452	-0.00000  	0.00000   	0.00000   	236.91813 	 (-0.00000  )
453	-0.00000  	0.00000   	0.00000   	264.09194 	 (0.00000   )
454	-0.00000  	-0.00000  	-0.00000  	264.20167 	 (-0.00000  )
455	-0.00000  	-0.00000  	0.00000   	270.74566 	 (0.00000   )
456	-0.00000  	0.00000   	0.00000   	263.55080 	 (0.00000   )
457	0.00000   	0.00000   	-0.00000  	241.52428 	 (0.00000   )
458	-0.00000  	-0.00000  	-0.00000  	266.02229 	 (-0.00000  )
459	-0.00000  	-0.00000  	0.00000   	257.96956 	 (0.00000   )
460	-0.00000  	0.00000   	-0.00000  	250.01804 	 (0.00000   )
461	0.00000   	0.00000   	-0.00000  	252.05449 	 (0.00000   )
462	-0.00000  	-0.00000  	0.00000   	251.49221 	 (-0.00000  )
463	0.00000   	0.00000   	-0.00000  	242.73543 	 (0.00000   )
464	-0.00000  	-0.00000  	-0.00000  	245.56666 	 (-0.00000  )
465	0.00000   	0.00000   	-0.00000  	259.42976 	 (-0.00000  )
466	-0.00000  	0.00000   	0.00000   	235.40005 	 (-0.00000  )
467	0.00000   	0.00000   	-0.00000  	257.31453 	 (0.00000   )
468	0.00000   	0.00000   	0.00000   	262.82423 	 (0.00000   )
469	0.00000   	-0.00000  	0.00000   	252.67289 	 (-0.00000  )
470	-0.00000  	-0.00000  	-0.00000  	236.84449 	 (-0.00000  )
471	0.00000   	-0.00000  	0.00000   	262.26395 	 (0.00000   )
472	-0.00000  	-0.00000  	0.00000   	258.88247 	 (0.00000   )
473	-0.00000  	0.00000   	-0.00000  	258.49454 	 (-0.00000  )
474	0.00000   	0.00000   	-0.00000  	254.73945 	 (-0.00000  )
475	-0.00000  	-0.00000  	0.00000   	253.12875 	 (0.00000   )
476	-0.00000  	-0.00000  	0.00000   	271.74816 	 (0.00000   )
477	0.00000   	0.00000   	-0.00000  	263.01441 	 (0.00000   )
478	0.00000   	-0.00000  	-0.00000  	265.71150 	 (0.00000   )
479	-0.00000  	-0.00000  	0.00000   	262.53635 	 (0.00000   )
480	-0.00000  	-0.00000  	0.00000   	244.41444 	 (0.00000   )
481	0.00000   	-0.00000  	-0.00000  	240.50952 	 (0.00000   )
482	0.00000   	-0.00000  	0.00000   	256.01462 	 (0.00000   )
483	-0.00000  	-0.00000  	-0.00000  	260.25548 	 (0.00000   )
484	-0.00000  	-0.00000  	-0.00000  	234.80780 	 (0.00000   )
485	-0.00000  	0.00000   	0.00000   	247.49597 	 (0.00000   )
486	-0.00000  	-0.00000  	0.00000   	257.59018 	 (0.00000   )
487	0.00000   	0.00000   	0.00000   	240.64792 	 (-0.00000  )
488	-0.00000  	-0.00000  	-0.00000  	248.41947 	 (-0.00000  )
489	-0.00000  	-0.00000  	0.00000   	235.07086 	 (-0.00000  )
490	-0.00000  	0.00000   	0.00000   	276.10781 	 (0.00000   )
491	0.00000   	-0.00000  	-0.00000  	270.52956 	 (-0.00000  )
492	-0.00000  	0.00000   	-0.00000  	256.78528 	 (0.00000   )
493	-0.00000  	-0.00000  	0.00000   	273.44549 	 (0.00000   )
494	-0.00000  	-0.00000  	0.00000   	266.41857 	 (-0.00000  )
495	0.00000   	-0.00000  	-0.00000  	260.10889 	 (0.00000   )
496	0.00000   	-0.00000  	-0.00000  	232.24508 	 (-0.00000  )
497	-0.00000  	-0.00000  	0.00000   	277.78686 	 (0.00000   )
498	-0.00000  	-0.00000  	0.00000   	232.54566 	 (-0.00000  )
499	0.00000   	0.00000   	0.00000   	273.54277 	 (-0.00000  )
500	-0.00000  	-0.00000  	0.00000   	272.13564 	 (0.00000   )
501	0.00000   	0.00000   	0.00000   	273.86108 	 (0.00000   )
502	-0.00000  	-0.00000  	0.00000   	249.39200 	 (-0.00000  )
503	0.00000   	-0.00000  	-0.00000  	273.25076 	 (0.00000   )
504	-0.00000  	-0.00001  	-0.00000  	275.49124 	 (-0.00000  )
505	0.00001   	0.00000   	-0.00001  	281.10003 	 (-0.00000  )
506	-0.00001  	-0.00000  	0.00001   	279.23836 	 (-0.00000  )
507	-0.00000  	-0.00000  	0.00000   	250.59481 	 (-0.00000  )
508	0.00000   	0.00000   	-0.00000  	275.47603 	 (-0.00000  )
509	-0.00000  	-0.00000  	0.00000   	260.16769 	 (0.00000   )
510	-0.00000  	0.00000   	0.00001   	275.69997 	 (0.00000   )
511	-0.00000  	-0.00000  	-0.00000  	274.20103 	 (0.00000   )
512	0.00000   	-0.00000  	0.00000   	277.44257 	 (0.00000   )
513	-0.00000  	-0.00000  	0.00000   	246.47389 	 (0.00000   )
514	0.00000   	-0.00000  	-0.00000  	233.30552 	 (-0.00000  )
515	-0.00000  	0.00000   	0.00000   	241.46114 	 (-0.00000  )
516	0.00000   	-0.00000  	-0.00000  	281.93190 	 (0.00000   )
517	0.00000   	-0.00000  	0.00000   	245.66279 	 (0.00000   )
518	0.00000   	-0.00000  	-0.00000  	271.50594 	 (0.00000   )
519	0.00000   	0.00000   	-0.00000  	264.21324 	 (0.00000   )
520	-0.00000  	-0.00000  	0.00000   	245.24088 	 (-0.00000  )
521	0.00000   	-0.00000  	-0.00000  	245.31658 	 (0.00000   )
522	-0.00000  	-0.00000  	0.00000   	238.90225 	 (0.00000   )
523	-0.00000  	0.00000   	0.00000   	239.47105 	 (-0.00000  )
524	0.00000   	-0.00000  	0.00000   	268.98432 	 (-0.00000  )
525	0.00000   	0.00000   	-0.00000  	271.62192 	 (-0.00000  )
526	0.00000   	-0.00000  	0.00000   	253.10710 	 (0.00000   )
527	0.00000   	0.00000   	-0.00000  	242.81142 	 (-0.00000  )
528	-0.00000  	-0.00002  	-0.00001  	275.71679 	 (-0.00000  )
529	0.00000   	0.00002   	0.00001   	273.53895 	 (0.00000   )
530	-0.00000  	-0.00000  	-0.00000  	273.76705 	 (-0.00000  )
531	-0.00000  	-0.00000  	0.00000   	245.78205 	 (0.00000   )
532	-0.00000  	-0.00000  	0.00000   	281.19288 	 (0.00000   )
533	0.00000   	-0.00000  	-0.00000  	252.29513 	 (0.00000   )
534	0.00000   	0.00000   	0.00000   	288.56423 	 (0.00000   )
535	-0.00000  	-0.00000  	0.00000   	255.31334 	 (0.00000   )
536	-0.00000  	-0.00000  	-0.00000  	272.08357 	 (-0.00000  )
537	0.00000   	0.00002   	-0.00002  	251.24777 	 (0.00000   )
538	-0.00001  	-0.00002  	0.00002   	246.23884 	 (0.00000   )
539	0.00000   	-0.00000  	0.00000   	267.47712 	 (0.00000   )
540	0.00000   	-0.00000  	-0.00000  	256.98486 	 (0.00000   )
541	-0.00000  	-0.00000  	0.00000   	248.75736 	 (-0.00000  )
542	0.00000   	0.00000   	0.00000   	270.92556 	 (0.00000   )
543	-0.00000  	-0.00000  	-0.00000  	242.17888 	 (-0.00000  )
544	-0.00000  	0.00000   	-0.00000  	279.38473 	 (-0.00000  )
545	0.00000   	-0.00000  	-0.00000  	232.61622 	 (0.00000   )
546	-0.00000  	0.00000   	0.00000   	252.35569 	 (-0.00000  )
547	-0.00000  	-0.00000  	-0.00000  	248.05166 	 (-0.00000  )
548	-0.00000  	0.00000   	0.00000   	251.76462 	 (-0.00000  )
549	-0.00000  	-0.00000  	0.00000   	244.05910 	 (-0.00000  )
550	-0.00000  	-0.00000  	-0.00000  	240.21667 	 (-0.00000  )
551	-0.00000  	-0.00000  	0.00000   	265.67718 	 (-0.00000  )
552	0.00000   	-0.00000  	-0.00000  	279.05110 	 (-0.00000  )
553	-0.00000  	-0.00000  	0.00000   	262.08987 	 (-0.00000  )
554	0.00000   	0.00000   	0.00000   	261.83975 	 (-0.00000  )
555	-0.00000  	-0.00000  	0.00000   	285.37563 	 (0.00000   )
556	-0.00000  	-0.00000  	-0.00000  	245.63453 	 (0.00000   )
557	-0.00000  	-0.00000  	-0.00000  	250.10159 	 (-0.00000  )
558	0.00000   	0.00000   	0.00000   	246.69839 	 (-0.00000  )
559	0.00000   	0.00000   	0.00000   	285.18119 	 (0.00000   )
560	-0.00000  	-0.00000  	-0.00000  	260.15333 	 (0.00000   )
561	0.00000   	0.00000   	-0.00000  	237.86762 	 (-0.00000  )
562	0.00000   	0.00000   	-0.00000  	281.53609 	 (-0.00000  )
563	-0.00000  	-0.00000  	0.00000   	236.66944 	 (0.00000   )
564	0.00000   	-0.00000  	0.00000   	242.19484 	 (-0.00000  )
565	0.00000   	0.00000   	-0.00000  	276.63685 	 (-0.00000  )
566	-0.00000  	0.00000   	-0.00000  	280.48645 	 (-0.00000  )
567	-0.00000  	-0.00000  	0.00000   	248.31290 	 (-0.00000  )
568	0.00000   	-0.00000  	0.00000   	279.63678 	 (0.00000   )
569	-0.00000  	-0.00000  	-0.00000  	241.36628 	 (-0.00000  )
570	0.00000   	0.00000   	-0.00000  	247.35633 	 (0.00000   )
571	-0.00001  	0.00001   	-0.00000  	238.52884 	 (0.00000   )
572	0.00001   	-0.00001  	-0.00000  	237.18023 	 (-0.00000  )
573	-0.00000  	-0.00000  	-0.00000  	246.75134 	 (0.00000   )
574	-0.00000  	-0.00000  	-0.00000  	259.80108 	 (0.00000   )
575	0.00000   	-0.00000  	-0.00000  	263.03093 	 (0.00000   )
576	-0.00000  	-0.00000  	-0.00000  	248.50308 	 (0.00000   )
577	0.00000   	-0.00000  	0.00000   	259.00480 	 (-0.00000  )
578	-0.00000  	-0.00000  	0.00000   	244.50992 	 (0.00000   )
579	0.00000   	-0.00000  	-0.00000  	248.55397 	 (0.00000   )
580	-0.00000  	-0.00000  	-0.00000  	255.45791 	 (-0.00000  )
581	-0.00000  	-0.00000  	-0.00000  	257.26514 	 (0.00000   )
582	0.00000   	-0.00000  	0.00000   	267.80975 	 (0.00000   )
583	-0.00000  	-0.00000  	-0.00000  	258.36639 	 (-0.00000  )
584	0.00000   	0.00000   	0.00000   	244.82438 	 (-0.00000  )
585	0.00000   	0.00000   	-0.00000  	247.95090 	 (0.00000   )
586	0.00000   	0.00000   	0.00000   	254.61726 	 (0.00000   )
587	-0.00000  	-0.00000  	0.00000   	247.55651 	 (0.00000   )
588	-0.00000  	0.00000   	-0.00000  	248.74617 	 (0.00000   )
589	-0.00000  	-0.00000  	0.00000   	238.08640 	 (-0.00000  )
590	0.00000   	0.00000   	-0.00000  	254.39444 	 (0.00000   )
591	-0.00000  	-0.00000  	0.00000   	255.45485 	 (-0.00000  )
592	0.00000   	-0.00000  	0.00000   	265.56598 	 (-0.00000  )
593	-0.00000  	-0.00000  	0.00000   	264.06456 	 (0.00000   )
594	-0.00000  	0.00000   	-0.00000  	261.50424 	 (-0.00000  )
595	-0.00000  	0.00000   	-0.00000  	247.06844 	 (0.00000   )
596	-0.00000  	0.00000   	0.00000   	260.38175 	 (0.00000   )
597	0.00000   	-0.00000  	-0.00000  	271.00750 	 (0.00000   )
598	-0.00000  	-0.00000  	-0.00000  	278.41433 	 (0.00000   )
599	-0.00000  	-0.00000  	-0.00000  	264.26294 	 (0.00000   )
600	-0.00000  	-0.00000  	0.00000   	266.04841 	 (0.00000   )
601	-0.00000  	-0.00000  	-0.00000  	254.20826 	 (0.00000   )
602	0.00000   	-0.00000  	-0.00000  	264.90657 	 (-0.00000  )
603	-0.00000  	-0.00000  	-0.00000  	236.35819 	 (-0.00000  )
604	-0.00000  	-0.00000  	-0.00000  	255.05362 	 (0.00000   )
605	-0.00000  	0.00000   	-0.00000  	256.15363 	 (-0.00000  )
606	-0.00000  	0.00000   	0.00000   	253.53243 	 (0.00000   )
607	-0.00000  	0.00000   	-0.00000  	257.88571 	 (0.00000   )
608	-0.00000  	-0.00000  	0.00000   	253.05900 	 (0.00000   )
609	0.00000   	0.00000   	-0.00000  	253.76360 	 (0.00000   )
610	-0.00000  	-0.00000  	-0.00000  	262.71737 	 (0.00000   )
611	0.00000   	-0.00000  	-0.00000  	258.65848 	 (0.00000   )
612	-0.00000  	-0.00000  	-0.00000  	249.29719 	 (0.00000   )
613	-0.00000  	0.00000   	0.00000   	262.31757 	 (0.00000   )
614	-0.00000  	-0.00000  	-0.00000  	255.24750 	 (-0.00000  )
615	-0.00000  	0.00000   	0.00000   	263.89728 	 (-0.00000  )
616	0.00000   	-0.00000  	0.00000   	259.10099 	 (0.00000   )
617	-0.00000  	-0.00000  	-0.00000  	228.98021 	 (-0.00000  )
618	0.00000   	0.00000   	0.00000   	248.11219 	 (-0.00000  )
619	0.00000   	-0.00000  	-0.00000  	233.92931 	 (-0.00000  )
620	-0.00000  	0.00000   	-0.00000  	240.57247 	 (-0.00000  )
621	0.00000   	-0.00000  	0.00000   	243.71511 	 (-0.00000  )
622	0.00000   	0.00000   	-0.00000  	256.29377 	 (0.00000   )
623	-0.00000  	-0.00000  	0.00000   	258.12882 	 (-0.00000  )
624	0.00000   	-0.00000  	0.00000   	235.23214 	 (-0.00000  )
625	-0.00000  	0.00000   	-0.00000  	262.42541 	 (0.00000   )
626	0.00000   	0.00000   	-0.00000  	257.58139 	 (0.00000   )
627	-0.00000  	0.00000   	-0.00000  	257.18935 	 (0.00000   )
628	-0.00000  	-0.00000  	-0.00000  	239.38363 	 (-0.00000  )
629	-0.00000  	-0.00000  	-0.00000  	266.44896 	 (0.00000   )
630	0.00000   	0.00000   	0.00000   	257.91352 	 (0.00000   )
631	-0.00000  	0.00000   	-0.00000  	245.29658 	 (-0.00000  )
632	-0.00000  	-0.00000  	-0.00000  	249.38213 	 (-0.00000  )
633	-0.00000  	0.00000   	-0.00000  	239.86126 	 (0.00000   )
634	-0.00000  	0.00000   	0.00000   	271.63567 	 (0.00000   )
635	-0.00000  	0.00000   	-0.00000  	243.52549 	 (0.00000   )
636	0.00000   	0.00000   	0.00000   	268.96753 	 (-0.00000  )
637	-0.00000  	-0.00000  	-0.00000  	236.21526 	 (0.00000   )
638	-0.00000  	-0.00000  	0.00000   	267.46877 	 (-0.00000  )
639	-0.00000  	-0.00000  	-0.00000  	243.11100 	 (-0.00000  )
640	-0.00000  	-0.00000  	0.00000   	269.34184 	 (0.00000   )
641	0.00000   	0.00000   	-0.00000  	271.41771 	 (0.00000   )
642	-0.00000  	-0.00000  	0.00000   	268.95682 	 (-0.00000  )
643	-0.00000  	0.00000   	-0.00000  	266.43882 	 (0.00000   )
644	-0.00000  	0.00000   	-0.00000  	274.23717 	 (0.00000   )
645	-0.00000  	-0.00000  	-0.00000  	266.64097 	 (0.00000   )
646	-0.00000  	-0.00000  	-0.00000  	272.03945 	 (0.00000   )
647	0.00000   	-0.00000  	-0.00000  	271.48208 	 (-0.00000  )
648	-0.00000  	-0.00000  	-0.00000  	237.73398 	 (0.00000   )
649	-0.00000  	-0.00000  	0.00000   	244.33469 	 (0.00000   )
650	-0.00000  	-0.00000  	-0.00000  	262.99703 	 (0.00000   )
651	0.00000   	-0.00000  	-0.00000  	270.68992 	 (0.00000   )
652	-0.00000  	-0.00000  	-0.00000  	242.18034 	 (-0.00000  )
653	-0.00000  	0.00000   	-0.00000  	264.59751 	 (-0.00000  )
654	0.00000   	-0.00000  	0.00000   	270.88460 	 (0.00000   )
655	0.00000   	0.00000   	-0.00000  	242.54014 	 (-0.00000  )
656	0.00000   	0.00000   	-0.00000  	235.77793 	 (-0.00000  )
657	-0.00000  	-0.00000  	-0.00000  	267.95964 	 (0.00000   )
658	-0.00000  	-0.00000  	0.00000   	267.77784 	 (-0.00000  )
659	-0.00000  	0.00000   	0.00000   	235.54687 	 (-0.00000  )
660	-0.00000  	0.00000   	0.00000   	271.76466 	 (0.00000   )
661	0.00000   	-0.00000  	-0.00000  	275.13607 	 (0.00000   )
662	-0.00000  	0.00000   	-0.00000  	239.26083 	 (0.00000   )
663	0.00000   	-0.00000  	-0.00000  	242.15082 	 (-0.00000  )
664	-0.00001  	-0.00000  	0.00000   	264.85236 	 (0.00000   )
665	0.00000   	0.00000   	-0.00000  	261.82522 	 (-0.00000  )
666	-0.00000  	-0.00000  	0.00000   	242.46640 	 (-0.00000  )
667	-0.00000  	-0.00000  	0.00000   	261.52961 	 (-0.00000  )
668	0.00000   	0.00000   	-0.00000  	250.88682 	 (0.00000   )
669	0.00000   	-0.00000  	-0.00000  	266.64117 	 (-0.00000  )
670	0.00000   	0.00000   	0.00000   	250.74373 	 (0.00000   )
671	0.00000   	-0.00000  	-0.00000  	246.50910 	 (-0.00000  )
672	-0.00000  	-0.00000  	0.00000   	247.91038 	 (0.00000   )
673	0.00000   	-0.00000  	-0.00000  	270.62454 	 (-0.00000  )
674	-0.00000  	-0.00000  	0.00000   	257.98442 	 (0.00000   )
675	0.00000   	0.00000   	-0.00000  	239.82219 	 (0.00000   )
676	-0.00000  	-0.00000  	-0.00000  	267.80014 	 (-0.00000  )
677	-0.00000  	-0.00000  	0.00000   	269.06221 	 (-0.00000  )
678	0.00000   	0.00000   	-0.00000  	256.88242 	 (0.00000   )
679	0.00000   	0.00000   	-0.00000  	247.85484 	 (-0.00000  )
680	-0.00000  	-0.00000  	0.00000   	254.31094 	 (-0.00000  )
681	-0.00000  	0.00000   	-0.00000  	268.48074 	 (-0.00000  )
682	-0.00000  	-0.00000  	0.00000   	264.91924 	 (0.00000   )
683	-0.00000  	0.00000   	-0.00000  	246.02128 	 (0.00000   )
684	0.00000   	0.00000   	0.00000   	265.50428 	 (0.00000   )
685	-0.00000  	0.00000   	-0.00001  	263.77269 	 (-0.00000  )
686	-0.00000  	-0.00000  	0.00001   	265.86317 	 (0.00000   )
687	-0.00000  	-0.00000  	-0.00000  	240.54934 	 (-0.00000  )
688	0.00000   	0.00000   	-0.00000  	265.29548 	 (0.00000   )
689	0.00000   	-0.00000  	0.00000   	244.31096 	 (-0.00000  )
690	-0.00000  	0.00000   	-0.00000  	247.14745 	 (-0.00000  )
691	-0.00000  	0.00000   	-0.00000  	268.17195 	 (-0.00000  )
692	0.00000   	0.00000   	0.00000   	240.14192 	 (-0.00000  )
693	-0.00000  	0.00000   	-0.00000  	253.74304 	 (-0.00000  )
694	-0.00000  	-0.00001  	0.00000   	230.35219 	 (0.00000   )
695	0.00001   	0.00001   	0.00000   	232.50972 	 (-0.00000  )
696	-0.00000  	-0.00000  	0.00000   	245.87898 	 (-0.00000  )
697	0.00000   	0.00000   	-0.00000  	259.61234 	 (-0.00000  )
698	0.00000   	0.00000   	0.00000   	236.70407 	 (0.00000   )
699	-0.00000  	-0.00000  	0.00000   	256.96380 	 (-0.00000  )
700	0.00000   	0.00000   	-0.00000  	269.92721 	 (0.00000   )
701	-0.00000  	-0.00000  	0.00000   	268.86286 	 (-0.00000  )
702	0.00000   	-0.00000  	0.00000   	238.39396 	 (0.00000   )
703	-0.00000  	0.00000   	-0.00000  	231.60571 	 (0.00000   )
704	-0.00000  	-0.00000  	0.00000   	244.59426 	 (0.00000   )
705	0.00000   	0.00000   	-0.00000  	235.04884 	 (-0.00000  )
706	-0.00000  	0.00000   	0.00000   	247.82731 	 (-0.00000  )
707	-0.00000  	-0.00000  	-0.00000  	255.15201 	 (0.00000   )
708	0.00000   	-0.00000  	0.00000   	232.15562 	 (-0.00000  )
709	0.00000   	0.00000   	0.00000   	246.73073 	 (0.00000   )
710	-0.00000  	-0.00000  	0.00000   	249.49697 	 (0.00000   )
711	-0.00000  	0.00000   	-0.00000  	235.62891 	 (-0.00000  )
712	-0.00000  	-0.00000  	-0.00000  	240.91702 	 (-0.00000  )
713	0.00000   	-0.00000  	-0.00000  	251.09862 	 (-0.00000  )
714	0.00000   	-0.00000  	0.00000   	250.00791 	 (0.00000   )
715	-0.00000  	0.00000   	0.00000   	246.01932 	 (-0.00000  )
716	-0.00000  	-0.00000  	0.00000   	239.80843 	 (0.00000   )
717	0.00000   	-0.00000  	0.00000   	239.10245 	 (-0.00000  )
718	0.00000   	0.00000   	-0.00000  	253.22973 	 (0.00000   )
719	-0.00000  	-0.00000  	0.00000   	263.47380 	 (0.00000   )
720	-0.00000  	-0.00000  	-0.00000  	247.16556 	 (-0.00000  )
721	0.00000   	-0.00000  	0.00000   	247.89493 	 (0.00000   )
722	-0.00000  	-0.00000  	-0.00000  	259.12632 	 (0.00000   )
723	0.00000   	0.00000   	0.00000   	249.61002 	 (-0.00000  )
724	-0.00000  	-0.00000  	-0.00000  	241.43450 	 (0.00000   )
725	-0.00000  	-0.00000  	-0.00000  	244.32657 	 (-0.00000  )
726	0.00000   	-0.00000  	-0.00000  	247.81916 	 (-0.00000  )
727	-0.00000  	-0.00000  	-0.00000  	253.98580 	 (0.00000   )
728	-0.00000  	-0.00000  	0.00000   	237.16134 	 (-0.00000  )
729	-0.00000  	-0.00000  	0.00000   	241.01663 	 (0.00000   )
730	0.00000   	-0.00000  	0.00000   	251.11061 	 (-0.00000  )
731	-0.00000  	-0.00000  	-0.00000  	254.16274 	 (0.00000   )
732	-0.00000  	0.00000   	0.00000   	245.07043 	 (-0.00000  )
733	-0.00000  	-0.00000  	-0.00000  	262.93120 	 (-0.00000  )
734	-0.00000  	0.00000   	0.00000   	257.09248 	 (0.00000   )
735	-0.00000  	-0.00000  	0.00000   	256.90678 	 (0.00000   )
736	0.00000   	-0.00000  	-0.00000  	261.57302 	 (-0.00000  )
737	-0.00000  	-0.00000  	-0.00000  	257.76869 	 (0.00000   )
738	-0.00000  	-0.00000  	-0.00000  	248.75763 	 (-0.00000  )
739	-0.00000  	0.00000   	-0.00000  	240.78487 	 (-0.00000  )
740	-0.00000  	0.00000   	0.00000   	248.38545 	 (-0.00000  )
741	-0.00000  	-0.00000  	-0.00000  	244.73138 	 (-0.00000  )
742	0.00000   	-0.00000  	0.00000   	256.79034 	 (0.00000   )
743	-0.00000  	0.00000   	-0.00000  	256.11299 	 (-0.00000  )
744	0.00000   	-0.00000  	0.00000   	246.49734 	 (0.00000   )
745	0.00000   	-0.00001  	0.00001   	257.92420 	 (-0.00000  )
746	-0.00000  	0.00001   	-0.00001  	260.66750 	 (0.00000   )
747	0.00000   	0.00000   	0.00000   	265.57766 	 (-0.00000  )
748	0.00000   	0.00000   	-0.00000  	261.56909 	 (-0.00000  )
749	-0.00000  	0.00000   	0.00000   	256.43302 	 (0.00000   )
750	-0.00000  	-0.00000  	-0.00000  	249.94205 	 (-0.00000  )
751	0.00000   	-0.00000  	-0.00000  	263.39539 	 (-0.00000  )
752	-0.00000  	0.00000   	0.00000   	269.15221 	 (0.00000   )
753	-0.00000  	-0.00000  	-0.00000  	266.53259 	 (0.00000   )
754	0.00000   	0.00000   	0.00000   	267.46042 	 (0.00000   )
755	-0.00000  	-0.00000  	0.00000   	261.34490 	 (0.00000   )
756	-0.00000  	-0.00000  	-0.00000  	279.58856 	 (0.00000   )
757	-0.00000  	0.00000   	-0.00000  	248.19882 	 (0.00000   )
758	0.00000   	-0.00000  	-0.00000  	247.68527 	 (0.00000   )
759	-0.00000  	-0.00000  	0.00000   	267.77420 	 (0.00000   )
760	0.00000   	0.00000   	0.00000   	264.51363 	 (-0.00000  )
761	0.00000   	-0.00000  	0.00000   	244.63479 	 (-0.00000  )
762	-0.00000  	-0.00000  	-0.00000  	254.22663 	 (-0.00000  )
763	0.00000   	-0.00000  	0.00000   	250.11459 	 (-0.00000  )
764	-0.00000  	-0.00000  	-0.00000  	255.52625 	 (0.00000   )
765	0.00000   	0.00000   	0.00000   	258.56695 	 (0.00000   )
766	0.00000   	0.00000   	0.00000   	250.01754 	 (-0.00000  )
767	-0.00000  	-0.00000  	-0.00000  	265.67489 	 (-0.00000  )
768	-0.00000  	-0.00000  	-0.00000  	253.22917 	 (0.00000   )
769	-0.00000  	-0.00000  	0.00000   	262.01216 	 (-0.00000  )
770	0.00001   	-0.00003  	-0.00002  	247.58156 	 (0.00000   )
771	-0.00001  	0.00003   	0.00002   	257.42537 	 (-0.00000  )
772	-0.00000  	-0.00000  	0.00000   	254.71979 	 (0.00000   )
773	-0.00000  	-0.00000  	-0.00000  	256.37650 	 (-0.00000  )
774	0.00000   	-0.00000  	0.00000   	269.75827 	 (0.00000   )
775	0.00000   	0.00000   	0.00000   	230.93985 	 (-0.00000  )
776	-0.00000  	-0.00000  	-0.00000  	259.12740 	 (0.00000   )
777	-0.00000  	0.00000   	-0.00000  	253.97448 	 (-0.00000  )
778	-0.00000  	0.00000   	0.00000   	246.50299 	 (-0.00000  )
779	-0.00000  	-0.00000  	-0.00000  	243.14878 	 (0.00000   )
780	-0.00000  	-0.00000  	-0.00000  	258.96030 	 (0.00000   )
781	-0.00000  	-0.00000  	0.00000   	268.35374 	 (0.00000   )
782	0.00000   	-0.00000  	0.00000   	242.94064 	 (0.00000   )
783	0.00000   	-0.00000  	0.00000   	242.35692 	 (-0.00000  )
784	0.00000   	-0.00000  	-0.00000  	261.48029 	 (0.00000   )
785	-0.00000  	0.00000   	-0.00000  	249.61371 	 (0.00000   )
786	-0.00000  	-0.00000  	0.00000   	249.01811 	 (0.00000   )
787	-0.00000  	-0.00000  	0.00000   	266.78980 	 (-0.00000  )
788	0.00000   	-0.00000  	-0.00000  	252.74105 	 (-0.00000  )
789	0.00000   	0.00000   	-0.00000  	249.66621 	 (0.00000   )
790	0.00000   	-0.00000  	0.00000   	235.34495 	 (0.00000   )
791	-0.00000  	0.00000   	-0.00000  	250.10857 	 (0.00000   )
792	-0.00000  	0.00000   	0.00000   	256.78013 	 (-0.00000  )
793	0.00000   	-0.00000  	0.00000   	240.66171 	 (0.00000   )
794	-0.00000  	0.00000   	-0.00000  	260.45437 	 (-0.00000  )
795	0.00000   	-0.00000  	0.00000   	264.39983 	 (0.00000   )
796	-0.00000  	-0.00000  	-0.00000  	243.29915 	 (0.00000   )
797	-0.00000  	-0.00000  	-0.00000  	276.23264 	 (-0.00000  )
798	-0.00000  	-0.00000  	0.00000   	246.99175 	 (-0.00000  )
799	-0.00000  	0.00000   	-0.00000  	270.18257 	 (-0.00000  )
800	-0.00000  	-0.00000  	-0.00000  	243.51762 	 (0.00000   )
801	-0.00000  	0.00000   	0.00000   	237.43672 	 (-0.00000  )
802	0.00000   	-0.00000  	-0.00000  	254.03700 	 (-0.00000  )
803	0.00000   	-0.00000  	-0.00000  	245.18118 	 (0.00000   )
804	-0.00000  	0.00000   	0.00000   	263.48960 	 (-0.00000  )
805	-0.00000  	-0.00000  	0.00000   	234.43910 	 (-0.00000  )
806	-0.00000  	-0.00000  	-0.00000  	248.51174 	 (0.00000   )
807	-0.00000  	0.00000   	0.00000   	280.54725 	 (-0.00000  )
808	0.00000   	-0.00000  	0.00000   	236.03472 	 (0.00000   )
809	-0.00000  	-0.00000  	-0.00000  	258.99546 	 (-0.00000  )
810	-0.00000  	-0.00000  	0.00000   	248.67663 	 (0.00000   )
811	-0.00000  	0.00000   	0.00000   	241.72693 	 (0.00000   )
812	-0.00000  	-0.00000  	-0.00000  	236.12376 	 (-0.00000  )
813	0.00000   	-0.00000  	-0.00000  	245.58801 	 (-0.00000  )
814	0.00000   	0.00000   	0.00000   	278.49998 	 (0.00000   )
815	-0.00000  	-0.00000  	-0.00000  	237.78613 	 (0.00000   )
816	0.00000   	-0.00000  	0.00000   	240.79267 	 (-0.00000  )
817	-0.00000  	0.00000   	-0.00000  	249.87306 	 (-0.00000  )
818	0.00000   	-0.00000  	0.00000   	270.02998 	 (0.00000   )
819	-0.00000  	0.00000   	-0.00000  	245.45486 	 (-0.00000  )
820	-0.00000  	0.00000   	0.00000   	288.30552 	 (-0.00000  )
821	-0.00000  	0.00000   	-0.00000  	242.49226 	 (-0.00000  )
822	0.00000   	0.00000   	-0.00000  	240.08947 	 (0.00000   )
823	-0.00000  	-0.00000  	-0.00000  	225.62449 	 (-0.00000  )
824	0.00000   	-0.00000  	-0.00000  	256.81995 	 (0.00000   )
825	-0.00000  	0.00000   	-0.00000  	248.47702 	 (-0.00000  )
826	-0.00000  	-0.00001  	0.00001   	248.30917 	 (-0.00000  )
827	0.00000   	0.00000   	-0.00000  	235.09718 	 (0.00000   )
828	-0.00000  	-0.00000  	0.00000   	247.26122 	 (0.00000   )
829	-0.00000  	-0.00000  	0.00000   	266.48343 	 (0.00000   )
830	0.00000   	0.00000   	-0.00000  	269.09896 	 (-0.00000  )
831	0.00000   	0.00000   	-0.00000  	249.65483 	 (0.00000   )
832	-0.00000  	-0.00000  	-0.00000  	252.52136 	 (0.00000   )
833	-0.00000  	-0.00000  	-0.00000  	241.95203 	 (0.00000   )
834	0.00000   	-0.00000  	-0.00000  	250.39307 	 (0.00000   )
835	-0.00000  	-0.00000  	0.00000   	274.74624 	 (-0.00000  )
836	-0.00000  	0.00000   	-0.00000  	241.22545 	 (-0.00000  )
837	0.00000   	0.00000   	-0.00000  	289.96949 	 (0.00000   )
838	-0.00000  	0.00000   	-0.00000  	241.35379 	 (0.00000   )
839	0.00000   	0.00000   	-0.00000  	262.29686 	 (-0.00000  )
840	0.00000   	0.00000   	-0.00000  	242.61089 	 (0.00000   )
841	-0.00000  	0.00000   	-0.00000  	276.67671 	 (-0.00000  )
842	0.00000   	-0.00000  	0.00000   	268.96676 	 (0.00000   )
843	-0.00000  	0.00000   	-0.00000  	244.96057 	 (-0.00000  )
844	-0.00000  	0.00000   	-0.00000  	271.55633 	 (0.00000   )
845	-0.00000  	-0.00000  	0.00000   	240.37588 	 (0.00000   )
846	-0.00000  	-0.00000  	0.00000   	269.11415 	 (-0.00000  )
847	0.00000   	-0.00000  	-0.00000  	249.06164 	 (-0.00000  )
848	-0.00000  	0.00000   	0.00000   	233.92932 	 (0.00000   )
849	0.00000   	0.00000   	0.00000   	281.42485 	 (-0.00000  )
850	-0.00000  	0.00000   	-0.00000  	230.58454 	 (-0.00000  )
851	-0.00000  	0.00000   	0.00000   	268.07598 	 (-0.00000  )
852	-0.00000  	-0.00000  	-0.00000  	267.38907 	 (-0.00000  )
853	-0.00000  	-0.00000  	0.00000   	249.29406 	 (0.00000   )
854	0.00000   	-0.00000  	0.00000   	269.26837 	 (0.00000   )
855	0.00000   	0.00000   	-0.00000  	226.83469 	 (-0.00000  )
856	-0.00000  	-0.00000  	-0.00000  	241.10117 	 (-0.00000  )
857	-0.00000  	0.00000   	0.00000   	249.34558 	 (0.00000   )
858	-0.00000  	-0.00000  	-0.00000  	231.12300 	 (-0.00000  )
859	-0.00000  	0.00000   	-0.00000  	261.97571 	 (0.00000   )
860	-0.00000  	0.00000   	0.00000   	253.99775 	 (0.00000   )
861	-0.00000  	-0.00000  	-0.00000  	264.30107 	 (-0.00000  )
862	0.00000   	0.00000   	0.00000   	267.87364 	 (0.00000   )
863	-0.00000  	-0.00000  	-0.00000  	243.11265 	 (-0.00000  )
864	0.00000   	-0.00000  	0.00000   	276.66968 	 (-0.00000  )
865	-0.00000  	-0.00000  	0.00000   	230.20475 	 (-0.00000  )
866	-0.00000  	-0.00000  	-0.00000  	258.48806 	 (-0.00000  )
867	-0.00000  	0.00000   	-0.00000  	238.14129 	 (-0.00000  )
868	-0.00000  	0.00000   	-0.00000  	269.35636 	 (-0.00000  )
869	-0.00000  	-0.00000  	0.00000   	234.41745 	 (-0.00000  )
870	-0.00000  	0.00000   	0.00000   	227.14292 	 (-0.00000  )
871	-0.00000  	-0.00000  	0.00000   	257.39064 	 (-0.00000  )
872	0.00000   	0.00000   	0.00000   	268.09550 	 (0.00000   )
873	-0.00000  	-0.00000  	-0.00000  	275.95732 	 (0.00000   )
874	-0.00000  	0.00000   	-0.00000  	241.17392 	 (-0.00000  )
875	-0.00000  	0.00000   	0.00000   	266.56645 	 (0.00000   )
876	0.00000   	0.00000   	0.00000   	247.86335 	 (-0.00000  )
877	0.00000   	-0.00000  	-0.00000  	266.24680 	 (0.00000   )
878	0.00000   	-0.00000  	-0.00000  	263.59167 	 (0.00000   )
879	0.00000   	0.00000   	0.00000   	272.27039 	 (0.00000   )
880	-0.00000  	-0.00000  	0.00000   	261.33297 	 (-0.00000  )
881	0.00000   	-0.00000  	0.00000   	249.66322 	 (0.00000   )
882	-0.00000  	0.00000   	0.00000   	258.20343 	 (-0.00000  )
883	-0.00000  	-0.00000  	0.00000   	241.18721 	 (0.00000   )
884	-0.00000  	-0.00000  	0.00000   	243.37627 	 (0.00000   )
885	-0.00000  	-0.00000  	0.00000   	280.88293 	 (0.00000   )
886	-0.00000  	-0.00000  	0.00000   	236.70411 	 (0.00000   )
887	0.00000   	0.00000   	0.00000   	268.73877 	 (-0.00000  )
888	-0.00000  	-0.00000  	0.00000   	283.82432 	 (0.00000   )
889	-0.00000  	-0.00000  	0.00000   	247.86299 	 (0.00000   )
890	0.00000   	0.00000   	-0.00000  	245.49992 	 (0.00000   )
891	-0.00000  	-0.00000  	-0.00000  	253.87245 	 (-0.00000  )
892	0.00000   	0.00000   	-0.00000  	284.21752 	 (0.00000   )
893	-0.00000  	-0.00000  	0.00000   	245.32949 	 (0.00000   )
894	-0.00000  	-0.00000  	0.00000   	273.90672 	 (-0.00000  )
895	-0.00000  	-0.00000  	0.00000   	243.82839 	 (0.00000   )
896	0.00000   	0.00000   	-0.00000  	249.01609 	 (-0.00000  )
897	-0.00000  	-0.00000  	0.00000   	237.85683 	 (0.00000   )
898	-0.00001  	-0.00000  	0.00000   	276.45935 	 (0.00000   )
899	0.00001   	-0.00000  	-0.00000  	281.42790 	 (-0.00000  )
900	-0.00000  	0.00000   	0.00001   	280.57820 	 (-0.00000  )
901	-0.00000  	-0.00000  	-0.00000  	285.65771 	 (-0.00000  )
902	-0.00000  	0.00000   	-0.00000  	244.56254 	 (0.00000   )
903	0.00000   	-0.00000  	0.00000   	279.86489 	 (0.00000   )
904	-0.00000  	-0.00000  	0.00000   	239.85994 	 (0.00000   )
905	0.00000   	-0.00000  	0.00000   	234.80297 	 (0.00000   )
906	-0.00000  	0.00000   	-0.00000  	278.26151 	 (0.00000   )
907	-0.00000  	0.00000   	-0.00000  	231.07652 	 (-0.00000  )
908	0.00000   	0.00000   	0.00001   	280.77678 	 (0.00000   )
909	-0.00000  	-0.00000  	0.00000   	280.62651 	 (0.00000   )
910	0.00000   	0.00000   	0.00000   	240.58479 	 (-0.00000  )
911	0.00000   	-0.00000  	-0.00000  	283.51691 	 (0.00000   )
912	-0.00000  	-0.00000  	-0.00000  	234.61714 	 (0.00000   )
913	0.00000   	-0.00000  	-0.00000  	241.56759 	 (-0.00000  )
914	-0.00000  	0.00000   	-0.00000  	279.22726 	 (0.00000   )
915	-0.00000  	0.00000   	0.00000   	241.75563 	 (0.00000   )
916	-0.00000  	-0.00000  	-0.00000  	275.95086 	 (-0.00000  )
917	-0.00000  	-0.00000  	-0.00000  	242.61936 	 (-0.00000  )
918	-0.00000  	-0.00000  	-0.00000  	237.12331 	 (0.00000   )
919	0.00000   	-0.00000  	0.00000   	287.13417 	 (-0.00000  )
920	0.00000   	0.00000   	0.00000   	247.08206 	 (0.00000   )
921	-0.00000  	-0.00000  	-0.00000  	286.27581 	 (-0.00000  )
922	0.00000   	-0.00000  	0.00000   	239.35331 	 (-0.00000  )
923	0.00000   	-0.00000  	0.00000   	284.60972 	 (0.00000   )
924	-0.00000  	0.00000   	-0.00000  	276.12730 	 (-0.00000  )
925	-0.00000  	-0.00000  	-0.00000  	249.51736 	 (-0.00000  )
926	0.00000   	-0.00000  	0.00000   	241.23049 	 (-0.00000  )
927	-0.00000  	-0.00000  	-0.00000  	251.69436 	 (0.00000   )
928	0.00000   	0.00000   	-0.00000  	270.68921 	 (-0.00000  )
929	-0.00000  	-0.00000  	-0.00000  	256.57462 	 (0.00000   )
930	-0.00000  	0.00000   	-0.00000  	260.01151 	 (-0.00000  )
931	-0.00000  	-0.00000  	0.00000   	260.44068 	 (0.00000   )
932	0.00000   	0.00000   	-0.00000  	276.75015 	 (0.00000   )
933	-0.00000  	0.00000   	-0.00000  	261.76497 	 (0.00000   )
934	-0.00000  	-0.00000  	-0.00000  	254.13382 	 (-0.00000  )
935	0.00000   	-0.00000  	0.00000   	264.01627 	 (-0.00000  )
936	-0.00000  	-0.00000  	0.00000   	256.62970 	 (-0.00000  )
937	-0.00000  	0.00000   	-0.00000  	254.98536 	 (-0.00000  )
938	-0.00000  	-0.00000  	-0.00000  	258.14362 	 (0.00000   )
939	-0.00000  	-0.00000  	0.00000   	264.32147 	 (0.00000   )
940	-0.00000  	-0.00000  	0.00000   	245.50892 	 (0.00000   )
941	-0.00000  	-0.00000  	-0.00000  	269.14090 	 (-0.00000  )
942	0.00000   	0.00000   	-0.00000  	248.54008 	 (-0.00000  )
943	-0.00000  	0.00000   	-0.00000  	258.29685 	 (-0.00000  )
944	-0.00000  	-0.00000  	-0.00000  	271.77667 	 (-0.00000  )
945	-0.00000  	0.00001   	0.00000   	264.96968 	 (-0.00000  )
946	0.00000   	-0.00001  	-0.00000  	249.74819 	 (0.00000   )
947	-0.00000  	0.00000   	0.00000   	261.93434 	 (0.00000   )
948	-0.00000  	-0.00000  	0.00000   	273.44367 	 (-0.00000  )
949	-0.00000  	0.00000   	-0.00000  	259.02824 	 (0.00000   )
950	0.00000   	-0.00000  	-0.00000  	254.22866 	 (0.00000   )
951	0.00000   	-0.00000  	-0.00000  	258.53930 	 (0.00000   )
952	0.00000   	-0.00000  	0.00000   	242.57911 	 (-0.00000  )
953	-0.00000  	-0.00000  	-0.00000  	265.29742 	 (0.00000   )
954	-0.00000  	0.00000   	-0.00000  	261.50593 	 (-0.00000  )
955	0.00000   	0.00000   	0.00000   	252.97187 	 (0.00000   )
956	-0.00000  	-0.00000  	0.00000   	249.14510 	 (0.00000   )
957	-0.00000  	-0.00000  	0.00000   	259.52157 	 (-0.00000  )
958	0.00000   	0.00000   	-0.00000  	260.85568 	 (-0.00000  )
959	-0.00000  	-0.00000  	-0.00000  	269.03341 	 (0.00000   )
960	-0.00001  	0.00000   	-0.00000  	272.92161 	 (0.00000   )
961	0.00000   	0.00000   	0.00000   	265.69634 	 (-0.00000  )
962	-0.00000  	-0.00000  	0.00000   	263.16072 	 (-0.00000  )
963	-0.00000  	0.00000   	-0.00000  	253.35234 	 (-0.00000  )
964	-0.00000  	-0.00000  	0.00000   	254.86144 	 (-0.00000  )
965	-0.00000  	-0.00000  	0.00000   	266.43504 	 (-0.00000  )
966	-0.00000  	-0.00000  	0.00000   	267.93962 	 (-0.00000  )
967	-0.00000  	-0.00000  	0.00000   	259.12869 	 (-0.00000  )
968	0.00000   	0.00000   	-0.00000  	257.66647 	 (-0.00000  )
969	0.00000   	0.00000   	-0.00000  	269.87639 	 (0.00000   )
970	0.00000   	-0.00000  	-0.00000  	265.82140 	 (-0.00000  )
971	-0.00000  	-0.00000  	0.00000   	271.21891 	 (-0.00000  )
972	-0.00000  	-0.00000  	0.00000   	265.57842 	 (0.00000   )
973	-0.00000  	-0.00000  	-0.00000  	245.27307 	 (0.00000   )
974	-0.00000  	0.00000   	-0.00000  	269.02747 	 (0.00000   )
975	-0.00000  	-0.00000  	0.00000   	254.83399 	 (0.00000   )
976	-0.00000  	0.00000   	0.00000   	278.00379 	 (0.00000   )
977	0.00000   	-0.00000  	0.00000   	252.05562 	 (0.00000   )
978	-0.00000  	-0.00000  	0.00000   	259.38465 	 (0.00000   )
979	0.00000   	0.00000   	-0.00001  	253.27620 	 (0.00000   )
980	0.00000   	0.00000   	-0.00000  	284.50518 	 (0.00000   )
981	0.00000   	-0.00000  	0.00000   	284.99213 	 (0.00000   )
982	0.00000   	-0.00000  	0.00000   	260.79142 	 (-0.00000  )
983	-0.00000  	0.00000   	0.00000   	256.21778 	 (0.00000   )
984	-0.00000  	-0.00000  	0.00000   	257.41877 	 (0.00000   )
985	-0.00000  	0.00000   	-0.00000  	261.97766 	 (-0.00000  )
986	-0.00000  	-0.00000  	-0.00000  	270.92724 	 (0.00000   )
987	-0.00000  	-0.00000  	-0.00000  	268.50718 	 (-0.00000  )
988	0.00000   	0.00000   	-0.00000  	260.23168 	 (0.00000   )
989	-0.00000  	0.00000   	0.00000   	255.98610 	 (-0.00000  )
990	0.00000   	0.00000   	-0.00000  	249.92827 	 (0.00000   )
991	-0.00000  	-0.00000  	0.00000   	251.98212 	 (-0.00000  )
992	-0.00000  	0.00000   	-0.00000  	279.77590 	 (-0.00000  )
993	-0.00000  	0.00000   	0.00000   	262.80744 	 (-0.00000  )
994	0.00000   	-0.00000  	-0.00000  	258.96310 	 (-0.00000  )
995	0.00000   	0.00000   	-0.00000  	260.16336 	 (0.00000   )
996	-0.00001  	-0.00000  	0.00000   	264.07616 	 (-0.00000  )
997	-0.00000  	-0.00000  	0.00000   	267.58957 	 (-0.00000  )
998	-0.00000  	-0.00000  	0.00001   	270.15429 	 (-0.00000  )
999	0.00001   	0.00001   	-0.00001  	261.95075 	 (-0.00000  )
1000	-0.00001  	-0.00000  	-0.00000  	258.94151 	 (-0.00000  )
1001	0.00000   	0.00000   	-0.00000  	273.65868 	 (0.00000   )
1002	0.00000   	-0.00000  	0.00000   	262.26143 	 (0.00000   )
1003	-0.00000  	0.00000   	-0.00000  	254.45586 	 (-0.00000  )
1004	-0.00000  	-0.00000  	0.00000   	279.40934 	 (0.00000   )
1005	0.00001   	0.00000   	-0.00000  	260.03311 	 (0.00000   )
1006	-0.00001  	-0.00000  	0.00000   	264.69256 	 (0.00000   )
1007	-0.00000  	0.00001   	-0.00002  	276.64379 	 (-0.00000  )
1008	0.00000   	-0.00001  	0.00002   	279.66849 	 (-0.00000  )
1009	-0.00000  	-0.00000  	-0.00000  	262.08965 	 (0.00000   )
1010	-0.00000  	-0.00000  	-0.00000  	281.97595 	 (0.00000   )
1011	-0.00000  	0.00000   	-0.00000  	268.12885 	 (-0.00000  )
1012	0.00000   	-0.00000  	0.00000   	276.46391 	 (0.00000   )
1013	0.00000   	0.00000   	-0.00000  	250.58379 	 (0.00000   )
1014	-0.00000  	0.00000   	0.00000   	267.90867 	 (-0.00000  )
1015	0.00000   	-0.00000  	-0.00000  	242.20449 	 (0.00000   )
1016	-0.00000  	-0.00000  	0.00000   	248.69665 	 (-0.00000  )
1017	0.00000   	0.00000   	-0.00000  	262.35225 	 (-0.00000  )
1018	-0.00000  	-0.00000  	0.00000   	256.60271 	 (-0.00000  )
1019	0.00000   	0.00000   	0.00000   	254.49577 	 (-0.00000  )
1020	-0.00000  	-0.00000  	0.00000   	259.16550 	 (0.00000   )
1021	-0.00000  	-0.00000  	0.00000   	266.11537 	 (0.00000   )
1022	-0.00000  	-0.00000  	0.00000   	255.77913 	 (-0.00000  )
1023	-0.00000  	0.00000   	-0.00000  	262.15939 	 (-0.00000  )
1024	-0.00000  	-0.00000  	0.00000   	257.60304 	 (0.00000   )
1025	-0.00000  	-0.00000  	0.00000   	257.88195 	 (0.00000   )
1026	-0.00000  	-0.00000  	-0.00000  	261.65016 	 (0.00000   )
1027	0.00000   	-0.00000  	0.00000   	254.88012 	 (-0.00000  )
1028	0.00000   	0.00000   	-0.00000  	257.03806 	 (-0.00000  )
1029	0.00000   	-0.00000  	-0.00000  	265.57584 	 (-0.00000  )
1030	-0.00000  	0.00000   	-0.00000  	254.23320 	 (-0.00000  )
1031	0.00000   	0.00000   	-0.00000  	275.13033 	 (0.00000   )
1032	0.00000   	-0.00000  	0.00000   	255.63637 	 (0.00000   )
1033	-0.00000  	-0.00000  	0.00000   	274.69492 	 (0.00000   )
1034	-0.00000  	-0.00000  	-0.00000  	267.17099 	 (-0.00000  )
1035	-0.00000  	-0.00001  	0.00000   	285.78943 	 (-0.00000  )
1036	-0.00000  	-0.00000  	-0.00000  	250.26195 	 (-0.00000  )
1037	-0.00000  	-0.00000  	0.00000   	262.90959 	 (0.00000   )
1038	-0.00000  	-0.00000  	0.00000   	264.10212 	 (0.00000   )
1039	0.00000   	-0.00000  	-0.00000  	269.24496 	 (-0.00000  )
1040	-0.00001  	0.00000   	-0.00000  	269.43126 	 (0.00000   )
1041	0.00000   	0.00000   	0.00000   	269.06579 	 (0.00000   )
1042	0.00000   	-0.00000  	-0.00000  	266.06465 	 (0.00000   )
1043	-0.00000  	-0.00000  	-0.00000  	255.98722 	 (0.00000   )
1044	-0.00000  	0.00000   	0.00000   	262.43317 	 (-0.00000  )
1045	-0.00000  	-0.00000  	-0.00000  	276.37902 	 (-0.00000  )
1046	0.00000   	-0.00000  	-0.00000  	252.26624 	 (-0.00000  )
1047	0.00000   	0.00000   	0.00000   	263.83651 	 (0.00000   )
1048	-0.00000  	-0.00000  	0.00000   	238.97498 	 (-0.00000  )
1049	0.00000   	-0.00000  	-0.00000  	247.86040 	 (0.00000   )
1050	0.00000   	-0.00000  	0.00000   	255.47729 	 (-0.00000  )
1051	0.00000   	0.00001   	-0.00000  	246.63897 	 (-0.00000  )
1052	-0.00000  	-0.00001  	0.00000   	242.37725 	 (0.00000   )
1053	0.00000   	-0.00000  	0.00000   	271.86900 	 (0.00000   )
1054	0.00000   	-0.00000  	-0.00000  	251.09529 	 (0.00000   )
1055	-0.00000  	0.00000   	-0.00000  	278.92995 	 (0.00000   )
1056	-0.00000  	0.00000   	0.00000   	249.51174 	 (-0.00000  )
1057	-0.00000  	-0.00000  	0.00000   	256.31880 	 (-0.00000  )
1058	0.00000   	0.00000   	-0.00000  	253.66129 	 (-0.00000  )
1059	-0.00000  	-0.00000  	0.00000   	253.24185 	 (0.00000   )
1060	-0.00000  	-0.00000  	0.00000   	273.06747 	 (-0.00000  )
1061	0.00000   	0.00000   	-0.00000  	252.88939 	 (0.00000   )
1062	-0.00000  	-0.00000  	-0.00000  	277.33823 	 (-0.00000  )
1063	-0.00000  	-0.00000  	-0.00000  	251.31476 	 (-0.00000  )
1064	0.00000   	0.00000   	0.00000   	246.36278 	 (-0.00000  )
1065	-0.00000  	-0.00000  	0.00000   	276.60393 	 (-0.00000  )
1066	-0.00000  	-0.00000  	0.00000   	259.06965 	 (0.00000   )
1067	-0.00000  	0.00000   	-0.00000  	252.32808 	 (-0.00000  )
1068	-0.00000  	0.00000   	-0.00000  	281.24269 	 (0.00000   )
1069	-0.00000  	0.00000   	-0.00000  	253.80921 	 (0.00000   )
1070	0.00000   	0.00000   	-0.00000  	260.86964 	 (-0.00000  )
1071	0.00000   	-0.00000  	0.00000   	250.17971 	 (0.00000   )
1072	0.00000   	0.00000   	-0.00000  	261.96458 	 (0.00000   )
1073	0.00000   	0.00000   	0.00000   	258.97536 	 (0.00000   )
1074	0.00000   	-0.00000  	-0.00000  	244.31423 	 (0.00000   )
1075	-0.00000  	-0.00000  	-0.00000  	251.03182 	 (0.00000   )
1076	-0.00000  	0.00000   	0.00000   	266.74129 	 (-0.00000  )
1077	0.00000   	0.00000   	0.00000   	253.06754 	 (0.00000   )
1078	0.00000   	0.00000   	0.00000   	252.91641 	 (0.00000   )
1079	0.00000   	-0.00000  	-0.00000  	269.49523 	 (0.00000   )
1080	-0.00000  	0.00000   	0.00000   	266.72380 	 (0.00000   )
1081	-0.00000  	-0.00000  	-0.00000  	247.81862 	 (-0.00000  )
1082	0.00000   	-0.00000  	-0.00000  	264.13875 	 (-0.00000  )
1083	-0.00000  	-0.00000  	0.00000   	259.34929 	 (-0.00000  )
1084	-0.00000  	-0.00000  	-0.00000  	248.38262 	 (-0.00000  )
1085	0.00000   	-0.00000  	0.00000   	254.95431 	 (0.00000   )
1086	0.00000   	-0.00000  	0.00000   	252.39097 	 (-0.00000  )
1087	-0.00000  	-0.00000  	-0.00000  	236.22878 	 (-0.00000  )
1088	0.00000   	-0.00000  	0.00000   	261.31477 	 (-0.00000  )
1089	-0.00000  	-0.00000  	0.00000   	242.41479 	 (0.00000   )
1090	0.00000   	-0.00000  	-0.00000  	263.66853 	 (-0.00000  )
1091	-0.00000  	0.00000   	-0.00000  	271.35942 	 (0.00000   )
1092	-0.00001  	0.00000   	-0.00000  	278.46611 	 (-0.00000  )
1093	-0.00000  	-0.00000  	0.00000   	275.33540 	 (-0.00000  )
1094	-0.00000  	-0.00000  	0.00000   	261.77937 	 (-0.00000  )
1095	0.00000   	-0.00000  	-0.00000  	246.35074 	 (-0.00000  )
1096	-0.00000  	-0.00000  	-0.00000  	268.39870 	 (-0.00000  )
1097	-0.00000  	0.00000   	0.00000   	271.02616 	 (-0.00000  )
1098	0.00000   	-0.00001  	-0.00000  	281.17778 	 (0.00000   )
1099	0.00001   	-0.00000  	0.00000   	253.92783 	 (0.00000   )
1100	-0.00001  	0.00000   	-0.00000  	269.22501 	 (-0.00000  )
1101	-0.00000  	0.00000   	-0.00000  	263.35896 	 (-0.00000  )
1102	-0.00000  	0.00000   	0.00000   	280.31441 	 (0.00000   )
1103	0.00000   	-0.00000  	-0.00000  	269.17093 	 (0.00000   )
1104	0.00000   	-0.00000  	0.00000   	278.40877 	 (0.00000   )
1105	0.00000   	0.00001   	0.00000   	259.14857 	 (-0.00000  )
1106	0.00000   	-0.00000  	0.00000   	256.11239 	 (0.00000   )
1107	-0.00000  	-0.00001  	-0.00000  	267.26787 	 (-0.00000  )
1108	0.00000   	-0.00000  	0.00000   	255.94729 	 (0.00000   )
1109	-0.00000  	-0.00000  	0.00000   	279.37701 	 (0.00000   )
1110	-0.00000  	-0.00000  	-0.00001  	261.04413 	 (0.00000   )
1111	-0.00000  	0.00000   	0.00000   	273.81576 	 (0.00000   )
1112	-0.00000  	0.00000   	0.00000   	273.16684 	 (-0.00000  )
1113	-0.00000  	0.00000   	-0.00000  	248.99628 	 (-0.00000  )
1114	0.00000   	0.00000   	0.00000   	262.76118 	 (0.00000   )
1115	0.00000   	0.00000   	-0.00000  	262.80667 	 (-0.00000  )
1116	0.00000   	-0.00000  	-0.00000  	257.98598 	 (-0.00000  )
1117	-0.00000  	0.00000   	-0.00000  	259.61726 	 (0.00000   )
1118	-0.00000  	-0.00001  	-0.00000  	277.27848 	 (-0.00000  )
1119	0.00000   	-0.00000  	-0.00000  	259.28199 	 (-0.00000  )
1120	0.00001   	0.00000   	0.00000   	259.05828 	 (0.00000   )
1121	-0.00000  	0.00000   	-0.00000  	275.95978 	 (0.00000   )
1122	-0.00000  	-0.00000  	0.00000   	252.16791 	 (-0.00000  )
1123	-0.00000  	0.00000   	-0.00000  	261.11470 	 (-0.00000  )
1124	0.00000   	0.00000   	0.00000   	266.06937 	 (-0.00000  )
1125	0.00000   	0.00000   	-0.00001  	260.90705 	 (-0.00000  )
1126	-0.00000  	0.00000   	-0.00000  	268.39899 	 (-0.00000  )
1127	-0.00001  	-0.00000  	0.00001   	263.35785 	 (-0.00000  )
1128	-0.00000  	-0.00000  	-0.00001  	267.80828 	 (-0.00000  )
1129	-0.00000  	0.00000   	0.00000   	267.88604 	 (-0.00000  )
1130	-0.00000  	0.00000   	0.00000   	270.56532 	 (0.00000   )
1131	-0.00000  	0.00000   	0.00000   	278.59383 	 (-0.00000  )
1132	-0.00000  	-0.00000  	-0.00000  	275.08241 	 (-0.00000  )
1133	0.00000   	0.00000   	0.00000   	277.70255 	 (0.00000   )
1134	0.00000   	-0.00000  	0.00000   	260.33159 	 (-0.00000  )
1135	-0.00001  	0.00000   	-0.00000  	284.72278 	 (-0.00000  )
1136	-0.00000  	-0.00000  	0.00000   	277.21998 	 (0.00000   )
1137	0.00000   	0.00000   	-0.00000  	259.11349 	 (0.00000   )
1138	0.00000   	0.00000   	-0.00000  	271.71510 	 (-0.00000  )
1139	0.00000   	-0.00000  	-0.00000  	265.93611 	 (0.00000   )
1140	0.00000   	-0.00000  	-0.00000  	249.96414 	 (0.00000   )
1141	-0.00000  	-0.00000  	-0.00000  	257.27739 	 (-0.00000  )
1142	0.00000   	0.00000   	0.00001   	265.53595 	 (0.00000   )
1143	-0.00000  	-0.00000  	0.00000   	248.06093 	 (0.00000   )
1144	-0.00000  	-0.00000  	0.00000   	284.08279 	 (0.00000   )
1145	0.00000   	-0.00000  	-0.00001  	272.05013 	 (0.00000   )
1146	-0.00000  	-0.00000  	-0.00000  	252.58828 	 (0.00000   )
1147	0.00000   	0.00000   	-0.00000  	279.13086 	 (-0.00000  )
1148	-0.00000  	0.00000   	-0.00000  	278.53841 	 (-0.00000  )
1149	-0.00000  	-0.00000  	-0.00000  	269.47019 	 (-0.00000  )
1150	-0.00000  	-0.00000  	0.00000   	258.65849 	 (-0.00000  )
1151	0.00000   	0.00000   	0.00000   	278.48686 	 (0.00000   )
1152	-0.00000  	-0.00000  	-0.00000  	252.93272 	 (-0.00000  )
1153	-0.00000  	-0.00000  	0.00001   	274.78306 	 (0.00000   )
1154	0.00000   	0.00000   	-0.00001  	271.06876 	 (0.00000   )
1155	0.00000   	0.00000   	0.00000   	267.26093 	 (0.00000   )
1156	0.00000   	0.00000   	-0.00000  	280.00564 	 (-0.00000  )
1157	-0.00000  	-0.00000  	0.00000   	261.97419 	 (-0.00000  )
1158	-0.00001  	0.00000   	0.00001   	278.13101 	 (0.00000   )
1159	0.00001   	-0.00000  	-0.00001  	278.44043 	 (-0.00000  )
1160	0.00000   	0.00000   	0.00000   	274.03484 	 (0.00000   )
1161	0.00000   	0.00000   	0.00000   	271.58410 	 (-0.00000  )
1162	0.00000   	0.00000   	-0.00000  	281.33386 	 (0.00000   )
1163	-0.00000  	-0.00000  	0.00000   	273.44998 	 (0.00000   )
1164	-0.00000  	0.00000   	0.00000   	269.76593 	 (0.00000   )
1165	-0.00000  	-0.00000  	0.00000   	285.53830 	 (0.00000   )
1166	-0.00000  	0.00000   	-0.00000  	271.36658 	 (-0.00000  )
1167	0.00000   	0.00000   	-0.00000  	275.43380 	 (0.00000   )
1168	0.00000   	0.00000   	0.00001   	269.94898 	 (0.00000   )
1169	0.00000   	0.00000   	-0.00000  	259.05025 	 (-0.00000  )
1170	-0.00000  	0.00000   	-0.00000  	260.87369 	 (0.00000   )
1171	-0.00000  	-0.00000  	0.00000   	260.09225 	 (0.00000   )
1172	0.00000   	0.00000   	0.00000   	262.08630 	 (-0.00000  )
1173	-0.00000  	-0.00000  	-0.00000  	259.45369 	 (-0.00000  )
1174	-0.00000  	0.00000   	0.00000   	271.21123 	 (0.00000   )
1175	0.00000   	0.00000   	-0.00000  	268.24402 	 (-0.00000  )
1176	0.00000   	-0.00000  	0.00000   	263.21600 	 (0.00000   )
1177	-0.00000  	-0.00000  	-0.00000  	248.53524 	 (-0.00000  )
1178	-0.00000  	0.00000   	-0.00000  	238.32629 	 (0.00000   )
1179	0.00000   	0.00000   	0.00000   	249.23820 	 (-0.00000  )
1180	-0.00000  	0.00000   	0.00000   	248.57369 	 (0.00000   )
1181	-0.00000  	-0.00000  	-0.00000  	255.00539 	 (-0.00000  )
1182	0.00001   	0.00000   	0.00004   	245.84919 	 (0.00000   )
1183	-0.00001  	-0.00000  	-0.00004  	251.40361 	 (-0.00000  )
1184	-0.00000  	0.00000   	0.00000   	241.39614 	 (0.00000   )
1185	0.00001   	-0.00000  	-0.00000  	265.21813 	 (0.00000   )
1186	-0.00000  	-0.00000  	-0.00000  	238.90551 	 (-0.00000  )
1187	-0.00000  	-0.00000  	0.00000   	259.70254 	 (-0.00000  )
1188	-0.00001  	0.00000   	0.00000   	262.69196 	 (0.00000   )
1189	0.00000   	-0.00000  	-0.00001  	255.59627 	 (0.00000   )
1190	-0.00000  	-0.00000  	-0.00000  	275.17219 	 (-0.00000  )
1191	-0.00003  	0.00000   	0.00003   	262.30947 	 (0.00000   )
1192	0.00003   	-0.00000  	-0.00003  	244.61534 	 (0.00000   )
1193	0.00000   	-0.00000  	0.00000   	266.94026 	 (-0.00000  )
1194	0.00000   	-0.00000  	0.00000   	268.69452 	 (-0.00000  )
1195	-0.00000  	0.00000   	-0.00000  	266.15978 	 (-0.00000  )
1196	-0.00001  	0.00000   	0.00000   	244.27778 	 (-0.00000  )
1197	-0.00000  	-0.00000  	-0.00000  	254.93675 	 (-0.00000  )
1198	-0.00000  	-0.00000  	-0.00000  	257.85923 	 (-0.00000  )
1199	-0.00000  	-0.00000  	0.00000   	273.98635 	 (-0.00000  )
1200	-0.00000  	0.00001   	-0.00001  	241.73438 	 (0.00000   )
1201	-0.00000  	-0.00001  	0.00000   	236.80204 	 (0.00000   )
1202	-0.00000  	-0.00000  	0.00000   	252.98411 	 (0.00000   )
1203	0.00000   	0.00000   	0.00000   	259.98331 	 (-0.00000  )
1204	-0.00000  	-0.00001  	0.00000   	254.59652 	 (0.00000   )
1205	0.00000   	0.00000   	0.00000   	263.30406 	 (0.00000   )
1206	-0.00001  	0.00001   	-0.00001  	256.98563 	 (-0.00000  )
1207	-0.00000  	-0.00000  	0.00000   	267.08027 	 (-0.00000  )
1208	0.00001   	-0.00001  	0.00000   	266.75459 	 (-0.00000  )
1209	0.00000   	-0.00000  	0.00000   	259.29785 	 (-0.00000  )
1210	0.00000   	0.00000   	-0.00000  	254.37760 	 (0.00000   )
1211	-0.00000  	-0.00000  	0.00000   	255.35773 	 (0.00000   )
1212	0.00000   	0.00000   	-0.00000  	260.19175 	 (-0.00000  )
1213	0.00000   	-0.00000  	0.00000   	247.88635 	 (-0.00000  )
1214	0.00000   	0.00000   	-0.00000  	243.82928 	 (0.00000   )
1215	-0.00000  	-0.00000  	0.00000   	268.21318 	 (-0.00000  )
1216	0.00000   	0.00000   	0.00000   	252.95891 	 (-0.00000  )
1217	-0.00000  	0.00000   	0.00000   	262.23197 	 (-0.00000  )
1218	-0.00000  	-0.00000  	-0.00000  	256.47686 	 (-0.00000  )
1219	0.00000   	-0.00001  	-0.00000  	257.60644 	 (-0.00000  )
1220	-0.00000  	-0.00000  	-0.00000  	269.20249 	 (-0.00000  )
1221	-0.00000  	-0.00000  	-0.00000  	250.84772 	 (-0.00000  )
1222	-0.00000  	-0.00001  	0.00000   	263.04602 	 (0.00000   )
1223	-0.00000  	-0.00000  	0.00000   	257.42125 	 (0.00000   )
1224	-0.00000  	-0.00000  	-0.00000  	250.72581 	 (0.00000   )
1225	0.00000   	-0.00000  	0.00001   	258.06729 	 (-0.00000  )
1226	-0.00000  	0.00000   	-0.00000  	269.91724 	 (0.00000   )
1227	0.00001   	0.00000   	-0.00001  	277.22703 	 (-0.00000  )
1228	0.00000   	-0.00000  	-0.00000  	286.05858 	 (-0.00000  )
1229	-0.00001  	0.00000   	-0.00000  	261.45548 	 (-0.00000  )
1230	0.00000   	0.00000   	-0.00000  	252.06451 	 (-0.00000  )
1231	-0.00000  	-0.00000  	0.00000   	272.84671 	 (0.00000   )
1232	0.00000   	0.00000   	0.00000   	253.66016 	 (-0.00000  )
1233	-0.00000  	0.00000   	-0.00000  	268.31498 	 (-0.00000  )
1234	-0.00000  	-0.00000  	0.00000   	272.36407 	 (0.00000   )
1235	-0.00000  	-0.00000  	-0.00000  	252.84757 	 (0.00000   )
1236	-0.00000  	0.00000   	0.00000   	268.33606 	 (-0.00000  )
1237	0.00000   	-0.00000  	0.00000   	276.90164 	 (-0.00000  )
1238	-0.00000  	-0.00000  	-0.00000  	242.71408 	 (0.00000   )
1239	0.00000   	-0.00000  	-0.00000  	262.78435 	 (0.00000   )
1240	0.00001   	0.00000   	0.00000   	252.50365 	 (0.00000   )
1241	-0.00001  	-0.00000  	-0.00000  	269.78264 	 (0.00000   )
1242	-0.00000  	-0.00000  	0.00000   	281.36651 	 (0.00000   )
1243	-0.00000  	-0.00000  	-0.00000  	277.18507 	 (0.00000   )
1244	0.00000   	-0.00000  	0.00000   	271.66368 	 (0.00000   )
1245	0.00000   	-0.00000  	0.00000   	278.40266 	 (-0.00000  )
1246	-0.00000  	0.00000   	-0.00000  	258.66410 	 (-0.00000  )
1247	-0.00000  	-0.00000  	0.00000   	241.95354 	 (0.00000   )
1248	-0.00000  	-0.00000  	0.00000   	280.43648 	 (-0.00000  )
1249	0.00000   	0.00000   	-0.00000  	278.26035 	 (0.00000   )
1250	-0.00000  	-0.00000  	0.00000   	263.81577 	 (-0.00000  )
1251	-0.00000  	-0.00000  	0.00000   	254.33927 	 (0.00000   )
1252	0.00000   	-0.00000  	0.00000   	254.81635 	 (0.00000   )
1253	-0.00000  	-0.00000  	-0.00001  	278.97520 	 (0.00000   )
1254	-0.00000  	0.00000   	-0.00001  	255.52179 	 (0.00000   )
1255	-0.00000  	0.00001   	0.00000   	283.45239 	 (0.00000   )
1256	-0.00000  	-0.00000  	0.00000   	265.05038 	 (-0.00000  )
1257	-0.00000  	-0.00000  	0.00000   	247.00417 	 (-0.00000  )
1258	-0.00000  	0.00000   	-0.00000  	260.52701 	 (0.00000   )
1259	0.00000   	-0.00000  	-0.00000  	249.50895 	 (-0.00000  )
1260	-0.00000  	0.00000   	0.00000   	270.27666 	 (-0.00000  )
1261	-0.00000  	0.00000   	0.00000   	255.30530 	 (-0.00000  )
1262	0.00000   	-0.00000  	-0.00000  	267.43937 	 (0.00000   )
1263	-0.00000  	0.00000   	0.00000   	258.29817 	 (-0.00000  )
1264	0.00000   	-0.00001  	-0.00000  	276.51032 	 (0.00000   )
1265	0.00000   	-0.00000  	-0.00000  	263.10381 	 (0.00000   )
1266	-0.00000  	0.00001   	-0.00001  	265.03888 	 (-0.00000  )
1267	-0.00000  	-0.00002  	0.00001   	261.82238 	 (0.00000   )
1268	0.00000   	0.00001   	0.00000   	273.22417 	 (-0.00000  )
1269	0.00000   	-0.00000  	-0.00001  	272.78667 	 (0.00000   )
1270	0.00000   	0.00000   	0.00001   	280.18596 	 (0.00000   )
1271	-0.00000  	0.00000   	0.00000   	269.34490 	 (-0.00000  )
1272	-0.00000  	0.00000   	-0.00000  	277.81547 	 (0.00000   )
1273	-0.00000  	0.00000   	0.00000   	271.98781 	 (0.00000   )
1274	-0.00001  	-0.00000  	-0.00000  	281.23671 	 (-0.00000  )
1275	0.00001   	0.00001   	-0.00001  	277.69216 	 (-0.00000  )
1276	-0.00001  	-0.00001  	0.00001   	252.61161 	 (0.00000   )
1277	0.00000   	0.00000   	0.00000   	273.22920 	 (0.00000   )
1278	0.00000   	-0.00000  	0.00000   	275.19284 	 (0.00000   )
1279	-0.00000  	0.00000   	-0.00000  	276.57430 	 (0.00000   )
1280	-0.00000  	-0.00000  	-0.00001  	284.03559 	 (0.00000   )
1281	0.00000   	0.00000   	-0.00000  	275.24283 	 (0.00000   )
1282	-0.00003  	-0.00001  	0.00003   	272.80676 	 (0.00000   )
1283	0.00003   	0.00001   	-0.00002  	274.88688 	 (0.00000   )
1284	-0.00000  	0.00000   	0.00000   	262.26427 	 (0.00000   )
1285	-0.00000  	-0.00000  	-0.00000  	283.26203 	 (0.00000   )
1286	-0.00000  	0.00000   	-0.00000  	281.38440 	 (0.00000   )
1287	0.00000   	0.00000   	-0.00000  	281.80959 	 (-0.00000  )
1288	0.00000   	-0.00000  	0.00000   	286.08315 	 (-0.00000  )
1289	0.00000   	-0.00000  	-0.00000  	283.07230 	 (-0.00000  )
1290	0.00000   	0.00000   	-0.00000  	274.75673 	 (0.00000   )
1291	-0.00000  	-0.00000  	-0.00000  	275.75967 	 (0.00000   )
1292	-0.00000  	0.00000   	0.00000   	275.45956 	 (0.00000   )
1293	0.00000   	-0.00000  	0.00000   	264.59418 	 (-0.00000  )
1294	-0.00000  	-0.00000  	-0.00000  	280.19007 	 (-0.00000  )
1295	-0.00000  	0.00000   	0.00000   	278.27709 	 (-0.00000  )
1296	0.00000   	0.00000   	0.00000   	269.85891 	 (-0.00000  )
1297	-0.00000  	-0.00001  	0.00000   	284.55990 	 (-0.00000  )
1298	-0.00000  	0.00000   	0.00000   	257.81956 	 (-0.00000  )
1299	-0.00000  	0.00000   	-0.00001  	279.03525 	 (-0.00000  )
1300	-0.00000  	-0.00000  	0.00000   	273.66179 	 (-0.00000  )
1301	0.00000   	0.00000   	0.00001   	276.47805 	 (-0.00000  )
1302	-0.00000  	0.00000   	-0.00000  	244.12385 	 (-0.00000  )
1303	-0.00000  	0.00000   	-0.00000  	266.67737 	 (-0.00000  )
1304	-0.00000  	-0.00000  	0.00000   	269.67722 	 (-0.00000  )
1305	-0.00000  	-0.00000  	0.00000   	281.40364 	 (0.00000   )
1306	-0.00000  	-0.00000  	-0.00000  	285.11293 	 (0.00000   )
1307	0.00000   	0.00000   	-0.00000  	269.10601 	 (-0.00000  )
1308	-0.00000  	0.00000   	0.00000   	264.79588 	 (0.00000   )
1309	-0.00000  	0.00000   	-0.00000  	262.96184 	 (0.00000   )
1310	0.00000   	-0.00000  	-0.00000  	260.97892 	 (-0.00000  )
1311	-0.00000  	0.00000   	-0.00000  	294.33142 	 (0.00000   )
1312	0.00000   	0.00000   	0.00000   	275.79320 	 (-0.00000  )
1313	0.00000   	-0.00000  	0.00000   	244.98773 	 (-0.00000  )
1314	-0.00000  	0.00000   	0.00000   	277.84113 	 (0.00000   )
1315	0.00000   	0.00000   	0.00000   	272.28340 	 (-0.00000  )
1316	-0.00000  	-0.00001  	-0.00000  	286.66544 	 (-0.00000  )
1317	-0.00000  	-0.00000  	-0.00000  	229.32395 	 (-0.00000  )
1318	-0.00000  	-0.00000  	0.00000   	222.64017 	 (0.00000   )
1319	0.00000   	0.00000   	0.00000   	261.93037 	 (-0.00000  )
1320	0.00000   	-0.00000  	0.00000   	256.76252 	 (-0.00000  )
1321	-0.00000  	-0.00000  	-0.00000  	250.80260 	 (-0.00000  )
1322	-0.00000  	-0.00000  	0.00000   	241.31908 	 (-0.00000  )
1323	0.00000   	0.00000   	-0.00000  	276.14197 	 (-0.00000  )
1324	-0.00000  	-0.00000  	0.00000   	260.46748 	 (-0.00000  )
1325	-0.00000  	0.00000   	-0.00000  	261.63167 	 (-0.00000  )
1326	-0.00000  	-0.00001  	-0.00000  	262.51394 	 (0.00000   )
1327	-0.00000  	-0.00000  	-0.00000  	258.12340 	 (0.00000   )
1328	0.00000   	0.00000   	-0.00001  	260.89793 	 (0.00000   )
1329	-0.00000  	-0.00000  	0.00000   	235.49316 	 (-0.00000  )
1330	-0.00000  	-0.00000  	0.00000   	245.16791 	 (-0.00000  )
1331	0.00000   	0.00000   	0.00001   	217.43141 	 (-0.00000  )
1332	-0.00000  	-0.00000  	-0.00001  	267.96496 	 (-0.00000  )
1333	-0.00000  	-0.00000  	-0.00001  	244.86789 	 (0.00000   )
1334	-0.00000  	-0.00001  	-0.00001  	238.48527 	 (0.00000   )
1335	-0.00000  	-0.00000  	0.00000   	280.21096 	 (0.00000   )
1336	-0.00001  	0.00000   	0.00000   	237.30476 	 (-0.00000  )
1337	-0.00000  	-0.00000  	-0.00000  	274.58178 	 (-0.00000  )
1338	-0.00001  	0.00002   	0.00002   	250.47594 	 (0.00000   )
1339	0.00000   	-0.00001  	0.00000   	226.22801 	 (0.00000   )
1340	0.00000   	0.00000   	-0.00000  	277.95997 	 (-0.00000  )
1341	0.00000   	0.00000   	-0.00000  	266.52740 	 (-0.00000  )
1342	-0.00001  	0.00000   	-0.00001  	219.90333 	 (0.00000   )
1343	-0.00001  	-0.00001  	0.00001   	262.35825 	 (0.00000   )
1344	-0.00000  	-0.00001  	-0.00000  	249.69738 	 (-0.00000  )
1345	0.00000   	-0.00000  	0.00000   	274.56501 	 (0.00000   )
1346	-0.00001  	-0.00003  	0.00002   	262.88488 	 (-0.00000  )
1347	-0.00000  	-0.00000  	-0.00000  	269.15126 	 (0.00000   )
1348	0.00001   	0.00002   	-0.00001  	257.25854 	 (0.00000   )
1349	0.00000   	0.00000   	0.00000   	265.75403 	 (-0.00000  )
1350	-0.00000  	0.00000   	-0.00000  	256.05239 	 (0.00000   )
1351	0.00000   	-0.00000  	0.00000   	275.83762 	 (0.00000   )
1352	0.00000   	-0.00000  	-0.00000  	281.02209 	 (0.00000   )
1353	-0.00000  	-0.00002  	0.00002   	269.03130 	 (0.00000   )
1354	0.00001   	0.00001   	-0.00001  	274.78912 	 (-0.00000  )
1355	0.00001   	-0.00000  	-0.00001  	261.69040 	 (0.00000   )
1356	-0.00001  	0.00001   	-0.00000  	272.47919 	 (0.00000   )
1357	-0.00001  	-0.00000  	-0.00001  	274.96498 	 (0.00000   )
1358	0.00000   	0.00000   	0.00000   	286.84089 	 (0.00000   )
1359	-0.00001  	-0.00000  	-0.00000  	271.43518 	 (-0.00000  )
1360	0.00000   	-0.00000  	-0.00000  	252.27753 	 (0.00000   )
1361	-0.00000  	-0.00000  	-0.00000  	292.05814 	 (0.00000   )
1362	0.00001   	0.00001   	0.00000   	276.79366 	 (-0.00000  )
1363	-0.00000  	-0.00000  	0.00000   	251.82426 	 (0.00000   )
1364	0.00000   	-0.00000  	-0.00000  	297.34971 	 (-0.00000  )
1365	-0.00000  	-0.00000  	0.00000   	297.55338 	 (-0.00000  )
1366	0.00000   	-0.00000  	-0.00001  	267.48907 	 (0.00000   )
1367	-0.00000  	0.00000   	0.00000   	288.75616 	 (0.00000   )
1368	-0.00000  	-0.00000  	0.00000   	282.35807 	 (0.00000   )
1369	-0.00002  	-0.00002  	0.00002   	275.51006 	 (-0.00000  )
1370	0.00002   	0.00002   	-0.00001  	273.58723 	 (0.00000   )
1371	0.00000   	-0.00001  	-0.00000  	274.23473 	 (0.00000   )
1372	-0.00000  	0.00000   	-0.00002  	271.38071 	 (0.00000   )
1373	-0.00000  	-0.00001  	0.00002   	272.67376 	 (0.00000   )
1374	-0.00000  	0.00001   	-0.00001  	279.54169 	 (0.00000   )
1375	0.00001   	0.00000   	0.00001   	282.83314 	 (0.00000   )
1376	-0.00001  	-0.00001  	-0.00000  	286.17803 	 (0.00000   )
1377	-0.00000  	-0.00001  	0.00000   	280.40486 	 (0.00000   )
1378	0.00000   	0.00000   	0.00000   	286.59375 	 (0.00000   )
1379	-0.00001  	0.00001   	-0.00001  	289.13705 	 (0.00000   )
1380	0.00000   	-0.00000  	-0.00000  	274.44726 	 (0.00000   )
1381	-0.00000  	0.00000   	0.00000   	288.07478 	 (-0.00000  )
1382	0.00001   	0.00000   	-0.00001  	279.22631 	 (-0.00000  )
1383	-0.00002  	-0.00000  	0.00001   	286.57254 	 (-0.00000  )
1384	-0.00000  	-0.00001  	-0.00000  	289.81108 	 (0.00000   )
1385	-0.00000  	-0.00000  	-0.00000  	272.05729 	 (0.00000   )
1386	-0.00000  	-0.00000  	-0.00000  	275.83319 	 (0.00000   )
1387	0.00000   	0.00000   	-0.00000  	288.95011 	 (0.00000   )
1388	-0.00000  	-0.00000  	0.00000   	265.85229 	 (0.00000   )
1389	0.00000   	0.00000   	-0.00000  	285.82475 	 (0.00000   )
1390	-0.00000  	0.00000   	-0.00000  	287.49230 	 (0.00000   )
1391	-0.00000  	0.00000   	0.00000   	272.96049 	 (-0.00000  )
1392	-0.00000  	-0.00000  	0.00000   	272.60650 	 (-0.00000  )
1393	-0.00000  	0.00000   	0.00000   	248.49538 	 (0.00000   )
1394	-0.00000  	-0.00000  	0.00000   	267.70233 	 (-0.00000  )
1395	0.00000   	-0.00000  	0.00001   	256.71985 	 (0.00000   )
1396	0.00000   	-0.00000  	-0.00000  	238.88303 	 (-0.00000  )
1397	-0.00001  	-0.00000  	-0.00001  	250.70639 	 (-0.00000  )
1398	-0.00000  	0.00000   	0.00000   	263.03423 	 (0.00000   )
1399	-0.00000  	0.00000   	-0.00000  	244.59496 	 (0.00000   )
1400	-0.00000  	-0.00000  	-0.00000  	257.09078 	 (-0.00000  )
1401	0.00000   	0.00000   	-0.00000  	259.48342 	 (0.00000   )
1402	-0.00000  	-0.00000  	0.00000   	236.79862 	 (0.00000   )
1403	-0.00000  	-0.00000  	-0.00000  	250.41812 	 (-0.00000  )
1404	0.00000   	0.00000   	0.00000   	251.53541 	 (-0.00000  )
1405	-0.00000  	0.00000   	0.00000   	233.82651 	 (-0.00000  )
1406	-0.00000  	-0.00000  	-0.00001  	241.43396 	 (0.00000   )
1407	-0.00000  	-0.00000  	0.00000   	272.09215 	 (0.00000   )
1408	-0.00000  	0.00000   	-0.00000  	273.55281 	 (-0.00000  )
1409	0.00000   	-0.00000  	0.00000   	271.48554 	 (-0.00000  )
1410	-0.00000  	-0.00000  	0.00001   	236.44084 	 (-0.00000  )
1411	-0.00000  	-0.00000  	-0.00001  	248.01876 	 (-0.00000  )
1412	-0.00000  	-0.00000  	-0.00000  	266.44339 	 (0.00000   )
1413	-0.00000  	-0.00000  	0.00001   	246.34425 	 (0.00000   )
1414	0.00000   	-0.00001  	0.00000   	249.00880 	 (0.00000   )
1415	-0.00002  	-0.00000  	0.00000   	264.43004 	 (0.00000   )
1416	0.00001   	0.00001   	0.00000   	261.74116 	 (0.00000   )
1417	-0.00001  	-0.00001  	-0.00001  	259.73869 	 (0.00000   )
1418	-0.00001  	0.00000   	-0.00000  	238.87055 	 (0.00000   )
1419	0.00000   	0.00000   	-0.00000  	260.21987 	 (0.00000   )
1420	-0.00001  	-0.00001  	-0.00000  	259.06203 	 (0.00000   )
1421	-0.00002  	-0.00002  	0.00001   	272.14611 	 (0.00000   )
1422	0.00001   	0.00000   	0.00001   	271.32661 	 (-0.00000  )
1423	0.00001   	-0.00001  	-0.00001  	269.48830 	 (-0.00000  )
1424	0.00000   	0.00001   	-0.00001  	259.63588 	 (-0.00000  )
1425	-0.00000  	-0.00001  	-0.00000  	262.76359 	 (0.00000   )
1426	-0.00000  	0.00000   	-0.00000  	217.72454 	 (-0.00000  )
1427	-0.00000  	0.00001   	-0.00000  	267.98075 	 (-0.00000  )
1428	-0.00001  	-0.00000  	-0.00000  	265.56065 	 (-0.00000  )
1429	-0.00001  	-0.00000  	-0.00000  	256.14398 	 (-0.00000  )
1430	-0.00000  	0.00000   	-0.00000  	264.80153 	 (-0.00000  )
1431	0.00000   	0.00000   	0.00000   	261.61308 	 (0.00000   )
1432	-0.00000  	0.00000   	-0.00000  	261.43368 	 (0.00000   )
1433	-0.00000  	0.00000   	0.00000   	265.30022 	 (0.00000   )
1434	0.00000   	0.00000   	-0.00000  	262.19753 	 (0.00000   )
1435	-0.00000  	-0.00000  	-0.00000  	199.69262 	 (-0.00000  )
1436	-0.00001  	-0.00000  	-0.00000  	235.68516 	 (-0.00000  )
1437	-0.00001  	-0.00000  	0.00000   	234.94506 	 (-0.00000  )
1438	-0.00001  	-0.00000  	-0.00000  	226.76745 	 (-0.00000  )
1439	-0.00000  	-0.00000  	-0.00000  	229.37070 	 (-0.00000  )
