0 -0.239833025998298 4.39297e-06
1 -0.239504012188249 8.83346e-06
2 -0.239504012149757 2.51166e-06
3 -0.239187230240297 1.75621e-06
4 -0.239091216347473 8.16511e-06
5 -0.239091216300646 2.0823e-06
6 -0.237285275295838 2.53607e-06
7 -0.237285275291201 3.47052e-07
8 -0.23722513971649 2.21416e-06
9 -0.237225139713385 3.19453e-07
10 -0.236447883832985 5.9407e-07
11 -0.23644788383269 2.2221e-07
12 -0.234175837241976 1.72975e-07
13 -0.234175837241896 1.47937e-07
14 -0.234004613494235 1.64441e-07
15 -0.234004613494039 1.25973e-07
16 -0.232557631223843 6.27797e-08
17 -0.232557631223601 1.43363e-07
18 -0.229424613213906 7.07805e-08
19 -0.229424613213607 1.23273e-07
20 -0.159263318851903 6.33847e-08
21 -0.159263318851666 1.02479e-07
22 -0.155912335519983 8.60453e-08
23 -0.155912335519925 3.83542e-08
24 -0.155419428560846 1.07873e-07
25 -0.155419428560822 7.88495e-08
26 -0.155245385609284 7.70919e-08
27 -0.155245385609224 8.37983e-08
28 -0.152279159451284 6.50327e-08
29 -0.152279159451248 5.9808e-08
30 -0.151535366426743 8.0137e-08
31 -0.15153536642672 8.10625e-08
32 -0.151232206017206 9.14405e-08
33 -0.15123220601716 5.25187e-08
34 -0.150572530103922 6.07862e-08
35 -0.150572530103766 1.70501e-07
36 -0.150215195903642 1.54958e-07
37 -0.150215195903356 1.92475e-07
38 -0.149550144939255 1.65566e-07
39 -0.149550144938045 3.89173e-07
40 -0.1491129370848 4.62788e-07
41 -0.149112937080164 8.44569e-07
42 -0.147282564292526 4.57675e-06
43 -0.146966045264321 6.27599e-06
