1922 
Cs -34.3651 34.0618 -41.5097
Cs -35.0618 33.6653 -17.9312
Cs -35.2056 33.7403 5.86412
Cs -34.8481 33.8924 29.6961
Cs -34.3361 23.4732 -52.3623
I -29.0551 23.4817 -47.2122
I -35.5541 28.5664 -46.7095
I -29.2702 17.6483 -53.659
Cs -33.9087 23.312 -41.1936
Cs -33.8363 23.2952 -29.7362
Cs -34.3008 11.8972 -41.738
Cs -34.5385 33.783 -29.7762
I -35.4662 17.5068 -47.4202
I -28.4704 23.6252 -23.8429
I -35.4407 28.6908 -23.9332
I -35.3163 18.2916 -35.6692
I -28.3219 23.4041 -35.6387
I -35.2744 28.77 -35.624
I -28.9157 29.0793 -41.546
I -29.0411 17.465 -29.7229
Cs -34.0582 23.5481 -17.9131
Cs -34.1952 23.5158 -6.01891
Cs -34.7207 12.495 -17.8194
Cs -34.9053 33.9359 -6.05191
I -35.4662 18.5284 -23.5908
I -28.7588 23.755 -0.183041
I -35.6729 28.8531 -0.151258
I -35.6215 18.5469 -12.3047
I -28.7061 23.6907 -11.8238
I -35.614 28.8032 -11.9235
I -29.115 29.262 -17.8814
I -29.6239 17.5864 -5.98601
Cs -34.1474 23.6698 5.87284
Cs -34.0612 23.5275 17.7821
Cs -34.8356 12.6692 5.85698
Cs -34.8687 33.786 17.8025
I -35.6646 18.6285 0.292027
I -28.5167 23.6892 23.6316
I -35.4976 28.7864 23.7537
I -35.593 18.7027 11.5335
I -28.5868 23.7773 11.8952
I -35.5894 28.7656 11.8911
I -29.2275 29.3928 5.86732
I -29.4922 17.6025 17.744
Cs -34.0206 23.5141 29.6256
Cs -34.1443 23.3529 41.0486
Cs -34.6614 12.3135 29.6791
Cs -34.3159 34.2024 41.505
I -35.5244 18.5699 24.0031
I -29.0421 23.3816 46.9338
I -35.4932 28.5872 46.6623
I -35.5066 18.2535 35.1839
I -28.7076 23.5683 35.5614
I -35.4915 28.9771 35.6115
I -29.0937 29.2554 29.6317
I -29.4334 17.4541 41.3867
Cs -34.1942 23.334 52.212
Cs -34.1423 11.5764 52.2933
I -35.462 17.3508 47.3891
I -28.6186 28.5268 53.5265
Cs -23.5545 34.3201 -52.4539
I -17.6383 35.487 -47.3981
I -17.5741 29.3197 -53.6397
I -28.7728 28.7065 -53.68
Cs -23.0993 34.3426 -41.6541
Cs -22.5667 34.5074 -29.8558
Cs -23.4071 23.313 -41.8132
Pb -29.5629 29.5398 -47.623
Pb -29.2409 29.3743 -35.6338
I -28.7662 35.5473 -46.8261
I -23.4834 29.0727 -47.3036
I -16.9191 35.4318 -24.1711
I -29.7585 35.4721 -35.5938
I -23.3621 29.9522 -35.6848
I -16.86 35.1363 -35.4828
I -17.5961 28.5681 -29.729
I -28.7991 29.109 -29.7356
Cs -23.3665 34.835 -17.7842
Cs -22.8931 34.6833 -6.03159
Cs -23.7363 23.6936 -17.7814
Pb -29.4257 29.5723 -23.8308
Pb -29.5875 29.6283 -11.9393
I -30.3388 35.5907 -23.6339
I -23.5605 30.3186 -23.7414
I -17.3059 35.6231 -0.275237
I -30.4155 35.6435 -12.1256
I -23.6889 30.1782 -11.9619
I -17.2546 35.5713 -11.7977
I -17.9127 28.8631 -5.99402
I -29.1063 29.3862 -6.01621
Cs -23.4406 34.9732 5.71087
Cs -22.699 34.7288 17.8183
Cs -23.8627 23.8684 5.78583
Pb -29.6496 29.6935 -0.091854
Pb -29.5704 29.7175 11.8387
I -30.5083 35.7024 0.0681133
I -23.7495 30.2392 -0.0484998
I -16.9845 35.4728 23.5226
I -30.65 35.7062 11.686
I -23.7104 30.5208 11.7102
I -17.0598 35.5764 12.0997
I -17.9047 28.7598 17.7467
I -28.9423 29.3482 17.7691
Cs -23.2763 34.7441 29.9301
Cs -23.0469 34.2502 41.4863
Cs -23.6713 23.7017 29.7375
Pb -29.4733 29.639 23.6834
Pb -29.4682 29.5345 35.5495
I -30.4015 35.6627 23.7813
I -23.6097 30.3953 23.8461
I -17.5033 35.4061 47.1198
I -29.7804 35.5924 35.3921
I -23.542 29.7585 35.525
I -17.3387 35.4441 35.6333
I -17.6177 28.8236 41.4226
I -28.9739 29.1284 41.4349
Cs -23.389 34.1648 52.2836
Cs -23.2907 23.0212 52.1814
Pb -29.4686 29.4435 47.5077
I -28.6311 35.4753 46.7511
I -23.3933 28.9264 47.1056
Cs -11.745 33.7966 -41.1548
Cs -11.9701 34.0791 -17.9626
Cs -12.0978 34.1857 5.89597
Cs -11.9393 34.0083 29.4983
Cs -11.5738 34.3004 52.0966
Cs -34.4235 0.0850661 -52.0841
Cs -34.2179 11.7942 -52.5575
I -29.0425 0.122107 -47.0379
I -35.4921 6.1531 -47.4193
I -29.4697 -5.70962 -53.4131
Cs -33.7127 0.0436584 -40.855
Cs -33.4525 0.0756118 -29.5536
Cs -34.1493 -11.2895 -41.2508
Cs -34.3575 11.1011 -29.6315
I -35.3989 -5.76614 -46.9943
I -28.0863 0.356478 -23.7677
I -35.2357 5.27273 -24.176
I -34.9513 -5.1034 -35.4139
I -27.7478 0.152144 -35.5535
I -35.0229 5.08665 -35.1676
I -29.1207 6.04127 -41.4946
I -28.6806 -5.73264 -29.5207
Cs -33.8764 0.228574 -17.8546
Cs -33.6394 0.235842 -5.96904
Cs -34.1247 -10.7337 -17.7402
Cs -34.4204 11.2052 -5.98552
I -34.9407 -5.14023 -23.5343
I -28.1259 0.443521 -0.224575
I -35.3334 5.38644 -0.482674
I -34.9994 -4.95061 -12.2251
I -28.098 0.385765 -11.6692
I -35.3031 5.35838 -11.5189
I -29.4238 6.25594 -17.8001
I -29.0434 -5.71835 -5.9187
Cs -33.9565 0.330532 5.89185
Cs -33.6058 0.239818 17.7004
Cs -34.2214 -10.5454 5.88814
Cs -34.3934 11.2523 17.7418
I -35.0157 -4.89999 0.296572
I -28.0696 0.382156 23.4443
I -35.2512 5.33033 23.2852
I -35.003 -4.90815 11.5226
I -28.1072 0.466778 11.9828
I -35.3162 5.39492 12.2657
I -29.5298 6.3426 5.87869
I -28.9865 -5.69344 17.6668
Cs -33.8461 0.240781 29.3223
Cs -33.8397 0.123237 40.854
Cs -34.3012 -10.7735 29.2842
Cs -34.2394 11.4328 41.4287
I -34.997 -5.00587 23.8128
I -28.964 -0.0509622 46.825
I -35.3672 5.83117 47.0298
I -35.0922 -4.93767 34.9647
I -28.1031 0.246978 35.5754
I -35.3279 5.56736 35.7075
I -29.3384 6.20116 29.5353
I -29.2012 -5.89801 41.2352
Cs -34.3475 -0.17705 51.8974
Cs -34.1326 -11.8518 52.0913
I -35.4072 -6.1034 47.1014
I -29.472 5.55476 53.4196
Cs -23.2436 11.711 -52.5068
Cs -23.2871 23.2986 -52.4862
I -17.5404 11.7749 -47.4641
I -23.4666 17.5863 -47.4837
I -17.8588 5.84353 -53.7225
I -29.2872 5.8098 -53.5445
Cs -23.2644 11.91 -41.8977
Cs -23.0775 11.7355 -29.6069
Cs -23.2648 0.237263 -41.8369
Cs -23.3466 23.1314 -29.6814
Pb -29.4402 5.95897 -47.4586
Pb -29.434 17.6496 -47.5622
Pb -28.9818 5.95175 -35.5284
Pb -29.245 17.5404 -35.6302
I -29.0084 11.7978 -47.3394
I -23.4608 5.96921 -47.2655
I -16.4086 12.0082 -24.1666
I -23.5352 16.75 -23.9852
I -30.0744 11.7349 -35.6544
I -23.1711 7.41032 -35.9776
I -16.0109 11.7342 -35.5941
I -23.3219 16.3381 -35.6263
I -28.9391 17.5463 -41.5787
I -17.6733 17.4864 -41.6624
I -18.0059 5.88227 -29.661
I -28.3236 6.01593 -29.6332
Cs -23.9379 12.2979 -17.7411
Cs -23.1142 11.801 -5.95668
Cs -23.6582 1.19423 -17.729
Cs -23.5318 23.3298 -5.98522
Pb -29.2651 6.14125 -23.7544
Pb -29.4692 17.7904 -23.7979
Pb -29.3284 6.1583 -11.8349
Pb -29.6205 17.8455 -11.897
I -30.0436 11.9554 -23.5985
I -23.3402 7.26411 -23.2246
I -16.6295 12.1097 -0.634572
I -23.7055 16.9996 -0.478388
I -30.0404 11.9944 -12.0556
I -23.398 7.24644 -12.3578
I -16.605 12.0637 -11.2534
I -23.6588 16.9598 -11.4835
I -28.9508 17.9715 -17.8365
I -18.3218 17.5937 -17.7808
I -18.3312 5.78965 -5.9208
I -28.468 6.27146 -5.95502
Cs -24.1006 12.4181 5.85163
Cs -23.0422 11.7656 17.7018
Cs -23.7601 1.34233 5.87442
Cs -23.5022 23.2134 17.7333
Pb -29.3647 6.22079 -0.081468
Pb -29.6627 17.9064 -0.0736275
Pb -29.3475 6.25039 11.8324
Pb -29.5943 17.9308 11.822
I -30.1109 12.0572 0.134968
I -23.4362 7.3291 0.500254
I -16.4809 12.0213 23.131
I -23.5845 16.7795 23.2922
I -30.1457 12.0805 11.6023
I -23.4188 7.3726 11.2614
I -16.5595 12.1228 12.4164
I -23.663 16.8864 12.2144
I -29.0083 18.1227 5.87168
I -18.4978 17.649 5.87569
I -18.2693 5.78532 17.7164
I -28.4364 6.28531 17.706
Cs -23.8807 12.2298 29.6186
Cs -23.2045 11.6193 41.4037
Cs -23.6248 1.1025 29.5379
Cs -23.3457 23.2746 41.3461
Pb -29.2694 6.17077 23.5696
Pb -29.5198 17.8382 23.6507
Pb -29.2925 6.03569 35.4518
Pb -29.4724 17.7276 35.48
I -30.0771 11.9881 23.8453
I -23.354 7.27634 24.1284
I -17.474 11.7058 46.7037
I -23.4141 17.5196 46.8424
I -29.8299 11.8868 35.3746
I -23.3436 7.11405 35.0841
I -16.4266 11.8631 36.11
I -23.5063 16.8903 35.9197
I -28.8588 17.9269 29.5825
I -18.248 17.4731 29.5893
I -18.1042 5.53437 41.4062
I -28.6947 5.97397 41.3567
Cs -23.0186 11.8122 52.1213
Cs -23.3158 -0.262457 52.2375
Pb -29.3236 5.79651 47.3246
Pb -29.3938 17.5256 47.3341
I -28.9198 11.6588 47.0893
I -23.3992 5.78001 47.5474
I -29.0604 17.4693 53.3927
I -17.6966 17.3218 53.4496
Cs -11.8108 23.2408 -52.5151
Cs -11.7812 34.3792 -52.3347
I -5.94106 23.4345 -47.6
I -11.7823 29.044 -47.2441
I -5.96626 17.4631 -53.696
I -17.5557 17.6536 -53.7504
Cs -11.8073 23.3292 -41.9427
Cs -11.4732 23.1832 -29.5829
Cs -11.8998 11.7772 -42.0215
Cs -11.7115 33.6519 -29.7286
Pb -17.6147 17.6244 -47.7026
Pb -17.6423 29.4427 -47.5605
Pb -17.4585 17.4887 -35.6582
Pb -17.5255 29.0801 -35.6308
I -17.5956 23.474 -47.407
I -11.772 17.6018 -47.2978
I -5.07588 23.2722 -24.0604
I -11.9603 28.2544 -23.8742
I -18.9033 23.2637 -35.8874
I -11.7293 19.0462 -35.9201
I -4.58949 23.1575 -35.4613
I -11.7251 27.9203 -35.676
I -17.5877 28.9969 -41.5844
I -5.93333 28.7768 -41.5479
I -6.60994 17.0851 -29.6664
I -17.4294 17.9841 -29.7156
Cs -12.6239 23.8366 -17.7577
Cs -11.4875 23.3812 -5.94926
Cs -12.4097 12.9462 -17.7106
Cs -12.014 34.0121 -6.00829
Pb -17.7288 17.7617 -23.7679
Pb -17.7413 29.4537 -23.8359
Pb -17.8126 17.8314 -11.8117
Pb -17.8207 29.5625 -11.894
I -18.8841 23.5694 -23.4441
I -11.9626 18.9156 -23.2242
I -5.23245 23.4409 -0.601215
I -12.0931 28.4784 -0.245177
I -18.8309 23.6599 -12.234
I -12.0153 18.8882 -12.3646
I -5.19919 23.4045 -11.3074
I -12.0343 28.4228 -11.7202
I -17.8618 29.4274 -17.8641
I -6.51364 28.6768 -17.7939
I -7.04105 17.088 -5.91651
I -17.455 18.5052 -5.94727
Cs -12.8161 23.9767 5.8368
Cs -11.4203 23.3181 17.7165
Cs -12.5263 13.0888 5.87618
Cs -11.9326 33.8938 17.7489
Pb -17.859 17.8764 -0.0807121
Pb -17.8818 29.6162 -0.102975
Pb -17.8407 17.8965 11.8373
Pb -17.884 29.5873 11.8503
I -18.8845 23.7129 0.302351
I -12.0601 18.9472 0.535458
I -5.11882 23.3376 23.1159
I -12.0055 28.2769 23.5197
I -19.0437 23.71 11.4178
I -12.0565 19.0173 11.2177
I -5.17003 23.3943 12.3514
I -12.1006 28.351 11.9955
I -17.9818 29.5618 5.86957
I -6.67113 28.7255 5.87456
I -7.0065 17.0372 17.7097
I -17.4117 18.4716 17.7258
Cs -12.5146 23.7459 29.6428
Cs -11.5366 23.2385 41.4719
Cs -12.3258 12.7781 29.6179
Cs -11.8626 34.0047 40.9534
Pb -17.7595 17.7928 23.6029
Pb -17.7927 29.4707 23.6339
Pb -17.6384 17.6257 35.5255
Pb -17.6659 29.4134 35.5272
I -18.9589 23.5953 24.0322
I -11.9727 18.895 24.1821
I -5.798 23.4237 46.8688
I -11.6455 29.05 46.9047
I -18.5532 23.4812 35.2389
I -11.8243 18.781 35.1278
I -4.95422 23.3818 35.9643
I -11.8652 28.3251 35.6539
I -17.7804 29.3214 29.6056
I -6.42507 28.6246 29.5359
I -6.28039 17.2573 41.417
I -17.3061 18.0845 41.4253
Cs -11.427 23.3111 52.233
Cs -11.803 11.5014 52.1703
Pb -17.5487 17.5534 47.4053
Pb -17.525 29.3611 47.3972
I -17.4056 23.4288 47.4762
I -11.684 17.4845 47.3511
I -17.3471 29.396 53.4772
I -5.7981 29.1292 53.3527
Cs -0.0655055 34.1948 -52.4358
I 5.53851 35.4581 -47.2987
I 5.9094 29.2275 -53.3991
I -5.98303 29.3766 -53.6323
Cs -0.330201 34.2294 -41.6176
Cs 0.336124 34.1069 -29.4183
Cs -0.255548 23.2323 -41.7943
Pb -5.94041 29.386 -47.527
Pb -5.90895 29.0483 -35.5819
I -5.86864 35.4203 -47.3418
I -0.103107 28.9555 -47.2413
I 6.3015 35.01 -24.0148
I -6.67142 35.1128 -35.7009
I -0.112628 29.9584 -35.5849
I 6.53273 34.9373 -34.9739
I 5.58195 28.1375 -29.5136
I -5.8183 28.9221 -29.6693
Cs -1.07396 34.5572 -17.81
Cs 0.431604 34.098 -5.93569
Cs -0.709698 23.8276 -17.7172
Pb -6.14488 29.1978 -23.7384
Pb -6.2055 29.3579 -11.8652
I -6.73123 35.2135 -23.6006
I -0.313413 29.7114 -23.4046
I 6.32943 35.001 -0.463295
I -6.9016 35.3638 -12.3483
I -0.355709 29.8235 -12.1174
I 6.35725 34.9849 -11.4199
I 5.35499 28.0991 -5.91766
I -5.9413 29.5275 -5.95992
Cs -1.28371 34.6893 5.88283
Cs 0.35267 34.0861 17.6835
Cs -0.811063 23.9984 5.87295
Pb -6.25811 29.3877 -0.0542597
Pb -6.26934 29.3219 11.8018
I -6.96754 35.4014 0.330867
I -0.409379 29.8766 0.27824
I 6.30643 35.0127 23.1932
I -6.96374 35.3379 11.4965
I -0.419799 29.8668 11.4739
I 6.28476 35.0199 12.222
I 5.36964 28.1352 17.6688
I -5.91734 29.3847 17.7128
Cs -0.938814 34.5693 29.469
Cs 0.316172 34.1831 41.3476
Cs -0.59098 23.7939 29.5173
Pb -6.17892 29.2747 23.6087
Pb -6.04745 29.2919 35.4235
I -6.78743 35.2935 24.0016
I -0.328319 29.7674 23.8516
I 5.91396 35.3027 47.0024
I -6.75984 35.3192 35.0867
I -0.213949 29.8855 35.2243
I 6.31418 35.1786 35.6304
I 5.73538 28.6277 41.2843
I -5.76253 29.4452 41.3408
Cs 0.186437 34.1056 52.2678
Cs -0.0343439 23.0611 52.1175
Pb -5.78474 29.4047 47.2851
I -5.57966 35.4751 47.3798
I 0.0669209 28.9053 47.0398
Cs 11.6232 33.7199 -40.642
Cs 11.4178 33.6609 -17.6584
Cs 11.3444 33.7042 5.86271
Cs 11.4393 33.7044 29.263
Cs 11.8826 34.2339 51.9021
Cs -34.3496 -23.247 -51.7528
Cs -34.2876 -11.6059 -52.0856
I -29.0285 -23.2306 -46.6422
I -35.4511 -17.2157 -46.9295
I -28.8138 -28.4765 -53.1134
Cs -33.8524 -23.0346 -40.5169
Cs -33.383 -22.9133 -29.2534
Cs -34.2322 -33.8116 -40.8587
Cs -33.9901 -11.5692 -29.2061
I -35.5184 -28.307 -46.0347
I -28.1407 -23.0108 -23.4774
I -34.9407 -17.6937 -23.7575
I -35.0227 -28.5572 -34.959
I -28.091 -23.1267 -35.185
I -35.0278 -17.8965 -34.8364
I -29.0717 -17.2193 -41.1426
I -28.4856 -28.7486 -29.2783
Cs -33.6024 -22.8508 -17.5429
Cs -33.1738 -22.8241 -5.868
Cs -34.0901 -33.2804 -17.5238
Cs -33.8284 -11.8288 -5.88463
I -34.9061 -28.369 -23.4273
I -27.9345 -22.9245 -0.0571378
I -34.8211 -17.7871 -0.359067
I -34.8161 -28.265 -11.6655
I -27.9481 -22.9691 -11.6957
I -34.8246 -17.817 -11.4064
I -28.8756 -17.0987 -17.6213
I -28.3397 -28.6876 -5.85383
Cs -33.5922 -22.7757 5.84819
Cs -33.2938 -22.7825 17.5994
Cs -34.1279 -33.1226 5.86061
Cs -33.862 -11.7092 17.6133
I -34.8142 -28.1921 -0.0509565
I -28.094 -22.9787 23.4192
I -34.9021 -17.7319 23.2162
I -34.8687 -28.1953 11.7623
I -28.0256 -22.9061 11.7942
I -34.88 -17.7142 12.0715
I -28.8518 -17.056 5.86817
I -28.4275 -28.653 17.5808
Cs -33.646 -22.8621 29.2443
Cs -33.7108 -23.0921 40.7412
Cs -34.1275 -33.4289 29.1738
Cs -34.0975 -11.8509 41.1666
I -34.9188 -28.324 23.3789
I -28.8454 -23.4063 46.7108
I -35.2729 -17.5167 46.835
I -35.0482 -28.5345 35.0779
I -28.1857 -23.0855 35.2391
I -35.089 -17.8504 35.3475
I -28.773 -17.1767 29.3747
I -28.7038 -28.9081 41.0218
Cs -34.1802 -23.4885 51.8054
I -35.3456 -28.5228 46.0986
I -29.166 -17.6655 53.2043
Cs -23.2285 -11.7471 -52.2324
Cs -23.288 0.153015 -52.3804
I -17.5256 -11.575 -47.1961
I -23.4177 -5.7103 -47.4796
I -17.7667 -17.5902 -53.4005
I -29.2244 -17.4638 -53.1739
Cs -23.1951 -11.4239 -41.5237
Cs -22.8663 -11.6521 -29.3518
Cs -23.2569 -22.99 -41.2858
Cs -22.9598 -0.140571 -29.4406
Pb -29.4021 -17.4022 -47.0973
Pb -29.365 -5.72037 -47.3142
Pb -28.9701 -17.2798 -35.2152
Pb -28.8599 -5.66128 -35.4095
I -28.9572 -11.5501 -46.9884
I -23.4137 -17.3633 -46.8516
I -16.0376 -11.1608 -24.0984
I -22.9653 -6.43586 -24.0039
I -29.694 -11.478 -35.3249
I -23.0566 -16.1823 -35.6786
I -15.8397 -11.3758 -35.2631
I -22.977 -7.00869 -35.2381
I -28.6505 -5.71083 -41.3476
I -17.7423 -5.81004 -41.4697
I -17.6297 -17.3361 -29.4684
I -28.1787 -17.2209 -29.3565
Cs -23.429 -11.0003 -17.6889
Cs -22.5246 -11.6042 -5.9029
Cs -23.0702 -22.5288 -17.6613
Cs -23.055 -0.20978 -5.9246
Pb -28.9081 -17.163 -23.5029
Pb -28.9041 -5.46794 -23.6097
Pb -28.7936 -17.1181 -11.7236
Pb -28.9691 -5.44238 -11.8136
I -29.2658 -11.3241 -23.3869
I -22.9084 -16.3342 -23.0615
I -15.98 -11.0946 -0.649425
I -23.0331 -6.41727 -0.557502
I -29.4117 -11.2995 -11.9909
I -22.8313 -16.1708 -12.2729
I -15.9841 -11.1313 -11.168
I -23.0156 -6.44801 -11.2865
I -28.3344 -5.16468 -17.7135
I -17.8007 -5.80509 -17.6965
I -17.5664 -17.4095 -5.88931
I -27.9343 -17.0769 -5.87854
Cs -23.5486 -10.9104 5.88994
Cs -22.6 -11.6085 17.6324
Cs -23.0677 -22.4373 5.8957
Cs -23.0265 -0.206963 17.6846
Pb -28.7926 -17.0714 -0.0296252
Pb -28.9786 -5.38924 -0.0226238
Pb -28.8493 -17.0553 11.7583
Pb -28.9637 -5.36548 11.7693
I -29.4299 -11.2497 0.230025
I -22.8287 -16.1061 0.502541
I -15.9944 -11.1577 23.0218
I -23.0086 -6.48394 23.0658
I -29.4045 -11.2284 11.5299
I -22.8644 -16.1459 11.283
I -16.0075 -11.0787 12.4139
I -23.0241 -6.39533 12.3133
I -28.3467 -5.02102 5.87673
I -17.8776 -5.82559 5.8913
I -17.5506 -17.3705 17.6565
I -28.0626 -17.0563 17.6138
Cs -23.4664 -11.1353 29.4287
Cs -22.9999 -11.7612 41.4555
Cs -23.1384 -22.7028 29.332
Cs -23.1391 -0.232057 41.4283
Pb -28.8663 -17.1286 23.4681
Pb -28.9482 -5.45347 23.553
Pb -29.0145 -17.2302 35.2493
Pb -29.0508 -5.5783 35.316
I -29.4094 -11.3097 23.7248
I -22.8961 -16.2233 23.9033
I -17.3707 -11.6809 46.8225
I -23.3542 -5.90557 46.886
I -29.7084 -11.4093 35.0998
I -23.0498 -16.1431 35.1535
I -15.9896 -11.3418 35.9279
I -23.1618 -6.75458 35.8838
I -28.3334 -5.21601 29.4512
I -17.841 -5.89582 29.5153
I -17.5232 -17.6463 41.3321
I -28.6445 -17.3562 41.146
Cs -23.0921 -11.7125 52.0525
Cs -23.1737 -23.2631 52.0644
Pb -29.2396 -17.5847 47.1143
Pb -29.3384 -5.89776 47.1852
I -28.8769 -11.7336 46.9217
I -23.2794 -17.5201 47.0926
I -29.1846 -5.89591 53.2538
I -17.8139 -6.14894 53.4649
Cs -11.7776 -0.149938 -52.4388
Cs -11.6215 11.7991 -52.5057
I -5.85271 0.0581356 -47.5499
I -11.7531 5.87832 -47.6126
I -6.17523 -6.11604 -53.5481
I -17.4177 -5.81161 -53.5516
Cs -11.8413 0.330789 -41.9075
Cs -10.5767 -0.274704 -29.6292
Cs -11.8605 -11.4072 -41.7556
Cs -11.485 11.027 -29.6681
Pb -17.5493 -5.73655 -47.513
Pb -17.606 5.93346 -47.6816
Pb -17.1948 -5.54484 -35.4813
Pb -17.3981 5.91791 -35.6055
I -17.5921 0.101994 -47.2194
I -11.7063 -5.68454 -46.9508
I -4.45282 0.188124 -24.3743
I -11.7571 4.73978 -24.348
I -18.9179 0.171646 -35.8661
I -11.4228 -4.23531 -36.0747
I -4.32258 0.0356629 -35.1155
I -11.6268 4.41962 -35.2914
I -17.2938 6.05378 -41.6239
I -6.20023 5.55419 -41.5781
I -6.16017 -6.35526 -29.5858
I -16.7444 -4.87856 -29.5701
Cs -12.7465 0.846411 -17.715
Cs -10.4932 -0.233158 -5.90731
Cs -11.8864 -10.3529 -17.6833
Cs -11.5238 10.9711 -5.92025
Pb -17.1608 -5.32459 -23.6479
Pb -17.494 6.20972 -23.7115
Pb -17.1898 -5.31854 -11.7546
Pb -17.5511 6.22627 -11.7981
I -18.6228 0.422518 -23.0643
I -11.3627 -4.21974 -22.9662
I -4.49143 0.223284 -0.753444
I -11.8208 4.87926 -0.748081
I -18.628 0.425678 -12.4358
I -11.3568 -4.24901 -12.517
I -4.47665 0.197099 -11.0826
I -11.7893 4.85592 -11.1032
I -17.1435 6.94161 -17.7468
I -6.70211 5.42956 -17.7489
I -6.2485 -6.36226 -5.90457
I -16.6887 -4.51049 -5.89874
Cs -12.8356 0.909845 5.88914
Cs -10.4804 -0.245674 17.7239
Cs -11.9094 -10.2889 5.8919
Cs -11.498 10.9197 17.7258
Pb -17.212 -5.2813 -0.0367098
Pb -17.5856 6.27059 -0.0431255
Pb -17.2086 -5.2565 11.8182
Pb -17.5708 6.28865 11.8218
I -18.6786 0.467078 0.639047
I -11.3757 -4.20855 0.733154
I -4.47128 0.170238 22.9742
I -11.7596 4.7976 22.9728
I -18.6943 0.486967 11.1409
I -11.3785 -4.18799 11.0742
I -4.48141 0.22846 12.5617
I -11.8163 4.84617 12.5482
I -17.1466 7.05985 5.8888
I -6.75982 5.38311 5.90124
I -6.1977 -6.35228 17.7283
I -16.6828 -4.53625 17.6948
Cs -12.6563 0.734456 29.5867
Cs -11.4292 -0.260106 41.7348
Cs -11.9078 -10.5129 29.5419
Cs -11.4132 11.5505 41.6681
Pb -17.1972 -5.35088 23.5607
Pb -17.5179 6.19133 23.6061
Pb -17.3487 -5.55697 35.4551
Pb -17.4876 6.04811 35.51
I -18.6203 0.392655 24.2378
I -11.3797 -4.276 24.3015
I -5.69626 -0.0130788 46.886
I -11.6768 5.7624 46.7636
I -18.7352 0.229885 35.0234
I -11.5391 -4.22962 35.0435
I -4.43591 0.163284 36.1229
I -11.7549 4.631 36.1543
I -17.1475 6.81556 29.5808
I -6.65184 5.46127 29.5875
I -6.15609 -6.13592 41.4784
I -17.1535 -5.38251 41.4092
Cs -11.4954 0.139592 52.2226
Cs -11.7918 -11.7894 52.3025
Pb -17.4933 -5.84978 47.4297
Pb -17.5255 5.86048 47.3938
I -17.4721 -0.000844708 47.3991
I -11.633 -5.84334 47.4406
I -17.3032 6.11276 53.436
I -6.15507 5.65234 53.4931
Cs -0.147903 11.6004 -52.3915
Cs 0.0667092 23.2 -52.435
I 5.78874 11.7107 -47.5045
I -0.0942067 17.5142 -47.3991
I 5.64902 5.64567 -53.5498
I -5.66909 6.11094 -53.6603
Cs -0.245742 11.8967 -41.9032
Cs 0.668192 11.2192 -29.6436
Cs -0.305811 0.285018 -41.8062
Cs -0.00894408 22.803 -29.5255
Pb -5.89591 5.9009 -47.63
Pb -5.93535 17.5722 -47.6542
Pb -5.79558 5.84122 -35.5966
Pb -5.9993 17.3474 -35.6045
I -5.98817 11.7349 -47.1409
I -0.0634249 5.98159 -47.009
I 6.82235 11.4613 -24.307
I -0.432037 16.1731 -24.2112
I -7.42292 11.5915 -36.1008
I -0.0166277 7.22605 -36.145
I 7.12803 11.4684 -35.137
I -0.1931 15.9178 -35.3961
I -5.81034 17.7524 -41.6076
I 5.51796 17.1726 -41.5046
I 5.08493 5.08338 -29.6075
I -5.39706 6.48144 -29.6547
Cs -1.40535 12.194 -17.7174
Cs 0.76652 11.1659 -5.91135
Cs -0.568649 1.20877 -17.7449
Cs -0.0414134 22.6531 -5.93096
Pb -5.96099 5.94255 -23.7032
Pb -6.21104 17.4748 -23.7217
Pb -5.96216 5.95508 -11.8079
Pb -6.24345 17.5657 -11.7779
I -7.44023 11.7035 -23.0677
I -0.163868 7.18544 -23.0057
I 6.77626 11.4521 -0.726492
I -0.50835 16.2835 -0.694898
I -7.36689 11.7424 -12.4672
I -0.147134 7.13525 -12.528
I 6.79531 11.429 -11.0876
I -0.470941 16.2735 -11.1596
I -5.88253 18.16 -17.7408
I 4.71513 16.7056 -17.7132
I 4.88406 4.92595 -5.90256
I -5.33092 6.70398 -5.90959
Cs -1.48169 12.2721 5.89215
Cs 0.759493 11.1716 17.7326
Cs -0.584339 1.23801 5.90422
Cs -0.00716584 22.6709 17.7002
Pb -5.98902 5.99138 -0.0137119
Pb -6.28223 17.6028 -0.0534982
Pb -5.99306 5.9907 11.8172
Pb -6.29447 17.578 11.8288
I -7.42918 11.779 0.6888
I -0.166215 7.17125 0.738687
I 6.8259 11.4399 22.9555
I -0.41554 16.254 23.0318
I -7.46304 11.7674 11.1023
I -0.17897 7.19313 11.0752
I 6.76205 11.4694 12.5146
I -0.512107 16.2595 12.4866
I -5.85607 18.3037 5.88654
I 4.64667 16.696 5.89317
I 4.91535 4.95307 17.7292
I -5.31932 6.65305 17.7291
Cs -1.2089 12.1827 29.5797
Cs 0.226404 11.3846 41.6981
Cs -0.555308 1.08523 29.6307
Cs 0.139348 23.09 41.4761
Pb -5.93985 5.93372 23.6363
Pb -6.20877 17.5175 23.5783
Pb -5.96674 5.91314 35.5199
Pb -6.00455 17.5458 35.4879
I -7.34123 11.7179 24.2896
I -0.142665 7.1365 24.3438
I 5.94829 11.6268 46.8643
I 0.0179259 17.4303 46.7944
I -7.33966 11.7365 35.0457
I -0.135694 7.27513 35.0374
I 7.05271 11.5875 36.0955
I -0.236734 16.1982 36.0144
I -5.78071 18.1493 29.5497
I 4.9031 16.8283 29.5429
I 5.37561 5.43106 41.4914
I -5.47087 6.32762 41.4468
Cs 0.199185 11.8262 52.2629
Cs -0.129845 -0.165975 52.35
Pb -5.83568 5.82916 47.4643
Pb -5.82077 17.5572 47.4265
I -5.81227 11.6961 47.4507
I 0.0210591 5.83466 47.5412
I -5.61379 17.8457 53.4628
I 5.74243 17.3699 53.4252
Cs 11.5693 23.2729 -52.178
Cs 11.6451 34.3721 -51.948
I 17.3562 23.3988 -47.1957
I 11.5753 29.0351 -46.862
I 17.4517 17.4507 -53.3922
I 5.96112 17.8488 -53.5836
Cs 11.4266 23.2229 -41.6403
Cs 11.7408 22.775 -29.3662
Cs 11.3213 11.8062 -41.7312
Cs 11.4799 33.2909 -29.3853
Pb 5.75063 17.5642 -47.5486
Pb 5.73942 29.4049 -47.315
Pb 5.63329 17.2475 -35.5125
Pb 5.6535 28.9047 -35.3946
I 5.73583 23.4201 -47.0852
I 11.5809 17.5488 -47.0115
I 18.0357 22.8271 -23.8257
I 11.2907 27.8926 -23.6586
I 4.31173 23.0618 -35.8995
I 11.4176 18.6629 -35.7926
I 18.4117 22.9315 -35.1542
I 11.4544 27.713 -35.3965
I 5.62436 29.1211 -41.3557
I 17.3377 28.6706 -41.1747
I 16.6862 16.6276 -29.4837
I 5.82423 17.7775 -29.574
Cs 10.5199 23.3504 -17.6895
Cs 11.8085 22.7177 -5.90666
Cs 10.8894 12.334 -17.6966
Cs 11.3771 33.2787 -5.91655
Pb 5.39105 17.205 -23.6384
Pb 5.49746 29.0219 -23.6433
Pb 5.38211 17.1935 -11.7926
Pb 5.44787 29.0084 -11.7769
I 4.44417 23.0634 -23.1142
I 11.2241 18.2907 -23.0354
I 18.0248 22.7903 -0.373493
I 11.191 27.8122 -0.181673
I 4.39008 23.0581 -12.3582
I 11.2106 18.2669 -12.4106
I 18.0121 22.7791 -11.4144
I 11.2382 27.8215 -11.6486
I 5.47044 29.1405 -17.7152
I 16.8945 28.1845 -17.6413
I 16.3692 16.4557 -5.88429
I 5.91711 17.9118 -5.90468
Cs 10.3929 23.4012 5.8844
Cs 11.7978 22.7523 17.6802
Cs 10.8488 12.3834 5.8999
Cs 11.3586 33.3282 17.6518
Pb 5.34613 17.2186 -0.0163291
Pb 5.39872 29.0298 -0.0593525
Pb 5.33587 17.2321 11.8003
Pb 5.39107 29.0442 11.8055
I 4.31111 23.0806 0.546018
I 11.1804 18.3075 0.628385
I 17.9803 22.8517 23.2002
I 11.2673 27.9065 23.419
I 4.3064 23.0896 11.2292
I 11.1736 18.3248 11.1665
I 18.0151 22.8254 12.1391
I 11.1863 27.8387 11.9351
I 5.41815 29.1916 5.87588
I 16.7775 28.1666 5.87229
I 16.4049 16.5168 17.6693
I 5.92802 17.8923 17.6981
Cs 10.624 23.4007 29.4582
Cs 11.8354 23.0227 41.3879
Cs 11.047 12.2736 29.5417
Cs 11.6267 33.6991 40.8487
Pb 5.43676 17.2048 23.5948
Pb 5.47361 29.0249 23.5211
Pb 5.57732 17.3238 35.4518
Pb 5.61341 29.1496 35.374
I 4.46165 23.0743 24.1012
I 11.2575 18.2897 24.2017
I 17.5621 23.272 46.9147
I 11.756 28.8667 46.8206
I 4.47597 23.1939 35.0569
I 11.4083 18.5885 35.0176
I 18.3579 23.0123 35.5898
I 11.4113 27.9502 35.4732
I 5.51668 29.1317 29.4671
I 16.9579 28.2784 29.3866
I 17.1928 17.1815 41.3334
I 6.07993 17.8827 41.3665
Cs 11.8779 23.1958 52.1961
Cs 11.6519 11.5349 52.2035
Pb 5.86097 17.4684 47.383
Pb 5.92067 29.266 47.2528
I 5.91027 23.3326 47.3917
I 11.7177 17.414 47.25
I 6.11776 29.3125 53.3542
I 17.6183 29.1216 53.1949
Cs 23.3863 34.3335 -51.8282
I 28.5086 35.4724 -46.1275
I 28.6203 28.7299 -53.1268
I 17.4543 29.3981 -53.22
Cs 22.8073 34.116 -40.9929
Cs 22.6461 33.9824 -29.2624
Cs 23.0932 23.204 -41.2282
Pb 17.4393 29.3565 -47.1389
Pb 17.2576 28.8289 -35.2689
I 17.4065 35.391 -46.7843
I 23.2731 28.9843 -46.7785
I 29.3097 35.0106 -23.4353
I 16.8616 34.9006 -35.1106
I 23.1165 29.4272 -35.234
I 29.3066 35.1502 -34.9097
I 28.5264 28.5766 -29.2874
I 17.2709 28.482 -29.4036
Cs 22.2171 33.9491 -17.6274
Cs 22.6403 33.894 -5.90445
Cs 22.7621 23.0276 -17.6111
Pb 17.1064 28.7598 -23.5097
Pb 17.0566 28.7201 -11.7677
I 16.7211 34.8046 -23.4542
I 22.9626 29.2507 -23.4046
I 29.3675 34.9378 -0.169637
I 16.6645 34.7755 -11.8945
I 22.9169 29.2464 -11.8588
I 29.356 34.9212 -11.5742
I 28.3739 28.4277 -5.86494
I 17.223 28.5439 -5.88933
Cs 22.035 33.999 5.85919
Cs 22.6272 33.9416 17.6195
Cs 22.6922 23.0961 5.87817
Pb 17.0089 28.7193 -0.0046714
Pb 17.0039 28.7509 11.7438
I 16.5675 34.777 0.0917103
I 22.8653 29.3182 0.103009
I 29.2558 35.0361 23.2452
I 16.5645 34.8056 11.65
I 22.8625 29.3386 11.6309
I 29.335 34.9919 11.8001
I 28.3943 28.5281 17.5654
I 17.2106 28.5887 17.632
Cs 22.3058 34.0625 29.2392
Cs 23.077 34.0844 41.0532
Cs 22.8451 23.0904 29.2764
Pb 17.0853 28.7977 23.5074
Pb 17.2337 28.903 35.2517
I 16.7217 34.8502 23.5706
I 22.9471 29.2481 23.5566
I 28.7426 35.3003 46.2333
I 16.6972 34.9545 34.9911
I 23.0824 29.5372 35.1295
I 29.3701 35.1933 35.1028
I 28.8036 28.8047 41.0005
I 17.4929 28.8731 41.1664
Cs 23.6038 34.0996 51.9295
Cs 23.3234 23.0739 51.9393
Pb 17.6192 29.2437 47.129
I 17.6716 35.2961 46.9189
I 23.4557 28.8416 46.79
Cs 34.0701 33.9595 -40.8226
Cs 34.0504 33.4036 -17.518
Cs 33.9998 33.3881 5.82771
Cs 34.0344 33.6054 29.1449
Cs -34.0344 -33.6054 -29.1449
Cs -33.9998 -33.3881 -5.82771
Cs -34.0504 -33.4036 17.518
Cs -34.0701 -33.9595 40.8226
Cs -23.6038 -34.0996 -51.9295
Cs -23.3234 -23.0739 -51.9393
I -17.6716 -35.2961 -46.9189
I -23.4557 -28.8416 -46.79
Cs -23.077 -34.0844 -41.0532
Cs -22.3058 -34.0625 -29.2392
Cs -22.8451 -23.0904 -29.2764
Pb -29.5398 -29.2883 -47.0533
Pb -28.9884 -29.099 -35.1298
I -28.7426 -35.3003 -46.2333
I -16.7217 -34.8502 -23.5706
I -22.9471 -29.2481 -23.5566
I -29.3701 -35.1933 -35.1028
I -16.6972 -34.9545 -34.9911
I -23.0824 -29.5372 -35.1295
I -28.8036 -28.8047 -41.0005
I -17.4929 -28.8731 -41.1664
Cs -22.6272 -33.9416 -17.6195
Cs -22.035 -33.999 -5.85919
Cs -22.6922 -23.0961 -5.87817
Pb -28.8663 -28.972 -23.4096
Pb -28.7747 -28.9306 -11.7106
I -29.2558 -35.0361 -23.2452
I -16.5675 -34.777 -0.0917103
I -22.8653 -29.3182 -0.103009
I -29.335 -34.9919 -11.8001
I -16.5645 -34.8056 -11.65
I -22.8625 -29.3386 -11.6309
I -28.3943 -28.5281 -17.5654
I -17.2106 -28.5887 -17.632
Cs -22.6403 -33.894 5.90445
Cs -22.2171 -33.9491 17.6274
Cs -22.7621 -23.0276 17.6111
Pb -28.7737 -28.8818 0.0118996
Pb -28.8284 -28.8616 11.7135
I -29.3675 -34.9378 0.169637
I -16.7211 -34.8046 23.4542
I -22.9626 -29.2507 23.4046
I -29.356 -34.9212 11.5742
I -16.6645 -34.7755 11.8945
I -22.9169 -29.2464 11.8588
I -28.3739 -28.4277 5.86494
I -17.223 -28.5439 5.88933
Cs -22.6461 -33.9824 29.2624
Cs -22.8073 -34.116 40.9929
Cs -23.0932 -23.204 41.2282
Pb -28.8816 -28.9431 23.43
Pb -29.0181 -29.0563 35.1406
I -29.3097 -35.0106 23.4353
I -17.4065 -35.391 46.7843
I -23.2731 -28.9843 46.7785
I -29.3066 -35.1502 34.9097
I -16.8616 -34.9006 35.1106
I -23.1165 -29.4272 35.234
I -28.5264 -28.5766 29.2874
I -17.2709 -28.482 29.4036
Cs -23.3863 -34.3335 51.8282
Pb -29.3531 -29.4765 47.0663
I -28.5086 -35.4724 46.1275
I -28.6203 -28.7299 53.1268
I -17.4543 -29.3981 53.22
Cs -11.8779 -23.1958 -52.1961
Cs -11.6519 -11.5349 -52.2035
I -5.91027 -23.3326 -47.3917
I -11.7177 -17.414 -47.25
I -6.11776 -29.3125 -53.3542
I -17.6183 -29.1216 -53.1949
Cs -11.8354 -23.0227 -41.3879
Cs -10.624 -23.4007 -29.4582
Cs -11.6267 -33.6991 -40.8487
Cs -11.047 -12.2736 -29.5417
Pb -17.6192 -29.2437 -47.129
Pb -17.5698 -17.4275 -47.3588
Pb -17.2337 -28.903 -35.2517
Pb -17.1901 -17.1717 -35.3783
I -17.5621 -23.272 -46.9147
I -11.756 -28.8667 -46.8206
I -4.46165 -23.0743 -24.1012
I -11.2575 -18.2897 -24.2017
I -18.3579 -23.0123 -35.5898
I -11.4113 -27.9502 -35.4732
I -4.47597 -23.1939 -35.0569
I -11.4083 -18.5885 -35.0176
I -17.1928 -17.1815 -41.3334
I -6.07993 -17.8827 -41.3665
I -5.51668 -29.1317 -29.4671
I -16.9579 -28.2784 -29.3866
Cs -11.7978 -22.7523 -17.6802
Cs -10.3929 -23.4012 -5.8844
Cs -11.3586 -33.3282 -17.6518
Cs -10.8488 -12.3834 -5.8999
Pb -17.0853 -28.7977 -23.5074
Pb -17.0178 -16.9925 -23.5534
Pb -17.0039 -28.7509 -11.7438
Pb -16.9447 -16.9804 -11.7794
I -17.9803 -22.8517 -23.2002
I -11.2673 -27.9065 -23.419
I -4.31111 -23.0806 -0.546018
I -11.1804 -18.3075 -0.628385
I -18.0151 -22.8254 -12.1391
I -11.1863 -27.8387 -11.9351
I -4.3064 -23.0896 -11.2292
I -11.1736 -18.3248 -11.1665
I -16.4049 -16.5168 -17.6693
I -5.92802 -17.8923 -17.6981
I -5.41815 -29.1916 -5.87588
I -16.7775 -28.1666 -5.87229
Cs -11.8085 -22.7177 5.90666
Cs -10.5199 -23.3504 17.6895
Cs -11.3771 -33.2787 5.91655
Cs -10.8894 -12.334 17.6966
Pb -17.0089 -28.7193 0.0046714
Pb -16.9463 -16.9415 0.00235271
Pb -17.0566 -28.7201 11.7677
Pb -16.9739 -16.9216 11.7587
I -18.0248 -22.7903 0.373493
I -11.191 -27.8122 0.181673
I -4.44417 -23.0634 23.1142
I -11.2241 -18.2907 23.0354
I -18.0121 -22.7791 11.4144
I -11.2382 -27.8215 11.6486
I -4.39008 -23.0581 12.3582
I -11.2106 -18.2669 12.4106
I -16.3692 -16.4557 5.88429
I -5.91711 -17.9118 5.90468
I -5.47044 -29.1405 17.7152
I -16.8945 -28.1845 17.6413
Cs -11.7408 -22.775 29.3662
Cs -11.4266 -23.2229 41.6403
Cs -11.4799 -33.2909 29.3853
Cs -11.3213 -11.8062 41.7312
Pb -17.1064 -28.7598 23.5097
Pb -17.0037 -16.9854 23.5617
Pb -17.2576 -28.8289 35.2689
Pb -17.158 -17.1264 35.3902
I -18.0357 -22.8271 23.8257
I -11.2907 -27.8926 23.6586
I -5.73583 -23.4201 47.0852
I -11.5809 -17.5488 47.0115
I -18.4117 -22.9315 35.1542
I -11.4544 -27.713 35.3965
I -4.31173 -23.0618 35.8995
I -11.4176 -18.6629 35.7926
I -16.6862 -16.6276 29.4837
I -5.82423 -17.7775 29.574
I -5.62436 -29.1211 41.3557
I -17.3377 -28.6706 41.1747
Cs -11.5693 -23.2729 52.178
Cs -11.6451 -34.3721 51.948
Pb -17.4393 -29.3565 47.1389
Pb -17.4286 -17.5321 47.3541
I -17.3562 -23.3988 47.1957
I -11.5753 -29.0351 46.862
I -17.4517 -17.4507 53.3922
I -5.96112 -17.8488 53.5836
Cs -0.199185 -11.8262 -52.2629
Cs 0.129845 0.165975 -52.35
I 5.81227 -11.6961 -47.4507
I -0.0210591 -5.83466 -47.5412
I 5.61379 -17.8457 -53.4628
I -5.74243 -17.3699 -53.4252
Cs -0.226404 -11.3846 -41.6981
Cs 1.2089 -12.1827 -29.5797
Cs -0.139348 -23.09 -41.4761
Cs 0.555308 -1.08523 -29.6307
Pb -5.86097 -17.4684 -47.383
Pb -5.87021 -5.79279 -47.5215
Pb -5.57732 -17.3238 -35.4518
Pb -5.66752 -5.80879 -35.5322
I -5.94829 -11.6268 -46.8643
I -0.0179259 -17.4303 -46.7944
I 7.34123 -11.7179 -24.2896
I 0.142665 -7.1365 -24.3438
I -7.05271 -11.5875 -36.0955
I 0.236734 -16.1982 -36.0144
I 7.33966 -11.7365 -35.0457
I 0.135694 -7.27513 -35.0374
I -5.37561 -5.43106 -41.4914
I 5.47087 -6.32762 -41.4468
I 5.78071 -18.1493 -29.5497
I -4.9031 -16.8283 -29.5429
Cs -0.759493 -11.1716 -17.7326
Cs 1.48169 -12.2721 -5.89215
Cs 0.00716584 -22.6709 -17.7002
Cs 0.584339 -1.23801 -5.90422
Pb -5.43676 -17.2048 -23.5948
Pb -5.59949 -5.6288 -23.6422
Pb -5.33587 -17.2321 -11.8003
Pb -5.56829 -5.64609 -11.8186
I -6.8259 -11.4399 -22.9555
I 0.41554 -16.254 -23.0318
I 7.42918 -11.779 -0.6888
I 0.166215 -7.17125 -0.738687
I -6.76205 -11.4694 -12.5146
I 0.512107 -16.2595 -12.4866
I 7.46304 -11.7674 -11.1023
I 0.17897 -7.19313 -11.0752
I -4.91535 -4.95307 -17.7292
I 5.31932 -6.65305 -17.7291
I 5.85607 -18.3037 -5.88654
I -4.64667 -16.696 -5.89317
Cs -0.76652 -11.1659 5.91135
Cs 1.40535 -12.194 17.7174
Cs 0.0414134 -22.6531 5.93096
Cs 0.568649 -1.20877 17.7449
Pb -5.34613 -17.2186 0.0163291
Pb -5.58864 -5.62354 0.00778567
Pb -5.38211 -17.1935 11.7926
Pb -5.60317 -5.60665 11.7983
I -6.77626 -11.4521 0.726492
I 0.50835 -16.2835 0.694898
I 7.44023 -11.7035 23.0677
I 0.163868 -7.18544 23.0057
I -6.79531 -11.429 11.0876
I 0.470941 -16.2735 11.1596
I 7.36689 -11.7424 12.4672
I 0.147134 -7.13525 12.528
I -4.88406 -4.92595 5.90256
I 5.33092 -6.70398 5.90959
I 5.88253 -18.16 17.7408
I -4.71513 -16.7056 17.7132
Cs -0.668192 -11.2192 29.6436
Cs 0.245742 -11.8967 41.9032
Cs 0.00894408 -22.803 29.5255
Cs 0.305811 -0.285018 41.8062
Pb -5.39105 -17.205 23.6384
Pb -5.5876 -5.66283 23.6637
Pb -5.63329 -17.2475 35.5125
Pb -5.72326 -5.63356 35.5288
I -6.82235 -11.4613 24.307
I 0.432037 -16.1731 24.2112
I 5.98817 -11.7349 47.1409
I 0.0634249 -5.98159 47.009
I -7.12803 -11.4684 35.137
I 0.1931 -15.9178 35.3961
I 7.42292 -11.5915 36.1008
I 0.0166277 -7.22605 36.145
I -5.08493 -5.08338 29.6075
I 5.39706 -6.48144 29.6547
I 5.81034 -17.7524 41.6076
I -5.51796 -17.1726 41.5046
Cs 0.147903 -11.6004 52.3915
Cs -0.0667092 -23.2 52.435
Pb -5.75063 -17.5642 47.5486
Pb -5.77489 -5.8501 47.5187
I -5.78874 -11.7107 47.5045
I 0.0942067 -17.5142 47.3991
I -5.64902 -5.64567 53.5498
I 5.66909 -6.11094 53.6603
Cs 11.4954 -0.139592 -52.2226
Cs 11.7918 11.7894 -52.3025
I 17.4721 0.000844708 -47.3991
I 11.633 5.84334 -47.4406
I 17.3032 -6.11276 -53.436
I 6.15507 -5.65234 -53.4931
Cs 11.4292 0.260106 -41.7348
Cs 12.6563 -0.734456 -29.5867
Cs 11.4132 -11.5505 -41.6681
Cs 11.9078 10.5129 -29.5419
Pb 5.83568 -5.82916 -47.4643
Pb 5.77489 5.8501 -47.5187
Pb 5.96674 -5.91314 -35.5199
Pb 5.72326 5.63356 -35.5288
I 5.69626 0.0130788 -46.886
I 11.6768 -5.7624 -46.7636
I 18.6203 -0.392655 -24.2378
I 11.3797 4.276 -24.3015
I 4.43591 -0.163284 -36.1229
I 11.7549 -4.631 -36.1543
I 18.7352 -0.229885 -35.0234
I 11.5391 4.22962 -35.0435
I 6.15609 6.13592 -41.4784
I 17.1535 5.38251 -41.4092
I 17.1475 -6.81556 -29.5808
I 6.65184 -5.46127 -29.5875
Cs 10.4804 0.245674 -17.7239
Cs 12.8356 -0.909845 -5.88914
Cs 11.498 -10.9197 -17.7258
Cs 11.9094 10.2889 -5.8919
Pb 5.93985 -5.93372 -23.6363
Pb 5.5876 5.66283 -23.6637
Pb 5.99306 -5.9907 -11.8172
Pb 5.60317 5.60665 -11.7983
I 4.47128 -0.170238 -22.9742
I 11.7596 -4.7976 -22.9728
I 18.6786 -0.467078 -0.639047
I 11.3757 4.20855 -0.733154
I 4.48141 -0.22846 -12.5617
I 11.8163 -4.84617 -12.5482
I 18.6943 -0.486967 -11.1409
I 11.3785 4.18799 -11.0742
I 6.1977 6.35228 -17.7283
I 16.6828 4.53625 -17.6948
I 17.1466 -7.05985 -5.8888
I 6.75982 -5.38311 -5.90124
Cs 10.4932 0.233158 5.90731
Cs 12.7465 -0.846411 17.715
Cs 11.5238 -10.9711 5.92025
Cs 11.8864 10.3529 17.6833
Pb 5.98902 -5.99138 0.0137119
Pb 5.58864 5.62354 -0.00778567
Pb 5.96216 -5.95508 11.8079
Pb 5.56829 5.64609 11.8186
I 4.49143 -0.223284 0.753444
I 11.8208 -4.87926 0.748081
I 18.6228 -0.422518 23.0643
I 11.3627 4.21974 22.9662
I 4.47665 -0.197099 11.0826
I 11.7893 -4.85592 11.1032
I 18.628 -0.425678 12.4358
I 11.3568 4.24901 12.517
I 6.2485 6.36226 5.90457
I 16.6887 4.51049 5.89874
I 17.1435 -6.94161 17.7468
I 6.70211 -5.42956 17.7489
Cs 10.5767 0.274704 29.6292
Cs 11.8413 -0.330789 41.9075
Cs 11.485 -11.027 29.6681
Cs 11.8605 11.4072 41.7556
Pb 5.96099 -5.94255 23.7032
Pb 5.59949 5.6288 23.6422
Pb 5.79558 -5.84122 35.5966
Pb 5.66752 5.80879 35.5322
I 4.45282 -0.188124 24.3743
I 11.7571 -4.73978 24.348
I 17.5921 -0.101994 47.2194
I 11.7063 5.68454 46.9508
I 4.32258 -0.0356629 35.1155
I 11.6268 -4.41962 35.2914
I 18.9179 -0.171646 35.8661
I 11.4228 4.23531 36.0747
I 6.16017 6.35526 29.5858
I 16.7444 4.87856 29.5701
I 17.2938 -6.05378 41.6239
I 6.20023 -5.55419 41.5781
Cs 11.7776 0.149938 52.4388
Cs 11.6215 -11.7991 52.5057
Pb 5.89591 -5.9009 47.63
Pb 5.87021 5.79279 47.5215
I 5.85271 -0.0581356 47.5499
I 11.7531 -5.87832 47.6126
I 6.17523 6.11604 53.5481
I 17.4177 5.81161 53.5516
Cs 23.0921 11.7125 -52.0525
Cs 23.1737 23.2631 -52.0644
I 28.8769 11.7336 -46.9217
I 23.2794 17.5201 -47.0926
I 29.1846 5.89591 -53.2538
I 17.8139 6.14894 -53.4649
Cs 22.9999 11.7612 -41.4555
Cs 23.4664 11.1353 -29.4287
Cs 23.1391 0.232057 -41.4283
Cs 23.1384 22.7028 -29.332
Pb 17.4933 5.84978 -47.4297
Pb 17.4286 17.5321 -47.3541
Pb 17.3487 5.55697 -35.4551
Pb 17.158 17.1264 -35.3902
I 17.3707 11.6809 -46.8225
I 23.3542 5.90557 -46.886
I 29.4094 11.3097 -23.7248
I 22.8961 16.2233 -23.9033
I 15.9896 11.3418 -35.9279
I 23.1618 6.75458 -35.8838
I 29.7084 11.4093 -35.0998
I 23.0498 16.1431 -35.1535
I 17.5232 17.6463 -41.3321
I 28.6445 17.3562 -41.146
I 28.3334 5.21601 -29.4512
I 17.841 5.89582 -29.5153
Cs 22.6 11.6085 -17.6324
Cs 23.5486 10.9104 -5.88994
Cs 23.0265 0.206963 -17.6846
Cs 23.0677 22.4373 -5.8957
Pb 17.1972 5.35088 -23.5607
Pb 17.0037 16.9854 -23.5617
Pb 17.2086 5.2565 -11.8182
Pb 16.9739 16.9216 -11.7587
I 15.9944 11.1577 -23.0218
I 23.0086 6.48394 -23.0658
I 29.4299 11.2497 -0.230025
I 22.8287 16.1061 -0.502541
I 16.0075 11.0787 -12.4139
I 23.0241 6.39533 -12.3133
I 29.4045 11.2284 -11.5299
I 22.8644 16.1459 -11.283
I 17.5506 17.3705 -17.6565
I 28.0626 17.0563 -17.6138
I 28.3467 5.02102 -5.87673
I 17.8776 5.82559 -5.8913
Cs 22.5246 11.6042 5.9029
Cs 23.429 11.0003 17.6889
Cs 23.055 0.20978 5.9246
Cs 23.0702 22.5288 17.6613
Pb 17.212 5.2813 0.0367098
Pb 16.9463 16.9415 -0.00235271
Pb 17.1898 5.31854 11.7546
Pb 16.9447 16.9804 11.7794
I 15.98 11.0946 0.649425
I 23.0331 6.41727 0.557502
I 29.2658 11.3241 23.3869
I 22.9084 16.3342 23.0615
I 15.9841 11.1313 11.168
I 23.0156 6.44801 11.2865
I 29.4117 11.2995 11.9909
I 22.8313 16.1708 12.2729
I 17.5664 17.4095 5.88931
I 27.9343 17.0769 5.87854
I 28.3344 5.16468 17.7135
I 17.8007 5.80509 17.6965
Cs 22.8663 11.6521 29.3518
Cs 23.1951 11.4239 41.5237
Cs 22.9598 0.140571 29.4406
Cs 23.2569 22.99 41.2858
Pb 17.1608 5.32459 23.6479
Pb 17.0178 16.9925 23.5534
Pb 17.1948 5.54484 35.4813
Pb 17.1901 17.1717 35.3783
I 16.0376 11.1608 24.0984
I 22.9653 6.43586 24.0039
I 28.9572 11.5501 46.9884
I 23.4137 17.3633 46.8516
I 15.8397 11.3758 35.2631
I 22.977 7.00869 35.2381
I 29.694 11.478 35.3249
I 23.0566 16.1823 35.6786
I 17.6297 17.3361 29.4684
I 28.1787 17.2209 29.3565
I 28.6505 5.71083 41.3476
I 17.7423 5.81004 41.4697
Cs 23.2285 11.7471 52.2324
Cs 23.288 -0.153015 52.3804
Pb 17.5493 5.73655 47.513
Pb 17.5698 17.4275 47.3588
I 17.5256 11.575 47.1961
I 23.4177 5.7103 47.4796
I 17.7667 17.5902 53.4005
I 29.2244 17.4638 53.1739
Cs 34.1802 23.4885 -51.8054
I 35.3456 28.5228 -46.0986
I 29.166 17.6655 -53.2043
Cs 33.7108 23.0921 -40.7412
Cs 33.646 22.8621 -29.2443
Cs 34.0975 11.8509 -41.1666
Cs 34.1275 33.4289 -29.1738
Pb 29.2396 17.5847 -47.1143
Pb 29.3531 29.4765 -47.0663
Pb 29.0145 17.2302 -35.2493
Pb 29.0181 29.0563 -35.1406
I 28.8454 23.4063 -46.7108
I 35.2729 17.5167 -46.835
I 34.9188 28.324 -23.3789
I 28.1857 23.0855 -35.2391
I 35.089 17.8504 -35.3475
I 35.0482 28.5345 -35.0779
I 28.7038 28.9081 -41.0218
I 28.773 17.1767 -29.3747
Cs 33.2938 22.7825 -17.5994
Cs 33.5922 22.7757 -5.84819
Cs 33.862 11.7092 -17.6133
Cs 34.1279 33.1226 -5.86061
Pb 28.8663 17.1286 -23.4681
Pb 28.8816 28.9431 -23.43
Pb 28.8493 17.0553 -11.7583
Pb 28.8284 28.8616 -11.7135
I 28.094 22.9787 -23.4192
I 34.9021 17.7319 -23.2162
I 34.8142 28.1921 0.0509565
I 28.0256 22.9061 -11.7942
I 34.88 17.7142 -12.0715
I 34.8687 28.1953 -11.7623
I 28.4275 28.653 -17.5808
I 28.8518 17.056 -5.86817
Cs 33.1738 22.8241 5.868
Cs 33.6024 22.8508 17.5429
Cs 33.8284 11.8288 5.88463
Cs 34.0901 33.2804 17.5238
Pb 28.7926 17.0714 0.0296252
Pb 28.7737 28.8818 -0.0118996
Pb 28.7936 17.1181 11.7236
Pb 28.7747 28.9306 11.7106
I 27.9345 22.9245 0.0571378
I 34.8211 17.7871 0.359067
I 34.9061 28.369 23.4273
I 27.9481 22.9691 11.6957
I 34.8246 17.817 11.4064
I 34.8161 28.265 11.6655
I 28.3397 28.6876 5.85383
I 28.8756 17.0987 17.6213
Cs 33.383 22.9133 29.2534
Cs 33.8524 23.0346 40.5169
Cs 33.9901 11.5692 29.2061
Cs 34.2322 33.8116 40.8587
Pb 28.9081 17.163 23.5029
Pb 28.8663 28.972 23.4096
Pb 28.9701 17.2798 35.2152
Pb 28.9884 29.099 35.1298
I 28.1407 23.0108 23.4774
I 34.9407 17.6937 23.7575
I 35.5184 28.307 46.0347
I 28.091 23.1267 35.185
I 35.0278 17.8965 34.8364
I 35.0227 28.5572 34.959
I 28.4856 28.7486 29.2783
I 29.0717 17.2193 41.1426
Cs 34.3496 23.247 51.7528
Cs 34.2876 11.6059 52.0856
Pb 29.4021 17.4022 47.0973
Pb 29.5398 29.2883 47.0533
I 29.0285 23.2306 46.6422
I 35.4511 17.2157 46.9295
I 28.8138 28.4765 53.1134
Cs -11.8826 -34.2339 -51.9021
Cs -11.4393 -33.7044 -29.263
Cs -11.3444 -33.7042 -5.86271
Cs -11.4178 -33.6609 17.6584
Cs -11.6232 -33.7199 40.642
Cs -0.186437 -34.1056 -52.2678
Cs 0.0343439 -23.0611 -52.1175
I 5.57966 -35.4751 -47.3798
I -0.0669209 -28.9053 -47.0398
Cs -0.316172 -34.1831 -41.3476
Cs 0.938814 -34.5693 -29.469
Cs 0.59098 -23.7939 -29.5173
Pb -5.92067 -29.266 -47.2528
Pb -5.61341 -29.1496 -35.374
I -5.91396 -35.3027 -47.0024
I 6.78743 -35.2935 -24.0016
I 0.328319 -29.7674 -23.8516
I -6.31418 -35.1786 -35.6304
I 6.75984 -35.3192 -35.0867
I 0.213949 -29.8855 -35.2243
I -5.73538 -28.6277 -41.2843
I 5.76253 -29.4452 -41.3408
Cs -0.35267 -34.0861 -17.6835
Cs 1.28371 -34.6893 -5.88283
Cs 0.811063 -23.9984 -5.87295
Pb -5.47361 -29.0249 -23.5211
Pb -5.39107 -29.0442 -11.8055
I -6.30643 -35.0127 -23.1932
I 6.96754 -35.4014 -0.330867
I 0.409379 -29.8766 -0.27824
I -6.28476 -35.0199 -12.222
I 6.96374 -35.3379 -11.4965
I 0.419799 -29.8668 -11.4739
I -5.36964 -28.1352 -17.6688
I 5.91734 -29.3847 -17.7128
Cs -0.431604 -34.098 5.93569
Cs 1.07396 -34.5572 17.81
Cs 0.709698 -23.8276 17.7172
Pb -5.39872 -29.0298 0.0593525
Pb -5.44787 -29.0084 11.7769
I -6.32943 -35.001 0.463295
I 6.73123 -35.2135 23.6006
I 0.313413 -29.7114 23.4046
I -6.35725 -34.9849 11.4199
I 6.9016 -35.3638 12.3483
I 0.355709 -29.8235 12.1174
I -5.35499 -28.0991 5.91766
I 5.9413 -29.5275 5.95992
Cs -0.336124 -34.1069 29.4183
Cs 0.330201 -34.2294 41.6176
Cs 0.255548 -23.2323 41.7943
Pb -5.49746 -29.0219 23.6433
Pb -5.6535 -28.9047 35.3946
I -6.3015 -35.01 24.0148
I 5.86864 -35.4203 47.3418
I 0.103107 -28.9555 47.2413
I -6.53273 -34.9373 34.9739
I 6.67142 -35.1128 35.7009
I 0.112628 -29.9584 35.5849
I -5.58195 -28.1375 29.5136
I 5.8183 -28.9221 29.6693
Cs 0.0655055 -34.1948 52.4358
Pb -5.73942 -29.4049 47.315
I -5.53851 -35.4581 47.2987
I -5.9094 -29.2275 53.3991
I 5.98303 -29.3766 53.6323
Cs 11.427 -23.3111 -52.233
Cs 11.803 -11.5014 -52.1703
I 17.4056 -23.4288 -47.4762
I 11.684 -17.4845 -47.3511
I 17.3471 -29.396 -53.4772
I 5.7981 -29.1292 -53.3527
Cs 11.5366 -23.2385 -41.4719
Cs 12.5146 -23.7459 -29.6428
Cs 11.8626 -34.0047 -40.9534
Cs 12.3258 -12.7781 -29.6179
Pb 5.78474 -29.4047 -47.2851
Pb 5.82077 -17.5572 -47.4265
Pb 6.04745 -29.2919 -35.4235
Pb 6.00455 -17.5458 -35.4879
I 5.798 -23.4237 -46.8688
I 11.6455 -29.05 -46.9047
I 18.9589 -23.5953 -24.0322
I 11.9727 -18.895 -24.1821
I 4.95422 -23.3818 -35.9643
I 11.8652 -28.3251 -35.6539
I 18.5532 -23.4812 -35.2389
I 11.8243 -18.781 -35.1278
I 6.28039 -17.2573 -41.417
I 17.3061 -18.0845 -41.4253
I 17.7804 -29.3214 -29.6056
I 6.42507 -28.6246 -29.5359
Cs 11.4203 -23.3181 -17.7165
Cs 12.8161 -23.9767 -5.8368
Cs 11.9326 -33.8938 -17.7489
Cs 12.5263 -13.0888 -5.87618
Pb 6.17892 -29.2747 -23.6087
Pb 6.20877 -17.5175 -23.5783
Pb 6.26934 -29.3219 -11.8018
Pb 6.29447 -17.578 -11.8288
I 5.11882 -23.3376 -23.1159
I 12.0055 -28.2769 -23.5197
I 18.8845 -23.7129 -0.302351
I 12.0601 -18.9472 -0.535458
I 5.17003 -23.3943 -12.3514
I 12.1006 -28.351 -11.9955
I 19.0437 -23.71 -11.4178
I 12.0565 -19.0173 -11.2177
I 7.0065 -17.0372 -17.7097
I 17.4117 -18.4716 -17.7258
I 17.9818 -29.5618 -5.86957
I 6.67113 -28.7255 -5.87456
Cs 11.4875 -23.3812 5.94926
Cs 12.6239 -23.8366 17.7577
Cs 12.014 -34.0121 6.00829
Cs 12.4097 -12.9462 17.7106
Pb 6.25811 -29.3877 0.0542597
Pb 6.28223 -17.6028 0.0534982
Pb 6.2055 -29.3579 11.8652
Pb 6.24345 -17.5657 11.7779
I 5.23245 -23.4409 0.601215
I 12.0931 -28.4784 0.245177
I 18.8841 -23.5694 23.4441
I 11.9626 -18.9156 23.2242
I 5.19919 -23.4045 11.3074
I 12.0343 -28.4228 11.7202
I 18.8309 -23.6599 12.234
I 12.0153 -18.8882 12.3646
I 7.04105 -17.088 5.91651
I 17.455 -18.5052 5.94727
I 17.8618 -29.4274 17.8641
I 6.51364 -28.6768 17.7939
Cs 11.4732 -23.1832 29.5829
Cs 11.8073 -23.3292 41.9427
Cs 11.7115 -33.6519 29.7286
Cs 11.8998 -11.7772 42.0215
Pb 6.14488 -29.1978 23.7384
Pb 6.21104 -17.4748 23.7217
Pb 5.90895 -29.0483 35.5819
Pb 5.9993 -17.3474 35.6045
I 5.07588 -23.2722 24.0604
I 11.9603 -28.2544 23.8742
I 17.5956 -23.474 47.407
I 11.772 -17.6018 47.2978
I 4.58949 -23.1575 35.4613
I 11.7251 -27.9203 35.676
I 18.9033 -23.2637 35.8874
I 11.7293 -19.0462 35.9201
I 6.60994 -17.0851 29.6664
I 17.4294 -17.9841 29.7156
I 17.5877 -28.9969 41.5844
I 5.93333 -28.7768 41.5479
Cs 11.8108 -23.2408 52.5151
Cs 11.7812 -34.3792 52.3347
Pb 5.94041 -29.386 47.527
Pb 5.93535 -17.5722 47.6542
I 5.94106 -23.4345 47.6
I 11.7823 -29.044 47.2441
I 5.96626 -17.4631 53.696
I 17.5557 -17.6536 53.7504
Cs 23.0186 -11.8122 -52.1213
Cs 23.3158 0.262457 -52.2375
I 28.9198 -11.6588 -47.0893
I 23.3992 -5.78001 -47.5474
I 29.0604 -17.4693 -53.3927
I 17.6966 -17.3218 -53.4496
Cs 23.2045 -11.6193 -41.4037
Cs 23.8807 -12.2298 -29.6186
Cs 23.3457 -23.2746 -41.3461
Cs 23.6248 -1.1025 -29.5379
Pb 17.5487 -17.5534 -47.4053
Pb 17.5255 -5.86048 -47.3938
Pb 17.6384 -17.6257 -35.5255
Pb 17.4876 -6.04811 -35.51
I 17.474 -11.7058 -46.7037
I 23.4141 -17.5196 -46.8424
I 30.0771 -11.9881 -23.8453
I 23.354 -7.27634 -24.1284
I 16.4266 -11.8631 -36.11
I 23.5063 -16.8903 -35.9197
I 29.8299 -11.8868 -35.3746
I 23.3436 -7.11405 -35.0841
I 18.1042 -5.53437 -41.4062
I 28.6947 -5.97397 -41.3567
I 28.8588 -17.9269 -29.5825
I 18.248 -17.4731 -29.5893
Cs 23.0422 -11.7656 -17.7018
Cs 24.1006 -12.4181 -5.85163
Cs 23.5022 -23.2134 -17.7333
Cs 23.7601 -1.34233 -5.87442
Pb 17.7595 -17.7928 -23.6029
Pb 17.5179 -6.19133 -23.6061
Pb 17.8407 -17.8965 -11.8373
Pb 17.5708 -6.28865 -11.8218
I 16.4809 -12.0213 -23.131
I 23.5845 -16.7795 -23.2922
I 30.1109 -12.0572 -0.134968
I 23.4362 -7.3291 -0.500254
I 16.5595 -12.1228 -12.4164
I 23.663 -16.8864 -12.2144
I 30.1457 -12.0805 -11.6023
I 23.4188 -7.3726 -11.2614
I 18.2693 -5.78532 -17.7164
I 28.4364 -6.28531 -17.706
I 29.0083 -18.1227 -5.87168
I 18.4978 -17.649 -5.87569
Cs 23.1142 -11.801 5.95668
Cs 23.9379 -12.2979 17.7411
Cs 23.5318 -23.3298 5.98522
Cs 23.6582 -1.19423 17.729
Pb 17.859 -17.8764 0.0807121
Pb 17.5856 -6.27059 0.0431255
Pb 17.8126 -17.8314 11.8117
Pb 17.5511 -6.22627 11.7981
I 16.6295 -12.1097 0.634572
I 23.7055 -16.9996 0.478388
I 30.0436 -11.9554 23.5985
I 23.3402 -7.26411 23.2246
I 16.605 -12.0637 11.2534
I 23.6588 -16.9598 11.4835
I 30.0404 -11.9944 12.0556
I 23.398 -7.24644 12.3578
I 18.3312 -5.78965 5.9208
I 28.468 -6.27146 5.95502
I 28.9508 -17.9715 17.8365
I 18.3218 -17.5937 17.7808
Cs 23.0775 -11.7355 29.6069
Cs 23.2644 -11.91 41.8977
Cs 23.3466 -23.1314 29.6814
Cs 23.2648 -0.237263 41.8369
Pb 17.7288 -17.7617 23.7679
Pb 17.494 -6.20972 23.7115
Pb 17.4585 -17.4887 35.6582
Pb 17.3981 -5.91791 35.6055
I 16.4086 -12.0082 24.1666
I 23.5352 -16.75 23.9852
I 29.0084 -11.7978 47.3394
I 23.4608 -5.96921 47.2655
I 16.0109 -11.7342 35.5941
I 23.3219 -16.3381 35.6263
I 30.0744 -11.7349 35.6544
I 23.1711 -7.41032 35.9776
I 18.0059 -5.88227 29.661
I 28.3236 -6.01593 29.6332
I 28.9391 -17.5463 41.5787
I 17.6733 -17.4864 41.6624
Cs 23.2436 -11.711 52.5068
Cs 23.2871 -23.2986 52.4862
Pb 17.6147 -17.6244 47.7026
Pb 17.606 -5.93346 47.6816
I 17.5404 -11.7749 47.4641
I 23.4666 -17.5863 47.4837
I 17.8588 -5.84353 53.7225
I 29.2872 -5.8098 53.5445
Cs 34.3475 0.17705 -51.8974
Cs 34.1326 11.8518 -52.0913
I 35.4072 6.1034 -47.1014
I 29.472 -5.55476 -53.4196
Cs 33.8397 -0.123237 -40.854
Cs 33.8461 -0.240781 -29.3223
Cs 34.2394 -11.4328 -41.4287
Cs 34.3012 10.7735 -29.2842
Pb 29.3236 -5.79651 -47.3246
Pb 29.3384 5.89776 -47.1852
Pb 29.2925 -6.03569 -35.4518
Pb 29.0508 5.5783 -35.316
I 28.964 0.0509622 -46.825
I 35.3672 -5.83117 -47.0298
I 34.997 5.00587 -23.8128
I 28.1031 -0.246978 -35.5754
I 35.3279 -5.56736 -35.7075
I 35.0922 4.93767 -34.9647
I 29.2012 5.89801 -41.2352
I 29.3384 -6.20116 -29.5353
Cs 33.6058 -0.239818 -17.7004
Cs 33.9565 -0.330532 -5.89185
Cs 34.3934 -11.2523 -17.7418
Cs 34.2214 10.5454 -5.88814
Pb 29.2694 -6.17077 -23.5696
Pb 28.9482 5.45347 -23.553
Pb 29.3475 -6.25039 -11.8324
Pb 28.9637 5.36548 -11.7693
I 28.0696 -0.382156 -23.4443
I 35.2512 -5.33033 -23.2852
I 35.0157 4.89999 -0.296572
I 28.1072 -0.466778 -11.9828
I 35.3162 -5.39492 -12.2657
I 35.003 4.90815 -11.5226
I 28.9865 5.69344 -17.6668
I 29.5298 -6.3426 -5.87869
Cs 33.6394 -0.235842 5.96904
Cs 33.8764 -0.228574 17.8546
Cs 34.4204 -11.2052 5.98552
Cs 34.1247 10.7337 17.7402
Pb 29.3647 -6.22079 0.081468
Pb 28.9786 5.38924 0.0226238
Pb 29.3284 -6.1583 11.8349
Pb 28.9691 5.44238 11.8136
I 28.1259 -0.443521 0.224575
I 35.3334 -5.38644 0.482674
I 34.9407 5.14023 23.5343
I 28.098 -0.385765 11.6692
I 35.3031 -5.35838 11.5189
I 34.9994 4.95061 12.2251
I 29.0434 5.71835 5.9187
I 29.4238 -6.25594 17.8001
Cs 33.4525 -0.0756118 29.5536
Cs 33.7127 -0.0436584 40.855
Cs 34.3575 -11.1011 29.6315
Cs 34.1493 11.2895 41.2508
Pb 29.2651 -6.14125 23.7544
Pb 28.9041 5.46794 23.6097
Pb 28.9818 -5.95175 35.5284
Pb 28.8599 5.66128 35.4095
I 28.0863 -0.356478 23.7677
I 35.2357 -5.27273 24.176
I 35.3989 5.76614 46.9943
I 27.7478 -0.152144 35.5535
I 35.0229 -5.08665 35.1676
I 34.9513 5.1034 35.4139
I 28.6806 5.73264 29.5207
I 29.1207 -6.04127 41.4946
Cs 34.4235 -0.0850661 52.0841
Cs 34.2179 -11.7942 52.5575
Pb 29.4402 -5.95897 47.4586
Pb 29.365 5.72037 47.3142
I 29.0425 -0.122107 47.0379
I 35.4921 -6.1531 47.4193
I 29.4697 5.70962 53.4131
Cs 11.5738 -34.3004 -52.0966
Cs 11.9393 -34.0083 -29.4983
Cs 12.0978 -34.1857 -5.89597
Cs 11.9701 -34.0791 17.9626
Cs 11.745 -33.7966 41.1548
Cs 23.389 -34.1648 -52.2836
Cs 23.2907 -23.0212 -52.1814
I 28.6311 -35.4753 -46.7511
I 23.3933 -28.9264 -47.1056
Cs 23.0469 -34.2502 -41.4863
Cs 23.2763 -34.7441 -29.9301
Cs 23.6713 -23.7017 -29.7375
Pb 17.525 -29.3611 -47.3972
Pb 17.6659 -29.4134 -35.5272
I 17.5033 -35.4061 -47.1198
I 30.4015 -35.6627 -23.7813
I 23.6097 -30.3953 -23.8461
I 17.3387 -35.4441 -35.6333
I 29.7804 -35.5924 -35.3921
I 23.542 -29.7585 -35.525
I 17.6177 -28.8236 -41.4226
I 28.9739 -29.1284 -41.4349
Cs 22.699 -34.7288 -17.8183
Cs 23.4406 -34.9732 -5.71087
Cs 23.8627 -23.8684 -5.78583
Pb 17.7927 -29.4707 -23.6339
Pb 17.884 -29.5873 -11.8503
I 16.9845 -35.4728 -23.5226
I 30.5083 -35.7024 -0.0681133
I 23.7495 -30.2392 0.0484998
I 17.0598 -35.5764 -12.0997
I 30.65 -35.7062 -11.686
I 23.7104 -30.5208 -11.7102
I 17.9047 -28.7598 -17.7467
I 28.9423 -29.3482 -17.7691
Cs 22.8931 -34.6833 6.03159
Cs 23.3665 -34.835 17.7842
Cs 23.7363 -23.6936 17.7814
Pb 17.8818 -29.6162 0.102975
Pb 17.8207 -29.5625 11.894
I 17.3059 -35.6231 0.275237
I 30.3388 -35.5907 23.6339
I 23.5605 -30.3186 23.7414
I 17.2546 -35.5713 11.7977
I 30.4155 -35.6435 12.1256
I 23.6889 -30.1782 11.9619
I 17.9127 -28.8631 5.99402
I 29.1063 -29.3862 6.01621
Cs 22.5667 -34.5074 29.8558
Cs 23.0993 -34.3426 41.6541
Cs 23.4071 -23.313 41.8132
Pb 17.7413 -29.4537 23.8359
Pb 17.5255 -29.0801 35.6308
I 16.9191 -35.4318 24.1711
I 28.7662 -35.5473 46.8261
I 23.4834 -29.0727 47.3036
I 16.86 -35.1363 35.4828
I 29.7585 -35.4721 35.5938
I 23.3621 -29.9522 35.6848
I 17.5961 -28.5681 29.729
I 28.7991 -29.109 29.7356
Cs 23.5545 -34.3201 52.4539
Pb 17.6423 -29.4427 47.5605
I 17.6383 -35.487 47.3981
I 17.5741 -29.3197 53.6397
I 28.7728 -28.7065 53.68
Cs 34.1942 -23.334 -52.212
Cs 34.1423 -11.5764 -52.2933
I 35.462 -17.3508 -47.3891
I 28.6186 -28.5268 -53.5265
Cs 34.1443 -23.3529 -41.0486
Cs 34.0206 -23.5141 -29.6256
Cs 34.3159 -34.2024 -41.505
Cs 34.6614 -12.3135 -29.6791
Pb 29.4686 -29.4435 -47.5077
Pb 29.3938 -17.5256 -47.3341
Pb 29.4682 -29.5345 -35.5495
Pb 29.4724 -17.7276 -35.48
I 29.0421 -23.3816 -46.9338
I 35.4932 -28.5872 -46.6623
I 35.5244 -18.5699 -24.0031
I 28.7076 -23.5683 -35.5614
I 35.4915 -28.9771 -35.6115
I 35.5066 -18.2535 -35.1839
I 29.4334 -17.4541 -41.3867
I 29.0937 -29.2554 -29.6317
Cs 34.0612 -23.5275 -17.7821
Cs 34.1474 -23.6698 -5.87284
Cs 34.8687 -33.786 -17.8025
Cs 34.8356 -12.6692 -5.85698
Pb 29.4733 -29.639 -23.6834
Pb 29.5198 -17.8382 -23.6507
Pb 29.5704 -29.7175 -11.8387
Pb 29.5943 -17.9308 -11.822
I 28.5167 -23.6892 -23.6316
I 35.4976 -28.7864 -23.7537
I 35.6646 -18.6285 -0.292027
I 28.5868 -23.7773 -11.8952
I 35.5894 -28.7656 -11.8911
I 35.593 -18.7027 -11.5335
I 29.4922 -17.6025 -17.744
I 29.2275 -29.3928 -5.86732
Cs 34.1952 -23.5158 6.01891
Cs 34.0582 -23.5481 17.9131
Cs 34.9053 -33.9359 6.05191
Cs 34.7207 -12.495 17.8194
Pb 29.6496 -29.6935 0.091854
Pb 29.6627 -17.9064 0.0736275
Pb 29.5875 -29.6283 11.9393
Pb 29.6205 -17.8455 11.897
I 28.7588 -23.755 0.183041
I 35.6729 -28.8531 0.151258
I 35.4662 -18.5284 23.5908
I 28.7061 -23.6907 11.8238
I 35.614 -28.8032 11.9235
I 35.6215 -18.5469 12.3047
I 29.6239 -17.5864 5.98601
I 29.115 -29.262 17.8814
Cs 33.8363 -23.2952 29.7362
Cs 33.9087 -23.312 41.1936
Cs 34.5385 -33.783 29.7762
Cs 34.3008 -11.8972 41.738
Pb 29.4257 -29.5723 23.8308
Pb 29.4692 -17.7904 23.7979
Pb 29.2409 -29.3743 35.6338
Pb 29.245 -17.5404 35.6302
I 28.4704 -23.6252 23.8429
I 35.4407 -28.6908 23.9332
I 35.4662 -17.5068 47.4202
I 28.3219 -23.4041 35.6387
I 35.2744 -28.77 35.624
I 35.3163 -18.2916 35.6692
I 29.0411 -17.465 29.7229
I 28.9157 -29.0793 41.546
Cs 34.3361 -23.4732 52.3623
Pb 29.5629 -29.5398 47.623
Pb 29.434 -17.6496 47.5622
I 29.0551 -23.4817 47.2122
I 35.5541 -28.5664 46.7095
I 29.2702 -17.6483 53.659
Cs 34.8481 -33.8924 -29.6961
Cs 35.2056 -33.7403 -5.86412
Cs 35.0618 -33.6653 17.9312
Cs 34.3651 -34.0618 41.5097
