0 20 0.00000602 0.080569707146 0.00000000 0.00000019 -0.00000017 0.00000068 -0.00000025 0.00000583 -0.00000129
0 21 0.00000580 0.080569707147 0.00000000 0.00000066 0.00000084 0.00000054 0.00000089 -0.00000109 -0.00000550
0 22 0.06324556 0.083920690478 0.00022379 -0.02005099 0.02877983 -0.00876908 -0.04673226 0.01640845 -0.01548035
0 23 0.05596401 0.083920690478 0.00017522 0.03938439 -0.02302395 -0.00722841 -0.02727409 -0.01246598 -0.00996051
0 24 0.05034689 0.084413597437 0.00014265 -0.02554903 -0.03314441 -0.01213177 -0.02521821 0.00046302 -0.00038930
0 25 0.06728930 0.084413597437 0.00025481 -0.03518762 0.00725284 0.05448795 -0.01363061 -0.00419139 0.00804857
0 26 0.10286356 0.084587640389 0.00059668 -0.00024994 0.00343684 -0.07814504 -0.06610919 0.00324700 -0.00902342
0 27 0.10815255 0.084587640389 0.00065961 0.06238725 0.08654918 -0.01181773 0.00307603 0.00875780 -0.00939291
0 28 0.00002213 0.087553866547 0.00000000 -0.00000190 -0.00000071 -0.00000048 -0.00000050 -0.00002176 -0.00000341
0 29 0.00001450 0.087553866547 0.00000000 -0.00000017 0.00000033 0.00000022 -0.00000041 -0.00001327 0.00000582
0 30 0.00001664 0.088297659572 0.00000000 -0.00000055 -0.00000070 0.00000058 -0.00000044 -0.00000336 0.00001626
0 31 0.00001089 0.088297659572 0.00000000 0.00000015 -0.00000044 0.00000246 0.00000082 -0.00000460 0.00000952
0 32 0.00000862 0.088600819981 0.00000000 -0.00000055 0.00000018 -0.00000007 -0.00000189 -0.00000363 0.00000756
0 33 0.00002066 0.088600819981 0.00000000 0.00000058 0.00000007 0.00000184 -0.00000066 -0.00001394 0.00001511
0 34 0.00000266 0.089260495894 0.00000000 0.00000018 0.00000091 -0.00000022 0.00000049 -0.00000166 -0.00000177
0 35 0.00000372 0.089260495895 0.00000000 -0.00000191 0.00000111 0.00000122 -0.00000136 -0.00000236 0.00000011
0 36 0.00000316 0.089617830095 0.00000000 0.00000051 -0.00000010 0.00000162 0.00000202 0.00000086 0.00000151
0 37 0.00000502 0.089617830095 0.00000000 0.00000045 0.00000042 -0.00000125 0.00000056 -0.00000470 0.00000092
0 38 0.00000273 0.090282881059 0.00000000 -0.00000033 0.00000072 0.00000038 0.00000164 0.00000183 -0.00000080
0 39 0.00000795 0.090282881060 0.00000000 0.00000087 0.00000085 0.00000253 0.00000058 -0.00000329 0.00000665
0 40 2.63877986 0.090720088913 0.42113228 -1.71942257 1.20386446 1.42012224 0.44347779 0.13516755 0.57075875
0 41 2.84989231 0.090720088918 0.49121216 1.17330308 -1.23908162 2.21867769 0.46286583 -0.23848967 0.12755410
0 42 0.28072153 0.092550461706 0.00486227 -0.27324442 0.01111488 -0.05801461 0.00282902 -0.01152861 -0.02262556
0 43 0.68937497 0.092866980734 0.02942260 -0.31640833 -0.18039485 0.49709550 -0.28658729 -0.05774133 -0.10005518
1 20 0.09131069 0.080240693336 0.00044601 0.02999817 0.05604738 0.00161114 -0.06237410 -0.01864161 -0.00747063
1 21 0.07854605 0.080240693337 0.00033003 0.02202371 0.04510556 -0.05002549 -0.01603365 0.01456450 0.02604177
1 22 0.00000854 0.083591676668 0.00000000 0.00000062 0.00000024 0.00000027 -0.00000006 0.00000778 -0.00000344
1 23 0.00001118 0.083591676668 0.00000000 -0.00000107 -0.00000275 -0.00000275 0.00000148 -0.00000286 -0.00000992
1 24 0.00000523 0.084084583627 0.00000000 -0.00000086 -0.00000105 0.00000231 -0.00000031 0.00000448 0.00000012
1 25 0.00000850 0.084084583627 0.00000000 -0.00000202 0.00000030 0.00000005 0.00000018 -0.00000816 0.00000121
1 26 0.00001169 0.084258626579 0.00000000 -0.00000039 -0.00000389 -0.00000011 -0.00000170 -0.00000311 -0.00001043
1 27 0.00000644 0.084258626579 0.00000000 0.00000134 -0.00000144 -0.00000075 -0.00000174 -0.00000030 -0.00000582
1 28 0.11007395 0.087224852737 0.00070456 -0.02711642 -0.00268035 0.01196179 -0.00330003 0.06026135 0.08711133
1 29 0.09842058 0.087224852737 0.00056328 -0.02410474 -0.02004595 0.01382652 -0.06658831 0.06384558 -0.00151558
1 30 0.12248787 0.087968645762 0.00087988 0.02397532 -0.07484891 -0.06775762 -0.04373846 -0.04401848 0.01960427
1 31 0.17623301 0.087968645762 0.00182142 0.07209865 0.06107276 0.09223595 0.08856275 -0.03769214 0.06601855
1 32 0.28379570 0.088271806171 0.00473961 -0.07320921 0.03411562 -0.16728388 0.01491554 0.15298829 -0.14968215
1 33 0.33700572 0.088271806171 0.00668352 0.14302448 0.01036246 0.05890772 -0.09891649 0.10739974 -0.26118992
1 34 1.10632210 0.088931482084 0.07256504 0.30086641 0.36716587 -0.43954287 -0.33621526 0.54466823 -0.62905890
1 35 0.98120823 0.088931482084 0.05708035 0.43175285 -0.28683323 -0.00742012 0.09277907 -0.06649207 -0.82522818
1 36 1.24840535 0.089288816285 0.09277203 0.07256805 -0.70691756 -0.05429121 -0.89205817 -0.50020099 -0.06783073
1 37 0.84284124 0.089288816285 0.04228607 0.15675195 -0.29892919 0.00139887 0.03793843 0.34576320 0.68953467
1 38 2.28747570 0.089953867249 0.31379178 0.98532426 -0.64304246 0.46521991 -0.37226659 -0.83244092 -1.67338212
1 39 2.20772319 0.089953867250 0.29229260 0.12869199 0.54622613 -0.67549907 -0.98078553 1.57021101 -0.82177564
1 40 0.00004581 0.090391075103 0.00000000 -0.00000082 -0.00000030 -0.00000089 -0.00000007 0.00001455 -0.00004342
1 41 0.00002432 0.090391075108 0.00000000 -0.00000378 -0.00000083 -0.00000213 0.00000034 0.00002083 0.00001175
1 42 0.00002789 0.092221447896 0.00000000 0.00000585 0.00000618 0.00000039 -0.00000458 -0.00000915 -0.00002451
1 43 0.00001935 0.092537966924 0.00000000 -0.00000039 -0.00000178 -0.00000365 -0.00000661 0.00001293 0.00001211
2 20 0.07854588 0.080240693298 0.00033003 -0.04279491 -0.02623024 0.01118701 0.05132711 -0.02453451 -0.01698419
2 21 0.09130761 0.080240693298 0.00044598 0.05292672 0.03520916 -0.06224149 -0.00434876 -0.00565763 -0.01926739
2 22 0.00000985 0.083591676630 0.00000000 0.00000055 -0.00000012 -0.00000029 -0.00000073 0.00000159 0.00000967
2 23 0.00000982 0.083591676630 0.00000000 -0.00000019 -0.00000033 0.00000102 0.00000012 -0.00000957 0.00000192
2 24 0.00000660 0.084084583589 0.00000000 0.00000102 -0.00000134 0.00000100 -0.00000042 0.00000624 -0.00000081
2 25 0.00000441 0.084084583589 0.00000000 -0.00000089 0.00000007 0.00000146 -0.00000002 0.00000406 0.00000020
2 26 0.00000386 0.084258626540 0.00000000 -0.00000122 0.00000132 -0.00000162 0.00000042 -0.00000294 0.00000044
2 27 0.00000804 0.084258626541 0.00000000 0.00000153 0.00000106 0.00000148 -0.00000064 0.00000764 0.00000048
2 28 0.09841750 0.087224852698 0.00056324 -0.02396941 0.02020616 0.01427184 0.06649308 0.06385130 0.00108545
2 29 0.11007433 0.087224852699 0.00070457 0.02709727 -0.00286162 -0.01198376 -0.00322005 -0.05967535 0.08751447
2 30 0.17623204 0.087968645723 0.00182140 -0.09248850 -0.01933487 -0.12654994 -0.01832127 -0.02890918 0.07030984
2 31 0.12248734 0.087968645723 0.00087987 -0.04430538 0.06491643 -0.07614581 -0.02656279 -0.01159403 -0.04677446
2 32 0.33700508 0.088271806133 0.00668350 -0.13356508 -0.05218458 -0.01061645 -0.11463791 0.01542220 -0.28198786
2 33 0.28379583 0.088271806133 0.00473961 -0.05140694 -0.06229505 -0.14459024 -0.08544129 0.07370104 0.20094360
2 34 0.98120952 0.088931482046 0.05708050 0.51276469 -0.07588263 -0.06761272 -0.06396465 0.50294892 0.65762128
2 35 1.10632394 0.088931482046 0.07256528 0.02222006 0.47417087 0.10152435 -0.54399373 -0.82572146 -0.10280369
2 36 0.84284497 0.089288816246 0.04228645 -0.33256365 -0.05771755 0.02923891 0.02421718 0.33635050 0.69417915
2 37 1.24840785 0.089288816246 0.09277240 0.60489731 0.37296061 0.67449112 0.58632844 -0.25082270 0.43805302
2 38 2.20773200 0.089953867211 0.29229493 0.51002924 0.23407850 -0.82799495 -0.85596252 -1.11581143 1.37690791
2 39 2.28747616 0.089953867212 0.31379190 0.82504153 -0.83885297 0.45684732 -0.38249921 1.47592392 1.14665287
2 40 0.00002460 0.090391075065 0.00000000 -0.00000021 0.00000197 0.00000061 -0.00000056 0.00000555 0.00002387
2 41 0.00004739 0.090391075070 0.00000000 -0.00000025 -0.00000107 0.00000033 -0.00000079 0.00004735 0.00000105
2 42 0.00005352 0.092221447857 0.00000000 0.00000365 -0.00000015 0.00000419 -0.00000164 -0.00004717 -0.00002461
2 43 0.00001661 0.092537966885 0.00000000 0.00000186 0.00000094 0.00000317 -0.00000794 -0.00001133 0.00000836
3 20 0.17334064 0.079923911388 0.00160098 0.10385683 -0.02257121 -0.01816208 -0.13566930 -0.00278557 -0.00273838
3 21 0.05269379 0.079923911389 0.00014795 0.00209286 0.04210131 -0.02323048 0.01100268 0.01831296 -0.00191225
3 22 0.00001459 0.083274894720 0.00000000 -0.00000025 -0.00000052 0.00000035 -0.00000003 -0.00000477 0.00001378
3 23 0.00001182 0.083274894720 0.00000000 -0.00000070 -0.00000062 -0.00000037 0.00000144 0.00000506 0.00001054
3 24 0.00000281 0.083767801679 0.00000000 -0.00000039 0.00000062 0.00000012 -0.00000090 0.00000239 -0.00000092
3 25 0.00000577 0.083767801679 0.00000000 -0.00000034 0.00000050 -0.00000018 0.00000057 0.00000237 -0.00000519
3 26 0.00000793 0.083941844631 0.00000000 -0.00000103 -0.00000104 -0.00000016 -0.00000035 0.00000375 0.00000682
3 27 0.00000151 0.083941844631 0.00000000 -0.00000035 -0.00000051 -0.00000075 0.00000015 0.00000107 0.00000041
3 28 0.20328114 0.086908070789 0.00239421 0.01024535 -0.07121934 0.11196950 -0.05637020 -0.09531063 -0.10652313
3 29 0.12518562 0.086908070789 0.00090798 0.01914586 0.07333094 0.01984576 0.01731934 0.09502143 0.01430262
3 30 0.39190909 0.087651863814 0.00897513 -0.21205462 -0.17929299 0.07868914 -0.06394854 0.24056909 -0.09123984
3 31 0.39077809 0.087651863814 0.00892340 -0.03916034 -0.14978777 0.03814738 0.25358185 -0.08512347 0.23607759
3 32 0.67223447 0.087955024223 0.02649787 0.20560230 0.13312286 -0.10527953 0.12799184 0.48759966 -0.35592986
3 33 0.48508273 0.087955024223 0.01379752 -0.03304825 -0.18980280 0.12021613 0.12579387 0.13155423 -0.38807915
3 34 2.05594095 0.088614700136 0.24970992 -0.13809780 0.16613312 -0.00882127 -0.08264269 -1.09851325 -1.72237713
3 35 1.36319803 0.088614700137 0.10978232 0.21654969 0.44613155 -0.01657032 -0.38300993 0.05783544 -1.20915905
3 36 1.68787526 0.088972034337 0.16898298 -0.93029982 -0.13149797 0.19332942 -0.86307692 1.08180899 -0.11655337
3 37 2.01500991 0.088972034337 0.24083335 -0.83029629 0.88138533 -0.05854885 -0.85272481 -0.76306644 1.13189882
3 38 1.19392270 0.089637085301 0.08518221 -0.56354901 0.65288004 -0.24655317 0.61174053 0.20286463 0.45325773
3 39 0.86925838 0.089637085302 0.04515379 0.40566438 -0.50009365 0.12432136 -0.43341567 -0.17299122 0.32821028
3 40 0.00004088 0.090074293155 0.00000000 -0.00000002 0.00000032 0.00000025 0.00000090 0.00001130 0.00003927
3 41 0.00001562 0.090074293160 0.00000000 -0.00000080 0.00000029 -0.00000083 0.00000163 -0.00000712 -0.00001376
3 42 0.00005918 0.091904665948 0.00000000 -0.00000235 0.00000178 0.00000220 -0.00000426 -0.00003830 -0.00004476
3 43 0.00003018 0.092221184976 0.00000000 -0.00000286 0.00000145 -0.00000478 -0.00000001 -0.00002963 -0.00000022
4 20 0.05012591 0.079827897496 0.00013372 0.02802241 -0.01370125 0.00922335 -0.01410444 0.00740714 0.03465193
4 21 0.04808684 0.079827897496 0.00012306 -0.00416456 -0.03389257 0.00281928 -0.00039721 0.01536797 -0.03003354
4 22 0.00001453 0.083178880827 0.00000000 0.00000091 -0.00000045 -0.00000034 0.00000014 0.00001416 0.00000305
4 23 0.00002829 0.083178880828 0.00000000 -0.00000320 -0.00000185 -0.00000159 0.00000209 0.00001188 -0.00002527
4 24 0.00000263 0.083671787787 0.00000000 -0.00000033 -0.00000132 -0.00000068 -0.00000108 0.00000170 -0.00000072
4 25 0.00000507 0.083671787787 0.00000000 -0.00000016 0.00000226 0.00000176 -0.00000064 -0.00000295 0.00000289
4 26 0.00000428 0.083845830738 0.00000000 0.00000018 -0.00000105 -0.00000014 0.00000221 0.00000073 -0.00000342
4 27 0.00000550 0.083845830738 0.00000000 0.00000120 -0.00000051 -0.00000085 -0.00000046 0.00000478 0.00000219
4 28 0.17406680 0.086812056896 0.00175356 -0.03470328 -0.04511909 0.06155330 0.03839787 -0.06291187 0.13355932
4 29 0.15629452 0.086812056896 0.00141376 -0.03057697 -0.02584258 0.13142200 -0.07013400 -0.01241169 0.02192293
4 30 0.41991455 0.087555849921 0.01029238 0.16125476 0.08569181 -0.07224600 -0.19529592 0.31533344 0.01367073
4 31 0.31069695 0.087555849921 0.00563466 0.03798803 0.16852594 0.18220859 0.12567140 0.00857412 -0.13274684
4 32 0.49791466 0.087859010330 0.01452128 0.08870972 -0.20917221 0.14514440 -0.36983795 -0.17673989 -0.08492694
4 33 0.50916519 0.087859010330 0.01518492 0.08380143 -0.32568754 -0.07775577 0.23184841 -0.29017258 0.04641508
4 34 1.77426559 0.088518686244 0.18577230 -0.30404381 -0.93670244 -0.85403146 0.67184003 -0.78386871 -0.61885004
4 35 1.63734149 0.088518686244 0.15820574 -0.46054488 -0.53192860 -0.25624342 -0.88864613 -0.52934008 1.02483363
4 36 2.11493640 0.088876020444 0.26502568 0.19398883 -0.36446430 0.59295896 -0.05666024 1.36905161 1.43992258
4 37 1.24403584 0.088876020444 0.09169784 0.05959914 0.30455143 -0.33334992 0.00348813 0.56645767 -1.00961027
4 38 1.19892634 0.089541071408 0.08580568 -0.19866889 0.15583075 0.05835155 -0.19357787 0.24695794 -1.12774389
4 39 1.44676220 0.089541071409 0.12494686 -0.17188633 0.69036084 0.39359035 -0.92608375 0.53379932 0.53804431
4 40 0.00005386 0.089978279263 0.00000000 -0.00000033 -0.00000090 -0.00000086 0.00000016 0.00004494 -0.00002966
4 41 0.00004584 0.089978279267 0.00000000 -0.00000399 0.00000103 -0.00000160 0.00000082 -0.00000487 0.00004536
4 42 0.00003726 0.091808652055 0.00000000 0.00000118 -0.00000051 -0.00000691 -0.00000062 -0.00003639 -0.00000379
4 43 0.00006952 0.092125171083 0.00000000 -0.00000593 -0.00000321 -0.00000553 -0.00000010 -0.00005772 -0.00003776
5 20 0.04808838 0.079827897449 0.00012307 -0.00139345 -0.03412209 -0.00284625 0.00006458 -0.02003931 -0.02713954
5 21 0.05012368 0.079827897449 0.00013371 0.02987351 0.00897237 0.01139052 0.01241811 0.00168527 -0.03539294
5 22 0.00002736 0.083178880781 0.00000000 -0.00000006 -0.00000003 0.00000011 -0.00000000 0.00000827 -0.00002608
5 23 0.00001498 0.083178880781 0.00000000 0.00000035 0.00000086 0.00000077 -0.00000056 0.00001282 0.00000763
5 24 0.00000344 0.083671787740 0.00000000 0.00000059 -0.00000062 -0.00000015 0.00000092 0.00000183 -0.00000262
5 25 0.00000209 0.083671787740 0.00000000 0.00000039 -0.00000051 0.00000085 0.00000035 0.00000082 -0.00000156
5 26 0.00000492 0.083845830691 0.00000000 0.00000000 0.00000060 -0.00000001 0.00000004 0.00000070 -0.00000483
5 27 0.00000356 0.083845830691 0.00000000 0.00000141 0.00000080 0.00000165 0.00000062 -0.00000195 0.00000178
5 28 0.15629206 0.086812056849 0.00141372 0.03295654 0.02272991 0.03321243 -0.14521241 -0.01790042 0.01772821
5 29 0.17406475 0.086812056849 0.00175352 -0.05264046 -0.02165483 0.05319638 0.04932913 0.11238325 -0.09573596
5 30 0.31069675 0.087555849874 0.00563466 0.11114073 0.13225629 -0.01027317 0.22110506 -0.11085144 -0.07353540
5 31 0.41991185 0.087555849874 0.01029225 0.02941216 -0.18022549 0.11171057 0.17572784 0.18000879 -0.25926236
5 32 0.50916420 0.087859010283 0.01518486 -0.33557150 0.02208093 0.24223444 -0.03350812 0.09930992 -0.27656755
5 33 0.49791293 0.087859010283 0.01452118 0.22197525 -0.04847007 0.39030670 -0.07419573 0.05075626 0.18940539
5 34 1.63733758 0.088518686197 0.15820498 0.67651258 -0.19333325 0.70063997 -0.60370092 -0.11753372 1.14745893
5 35 1.77426694 0.088518686197 0.18577258 -0.76694266 0.61778347 -0.34736967 -1.02959760 -0.99472053 0.08921816
5 36 1.24403513 0.088876020397 0.09169774 0.17250154 -0.25796723 -0.30618252 -0.13185127 0.13300366 1.14999873
5 37 2.11493349 0.088876020397 0.26502495 -0.03832350 -0.41109020 -0.52516772 -0.28108551 -1.81865248 0.80010797
5 38 1.44676140 0.089541071361 0.12494672 -0.21281075 -0.67885887 0.44819365 0.90092626 0.50071960 -0.56895956
5 39 1.19892128 0.089541071363 0.08580495 0.20762172 0.14368705 -0.06980823 -0.18975084 -0.31386658 -1.11097646
5 40 0.00004425 0.089978279216 0.00000000 0.00000046 0.00000050 -0.00000010 -0.00000099 -0.00000417 -0.00004404
5 41 0.00005052 0.089978279220 0.00000000 0.00000009 -0.00000020 0.00000022 -0.00000027 -0.00004189 -0.00002824
5 42 0.00005626 0.091808652008 0.00000000 0.00000286 0.00000134 0.00000175 -0.00000413 -0.00001656 -0.00005348
5 43 0.00002309 0.092125171036 0.00000000 -0.00000038 -0.00000098 0.00000041 -0.00000255 0.00001953 0.00001199
6 20 0.16355169 0.078021956444 0.00139135 -0.04062088 0.10670641 0.10327647 0.04687280 0.02601364 -0.01315463
6 21 0.03996175 0.078021956444 0.00008306 -0.00860883 -0.01100367 0.00426881 0.00541567 -0.03362398 0.01495408
6 22 0.00007184 0.081372939776 0.00000000 -0.00000033 -0.00000255 -0.00000108 0.00000173 0.00006874 0.00002061
6 23 0.00002084 0.081372939776 0.00000000 0.00000076 0.00000027 0.00000083 0.00000024 -0.00000143 0.00002076
6 24 0.00001346 0.081865846735 0.00000000 -0.00000011 0.00000017 -0.00000002 0.00000022 0.00001125 -0.00000738
6 25 0.00000717 0.081865846735 0.00000000 0.00000015 0.00000007 0.00000010 -0.00000011 -0.00000470 -0.00000541
6 26 0.00002256 0.082039889687 0.00000000 -0.00000013 -0.00000004 0.00000013 0.00000057 0.00002242 0.00000242
6 27 0.00002050 0.082039889687 0.00000000 -0.00000087 -0.00000021 0.00000035 0.00000029 0.00000551 -0.00001972
6 28 0.94271559 0.085006115845 0.05036401 -0.41821281 0.33774170 0.37107799 0.64767800 0.07612133 -0.19173198
6 29 1.18199267 0.085006115845 0.07917507 -0.37412867 -0.49609906 -0.13179216 0.51537093 -0.43428450 -0.73446630
6 30 1.98637296 0.085749908869 0.22556099 1.07454325 0.58154130 0.49748145 -1.03720950 -0.53609113 -0.91769222
6 31 1.52606602 0.085749908869 0.13313402 0.43571866 -0.60428240 -0.99785433 -0.10161790 -0.86147126 0.16030386
6 32 1.60815187 0.086053069279 0.14836424 -1.06298036 0.03372055 -0.48995577 0.37080135 -0.78466777 -0.67958393
6 33 1.61882305 0.086053069279 0.15033976 0.15349409 -0.30822190 -1.11530312 0.03233086 1.05728062 -0.37314645
6 34 0.36670380 0.086712745192 0.00777361 -0.06501925 0.11721625 0.32096518 -0.05531431 -0.10194872 0.00571564
6 35 0.68938200 0.086712745192 0.02747335 0.33856002 -0.36797458 -0.22952224 -0.37900635 0.16997910 -0.00044682
6 36 0.17456570 0.087070079392 0.00176887 -0.02184141 0.08506898 -0.00602643 -0.01121042 -0.06728608 0.13442469
6 37 0.24242410 0.087070079392 0.00341137 -0.11155358 0.10298211 -0.16267072 0.05288333 -0.02380996 -0.07677632
6 38 0.24530470 0.087735130357 0.00351961 -0.05811586 0.16570421 0.16171685 0.05528449 0.01054753 0.00436926
6 39 0.25632770 0.087735130358 0.00384303 0.10964019 -0.10519556 -0.20319241 -0.01061952 -0.00483980 0.03454646
6 40 0.00008243 0.088172338211 0.00000000 -0.00000047 0.00000063 0.00000076 -0.00000060 0.00008126 -0.00001379
6 41 0.00005669 0.088172338216 0.00000000 0.00000119 0.00000110 0.00000027 0.00000019 0.00002798 -0.00004928
6 42 0.00000810 0.090002711003 0.00000000 -0.00000558 -0.00000476 -0.00000012 0.00000025 0.00000303 0.00000158
6 43 0.00000744 0.090319230032 0.00000000 0.00000254 -0.00000223 -0.00000191 -0.00000516 0.00000351 0.00000120
7 20 0.03996171 0.078021956439 0.00008306 0.01086872 -0.00877835 -0.00538006 0.00431399 0.02938583 0.02215100
7 21 0.16355180 0.078021956440 0.00139135 -0.01551134 -0.11311825 0.11118649 -0.02237581 0.02237675 0.01868207
7 22 0.00002074 0.081372939771 0.00000000 0.00000015 -0.00000061 -0.00000017 0.00000023 -0.00001818 0.00000995
7 23 0.00007166 0.081372939771 0.00000000 -0.00000226 0.00000164 0.00000130 -0.00000181 0.00004833 0.00005279
7 24 0.00000753 0.081865846730 0.00000000 0.00000010 -0.00000037 -0.00000038 0.00000029 -0.00000581 -0.00000476
7 25 0.00001395 0.081865846730 0.00000000 0.00000043 0.00000020 -0.00000026 -0.00000004 0.00000586 -0.00001264
7 26 0.00002076 0.082039889682 0.00000000 -0.00000028 0.00000045 0.00000048 -0.00000010 0.00001092 0.00001764
7 27 0.00002249 0.082039889682 0.00000000 -0.00000026 -0.00000079 0.00000001 0.00000063 -0.00002099 0.00000799
7 28 1.18199275 0.085006115840 0.07917509 0.44551961 0.43312717 -0.52779080 0.06643131 0.67451382 0.52256564
7 29 0.94271583 0.085006115840 0.05036404 0.38730248 -0.37278463 0.59629370 0.44902099 -0.19973397 0.05159333
7 30 1.52606599 0.085749908864 0.13313402 -0.68144405 -0.30106811 0.80954980 -0.59217267 0.82430491 -0.29723971
7 31 1.98637282 0.085749908864 0.22556096 0.63307325 -1.04501281 0.95361232 0.64336204 0.00144391 1.06280299
7 32 1.61882227 0.086053069274 0.15033962 -0.34206829 -0.03937257 0.63518116 -0.91732827 -0.88925045 0.68287043
7 33 1.60815156 0.086053069274 0.14836418 -0.60781880 0.87270885 -0.57797193 0.20856264 0.14188193 1.02830277
7 34 0.68938210 0.086712745187 0.02747335 0.11183765 -0.48736085 0.44236974 -0.02520657 -0.09581065 -0.14040432
7 35 0.36670404 0.086712745187 0.00777362 0.05985745 -0.11993482 0.13600333 0.29594146 -0.05297330 -0.08729350
7 36 0.24242520 0.087070079388 0.00341140 -0.00586764 -0.15170736 -0.07743724 -0.15251884 -0.07117428 0.03736476
7 37 0.17456683 0.087070079388 0.00176889 -0.04480614 0.07553963 0.01219289 -0.00364927 -0.04765656 0.14257145
7 38 0.25632668 0.087735130352 0.00384300 0.06953388 0.13509887 -0.19562718 -0.05594496 0.00663899 -0.03424606
7 39 0.24530330 0.087735130353 0.00351957 0.00115231 0.17559540 -0.17090416 -0.00023077 -0.01139535 0.00070679
7 40 0.00005751 0.088172338206 0.00000000 0.00000036 0.00000025 -0.00000022 -0.00000021 0.00000558 0.00005724
7 41 0.00008350 0.088172338211 0.00000000 -0.00000027 -0.00000006 0.00000018 -0.00000050 -0.00007014 -0.00004530
7 42 0.00001304 0.090002710999 0.00000000 0.00000084 0.00000240 -0.00000175 0.00000125 0.00000259 0.00001234
7 43 0.00000858 0.090319230027 0.00000000 -0.00000449 -0.00000087 -0.00000231 0.00000419 0.00000330 0.00000435
8 20 0.07222317 0.077961820865 0.00027111 0.01199471 -0.00611749 0.00586207 -0.00390934 -0.03117050 0.06335331
8 21 0.10005945 0.077961820865 0.00052036 -0.05096388 -0.03440253 -0.04730776 -0.04890154 -0.03688450 0.01553031
8 22 0.00005942 0.081312804197 0.00000000 0.00000076 -0.00000086 0.00000128 -0.00000065 -0.00005597 0.00001987
8 23 0.00001843 0.081312804197 0.00000000 -0.00000133 0.00000096 -0.00000062 0.00000162 -0.00000577 -0.00001734
8 24 0.00001216 0.081805711156 0.00000000 0.00000031 0.00000005 0.00000032 -0.00000033 -0.00000624 0.00001043
8 25 0.00000434 0.081805711156 0.00000000 0.00000030 0.00000006 -0.00000010 0.00000030 0.00000360 -0.00000238
8 26 0.00001629 0.081979754107 0.00000000 -0.00000019 0.00000076 -0.00000047 -0.00000011 -0.00001391 0.00000842
8 27 0.00001609 0.081979754107 0.00000000 -0.00000041 -0.00000070 0.00000005 -0.00000075 0.00000531 0.00001515
8 28 0.57204250 0.084945980265 0.01853140 -0.11076460 -0.50635318 -0.16989476 0.11855643 0.10580560 0.06675035
8 29 0.95752088 0.084945980265 0.05192160 -0.43153251 -0.26834198 0.70323723 -0.01693238 0.35842224 0.18794334
8 30 2.27368891 0.085689773290 0.29532474 -0.02781675 -1.27004112 1.08232259 -0.43500368 -1.26097796 -0.77792496
8 31 1.52115215 0.085689773290 0.13218527 -0.85506652 0.24690043 -0.25269777 -0.81669656 -0.44315907 0.77108100
8 32 1.57637083 0.085992933699 0.14245847 0.05350940 -0.62514742 1.16275816 -0.52326608 0.66760644 -0.14057082
8 33 1.74301131 0.085992933699 0.17416943 0.78254456 -1.10758848 -0.15344255 0.35043815 -0.75210464 0.69781610
8 34 0.46719845 0.086652609613 0.01260936 0.03377462 0.26714340 0.21388731 0.06261224 0.17985007 -0.25249546
8 35 0.35435710 0.086652609613 0.00725392 0.00001289 0.04442979 -0.04844409 0.09837244 -0.26041053 0.20918254
8 36 0.53794038 0.087009943813 0.01678595 -0.06012810 0.34961715 -0.16007687 -0.36272446 0.01139642 -0.07879589
8 37 0.48880763 0.087009943813 0.01385969 0.09947141 -0.39607560 0.25411180 -0.06892590 -0.03012464 -0.04394746
8 38 0.06191815 0.087674994777 0.00022409 -0.01895141 0.00600417 -0.01885521 0.00428936 0.05349760 0.01423869
8 39 0.13136808 0.087674994778 0.00100871 -0.05896960 -0.03459725 -0.08694460 -0.05661309 0.01631153 -0.03940455
8 40 0.00006419 0.088112202632 0.00000000 0.00000005 0.00000100 0.00000064 0.00000032 -0.00004419 0.00004655
8 41 0.00005281 0.088112202636 0.00000000 -0.00000020 -0.00000038 0.00000079 -0.00000133 -0.00000106 0.00005277
8 42 0.00001151 0.089942575424 0.00000000 0.00000424 0.00000329 0.00000064 0.00000649 -0.00000743 -0.00000246
8 43 0.00001152 0.090259094452 0.00000000 -0.00000472 -0.00000347 0.00000316 -0.00000033 0.00000213 0.00000914
9 20 0.10005912 0.077961820861 0.00052036 0.02609612 0.05567602 0.04098660 0.05430896 -0.02105370 0.03403496
9 21 0.07222346 0.077961820862 0.00027111 -0.00790052 0.01090308 -0.00477027 0.00518628 0.06741579 -0.02098552
9 22 0.00001831 0.081312804193 0.00000000 -0.00000182 0.00000047 -0.00000186 -0.00000097 0.00000406 0.00001763
9 23 0.00005963 0.081312804193 0.00000000 -0.00000140 -0.00000033 -0.00000134 0.00000019 0.00005850 -0.00001139
9 24 0.00000377 0.081805711153 0.00000000 -0.00000006 0.00000027 -0.00000007 0.00000011 -0.00000333 -0.00000175
9 25 0.00001205 0.081805711153 0.00000000 0.00000011 0.00000020 0.00000036 0.00000023 -0.00000816 -0.00000885
9 26 0.00001605 0.081979754104 0.00000000 -0.00000089 0.00000019 -0.00000086 0.00000019 0.00001600 0.00000030
9 27 0.00001618 0.081979754104 0.00000000 -0.00000007 0.00000008 0.00000003 0.00000027 -0.00000244 0.00001599
9 28 0.95752143 0.084945980262 0.05192166 -0.44517788 0.24503990 0.70134520 0.05426539 0.36790052 -0.16863803
9 29 0.57204280 0.084945980262 0.01853142 0.13750664 -0.49975457 0.16335690 0.12741414 -0.10920188 0.06103582
9 30 1.52115230 0.085689773287 0.13218529 0.28077329 0.84455020 0.81620987 -0.25426495 -0.38452143 0.80193497
9 31 2.27368849 0.085689773287 0.29532463 -1.06248264 0.69635374 0.25444902 1.13837859 -1.35528812 -0.59868645
9 32 1.74301168 0.085992933696 0.17416950 -0.14948896 -1.34788026 -0.03511858 0.38094389 0.32096566 0.97446963
9 33 1.57637148 0.085992933696 0.14245859 -0.25541478 0.57309334 0.76482357 1.02022563 0.51642399 0.44583088
9 34 0.35435763 0.086652609609 0.00725394 -0.02770029 -0.03473722 -0.09922047 -0.04668198 -0.33402130 -0.00110175
9 35 0.46719821 0.086652609610 0.01260935 0.14021132 0.22988520 -0.12814122 0.18233972 -0.29806102 -0.08520226
9 36 0.48880784 0.087009943810 0.01385970 -0.36435017 -0.18444394 -0.21859748 0.14676051 -0.01345202 -0.05155610
9 37 0.53793967 0.087009943810 0.01678591 -0.30347478 -0.18371324 0.16905934 0.35862528 0.06698326 0.04303114
9 38 0.13136725 0.087674994774 0.00100869 -0.01835590 -0.06585941 -0.03248152 -0.09853547 -0.04226533 0.00568411
9 39 0.06191896 0.087674994775 0.00022409 -0.01065392 0.01678464 -0.00897131 0.01713089 -0.00007558 -0.05536037
9 40 0.00005389 0.088112202629 0.00000000 0.00000027 -0.00000121 -0.00000067 -0.00000029 0.00005132 0.00001636
9 41 0.00006406 0.088112202633 0.00000000 -0.00000197 -0.00000011 0.00000094 0.00000103 -0.00005884 0.00002523
9 42 0.00001744 0.089942575421 0.00000000 0.00000660 -0.00001070 -0.00000906 0.00000081 0.00000783 0.00000138
9 43 0.00001160 0.090259094449 0.00000000 0.00000979 0.00000200 -0.00000275 -0.00000506 0.00000064 -0.00000100
10 20 0.11054421 0.077184564981 0.00062880 -0.00537542 -0.06302124 0.08434408 -0.02750727 0.00348212 -0.01835081
10 21 0.08676826 0.077184564981 0.00038740 0.00714184 -0.07135677 -0.03751209 0.00421542 0.02561173 0.01746564
10 22 0.00038028 0.080535548313 0.00000001 -0.00000042 0.00000035 0.00000003 -0.00000018 0.00017563 0.00033729
10 23 0.00038771 0.080535548313 0.00000001 -0.00000004 0.00000025 0.00000003 -0.00000026 -0.00023233 0.00031038
10 24 0.00009060 0.081028455272 0.00000000 0.00000022 0.00000026 -0.00000001 0.00000002 0.00009028 -0.00000767
10 25 0.00005515 0.081028455272 0.00000000 0.00000024 -0.00000014 0.00000025 -0.00000026 0.00004356 -0.00003382
10 26 0.00014692 0.081202498224 0.00000000 -0.00000001 0.00000006 -0.00000022 -0.00000001 0.00003554 0.00014256
10 27 0.00013456 0.081202498224 0.00000000 -0.00000021 0.00000003 0.00000034 -0.00000040 0.00005994 -0.00012047
10 28 2.61890871 0.084168724382 0.38485772 0.75620598 -0.76639401 2.32796118 0.07973997 -0.03749225 -0.52183156
10 29 2.52464258 0.084168724382 0.35765088 2.10041000 -0.35102066 -0.59620737 0.07918762 0.04846920 1.21441316
10 30 0.47675014 0.084912517406 0.01286655 0.22606106 0.13854283 -0.05073524 0.38013857 0.02606770 -0.09609401
10 31 0.64107906 0.084912517406 0.02326503 -0.49815256 0.08686922 0.36373855 -0.07187473 -0.11631141 0.06542227
10 32 1.49651911 0.085215677816 0.12723095 -0.92212721 0.45226010 0.43177017 -0.97229912 -0.16530203 -0.15998692
10 33 1.06090461 0.085215677816 0.06394122 -0.26374862 -0.73555800 -0.48334753 -0.52390146 0.05020817 0.06550756
10 34 0.20535280 0.085875353729 0.00241423 0.02575217 0.17024697 0.09976035 0.03787381 -0.03350517 0.00366333
10 35 0.30197980 0.085875353729 0.00522075 0.04030034 -0.17010613 0.17620596 0.17008201 0.01474831 -0.02091997
10 36 0.20513927 0.086232687929 0.00241924 -0.01367781 0.17197264 0.02507682 -0.09053457 -0.05903994 -0.00306237
10 37 0.13332068 0.086232687930 0.00102182 -0.06298609 -0.00853349 -0.01846257 -0.11560914 0.00396250 0.00350606
10 38 0.07978021 0.086897738894 0.00036873 0.01474627 -0.00558535 0.07650208 -0.00492118 0.00218711 0.01531873
10 39 0.10216839 0.086897738895 0.00060471 0.00191964 0.08957541 -0.02247744 0.04359151 -0.00181114 -0.00148529
10 40 0.00044198 0.087334946748 0.00000001 -0.00000026 0.00000027 0.00000026 -0.00000004 0.00023943 0.00037151
10 41 0.00059264 0.087334946753 0.00000002 0.00000027 0.00000008 -0.00000013 -0.00000118 0.00044519 -0.00039119
10 42 0.00010947 0.089165319540 0.00000000 -0.00000256 -0.00000152 0.00000543 0.00000054 -0.00006973 0.00008416
10 43 0.00000614 0.089481838569 0.00000000 0.00000051 -0.00000136 0.00000385 0.00000402 0.00000146 -0.00000156
11 20 0.08676808 0.077184564981 0.00038740 -0.01030657 -0.07096864 0.03766241 0.00254392 -0.02481002 0.01858661
11 21 0.11054413 0.077184564981 0.00062880 -0.00256878 0.06319776 0.08548339 0.02373108 0.00429435 0.01817781
11 22 0.00038752 0.080535548313 0.00000001 0.00000001 0.00000015 0.00000039 0.00000010 -0.00007738 0.00037971
11 23 0.00038031 0.080535548313 0.00000001 0.00000012 -0.00000031 -0.00000004 0.00000003 0.00036871 -0.00009319
11 24 0.00005498 0.081028455272 0.00000000 -0.00000005 0.00000014 -0.00000017 0.00000042 -0.00001386 0.00005320
11 25 0.00009062 0.081028455272 0.00000000 -0.00000028 -0.00000008 -0.00000008 -0.00000005 -0.00002871 -0.00008595
11 26 0.00013480 0.081202498223 0.00000000 -0.00000012 0.00000012 0.00000058 0.00000012 0.00011433 0.00007141
11 27 0.00014680 0.081202498223 0.00000000 -0.00000009 -0.00000017 0.00000017 -0.00000015 0.00004446 0.00013990
11 28 2.52464248 0.084168724381 0.35765085 0.04005789 -2.12916247 0.00886022 0.60137789 -1.20844369 0.12966178
11 29 2.61890869 0.084168724381 0.38485772 -0.64755702 0.86016108 0.41935073 2.29126752 -0.52170366 0.03922960
11 30 0.64107909 0.084912517406 0.02326503 0.40879195 -0.29764297 -0.30455947 0.21145999 0.12789055 -0.03811059
11 31 0.47675014 0.084912517406 0.01286655 0.05759979 -0.25880487 -0.30849554 -0.22783739 0.08719110 0.04807632
11 32 1.06090447 0.085215677815 0.06394120 -0.62254193 -0.47228200 -0.35475150 -0.61826277 0.04742631 0.06754867
11 33 1.49651929 0.085215677816 0.12723098 -0.70808426 0.74395885 1.05704826 -0.12016804 0.10302245 0.20568640
11 34 0.30197982 0.085875353729 0.00522075 0.07836097 -0.15626826 -0.24429624 0.01719851 0.00213116 -0.02550719
11 35 0.20535276 0.085875353729 0.00241423 0.12908000 -0.11395419 0.10079014 0.03504111 -0.02332872 -0.02432678
11 36 0.13332066 0.086232687929 0.00102182 -0.05902535 -0.02358112 -0.07298640 0.09153868 0.00517495 -0.00110056
11 37 0.20513929 0.086232687929 0.00241924 -0.07275936 0.15642182 0.02274433 -0.09114824 0.05289713 0.02640083
11 38 0.10216937 0.086897738893 0.00060473 0.00718209 -0.08930822 -0.01987632 -0.04483842 -0.00189585 0.00137622
11 39 0.07978029 0.086897738895 0.00036873 -0.01439326 -0.00644323 -0.07608039 -0.00940998 -0.00308406 0.01516343
11 40 0.00059306 0.087334946748 0.00000002 -0.00000005 0.00000007 -0.00000017 -0.00000010 0.00038702 0.00044936
11 41 0.00044223 0.087334946753 0.00000001 -0.00000060 0.00000084 -0.00000025 0.00000014 -0.00028873 0.00033496
11 42 0.00005644 0.089165319540 0.00000000 -0.00000118 -0.00000565 0.00000054 -0.00000059 0.00005387 0.00001578
11 43 0.00001653 0.089481838568 0.00000000 0.00000437 -0.00000018 -0.00000108 -0.00000201 0.00000795 -0.00001363
12 20 0.00000946 0.074912518390 0.00000000 0.00000180 -0.00000191 -0.00000203 -0.00000100 -0.00000065 -0.00000877
12 21 0.00000773 0.074912518390 0.00000000 0.00000141 -0.00000058 0.00000054 0.00000104 0.00000567 0.00000489
12 22 0.41260331 0.078263501722 0.00888246 0.08172885 0.00401785 -0.18190009 0.00740999 -0.09861454 0.34738792
12 23 0.58369535 0.078263501722 0.01777626 -0.07518474 0.04385389 -0.29428236 -0.03056411 -0.05580978 0.49241583
12 24 2.00739922 0.078756408681 0.21157393 0.33668504 -1.21037782 0.31932860 -0.20924747 1.50139387 0.22658673
12 25 1.84579964 0.078756408681 0.17888081 -0.38594638 0.16480944 -1.62202078 -0.08760090 0.37608887 0.67140998
12 26 2.51507610 0.078930451633 0.33285539 -0.89021610 0.64702533 0.22074561 0.20469653 0.08429867 -2.23980931
12 27 2.32765005 0.078930451633 0.28509441 0.50485846 1.12044867 -1.45347960 0.16415733 -0.32545228 1.28926247
12 28 0.00000866 0.081896677791 0.00000000 0.00000035 -0.00000000 0.00000012 0.00000033 -0.00000133 -0.00000854
12 29 0.00005811 0.081896677791 0.00000000 0.00000068 0.00000035 0.00000006 -0.00000018 -0.00005519 0.00001817
12 30 0.00002482 0.082640470815 0.00000000 0.00000012 -0.00000028 -0.00000010 0.00000024 -0.00001642 0.00001861
12 31 0.00014157 0.082640470815 0.00000000 -0.00000027 0.00000046 -0.00000027 0.00000049 0.00008426 -0.00011376
12 32 0.00011592 0.082943631225 0.00000000 -0.00000005 -0.00000067 0.00000036 -0.00000058 0.00000491 0.00011582
12 33 0.00009907 0.082943631225 0.00000000 0.00000018 0.00000033 -0.00000003 0.00000012 0.00000871 -0.00009868
12 34 0.00002434 0.083603307138 0.00000000 -0.00000014 -0.00000062 -0.00000071 0.00000047 -0.00000857 0.00002275
12 35 0.00003736 0.083603307138 0.00000000 0.00000018 -0.00000155 0.00000123 0.00000006 -0.00000256 -0.00003722
12 36 0.00002029 0.083960641338 0.00000000 0.00000180 -0.00000008 0.00000111 0.00000072 0.00001814 0.00000881
12 37 0.00000958 0.083960641339 0.00000000 -0.00000007 -0.00000038 0.00000125 0.00000064 0.00000744 0.00000586
12 38 0.00000977 0.084625692303 0.00000000 -0.00000007 0.00000062 0.00000144 0.00000130 -0.00000697 -0.00000653
12 39 0.00000450 0.084625692304 0.00000000 0.00000216 -0.00000164 -0.00000144 0.00000043 0.00000262 0.00000193
12 40 0.06652157 0.085062900157 0.00025094 0.02269069 0.03900183 0.02788718 0.00099024 0.00997754 -0.03887007
12 41 0.09922594 0.085062900162 0.00055834 0.02410899 0.04090732 -0.02680756 -0.02526213 -0.06914912 -0.03811447
12 42 0.21305596 0.086893272949 0.00262956 0.01032841 -0.03907584 0.06721652 0.10820525 0.14171769 -0.08630704
12 43 0.12850482 0.087209791978 0.00096009 0.00987881 -0.02147329 0.09568358 0.00168072 -0.04126532 -0.07137084
13 20 0.00000777 0.074912518390 0.00000000 -0.00000075 0.00000137 0.00000094 0.00000065 0.00000426 0.00000620
13 21 0.00000946 0.074912518390 0.00000000 0.00000213 -0.00000155 0.00000076 0.00000217 0.00000864 0.00000160
13 22 0.58369532 0.078263501722 0.01777626 0.08696072 -0.00370770 0.23114364 -0.18468577 0.31295852 0.38424609
13 23 0.41260332 0.078263501722 0.00888246 0.06660860 -0.04752926 -0.15708101 0.09202239 -0.27064015 -0.23907554
13 24 1.84579964 0.078756408681 0.17888081 -0.41470271 -0.06433038 -1.55007459 0.48568933 0.19851926 -0.74352157
13 25 2.00739922 0.078756408681 0.21157393 -0.62533133 -1.08964762 -0.36113153 -0.12385177 -1.39884468 0.59055796
13 26 2.32765008 0.078930451633 0.28509442 -1.22843716 -0.03506292 0.40752192 1.40480479 -1.06490252 0.79630371
13 27 2.51507607 0.078930451633 0.33285538 0.25484727 -1.07059772 0.27385467 0.12503162 -2.03507954 0.93930986
13 28 0.00005817 0.081896677791 0.00000000 -0.00000069 0.00000035 -0.00000003 -0.00000017 0.00005505 0.00001877
13 29 0.00000867 0.081896677791 0.00000000 0.00000040 -0.00000003 0.00000015 -0.00000034 -0.00000139 0.00000854
13 30 0.00014153 0.082640470815 0.00000000 0.00000023 -0.00000052 0.00000014 -0.00000054 -0.00004027 0.00013568
13 31 0.00002488 0.082640470815 0.00000000 0.00000015 -0.00000025 -0.00000020 0.00000023 -0.00000493 0.00002438
13 32 0.00009900 0.082943631225 0.00000000 0.00000029 -0.00000016 -0.00000000 -0.00000024 -0.00003609 0.00009218
13 33 0.00011588 0.082943631225 0.00000000 0.00000040 -0.00000056 -0.00000006 -0.00000068 -0.00005599 0.00010145
13 34 0.00003764 0.083603307138 0.00000000 -0.00000110 -0.00000096 -0.00000103 0.00000064 -0.00002278 -0.00002991
13 35 0.00002429 0.083603307138 0.00000000 0.00000016 0.00000059 -0.00000080 0.00000002 -0.00002140 -0.00001145
13 36 0.00000931 0.083960641338 0.00000000 0.00000013 0.00000036 0.00000040 -0.00000115 -0.00000013 -0.00000922
13 37 0.00002051 0.083960641339 0.00000000 -0.00000131 0.00000147 -0.00000033 0.00000117 -0.00000462 0.00001984
13 38 0.00000522 0.084625692303 0.00000000 0.00000231 -0.00000177 -0.00000037 0.00000169 -0.00000103 -0.00000384
13 39 0.00000935 0.084625692304 0.00000000 0.00000047 0.00000039 0.00000150 0.00000161 -0.00000455 -0.00000784
13 40 0.09922635 0.085062900157 0.00055835 -0.03209507 -0.03499412 0.01634297 0.03301212 0.01628553 0.07725979
13 41 0.06652142 0.085062900162 0.00025094 0.03068568 0.03308206 -0.00718787 0.02696224 -0.04009005 -0.00179604
13 42 0.16076184 0.086893272949 0.00149713 -0.11817120 -0.00603439 -0.04656931 0.04050377 0.04845118 0.07541054
13 43 0.14357164 0.087209791978 0.00119843 0.03848324 0.09147776 0.04769317 0.04986972 0.07604527 -0.01480429
14 20 0.00000365 0.074741294642 0.00000000 -0.00000094 -0.00000082 0.00000063 -0.00000099 0.00000012 -0.00000323
14 21 0.00000792 0.074741294643 0.00000000 0.00000009 0.00000162 0.00000197 0.00000059 0.00000451 0.00000596
14 22 1.09464243 0.078092277974 0.06238230 0.35354171 -0.17854478 0.10797963 0.68495072 -0.15322590 -0.73285525
14 23 1.20386797 0.078092277974 0.07545266 0.70930460 0.18646054 0.11724495 -0.54915389 0.16080839 -0.75514359
14 24 2.81058019 0.078585184933 0.41384850 0.42144971 0.94585656 -0.32892486 -0.95941785 2.38855240 -0.30535193
14 25 1.90443633 0.078585184933 0.19001257 -0.53364780 0.84442076 0.99382749 0.65500512 1.00031927 -0.46009554
14 26 2.24800802 0.078759227885 0.26534194 -1.36334628 0.69249093 -0.48218972 -0.05458917 0.57291160 1.46682264
14 27 1.13780940 0.078759227885 0.06797500 0.13364766 -0.30246478 -0.96191595 -0.44615931 -0.24205824 0.04828025
14 28 0.00007148 0.081725454043 0.00000000 0.00000015 -0.00000007 -0.00000015 0.00000013 0.00003110 0.00006436
14 29 0.00007806 0.081725454043 0.00000000 0.00000008 0.00000012 -0.00000007 -0.00000009 -0.00000353 -0.00007798
14 30 0.00005439 0.082469247067 0.00000000 0.00000016 0.00000034 -0.00000038 -0.00000021 0.00005195 -0.00001611
14 31 0.00011726 0.082469247068 0.00000000 0.00000026 0.00000018 0.00000002 0.00000015 -0.00003397 -0.00011223
14 32 0.00005499 0.082772407477 0.00000000 -0.00000001 0.00000037 -0.00000006 -0.00000017 -0.00005394 -0.00001070
14 33 0.00005106 0.082772407477 0.00000000 0.00000049 0.00000003 -0.00000054 -0.00000023 0.00002063 0.00004670
14 34 0.00001733 0.083432083390 0.00000000 0.00000093 -0.00000020 -0.00000031 0.00000109 -0.00001001 -0.00001407
14 35 0.00001946 0.083432083390 0.00000000 -0.00000075 0.00000029 0.00000011 0.00000068 0.00000749 -0.00001792
14 36 0.00000521 0.083789417591 0.00000000 -0.00000062 -0.00000020 -0.00000075 -0.00000037 -0.00000346 0.00000375
14 37 0.00000548 0.083789417591 0.00000000 -0.00000035 -0.00000110 0.00000097 0.00000065 -0.00000219 0.00000475
14 38 0.00000442 0.084454468555 0.00000000 0.00000041 0.00000162 0.00000111 0.00000161 -0.00000069 -0.00000353
14 39 0.00000225 0.084454468556 0.00000000 -0.00000070 0.00000026 0.00000142 -0.00000008 -0.00000156 -0.00000023
14 40 0.05362362 0.084891676409 0.00016274 0.02902832 0.03261788 0.02744467 0.01380989 0.00299466 0.00400396
14 41 0.05843744 0.084891676414 0.00019327 -0.01341951 0.03030081 -0.04257227 0.02226203 -0.00187700 -0.00227895
14 42 0.10700562 0.086722049202 0.00066199 -0.07112803 -0.04520203 -0.00872165 0.03087204 -0.02857102 0.05002329
14 43 0.15038161 0.087038568230 0.00131223 0.07470933 -0.06634173 -0.08725174 -0.03220837 -0.03373459 -0.05332591
15 20 0.00000793 0.074741294642 0.00000000 0.00000063 0.00000147 -0.00000150 0.00000138 -0.00000138 0.00000736
15 21 0.00000367 0.074741294642 0.00000000 -0.00000049 0.00000120 0.00000097 0.00000061 0.00000154 0.00000284
15 22 1.20386797 0.078092277974 0.07545266 -0.72306484 -0.12271012 0.11970529 -0.54862283 0.16498585 -0.75424191
15 23 1.09464234 0.078092277974 0.06238229 0.24842044 0.30847560 0.38089063 -0.57943016 -0.44186801 0.60440683
15 24 1.90443635 0.078585184933 0.19001258 0.18132291 -0.98231787 1.17440806 0.19362470 0.42224478 1.01687559
15 25 2.81058023 0.078585184933 0.41384851 -0.95152779 0.40848431 0.89279003 -0.48124856 -1.54669649 -1.84557645
15 26 1.13780941 0.078759227885 0.06797500 0.32503685 0.06080849 -0.17596336 1.04564685 -0.17669790 0.17233985
15 27 2.24800807 0.078759227885 0.26534195 1.34208138 -0.73285365 0.22764328 -0.42856210 0.88581656 1.30196984
15 28 0.00007802 0.081725454043 0.00000000 -0.00000019 -0.00000000 0.00000012 0.00000002 0.00006773 -0.00003873
15 29 0.00007150 0.081725454043 0.00000000 0.00000005 0.00000018 0.00000002 -0.00000017 0.00007103 -0.00000819
15 30 0.00011727 0.082469247067 0.00000000 0.00000005 0.00000027 0.00000017 0.00000004 -0.00009371 -0.00007050
15 31 0.00005439 0.082469247067 0.00000000 -0.00000025 -0.00000025 0.00000008 0.00000046 0.00003303 -0.00004321
15 32 0.00005108 0.082772407477 0.00000000 0.00000004 0.00000049 -0.00000025 -0.00000048 0.00004874 0.00001527
15 33 0.00005499 0.082772407477 0.00000000 -0.00000034 0.00000008 0.00000018 0.00000017 0.00001679 0.00005236
15 34 0.00001963 0.083432083390 0.00000000 0.00000054 0.00000045 -0.00000023 0.00000076 -0.00000212 -0.00001949
15 35 0.00001752 0.083432083390 0.00000000 0.00000077 0.00000044 -0.00000007 -0.00000115 -0.00001358 0.00001098
15 36 0.00000564 0.083789417590 0.00000000 -0.00000052 0.00000107 0.00000103 -0.00000072 -0.00000217 -0.00000491
15 37 0.00000517 0.083789417591 0.00000000 0.00000065 -0.00000012 0.00000082 -0.00000030 0.00000318 0.00000393
15 38 0.00000177 0.084454468555 0.00000000 -0.00000055 -0.00000010 0.00000117 -0.00000021 -0.00000104 0.00000058
15 39 0.00000452 0.084454468556 0.00000000 -0.00000001 0.00000194 -0.00000094 0.00000190 -0.00000147 -0.00000316
15 40 0.05843731 0.084891676409 0.00019327 -0.02124298 -0.02543453 -0.04705670 -0.00967917 -0.00117644 0.00270865
15 41 0.05362453 0.084891676414 0.00016274 -0.01892570 0.03934970 -0.02258217 0.02083371 -0.00177694 0.00467474
15 42 0.09966515 0.086722049202 0.00057428 -0.03368407 -0.02420743 -0.08883517 0.01414675 0.00810605 -0.00741611
15 43 0.16838472 0.087038568230 0.00164523 0.03262311 -0.03930847 -0.04527611 -0.02613391 0.12109975 0.09135609
16 20 0.00000286 0.073294312372 0.00000000 0.00000006 0.00000001 0.00000012 -0.00000010 0.00000037 0.00000283
16 21 0.00000469 0.073294312372 0.00000000 -0.00000011 0.00000003 0.00000008 -0.00000014 0.00000440 0.00000162
16 22 2.81642705 0.076645295704 0.40531368 -0.12481150 -0.39614272 -1.65890321 0.82949940 -1.28185556 -1.63602310
16 23 3.07386549 0.076645295704 0.48279633 -0.90641511 -2.30867875 1.58920789 -0.66776189 -0.33519077 0.46176033
16 24 0.69884315 0.077138202663 0.02511526 -0.20117822 0.40894292 -0.27598045 0.34880123 -0.28320002 -0.05142954
16 25 0.93396995 0.077138202663 0.04485843 -0.38325926 0.53970340 -0.02428426 -0.57587385 0.20589185 0.24396840
16 26 0.71788941 0.077312245615 0.02656269 -0.28312268 -0.49364460 -0.06585661 0.13650649 -0.40330651 -0.07677564
16 27 1.08028458 0.077312245615 0.06014969 0.57034249 0.15283846 -0.06041293 0.83065441 -0.35133010 0.03599038
16 28 0.00000504 0.080278471773 0.00000000 0.00000004 -0.00000016 -0.00000014 0.00000000 0.00000253 -0.00000435
16 29 0.00000638 0.080278471773 0.00000000 0.00000001 -0.00000014 0.00000001 -0.00000017 0.00000065 -0.00000634
16 30 0.00000802 0.081022264797 0.00000000 -0.00000010 -0.00000001 -0.00000013 -0.00000049 -0.00000125 -0.00000791
16 31 0.00000449 0.081022264797 0.00000000 -0.00000001 0.00000004 0.00000024 -0.00000001 -0.00000234 -0.00000382
16 32 0.00000307 0.081325425207 0.00000000 -0.00000011 0.00000010 -0.00000021 -0.00000033 0.00000143 -0.00000268
16 33 0.00002055 0.081325425207 0.00000000 -0.00000004 -0.00000004 0.00000008 -0.00000026 -0.00001590 -0.00001301
16 34 0.00000650 0.081985101120 0.00000000 0.00000003 0.00000006 0.00000008 0.00000004 0.00000621 0.00000190
16 35 0.00000167 0.081985101120 0.00000000 0.00000014 -0.00000003 0.00000011 -0.00000006 0.00000024 -0.00000165
16 36 0.00000239 0.082342435320 0.00000000 0.00000003 0.00000015 0.00000000 0.00000004 0.00000232 -0.00000056
16 37 0.00000229 0.082342435320 0.00000000 0.00000012 -0.00000018 -0.00000010 -0.00000002 -0.00000189 -0.00000127
16 38 0.00000072 0.083007486285 0.00000000 -0.00000025 0.00000003 0.00000028 -0.00000009 -0.00000040 0.00000044
16 39 0.00000090 0.083007486286 0.00000000 0.00000005 0.00000045 0.00000042 -0.00000013 -0.00000018 -0.00000061
16 40 0.21543902 0.083444694139 0.00258200 -0.05968326 -0.14091911 0.04322901 0.08442485 -0.11432004 -0.03046814
16 41 0.25415594 0.083444694144 0.00359342 0.03056182 0.15549743 -0.13183642 0.14300941 -0.03421382 -0.02187795
16 42 0.16511681 0.085275066931 0.00154993 -0.11964521 0.00749536 -0.08366766 0.03466584 -0.04800818 -0.04884282
16 43 0.12359430 0.085591585960 0.00087164 -0.03647257 0.04830643 0.02225099 -0.01736992 -0.09689407 0.03776917
17 20 0.00000469 0.073294312372 0.00000000 -0.00000005 -0.00000008 -0.00000004 0.00000017 0.00000423 0.00000200
17 21 0.00000285 0.073294312372 0.00000000 -0.00000004 -0.00000005 -0.00000001 -0.00000014 -0.00000229 0.00000170
17 22 3.07386549 0.076645295704 0.48279633 -2.19250318 -1.15953250 -0.84172218 1.50432427 0.49642827 -0.28130844
17 23 2.81642705 0.076645295704 0.40531368 0.37965230 0.16843721 -1.01025373 1.55544737 1.48199670 1.45719286
17 24 0.93396994 0.077138202663 0.04485843 -0.65074602 0.12123126 0.51245637 0.26383496 -0.13497249 -0.28929995
17 25 0.69884316 0.077138202663 0.02511526 0.45561892 -0.01088084 0.43244299 -0.10402198 0.07223207 -0.27862122
17 26 1.08028458 0.077312245614 0.06014969 -0.59026082 -0.01556583 -0.17816488 0.81356854 0.32661212 0.13436023
17 27 0.71788939 0.077312245614 0.02656269 -0.41174901 0.39281826 -0.02434318 -0.14959453 -0.40849506 -0.04101731
17 28 0.00000639 0.080278471772 0.00000000 -0.00000010 -0.00000008 -0.00000015 -0.00000011 -0.00000530 -0.00000356
17 29 0.00000505 0.080278471772 0.00000000 0.00000015 0.00000006 -0.00000008 0.00000010 0.00000497 0.00000082
17 30 0.00000449 0.081022264797 0.00000000 -0.00000001 -0.00000010 0.00000026 0.00000003 -0.00000248 0.00000373
17 31 0.00000805 0.081022264797 0.00000000 0.00000009 -0.00000001 0.00000010 -0.00000047 0.00000155 -0.00000788
17 32 0.00002054 0.081325425206 0.00000000 -0.00000001 0.00000001 0.00000023 0.00000025 -0.00000908 0.00001842
17 33 0.00000311 0.081325425206 0.00000000 0.00000015 0.00000002 0.00000005 -0.00000038 -0.00000244 -0.00000189
17 34 0.00000168 0.081985101120 0.00000000 -0.00000010 0.00000004 0.00000006 0.00000019 -0.00000165 0.00000027
17 35 0.00000648 0.081985101120 0.00000000 -0.00000007 -0.00000007 0.00000006 -0.00000022 -0.00000207 -0.00000613
17 36 0.00000229 0.082342435320 0.00000000 0.00000010 -0.00000002 0.00000012 -0.00000017 0.00000157 0.00000165
17 37 0.00000238 0.082342435320 0.00000000 -0.00000017 -0.00000001 0.00000009 -0.00000013 -0.00000002 0.00000237
17 38 0.00000062 0.083007486284 0.00000000 0.00000012 0.00000016 -0.00000000 -0.00000002 0.00000055 -0.00000022
17 39 0.00000083 0.083007486286 0.00000000 0.00000023 0.00000039 0.00000036 -0.00000051 -0.00000011 -0.00000028
17 40 0.25415600 0.083444694139 0.00359342 -0.14610343 0.06137594 -0.04515036 0.18919369 0.03724343 0.01619173
17 41 0.21543866 0.083444694143 0.00258199 -0.15024923 0.02907411 0.09418363 -0.01121712 -0.08905795 -0.07788442
17 42 0.11555253 0.085275066931 0.00075908 -0.03054967 0.02810025 -0.07255237 0.02998655 0.07378303 0.00474407
17 43 0.14025128 0.085591585959 0.00112242 0.02198998 0.02607463 0.02937438 0.05401286 -0.11975146 0.01965508
18 20 3.67380438 0.070161294362 0.63130378 -1.41611110 -2.06845347 1.83044112 -1.38422174 -0.78285150 -1.15478449
18 21 3.60675123 0.070161294362 0.60846936 -0.94297529 -0.70888286 -0.66234824 1.40847238 2.79320839 1.18001035
18 22 0.00015367 0.073512277694 0.00000000 -0.00000011 -0.00000010 -0.00000004 -0.00000014 -0.00010234 -0.00011464
18 23 0.00017091 0.073512277694 0.00000000 0.00000003 0.00000004 0.00000001 -0.00000014 -0.00004975 -0.00016351
18 24 0.00002870 0.074005184653 0.00000000 -0.00000014 -0.00000009 -0.00000013 0.00000010 -0.00002288 0.00001733
18 25 0.00003495 0.074005184653 0.00000000 0.00000007 0.00000007 0.00000004 -0.00000034 -0.00000777 0.00003407
18 26 0.00007740 0.074179227605 0.00000000 0.00000016 0.00000019 0.00000006 0.00000023 -0.00005516 -0.00005429
18 27 0.00003366 0.074179227605 0.00000000 0.00000014 -0.00000006 0.00000008 -0.00000034 0.00001033 0.00003204
18 28 0.22296032 0.077145453763 0.00255667 -0.02456705 0.14281818 -0.11366643 0.08638474 0.07113135 0.05717238
18 29 0.18554344 0.077145453763 0.00177056 -0.05865452 0.09281039 0.06174913 -0.06825661 -0.04774033 -0.10780161
18 30 0.08996543 0.077889246787 0.00042028 0.05980453 0.00884676 0.01791382 0.06350697 -0.00913412 -0.00120735
18 31 0.10271816 0.077889246787 0.00054787 -0.05029041 0.01266943 0.02236616 -0.01127787 0.04426681 0.07262503
18 32 0.15858293 0.078192407197 0.00131095 0.06248268 0.01372638 -0.00643806 0.02531476 0.13021376 -0.05846484
18 33 0.11117330 0.078192407197 0.00064428 -0.01421388 0.02504627 0.02680042 0.06289002 -0.06672809 -0.04903159
18 34 0.09985975 0.078852083110 0.00052421 0.04062354 -0.00351782 0.07656707 0.04059401 -0.01582191 0.02342221
18 35 0.16348406 0.078852083110 0.00140499 0.13225315 -0.01925329 0.05561100 -0.07573419 0.00440542 0.00421818
18 36 0.05198380 0.079209417310 0.00014270 -0.00808420 0.04066844 0.02174826 0.02001632 -0.00836837 -0.00627449
18 37 0.02411039 0.079209417311 0.00003070 0.00480280 -0.01313816 0.00291266 -0.00635801 0.01154377 -0.01426417
18 38 0.08267154 0.079874468275 0.00036394 0.02817895 -0.00978423 -0.05658648 0.05220924 -0.00269787 0.00311218
18 39 0.10870729 0.079874468276 0.00062927 -0.06842575 -0.06493021 0.05108719 0.00656386 -0.01411977 0.00817965
18 40 0.00023745 0.080311676129 0.00000000 -0.00000055 -0.00000012 -0.00000011 0.00000011 -0.00018674 -0.00014666
18 41 0.00020115 0.080311676134 0.00000000 -0.00000025 0.00000162 -0.00000107 -0.00000016 0.00000291 0.00020112
18 42 0.00005025 0.082142048921 0.00000000 0.00000140 -0.00000982 0.00000250 -0.00000174 -0.00000340 -0.00004905
18 43 0.00000491 0.082458567950 0.00000000 -0.00000303 0.00000309 0.00000047 -0.00000177 -0.00000131 0.00000050
19 20 3.60675123 0.070161294362 0.60846936 0.78213262 0.88316808 -1.35089683 0.77303129 -1.39994015 -2.68972213
19 21 3.67380438 0.070161294362 0.63130378 -2.17523091 -1.24588960 -1.23316620 1.93542906 -1.21377664 -0.68784443
19 22 0.00017091 0.073512277694 0.00000000 -0.00000001 -0.00000004 0.00000009 0.00000009 0.00007708 0.00015254
19 23 0.00015367 0.073512277694 0.00000000 0.00000000 -0.00000016 -0.00000006 -0.00000012 -0.00000529 -0.00015358
19 24 0.00003496 0.074005184653 0.00000000 -0.00000003 0.00000010 -0.00000018 -0.00000029 0.00002162 0.00002747
19 25 0.00002870 0.074005184653 0.00000000 -0.00000009 0.00000014 -0.00000016 -0.00000004 -0.00002810 -0.00000587
19 26 0.00003366 0.074179227604 0.00000000 0.00000003 0.00000015 -0.00000024 0.00000026 0.00003239 -0.00000915
19 27 0.00007740 0.074179227604 0.00000000 -0.00000024 -0.00000003 -0.00000022 0.00000007 0.00007576 0.00001583
19 28 0.18554344 0.077145453762 0.00177056 -0.07452403 -0.08062440 0.07311114 0.05591672 -0.02738340 0.11467552
19 29 0.22296034 0.077145453762 0.00255667 0.05007819 0.13598807 0.12745626 0.06432169 -0.05957435 0.06913212
19 30 0.10271822 0.077889246787 0.00054787 0.02889321 0.04306772 -0.00907358 -0.02334754 -0.08149365 0.02434612
19 31 0.08996541 0.077889246787 0.00042028 0.05036116 0.03344542 0.05580898 -0.03520513 -0.00759555 -0.00521510
19 32 0.11117329 0.078192407196 0.00064428 0.00704624 0.02792314 -0.04255069 0.05350565 0.07735935 -0.02953412
19 33 0.15858293 0.078192407196 0.00131095 0.06388366 0.00337316 0.00052133 -0.02611543 0.10999286 0.09096884
19 34 0.16348408 0.078852083110 0.00140499 0.09645542 -0.09250908 0.09392111 0.00266271 -0.00062088 -0.00606749
19 35 0.09985981 0.078852083110 0.00052421 -0.02773738 0.02988796 -0.01502186 0.08535069 0.02820079 0.00190975
19 36 0.02411029 0.079209417310 0.00003070 -0.01387289 -0.00179365 -0.00698489 -0.00034586 -0.01797933 0.00366976
19 37 0.05198380 0.079209417310 0.00014270 -0.03981702 -0.01157031 -0.00773898 -0.02852640 0.00171105 0.01031854
19 38 0.10870746 0.079874468274 0.00062927 -0.06333157 -0.06990786 0.00538188 0.05122566 0.00850341 -0.01392748
19 39 0.08267189 0.079874468276 0.00036394 0.01043326 -0.02794588 -0.05350333 0.05536466 -0.00317361 0.00262541
19 40 0.00020108 0.080311676129 0.00000000 -0.00000026 -0.00000018 -0.00000014 0.00000077 0.00019979 0.00002277
19 41 0.00023743 0.080311676133 0.00000000 -0.00000013 -0.00000055 0.00000111 0.00000052 0.00012647 0.00020094
19 42 0.00002263 0.082142048921 0.00000000 0.00000581 -0.00000476 -0.00001171 -0.00000276 0.00000311 -0.00001735
19 43 0.00000713 0.082458567949 0.00000000 0.00000443 0.00000276 0.00000370 -0.00000067 0.00000193 -0.00000240
