692 
Cs -34.1398 34.0073 -5.90494
Cs -34.1827 23.3266 -16.7109
I -28.9155 23.3326 -11.5588
I -35.4144 28.461 -11.0748
I -29.132 17.5015 -18.0191
Cs -33.8031 23.1429 -5.57624
Cs -33.8119 23.1563 5.46632
Cs -34.1279 11.6089 -6.11174
Cs -34.1491 34.0215 5.76809
I -35.3375 17.3611 -11.7421
I -28.9336 23.3606 11.4561
I -35.432 28.4876 10.9493
I -35.202 17.9584 -0.0497716
I -28.2388 23.2527 -0.0506692
I -35.1782 28.8023 -0.0629203
I -28.7915 28.9251 -5.93673
I -28.8537 17.3826 5.86715
Cs -34.2093 23.367 16.5999
Cs -34.1408 11.6983 16.7889
I -35.3562 17.3895 11.6437
I -28.657 28.6135 17.9345
Cs -23.375 34.1585 -16.8
I -17.4558 35.3298 -11.6947
I -17.4449 29.1861 -18.0224
I -28.6284 28.5698 -18.0495
Cs -22.9505 34.1477 -5.9519
Cs -22.96 34.1621 5.83249
Cs -23.2043 23.1609 -6.10078
Pb -29.4094 29.3955 -12
Pb -29.1456 29.2441 -0.0586647
I -28.5761 35.4171 -11.1946
I -23.3359 28.9128 -11.6487
I -17.4743 35.3581 11.5811
I -29.3297 35.3708 -0.0662482
I -23.248 29.629 -0.0544449
I -16.9321 35.0673 -0.0560304
I -17.4478 28.7713 5.86148
I -28.8008 28.9395 5.82072
Cs -23.4016 34.1991 16.6798
Cs -23.1886 23.1664 16.7407
Pb -29.4283 29.4246 11.8819
I -28.5938 35.4441 11.0632
I -23.3544 28.941 11.5414
Cs -11.6539 33.6893 -5.59225
Cs -11.6878 34.2398 16.6361
Cs -34.233 -0.0190919 -16.6755
Cs -34.1139 11.6574 -16.8715
I -28.8952 -0.0130882 -11.5831
I -35.3266 5.89685 -11.7399
I -29.2212 -5.78744 -18.0175
Cs -33.6504 -0.00561249 -5.55761
Cs -33.6592 0.0078178 5.50413
Cs -34.1287 -11.6214 -6.08352
Cs -34.1375 11.6237 6.02929
I -35.3269 -5.92297 -11.7256
I -28.9136 0.0149836 11.5371
I -35.3451 5.92528 11.6694
I -35.0595 -5.13898 -0.0216147
I -27.7816 0.000910848 -0.0220739
I -35.0592 5.14129 -0.0340963
I -28.776 5.86314 -5.95948
I -28.7858 -5.86125 5.91373
Cs -34.2594 0.0213369 16.6211
Cs -34.1415 -11.6552 16.8173
I -35.3455 -5.89455 11.6838
I -29.2494 5.78937 17.9711
Cs -23.035 11.6584 -16.8704
Cs -23.162 23.1255 -16.8337
I -17.4302 11.6393 -11.656
I -23.3236 17.4551 -11.7596
I -17.4714 5.858 -18.0993
I -29.2208 5.74564 -18.0315
Cs -23.1068 11.6443 -6.19288
Cs -23.1165 11.6593 6.12787
Cs -23.1091 -0.0068427 -6.2785
Cs -23.214 23.1754 6.00765
Pb -29.2768 5.82008 -11.9393
Pb -29.2915 17.5004 -11.9329
Pb -28.9516 5.80656 -0.0300523
Pb -29.0797 17.3996 -0.0442291
I -28.8506 11.6498 -11.7128
I -23.3198 5.80069 -11.8635
I -17.4486 11.6676 11.6
I -23.3421 17.4835 11.6801
I -29.886 11.6013 -0.0378304
I -23.1038 7.23971 -0.0271459
I -15.8679 11.5543 -0.0266357
I -23.1658 16.1915 -0.0380648
I -28.8442 17.3683 -5.95519
I -17.4443 17.4703 -5.9917
I -17.4923 5.78757 5.94489
I -28.7853 5.87754 5.89948
Cs -23.0617 11.6993 16.8054
Cs -23.1172 0.0212481 16.8582
Pb -29.2957 5.84899 11.8786
Pb -29.3104 17.5293 11.8438
I -28.8692 11.6782 11.6387
I -23.3387 5.82945 11.8123
I -29.1606 17.5452 17.9303
I -17.4944 17.4827 18.0253
Cs -11.6445 23.0855 -16.885
Cs -11.6613 34.1991 -16.7377
I -5.83689 23.3122 -11.8502
I -11.6497 28.9003 -11.608
I -5.82215 17.4694 -18.0989
I -17.4657 17.4389 -18.0954
Cs -11.6146 23.1238 -6.26032
Cs -11.6245 23.1389 6.18568
Cs -11.591 11.5638 -6.3105
Cs -11.6628 33.7027 5.49191
Pb -17.48 17.4742 -12.0459
Pb -17.5027 29.283 -11.9413
Pb -17.2916 17.3132 -0.0347596
Pb -17.3976 28.9773 -0.0490063
I -17.4353 23.3213 -11.8167
I -11.6446 17.4244 -11.7002
I -5.85568 23.341 11.7842
I -11.6681 28.9285 11.5192
I -18.6568 23.1136 -0.0428874
I -11.5549 18.9472 -0.0321858
I -4.37614 23.1433 -0.0315773
I -11.5874 27.8442 -0.043014
I -17.4384 28.7571 -5.95905
I -5.75637 28.8157 -5.97517
I -5.82801 17.4924 5.93637
I -17.4537 17.4848 5.92153
Cs -11.6713 23.1263 16.8103
Cs -11.6302 11.6261 16.798
Pb -17.4991 17.5033 11.9756
Pb -17.5216 29.3117 11.8423
I -17.454 23.3498 11.7323
I -11.6631 17.4527 11.6394
I -17.4735 29.2297 17.9237
I -5.92254 29.2112 17.9745
Cs 0.0145679 34.0631 -16.9312
I 5.73984 35.3192 -11.8033
I 5.9245 29.167 -18.0454
I -5.89391 29.1674 -18.0548
Cs 0.00604146 34.1217 -6.19547
Cs -0.00373788 34.1366 6.11259
Cs 0.00570886 23.0745 -6.23243
Pb -5.81964 29.2696 -11.9594
Pb -5.77635 28.9992 -0.0397995
I -5.71875 35.3196 -11.8124
I 0.0102782 28.8176 -11.7481
I 5.72115 35.3479 11.7266
I -6.55457 35.1002 -0.0478252
I 0.00101289 30.0223 -0.0364528
I 6.55694 35.0996 -0.037409
I 5.75832 28.8297 5.90517
I -5.7658 28.8301 5.896
Cs -0.0122681 34.1041 16.8485
Cs -0.0126272 23.0344 16.8438
Pb -5.83859 29.2985 11.879
I -5.73746 35.3483 11.7175
I -0.0083337 28.8461 11.6781
Cs 11.665 33.6885 -5.57373
Cs 11.6636 34.239 16.6547
Cs -34.1844 -23.3648 -16.6542
Cs -34.1147 -11.696 -16.8432
I -28.917 -23.3587 -11.5021
I -35.3386 -17.3872 -11.6999
I -28.6303 -28.6116 -17.98
Cs -33.8048 -23.1541 -5.52004
Cs -33.8134 -23.1407 5.52252
Cs -34.1421 -34.0192 -5.82234
Cs -34.1383 -11.6067 6.05748
I -35.4163 -28.4854 -11.0056
I -28.9353 -23.3308 11.5128
I -35.3574 -17.3588 11.6859
I -35.1801 -28.8 0.00701845
I -28.2403 -23.2508 0.0057939
I -35.2033 -17.9561 -0.00616618
I -28.8454 -17.3807 -5.91299
I -28.8027 -28.9232 5.89098
Cs -34.2109 -23.3243 16.6565
I -35.4339 -28.4585 11.0185
I -29.1617 -17.4996 17.9728
Cs -23.0358 -11.6978 -16.842
Cs -23.0904 -0.0197344 -16.895
I -17.4309 -11.6664 -11.6277
I -23.3202 -5.82792 -11.8494
I -17.4669 -17.4816 -18.053
I -29.1332 -17.5432 -17.9766
Cs -23.1076 -11.6577 -6.16459
Cs -23.1174 -11.6428 6.15616
Cs -23.206 -23.1739 -6.04452
Cs -23.1191 0.00835826 6.24177
Pb -29.2927 -17.5274 -11.8903
Pb -29.2772 -5.84708 -11.9252
Pb -29.0808 -17.3977 -0.00198043
Pb -28.9519 -5.80467 -0.0159531
I -28.8514 -11.6763 -11.6845
I -23.3247 -17.482 -11.7172
I -17.4494 -11.6382 11.6282
I -23.3391 -5.79917 11.8264
I -29.8868 -11.5993 -0.00966028
I -23.1669 -16.19 0.00125289
I -15.8687 -11.5533 0.00142107
I -23.1042 -7.2382 -0.00956769
I -28.7764 -5.87565 -5.94521
I -17.4832 -5.78642 -5.97269
I -17.4549 -17.4692 5.96398
I -28.8548 -17.3664 5.90935
Cs -23.0624 -11.6569 16.8338
Cs -23.1902 -23.124 16.7969
Pb -29.3116 -17.4985 11.8863
Pb -29.2961 -5.81817 11.8928
I -28.8699 -11.6479 11.667
I -23.3432 -17.4536 11.7225
I -29.2498 -5.74373 17.9851
I -17.5005 -5.85685 18.0715
Cs -11.5742 -0.0200765 -16.8566
Cs -11.6035 11.5853 -16.8447
I -5.80023 -0.0140161 -11.7052
I -11.6405 5.7988 -11.6972
I -5.84249 -5.87877 -18.0638
I -17.4718 -5.90075 -18.085
Cs -11.5547 -0.00727545 -6.31278
Cs -11.5647 0.00803323 6.29442
Cs -11.5918 -11.5783 -6.2824
Cs -11.601 11.5791 6.26395
Pb -17.4703 -5.84141 -12.0404
Pb -17.4699 5.81333 -12.0546
Pb -17.3133 -5.74309 -0.00678223
Pb -17.3129 5.74422 -0.0207303
I -17.4285 -0.0136533 -11.729
I -11.6409 -5.82639 -11.6831
I -5.81883 0.0143978 11.696
I -11.6591 5.82716 11.6646
I -19.0018 0.00062361 -0.015097
I -11.5661 -4.19831 -0.00409126
I -4.19945 0.00013795 -0.00333726
I -11.5659 4.19907 -0.0142882
I -17.4828 5.77308 -5.98671
I -5.80624 5.80917 -5.96925
I -5.81611 -5.80879 5.96001
I -17.4927 -5.77194 5.95893
Cs -11.601 0.0208361 16.8382
Cs -11.631 -11.5845 16.8262
Pb -17.4894 -5.8122 12.0268
Pb -17.489 5.84256 12.0127
I -17.4471 0.0147966 11.7013
I -11.6595 -5.79802 11.6787
I -17.5001 5.9019 18.0572
I -5.8708 5.87917 18.0545
Cs 0.0137686 11.5782 -16.8507
Cs 0.0141805 22.9934 -16.8997
I 5.83019 11.635 -11.6895
I 0.00985115 17.4178 -11.6811
I 5.87119 5.83491 -18.0687
I -5.84209 5.83529 -18.078
Cs 0.00539139 11.5805 -6.30825
Cs -0.00460904 11.5958 6.28011
Cs 0.00500589 -0.00764961 -6.30095
Cs -0.00414984 23.0894 6.17638
Pb -5.81252 5.80809 -12.0463
Pb -5.81618 17.4626 -12.0551
Pb -5.77295 5.78553 -0.0116105
Pb -5.78939 17.3184 -0.0256266
I -5.81083 11.6354 -11.6988
I 0.0094921 5.80509 -11.7067
I 5.81163 11.6633 11.6705
I -0.00867574 17.4461 11.6388
I -7.40523 11.5731 -0.0199347
I 0.000249444 7.41372 -0.00900077
I 7.40601 11.5726 -0.0081674
I 0.000534793 15.8491 -0.0192431
I -5.81854 17.4779 -5.98809
I 5.8292 17.4775 -5.97883
I 5.80664 5.82327 5.95512
I -5.81571 5.82365 5.94589
Cs -0.0129843 11.6191 16.8225
Cs -0.0133906 0.0204639 16.8545
Pb -5.83164 5.83731 12.023
Pb -5.83531 17.4918 12.0034
I -5.82939 11.6637 11.6612
I -0.00909903 5.83349 11.6926
I -5.85086 17.5133 18.0471
I 5.82333 17.5129 18.0564
Cs 11.6728 23.0847 -16.8665
Cs 11.6902 34.1984 -16.7192
I 17.4556 23.3202 -11.7889
I 11.67 28.8996 -11.5894
I 17.4956 17.4377 -18.0677
I 5.85205 17.469 -18.0896
Cs 11.6261 23.1231 -6.24186
Cs 11.6162 23.1382 6.20414
Cs 11.6017 11.563 -6.29205
Cs 11.6562 33.702 5.51042
Pb 5.83648 17.4622 -12.0459
Pb 5.84056 29.2692 -11.9501
Pb 5.79056 17.318 -0.0164274
Pb 5.77831 28.9988 -0.0306192
I 5.85725 23.3119 -11.8409
I 11.6643 17.4236 -11.6817
I 17.4369 23.3487 11.76
I 11.6516 28.9278 11.5378
I 4.37768 23.1429 -0.0246213
I 11.5562 18.9464 -0.0138234
I 18.6583 23.1125 -0.0132394
I 11.5892 27.8434 -0.0246005
I 5.76775 28.8153 -5.966
I 17.4498 28.7558 -5.93134
I 17.4454 17.4836 5.94928
I 5.81972 17.492 5.94563
Cs 11.646 23.1255 16.8289
Cs 11.6042 11.6253 16.8165
Pb 5.81737 17.4914 12.0127
Pb 5.82162 29.2981 11.8883
I 5.83846 23.3406 11.7935
I 11.6458 17.452 11.6579
I 5.89587 29.2108 17.9839
I 17.4469 29.2286 17.9515
Cs 23.4039 34.157 -16.7628
I 28.5963 35.4152 -11.1492
I 28.659 28.5679 -18.0039
I 17.4755 29.1849 -17.9947
Cs 22.9623 34.1462 -5.91543
Cs 22.953 34.1606 5.86896
Cs 23.2157 23.1594 -6.06391
Pb 17.5236 29.2817 -11.9135
Pb 17.3995 28.9761 -0.0213596
I 17.4767 35.3286 -11.6669
I 23.3563 28.9113 -11.6116
I 28.5785 35.4422 11.1086
I 16.9345 35.0661 -0.0291226
I 23.2499 29.6275 -0.0175027
I 29.3322 35.3689 -0.0196399
I 28.7934 28.9376 5.86649
I 17.4404 28.7701 5.8892
Cs 23.3772 34.1976 16.717
Cs 23.1635 23.1648 16.7775
Pb 17.5047 29.3106 11.8702
I 17.4582 35.357 11.6089
I 23.3379 28.9395 11.5785
Cs 34.1513 34.0051 -5.85067
Cs -34.1513 -34.0051 5.85067
Cs -23.3772 -34.1976 -16.717
Cs -23.1635 -23.1648 -16.7775
I -17.4582 -35.357 -11.6089
I -23.3379 -28.9395 -11.5785
Cs -22.953 -34.1606 -5.86896
Cs -22.9623 -34.1462 5.91543
Cs -23.2157 -23.1594 6.06391
Pb -29.4113 -29.4225 -11.9286
Pb -29.1477 -29.2422 0.0123494
I -28.5785 -35.4422 -11.1086
I -17.4767 -35.3286 11.6669
I -23.3563 -28.9113 11.6116
I -29.3322 -35.3689 0.0196399
I -16.9345 -35.0661 0.0291226
I -23.2499 -29.6275 0.0175027
I -28.7934 -28.9376 -5.86649
I -17.4404 -28.7701 -5.8892
Cs -23.4039 -34.157 16.7628
Pb -29.4304 -29.3936 11.9533
I -28.5963 -35.4152 11.1492
I -28.659 -28.5679 18.0039
I -17.4755 -29.1849 17.9947
Cs -11.646 -23.1255 -16.8289
Cs -11.6042 -11.6253 -16.8165
I -5.83846 -23.3406 -11.7935
I -11.6458 -17.452 -11.6579
I -5.89587 -29.2108 -17.9839
I -17.4469 -29.2286 -17.9515
Cs -11.6162 -23.1382 -6.20414
Cs -11.6261 -23.1231 6.24186
Cs -11.6562 -33.702 -5.51042
Cs -11.6017 -11.563 6.29205
Pb -17.5047 -29.3106 -11.8702
Pb -17.4812 -17.5022 -12.0034
Pb -17.3995 -28.9761 0.0213596
Pb -17.2928 -17.3121 0.00728112
I -17.4369 -23.3487 -11.76
I -11.6516 -28.9278 -11.5378
I -5.85725 -23.3119 11.8409
I -11.6643 -17.4236 11.6817
I -18.6583 -23.1125 0.0132394
I -11.5892 -27.8434 0.0246005
I -4.37768 -23.1429 0.0246213
I -11.5562 -18.9464 0.0138234
I -17.4454 -17.4836 -5.94928
I -5.81972 -17.492 -5.94563
I -5.76775 -28.8153 5.966
I -17.4498 -28.7558 5.93134
Cs -11.6728 -23.0847 16.8665
Cs -11.6902 -34.1984 16.7192
Pb -17.5236 -29.2817 11.9135
Pb -17.5003 -17.473 12.0181
I -17.4556 -23.3202 11.7889
I -11.67 -28.8996 11.5894
I -17.4956 -17.4377 18.0677
I -5.85205 -17.469 18.0896
Cs 0.0129843 -11.6191 -16.8225
Cs 0.0133906 -0.0204639 -16.8545
I 5.82939 -11.6637 -11.6612
I 0.00909903 -5.83349 -11.6926
I 5.85086 -17.5133 -18.0471
I -5.82333 -17.5129 -18.0564
Cs 0.00460904 -11.5958 -6.28011
Cs -0.00539139 -11.5805 6.30825
Cs 0.00414984 -23.0894 -6.17638
Cs -0.00500589 0.00764961 6.30095
Pb -5.81737 -17.4914 -12.0127
Pb -5.81291 -5.83693 -12.0322
Pb -5.79056 -17.318 0.0164274
Pb -5.77332 -5.78515 0.00243775
I -5.81163 -11.6633 -11.6705
I 0.00867574 -17.4461 -11.6388
I 5.81083 -11.6354 11.6988
I -0.0094921 -5.80509 11.7067
I -7.40601 -11.5726 0.0081674
I -0.000534793 -15.8491 0.0192431
I 7.40523 -11.5731 0.0199347
I -0.000249444 -7.41372 0.00900077
I -5.80664 -5.82327 -5.95512
I 5.81571 -5.82365 -5.94589
I 5.81854 -17.4779 5.98809
I -5.8292 -17.4775 5.97883
Cs -0.0137686 -11.5782 16.8507
Cs -0.0141805 -22.9934 16.8997
Pb -5.83648 -17.4622 12.0459
Pb -5.83204 -5.80772 12.0371
I -5.83019 -11.635 11.6895
I -0.00985115 -17.4178 11.6811
I -5.87119 -5.83491 18.0687
I 5.84209 -5.83529 18.078
Cs 11.601 -0.0208361 -16.8382
Cs 11.631 11.5845 -16.8262
I 17.4471 -0.0147966 -11.7013
I 11.6595 5.79802 -11.6787
I 17.5001 -5.9019 -18.0572
I 5.8708 -5.87917 -18.0545
Cs 11.5647 -0.00803323 -6.29442
Cs 11.5547 0.00727545 6.31278
Cs 11.601 -11.5791 -6.26395
Cs 11.5918 11.5783 6.2824
Pb 5.83164 -5.83731 -12.023
Pb 5.83204 5.80772 -12.0371
Pb 5.77295 -5.78553 0.0116105
Pb 5.77332 5.78515 -0.00243775
I 5.81883 -0.0143978 -11.696
I 11.6591 -5.82716 -11.6646
I 17.4285 0.0136533 11.729
I 11.6409 5.82639 11.6831
I 4.19945 -0.00013795 0.00333726
I 11.5659 -4.19907 0.0142882
I 19.0018 -0.00062361 0.015097
I 11.5661 4.19831 0.00409126
I 5.81611 5.80879 -5.96001
I 17.4927 5.77194 -5.95893
I 17.4828 -5.77308 5.98671
I 5.80624 -5.80917 5.96925
Cs 11.5742 0.0200765 16.8566
Cs 11.6035 -11.5853 16.8447
Pb 5.81252 -5.80809 12.0463
Pb 5.81291 5.83693 12.0322
I 5.80023 0.0140161 11.7052
I 11.6405 -5.7988 11.6972
I 5.84249 5.87877 18.0638
I 17.4718 5.90075 18.085
Cs 23.0624 11.6569 -16.8338
Cs 23.1902 23.124 -16.7969
I 28.8699 11.6479 -11.667
I 23.3432 17.4536 -11.7225
I 29.2498 5.74373 -17.9851
I 17.5005 5.85685 -18.0715
Cs 23.1174 11.6428 -6.15616
Cs 23.1076 11.6577 6.16459
Cs 23.1191 -0.00835826 -6.24177
Cs 23.206 23.1739 6.04452
Pb 17.4894 5.8122 -12.0268
Pb 17.5003 17.473 -12.0181
Pb 17.3133 5.74309 0.00678223
Pb 17.2928 17.3121 -0.00728112
I 17.4494 11.6382 -11.6282
I 23.3391 5.79917 -11.8264
I 28.8514 11.6763 11.6845
I 23.3247 17.482 11.7172
I 15.8687 11.5533 -0.00142107
I 23.1042 7.2382 0.00956769
I 29.8868 11.5993 0.00966028
I 23.1669 16.19 -0.00125289
I 17.4549 17.4692 -5.96398
I 28.8548 17.3664 -5.90935
I 28.7764 5.87565 5.94521
I 17.4832 5.78642 5.97269
Cs 23.0358 11.6978 16.842
Cs 23.0904 0.0197344 16.895
Pb 17.4703 5.84141 12.0404
Pb 17.4812 17.5022 12.0034
I 17.4309 11.6664 11.6277
I 23.3202 5.82792 11.8494
I 17.4669 17.4816 18.053
I 29.1332 17.5432 17.9766
Cs 34.2109 23.3243 -16.6565
I 35.4339 28.4585 -11.0185
I 29.1617 17.4996 -17.9728
Cs 33.8134 23.1407 -5.52252
Cs 33.8048 23.1541 5.52004
Cs 34.1383 11.6067 -6.05748
Cs 34.1421 34.0192 5.82234
Pb 29.3116 17.4985 -11.8863
Pb 29.4304 29.3936 -11.9533
Pb 29.0808 17.3977 0.00198043
Pb 29.1477 29.2422 -0.0123494
I 28.9353 23.3308 -11.5128
I 35.3574 17.3588 -11.6859
I 35.4163 28.4854 11.0056
I 28.2403 23.2508 -0.0057939
I 35.2033 17.9561 0.00616618
I 35.1801 28.8 -0.00701845
I 28.8027 28.9232 -5.89098
I 28.8454 17.3807 5.91299
Cs 34.1844 23.3648 16.6542
Cs 34.1147 11.696 16.8432
Pb 29.2927 17.5274 11.8903
Pb 29.4113 29.4225 11.9286
I 28.917 23.3587 11.5021
I 35.3386 17.3872 11.6999
I 28.6303 28.6116 17.98
Cs -11.6636 -34.239 -16.6547
Cs -11.665 -33.6885 5.57373
Cs 0.0122681 -34.1041 -16.8485
Cs 0.0126272 -23.0344 -16.8438
I 5.73746 -35.3483 -11.7175
I 0.0083337 -28.8461 -11.6781
Cs 0.00373788 -34.1366 -6.11259
Cs -0.00604146 -34.1217 6.19547
Cs -0.00570886 -23.0745 6.23243
Pb -5.82162 -29.2981 -11.8883
Pb -5.77831 -28.9988 0.0306192
I -5.72115 -35.3479 -11.7266
I 5.71875 -35.3196 11.8124
I -0.0102782 -28.8176 11.7481
I -6.55694 -35.0996 0.037409
I 6.55457 -35.1002 0.0478252
I -0.00101289 -30.0223 0.0364528
I -5.75832 -28.8297 -5.90517
I 5.7658 -28.8301 -5.896
Cs -0.0145679 -34.0631 16.9312
Pb -5.84056 -29.2692 11.9501
I -5.73984 -35.3192 11.8033
I -5.9245 -29.167 18.0454
I 5.89391 -29.1674 18.0548
Cs 11.6713 -23.1263 -16.8103
Cs 11.6302 -11.6261 -16.798
I 17.454 -23.3498 -11.7323
I 11.6631 -17.4527 -11.6394
I 17.4735 -29.2297 -17.9237
I 5.92254 -29.2112 -17.9745
Cs 11.6245 -23.1389 -6.18568
Cs 11.6146 -23.1238 6.26032
Cs 11.6628 -33.7027 -5.49191
Cs 11.591 -11.5638 6.3105
Pb 5.83859 -29.2985 -11.879
Pb 5.83531 -17.4918 -12.0034
Pb 5.77635 -28.9992 0.0397995
Pb 5.78939 -17.3184 0.0256266
I 5.85568 -23.341 -11.7842
I 11.6681 -28.9285 -11.5192
I 17.4353 -23.3213 11.8167
I 11.6446 -17.4244 11.7002
I 4.37614 -23.1433 0.0315773
I 11.5874 -27.8442 0.043014
I 18.6568 -23.1136 0.0428874
I 11.5549 -18.9472 0.0321858
I 5.82801 -17.4924 -5.93637
I 17.4537 -17.4848 -5.92153
I 17.4384 -28.7571 5.95905
I 5.75637 -28.8157 5.97517
Cs 11.6445 -23.0855 16.885
Cs 11.6613 -34.1991 16.7377
Pb 5.81964 -29.2696 11.9594
Pb 5.81618 -17.4626 12.0551
I 5.83689 -23.3122 11.8502
I 11.6497 -28.9003 11.608
I 5.82215 -17.4694 18.0989
I 17.4657 -17.4389 18.0954
Cs 23.0617 -11.6993 -16.8054
Cs 23.1172 -0.0212481 -16.8582
I 28.8692 -11.6782 -11.6387
I 23.3387 -5.82945 -11.8123
I 29.1606 -17.5452 -17.9303
I 17.4944 -17.4827 -18.0253
Cs 23.1165 -11.6593 -6.12787
Cs 23.1068 -11.6443 6.19288
Cs 23.214 -23.1754 -6.00765
Cs 23.1091 0.0068427 6.2785
Pb 17.4991 -17.5033 -11.9756
Pb 17.489 -5.84256 -12.0127
Pb 17.2916 -17.3132 0.0347596
Pb 17.3129 -5.74422 0.0207303
I 17.4486 -11.6676 -11.6
I 23.3421 -17.4835 -11.6801
I 28.8506 -11.6498 11.7128
I 23.3198 -5.80069 11.8635
I 15.8679 -11.5543 0.0266357
I 23.1658 -16.1915 0.0380648
I 29.886 -11.6013 0.0378304
I 23.1038 -7.23971 0.0271459
I 17.4923 -5.78757 -5.94489
I 28.7853 -5.87754 -5.89948
I 28.8442 -17.3683 5.95519
I 17.4443 -17.4703 5.9917
Cs 23.035 -11.6584 16.8704
Cs 23.162 -23.1255 16.8337
Pb 17.48 -17.4742 12.0459
Pb 17.4699 -5.81333 12.0546
I 17.4302 -11.6393 11.656
I 23.3236 -17.4551 11.7596
I 17.4714 -5.858 18.0993
I 29.2208 -5.74564 18.0315
Cs 34.2594 -0.0213369 -16.6211
Cs 34.1415 11.6552 -16.8173
I 35.3455 5.89455 -11.6838
I 29.2494 -5.78937 -17.9711
Cs 33.6592 -0.0078178 -5.50413
Cs 33.6504 0.00561249 5.55761
Cs 34.1375 -11.6237 -6.02929
Cs 34.1287 11.6214 6.08352
Pb 29.2957 -5.84899 -11.8786
Pb 29.2961 5.81817 -11.8928
Pb 28.9516 -5.80656 0.0300523
Pb 28.9519 5.80467 0.0159531
I 28.9136 -0.0149836 -11.5371
I 35.3451 -5.92528 -11.6694
I 35.3269 5.92297 11.7256
I 27.7816 -0.000910848 0.0220739
I 35.0592 -5.14129 0.0340963
I 35.0595 5.13898 0.0216147
I 28.7858 5.86125 -5.91373
I 28.776 -5.86314 5.95948
Cs 34.233 0.0190919 16.6755
Cs 34.1139 -11.6574 16.8715
Pb 29.2768 -5.82008 11.9393
Pb 29.2772 5.84708 11.9252
I 28.8952 0.0130882 11.5831
I 35.3266 -5.89685 11.7399
I 29.2212 5.78744 18.0175
Cs 11.6878 -34.2398 -16.6361
Cs 11.6539 -33.6893 5.59225
Cs 23.4016 -34.1991 -16.6798
Cs 23.1886 -23.1664 -16.7407
I 28.5938 -35.4441 -11.0632
I 23.3544 -28.941 -11.5414
Cs 22.96 -34.1621 -5.83249
Cs 22.9505 -34.1477 5.9519
Cs 23.2043 -23.1609 6.10078
Pb 17.5216 -29.3117 -11.8423
Pb 17.3976 -28.9773 0.0490063
I 17.4743 -35.3581 -11.5811
I 28.5761 -35.4171 11.1946
I 23.3359 -28.9128 11.6487
I 16.9321 -35.0673 0.0560304
I 29.3297 -35.3708 0.0662482
I 23.248 -29.629 0.0544449
I 17.4478 -28.7713 -5.86148
I 28.8008 -28.9395 -5.82072
Cs 23.375 -34.1585 16.8
Pb 17.5027 -29.283 11.9413
I 17.4558 -35.3298 11.6947
I 17.4449 -29.1861 18.0224
I 28.6284 -28.5698 18.0495
Cs 34.2093 -23.367 -16.5999
Cs 34.1408 -11.6983 -16.7889
I 35.3562 -17.3895 -11.6437
I 28.657 -28.6135 -17.9345
Cs 33.8119 -23.1563 -5.46632
Cs 33.8031 -23.1429 5.57624
Cs 34.1491 -34.0215 -5.76809
Cs 34.1279 -11.6089 6.11174
Pb 29.4283 -29.4246 -11.8819
Pb 29.3104 -17.5293 -11.8438
Pb 29.1456 -29.2441 0.0586647
Pb 29.0797 -17.3996 0.0442291
I 28.9336 -23.3606 -11.4561
I 35.432 -28.4876 -10.9493
I 35.3375 -17.3611 11.7421
I 28.2388 -23.2527 0.0506692
I 35.1782 -28.8023 0.0629203
I 35.202 -17.9584 0.0497716
I 28.8537 -17.3826 -5.86715
I 28.7915 -28.9251 5.93673
Cs 34.1827 -23.3266 16.7109
Pb 29.4094 -29.3955 12
Pb 29.2915 -17.5004 11.9329
I 28.9155 -23.3326 11.5588
I 35.4144 -28.461 11.0748
I 29.132 -17.5015 18.0191
Cs 34.1398 -34.0073 5.90494
