0	-2.38869  	 (0.00000   )
1	-1.06042  	 (-0.00000  )
2	-0.85802  	 (-0.00000  )
3	-0.98693  	 (0.00000   )
4	-1.59353  	 (-0.00000  )
5	-1.42910  	 (0.00000   )
6	-1.34778  	 (0.00000   )
7	-0.68380  	 (0.00000   )
8	-0.81207  	 (0.00000   )
9	-0.50923  	 (0.00000   )
10	-1.26088  	 (-0.00000  )
11	-1.29762  	 (0.00000   )
12	-1.42661  	 (0.00000   )
13	-1.22510  	 (-0.00000  )
14	-1.27200  	 (-0.00000  )
15	-0.79236  	 (0.00000   )
16	-1.18350  	 (-0.00000  )
17	-0.82471  	 (0.00000   )
18	-0.27429  	 (-0.00000  )
19	-0.57468  	 (-0.00000  )
20	-1.35658  	 (0.00000   )
21	-0.95097  	 (-0.00000  )
22	-0.30760  	 (-0.00000  )
23	-0.99673  	 (-0.00000  )
24	-1.03976  	 (-0.00000  )
25	-1.95423  	 (0.00000   )
26	-0.99991  	 (0.00000   )
27	-1.15734  	 (0.00000   )
28	-0.93049  	 (0.00000   )
29	-1.15695  	 (0.00000   )
30	-0.25230  	 (0.00000   )
31	-1.01306  	 (-0.00000  )
32	-0.50713  	 (-0.00000  )
33	-0.82567  	 (-0.00000  )
34	-1.03457  	 (-0.00000  )
35	-0.42299  	 (-0.00000  )
36	-0.73219  	 (-0.00000  )
37	-0.53805  	 (-0.00000  )
38	-1.11280  	 (0.00000   )
39	-1.27665  	 (-0.00000  )
40	-0.31358  	 (-0.00000  )
41	-1.44828  	 (0.00000   )
42	-1.40981  	 (-0.00000  )
43	-1.10119  	 (-0.00000  )
44	-0.39528  	 (0.00000   )
45	-0.85439  	 (0.00000   )
46	-0.83331  	 (0.00000   )
47	-1.19891  	 (0.00000   )
48	-0.78605  	 (-0.00000  )
49	-1.27717  	 (0.00000   )
50	-1.15984  	 (0.00000   )
51	-1.17037  	 (-0.00000  )
52	-1.55856  	 (-0.00000  )
53	-1.16517  	 (-0.00000  )
54	-0.98532  	 (-0.00000  )
55	-1.76662  	 (-0.00000  )
56	-1.96966  	 (-0.00000  )
57	-0.91973  	 (0.00000   )
58	-1.71658  	 (-0.00000  )
59	-0.95900  	 (0.00000   )
60	-1.90715  	 (0.00000   )
61	-0.36055  	 (-0.00000  )
62	-0.86636  	 (-0.00000  )
63	-0.78625  	 (0.00000   )
64	-0.93078  	 (-0.00000  )
65	-0.67863  	 (-0.00000  )
66	-0.55520  	 (0.00000   )
67	-0.70228  	 (0.00000   )
68	-0.68873  	 (-0.00000  )
69	1.06731   	 (-0.00000  )
70	-0.72347  	 (-0.00000  )
71	-0.62128  	 (0.00000   )
72	-0.50129  	 (0.00000   )
73	-1.11036  	 (-0.00000  )
74	-0.49056  	 (-0.00000  )
75	-0.43663  	 (0.00000   )
76	-0.51816  	 (0.00000   )
77	-0.23269  	 (-0.00000  )
78	-0.41366  	 (0.00000   )
79	-1.00786  	 (0.00000   )
80	-1.36469  	 (0.00000   )
81	-1.47077  	 (0.00000   )
82	-1.00803  	 (0.00000   )
83	-1.05724  	 (0.00000   )
84	-0.71979  	 (0.00000   )
85	-0.86174  	 (0.00000   )
86	-0.27816  	 (0.00000   )
87	-0.61544  	 (0.00000   )
88	-0.53802  	 (0.00000   )
89	-0.15054  	 (-0.00000  )
90	-0.34242  	 (-0.00000  )
91	-0.34736  	 (0.00000   )
92	-0.40728  	 (0.00000   )
93	-0.26317  	 (0.00000   )
94	-0.52075  	 (-0.00000  )
95	-0.69016  	 (-0.00000  )
96	-1.18239  	 (-0.00000  )
97	-0.67249  	 (0.00000   )
98	0.18582   	 (-0.00000  )
99	-0.38279  	 (0.00000   )
100	0.12298   	 (0.00000   )
101	-0.22890  	 (-0.00000  )
102	-0.93012  	 (-0.00000  )
103	-0.55591  	 (-0.00000  )
104	-0.75678  	 (0.00000   )
105	-0.39360  	 (-0.00000  )
106	0.17265   	 (0.00000   )
107	-0.74726  	 (0.00000   )
108	0.07554   	 (-0.00000  )
109	0.29714   	 (-0.00000  )
110	-0.23803  	 (0.00000   )
111	-0.63354  	 (0.00000   )
112	0.06954   	 (0.00000   )
113	-0.67731  	 (0.00000   )
114	-0.86537  	 (0.00000   )
115	-0.32980  	 (-0.00000  )
116	-0.82282  	 (-0.00000  )
117	-0.07032  	 (0.00000   )
118	-0.65694  	 (-0.00000  )
119	-0.71954  	 (-0.00000  )
120	-1.22684  	 (0.00000   )
121	-0.06673  	 (-0.00000  )
122	-1.64981  	 (0.00000   )
123	-0.59248  	 (0.00000   )
124	-1.97130  	 (-0.00000  )
125	-1.39521  	 (-0.00000  )
126	-1.52322  	 (0.00000   )
127	-2.45630  	 (0.00000   )
128	-0.83066  	 (0.00000   )
129	-1.26386  	 (-0.00000  )
130	-0.98724  	 (-0.00000  )
131	-1.01484  	 (0.00000   )
132	-1.07533  	 (-0.00000  )
133	-0.67772  	 (-0.00000  )
134	-0.32782  	 (-0.00000  )
135	-0.44734  	 (-0.00000  )
136	-0.73505  	 (-0.00000  )
137	-0.56660  	 (-0.00000  )
138	-0.30662  	 (-0.00000  )
139	-0.50949  	 (-0.00000  )
140	-0.77325  	 (-0.00000  )
141	-0.74875  	 (-0.00000  )
142	-0.62418  	 (-0.00000  )
143	-0.13289  	 (-0.00000  )
144	-0.89795  	 (0.00000   )
145	-1.07011  	 (0.00000   )
146	-1.31897  	 (-0.00000  )
147	0.01482   	 (-0.00000  )
148	-1.46391  	 (-0.00000  )
149	-0.64843  	 (-0.00000  )
150	-0.60913  	 (-0.00000  )
151	-0.79549  	 (-0.00000  )
152	-0.90781  	 (0.00000   )
153	-0.67293  	 (0.00000   )
154	-0.84808  	 (0.00000   )
155	-0.09786  	 (0.00000   )
156	-0.10392  	 (-0.00000  )
157	-0.26803  	 (-0.00000  )
158	-0.85811  	 (0.00000   )
159	-1.29428  	 (0.00000   )
160	-1.07789  	 (0.00000   )
161	-1.34426  	 (0.00000   )
162	-1.07931  	 (-0.00000  )
163	-1.01357  	 (-0.00000  )
164	-0.74647  	 (-0.00000  )
165	-0.90713  	 (0.00000   )
166	-0.63034  	 (-0.00000  )
167	-0.24133  	 (-0.00000  )
168	-2.18487  	 (-0.00000  )
169	-1.76350  	 (-0.00000  )
170	-1.66047  	 (-0.00000  )
171	-1.39473  	 (-0.00000  )
172	-0.68567  	 (0.00000   )
173	0.13102   	 (0.00000   )
174	-0.55782  	 (0.00000   )
175	-0.27831  	 (0.00000   )
176	-0.70960  	 (0.00000   )
177	-0.97588  	 (0.00000   )
178	0.01924   	 (-0.00000  )
179	-0.66399  	 (0.00000   )
180	-1.30351  	 (-0.00000  )
181	-0.84362  	 (0.00000   )
182	-1.03821  	 (0.00000   )
183	-1.12050  	 (-0.00000  )
184	-1.00318  	 (0.00000   )
185	-0.95724  	 (-0.00000  )
186	-0.70451  	 (-0.00000  )
187	-1.25411  	 (0.00000   )
188	-1.20638  	 (0.00000   )
189	-0.95966  	 (-0.00000  )
190	-0.48296  	 (0.00000   )
191	0.16047   	 (0.00000   )
192	-0.64188  	 (-0.00000  )
193	-0.69508  	 (0.00000   )
194	-0.60700  	 (0.00000   )
195	-0.23180  	 (0.00000   )
196	-1.21950  	 (0.00000   )
197	-0.76514  	 (0.00000   )
198	-0.64452  	 (-0.00000  )
199	-0.85802  	 (-0.00000  )
200	-0.92579  	 (-0.00000  )
201	-0.75415  	 (-0.00000  )
202	-0.03528  	 (-0.00000  )
203	-0.32781  	 (0.00000   )
204	-0.56935  	 (-0.00000  )
205	-0.78207  	 (0.00000   )
206	-0.94882  	 (0.00000   )
207	-1.32679  	 (-0.00000  )
208	-0.07916  	 (0.00000   )
209	-1.33063  	 (0.00000   )
210	-0.55584  	 (0.00000   )
211	-1.15316  	 (0.00000   )
212	-0.16255  	 (0.00000   )
213	-1.36912  	 (-0.00000  )
214	-1.69547  	 (-0.00000  )
215	-0.38489  	 (0.00000   )
216	-0.89258  	 (0.00000   )
217	-0.50845  	 (0.00000   )
218	-0.38863  	 (0.00000   )
219	-0.82819  	 (0.00000   )
220	-0.42873  	 (0.00000   )
221	-0.68319  	 (-0.00000  )
222	-0.20250  	 (-0.00000  )
223	-0.38235  	 (0.00000   )
224	-0.46511  	 (-0.00000  )
225	-0.44764  	 (0.00000   )
226	-0.44349  	 (-0.00000  )
227	-0.26581  	 (0.00000   )
228	-0.23413  	 (0.00000   )
229	-0.35991  	 (-0.00000  )
230	-0.57475  	 (0.00000   )
231	-0.56096  	 (0.00000   )
232	-0.78191  	 (-0.00000  )
233	-0.57306  	 (0.00000   )
234	-0.91664  	 (0.00000   )
235	-1.54207  	 (-0.00000  )
236	-0.53012  	 (-0.00000  )
237	-0.63838  	 (0.00000   )
238	-0.43745  	 (-0.00000  )
239	-0.60051  	 (-0.00000  )
240	-0.25981  	 (-0.00000  )
241	-0.53964  	 (-0.00000  )
242	-0.61141  	 (-0.00000  )
243	-0.17702  	 (0.00000   )
244	-0.10631  	 (-0.00000  )
245	-0.15740  	 (0.00000   )
246	-0.05206  	 (0.00000   )
247	-0.70385  	 (-0.00000  )
248	-0.35079  	 (-0.00000  )
249	0.09394   	 (-0.00000  )
250	-0.58743  	 (-0.00000  )
251	-0.29154  	 (0.00000   )
252	-0.29573  	 (0.00000   )
253	-0.20255  	 (0.00000   )
254	-0.93452  	 (-0.00000  )
255	-1.27812  	 (0.00000   )
256	0.03927   	 (-0.00000  )
257	-2.00233  	 (-0.00000  )
258	-2.22563  	 (0.00000   )
259	-1.55067  	 (-0.00000  )
260	-0.87720  	 (0.00000   )
261	-1.02476  	 (0.00000   )
262	-1.10179  	 (0.00000   )
263	-0.46162  	 (0.00000   )
264	-1.49746  	 (-0.00000  )
265	0.59561   	 (0.00000   )
266	-1.17736  	 (0.00000   )
267	-0.81147  	 (0.00000   )
268	-0.44277  	 (0.00000   )
269	0.25791   	 (0.00000   )
270	-0.52319  	 (-0.00000  )
271	-0.63851  	 (-0.00000  )
272	-0.11931  	 (0.00000   )
273	-0.46545  	 (0.00000   )
274	0.33040   	 (0.00000   )
275	0.03248   	 (0.00000   )
276	0.04603   	 (0.00000   )
277	-0.01069  	 (-0.00000  )
278	0.05415   	 (0.00000   )
279	-1.03121  	 (0.00000   )
280	-0.40413  	 (-0.00000  )
281	-0.97288  	 (0.00000   )
282	0.14816   	 (-0.00000  )
283	-0.46504  	 (-0.00000  )
284	-0.33860  	 (0.00000   )
285	-0.82496  	 (0.00000   )
286	0.34514   	 (-0.00000  )
287	-0.22825  	 (0.00000   )
288	-0.24328  	 (-0.00000  )
289	-0.09377  	 (-0.00000  )
290	0.15387   	 (0.00000   )
291	-0.75739  	 (-0.00000  )
292	-0.41331  	 (-0.00000  )
293	0.28557   	 (-0.00000  )
294	0.08416   	 (0.00000   )
295	-0.32892  	 (0.00000   )
296	-0.40032  	 (0.00000   )
297	-1.02674  	 (-0.00000  )
298	-0.32741  	 (-0.00000  )
299	-1.74991  	 (-0.00000  )
300	0.02672   	 (0.00000   )
301	-1.16034  	 (0.00000   )
302	-1.49704  	 (-0.00000  )
303	-1.56217  	 (0.00000   )
304	-1.54775  	 (0.00000   )
305	0.55442   	 (-0.00000  )
306	-0.08692  	 (0.00000   )
307	-0.65839  	 (-0.00000  )
308	-0.57599  	 (-0.00000  )
309	-0.19751  	 (0.00000   )
310	-0.83002  	 (0.00000   )
311	-0.85958  	 (-0.00000  )
312	-0.68683  	 (-0.00000  )
313	-0.56324  	 (0.00000   )
314	0.26202   	 (-0.00000  )
315	-0.20151  	 (-0.00000  )
316	0.23971   	 (0.00000   )
317	0.49781   	 (0.00000   )
318	-1.02529  	 (0.00000   )
319	-0.33032  	 (0.00000   )
320	-0.11921  	 (0.00000   )
321	-0.67641  	 (-0.00000  )
322	-0.27986  	 (-0.00000  )
323	0.45659   	 (-0.00000  )
324	0.00901   	 (0.00000   )
325	0.37444   	 (0.00000   )
326	-1.14409  	 (0.00000   )
327	-0.60361  	 (0.00000   )
328	-0.61447  	 (0.00000   )
329	1.21536   	 (-0.00000  )
330	-0.50209  	 (-0.00000  )
331	0.73996   	 (-0.00000  )
332	-0.96037  	 (0.00000   )
333	-0.34089  	 (0.00000   )
334	-0.78286  	 (-0.00000  )
335	1.28438   	 (-0.00000  )
336	0.47303   	 (-0.00000  )
337	-0.18457  	 (-0.00000  )
338	-0.03697  	 (-0.00000  )
339	0.11227   	 (-0.00000  )
340	-0.04376  	 (0.00000   )
341	-0.26921  	 (-0.00000  )
342	-0.16719  	 (-0.00000  )
343	-1.07957  	 (-0.00000  )
344	-0.37072  	 (-0.00000  )
345	-1.22066  	 (0.00000   )
346	-1.33561  	 (0.00000   )
347	-0.66478  	 (0.00000   )
348	-0.47676  	 (0.00000   )
349	0.46823   	 (-0.00000  )
350	1.17758   	 (-0.00000  )
351	0.12466   	 (-0.00000  )
352	0.04127   	 (0.00000   )
353	-1.91241  	 (-0.00000  )
354	-0.66487  	 (-0.00000  )
355	-1.89074  	 (0.00000   )
356	-2.23439  	 (-0.00000  )
357	-1.88163  	 (-0.00000  )
358	-0.71770  	 (-0.00000  )
359	-0.41641  	 (-0.00000  )
360	-0.64419  	 (-0.00000  )
361	-0.23700  	 (-0.00000  )
362	-0.56109  	 (-0.00000  )
363	-0.70160  	 (-0.00000  )
364	-0.45766  	 (-0.00000  )
365	-0.58898  	 (-0.00000  )
366	-0.43100  	 (-0.00000  )
367	-1.02607  	 (-0.00000  )
368	-0.20039  	 (0.00000   )
369	-0.64732  	 (0.00000   )
370	-0.79562  	 (0.00000   )
371	-0.81835  	 (-0.00000  )
372	-0.49913  	 (0.00000   )
373	-0.17640  	 (0.00000   )
374	-0.49903  	 (-0.00000  )
375	-1.08470  	 (-0.00000  )
376	-0.31984  	 (0.00000   )
377	-0.56666  	 (0.00000   )
378	-0.49996  	 (-0.00000  )
379	-0.32533  	 (0.00000   )
380	-1.60896  	 (-0.00000  )
381	0.05501   	 (0.00000   )
382	-0.72929  	 (-0.00000  )
383	-0.30798  	 (0.00000   )
384	-0.75499  	 (0.00000   )
385	-0.90785  	 (-0.00000  )
386	-0.34912  	 (-0.00000  )
387	-0.67695  	 (-0.00000  )
388	-0.62781  	 (-0.00000  )
389	-1.18712  	 (0.00000   )
390	-1.15960  	 (0.00000   )
391	-0.73915  	 (0.00000   )
392	-0.71612  	 (-0.00000  )
393	-0.65004  	 (0.00000   )
394	-0.70995  	 (0.00000   )
395	-0.63169  	 (0.00000   )
396	1.23901   	 (0.00000   )
397	-0.41829  	 (-0.00000  )
398	-1.41856  	 (0.00000   )
399	0.95155   	 (-0.00000  )
400	1.47996   	 (0.00000   )
401	-0.84272  	 (0.00000   )
402	-0.25048  	 (0.00000   )
403	1.19766   	 (-0.00000  )
404	1.43048   	 (-0.00000  )
405	1.05130   	 (0.00000   )
406	1.36553   	 (-0.00000  )
407	-0.82279  	 (0.00000   )
408	-0.50968  	 (-0.00000  )
409	-0.56731  	 (-0.00000  )
410	-0.39358  	 (-0.00000  )
411	-0.81106  	 (0.00000   )
412	1.23244   	 (0.00000   )
413	-0.75441  	 (-0.00000  )
414	-0.26742  	 (-0.00000  )
415	-0.47274  	 (0.00000   )
416	-0.90012  	 (0.00000   )
417	-0.38467  	 (-0.00000  )
418	-0.66188  	 (0.00000   )
419	-0.64930  	 (-0.00000  )
420	-0.57824  	 (-0.00000  )
421	-0.69717  	 (-0.00000  )
422	-0.88545  	 (0.00000   )
423	-0.78153  	 (-0.00000  )
424	-0.60999  	 (-0.00000  )
425	-0.84780  	 (0.00000   )
426	-0.76672  	 (-0.00000  )
427	-0.92908  	 (0.00000   )
428	-0.76607  	 (-0.00000  )
429	-0.88503  	 (0.00000   )
430	-0.88170  	 (-0.00000  )
431	-0.76799  	 (0.00000   )
432	-0.99150  	 (-0.00000  )
433	-0.36433  	 (-0.00000  )
434	-0.23376  	 (0.00000   )
435	-0.95270  	 (0.00000   )
436	-1.09667  	 (-0.00000  )
437	-0.62624  	 (-0.00000  )
438	-0.65212  	 (-0.00000  )
439	-0.17565  	 (0.00000   )
440	0.22898   	 (0.00000   )
441	0.44192   	 (0.00000   )
442	0.88925   	 (-0.00000  )
443	-0.73482  	 (0.00000   )
444	-1.56715  	 (-0.00000  )
445	-1.09817  	 (-0.00000  )
446	-0.34065  	 (0.00000   )
447	-0.94416  	 (-0.00000  )
448	-1.15538  	 (-0.00000  )
449	-0.29317  	 (0.00000   )
450	-0.89303  	 (-0.00000  )
451	-0.10816  	 (-0.00000  )
452	0.18892   	 (0.00000   )
453	-0.73875  	 (-0.00000  )
454	-0.28961  	 (-0.00000  )
455	-0.48899  	 (0.00000   )
456	-0.50113  	 (-0.00000  )
457	-1.01499  	 (-0.00000  )
458	-0.81794  	 (-0.00000  )
459	-1.02052  	 (-0.00000  )
460	-0.60310  	 (-0.00000  )
461	0.16919   	 (0.00000   )
462	-0.40671  	 (0.00000   )
463	-0.09324  	 (-0.00000  )
464	-0.15308  	 (0.00000   )
465	-0.90170  	 (-0.00000  )
466	0.13005   	 (0.00000   )
467	-0.13293  	 (0.00000   )
468	-0.54984  	 (0.00000   )
469	-0.61332  	 (-0.00000  )
470	-0.76378  	 (-0.00000  )
471	-0.34292  	 (0.00000   )
472	-0.64256  	 (-0.00000  )
473	-0.28703  	 (-0.00000  )
474	-0.18715  	 (-0.00000  )
475	-0.08775  	 (0.00000   )
476	-0.43542  	 (-0.00000  )
477	-0.09057  	 (0.00000   )
478	-0.72667  	 (-0.00000  )
479	-0.29815  	 (-0.00000  )
480	-0.14310  	 (0.00000   )
481	-0.46474  	 (-0.00000  )
482	-0.29919  	 (-0.00000  )
483	-0.27009  	 (0.00000   )
484	-0.10087  	 (0.00000   )
485	-0.49190  	 (-0.00000  )
486	-0.59157  	 (0.00000   )
487	-0.75048  	 (0.00000   )
488	-0.37111  	 (-0.00000  )
489	-1.43211  	 (0.00000   )
490	-0.49468  	 (0.00000   )
491	-0.31406  	 (-0.00000  )
492	-0.30245  	 (0.00000   )
493	-0.13270  	 (-0.00000  )
494	0.38852   	 (0.00000   )
495	-0.34021  	 (0.00000   )
496	-0.22246  	 (0.00000   )
497	-0.70201  	 (-0.00000  )
498	-0.86442  	 (0.00000   )
499	-0.73037  	 (-0.00000  )
500	-0.95455  	 (0.00000   )
501	-0.97714  	 (-0.00000  )
502	-0.58409  	 (-0.00000  )
503	-1.07764  	 (-0.00000  )
504	-0.76060  	 (-0.00000  )
505	-0.94917  	 (0.00000   )
506	-0.84656  	 (-0.00000  )
507	0.16186   	 (0.00000   )
508	-0.18023  	 (0.00000   )
509	-0.42006  	 (0.00000   )
510	0.26784   	 (-0.00000  )
511	-0.25909  	 (0.00000   )
512	-0.80925  	 (0.00000   )
513	-1.12727  	 (0.00000   )
514	0.08721   	 (-0.00000  )
515	-0.60722  	 (0.00000   )
516	-0.60108  	 (0.00000   )
517	-0.47678  	 (-0.00000  )
518	-0.67313  	 (-0.00000  )
519	-0.19847  	 (0.00000   )
520	-0.27562  	 (-0.00000  )
521	-0.94230  	 (0.00000   )
522	-0.05004  	 (0.00000   )
523	-1.05547  	 (0.00000   )
524	-1.00848  	 (0.00000   )
525	-1.27928  	 (-0.00000  )
526	-0.34742  	 (0.00000   )
527	-0.83323  	 (-0.00000  )
528	-0.78076  	 (-0.00000  )
529	-0.71426  	 (0.00000   )
530	-0.30769  	 (-0.00000  )
531	0.08916   	 (-0.00000  )
532	-0.07750  	 (-0.00000  )
533	-0.43503  	 (-0.00000  )
534	-0.35364  	 (0.00000   )
535	-0.21646  	 (-0.00000  )
536	-0.32852  	 (-0.00000  )
537	-0.20100  	 (-0.00000  )
538	0.06716   	 (-0.00000  )
539	-0.35097  	 (0.00000   )
540	-0.94502  	 (-0.00000  )
541	-0.08557  	 (-0.00000  )
542	-0.72887  	 (0.00000   )
543	-0.29339  	 (0.00000   )
544	-0.13404  	 (0.00000   )
545	-0.07625  	 (0.00000   )
546	0.00544   	 (-0.00000  )
547	-0.48626  	 (0.00000   )
548	0.31149   	 (0.00000   )
549	0.08032   	 (-0.00000  )
550	-0.23951  	 (-0.00000  )
551	-0.50347  	 (-0.00000  )
552	-0.17160  	 (0.00000   )
553	0.12431   	 (0.00000   )
554	-0.62620  	 (-0.00000  )
555	-0.48466  	 (0.00000   )
556	-0.74581  	 (-0.00000  )
557	-1.07813  	 (-0.00000  )
558	-0.48405  	 (-0.00000  )
559	-0.06349  	 (-0.00000  )
560	-0.33436  	 (0.00000   )
561	-1.48881  	 (-0.00000  )
562	-1.31248  	 (-0.00000  )
563	-0.05430  	 (0.00000   )
564	-0.35494  	 (0.00000   )
565	-0.58394  	 (-0.00000  )
566	-1.20649  	 (0.00000   )
567	-0.70698  	 (0.00000   )
568	-0.69458  	 (0.00000   )
569	-0.55330  	 (-0.00000  )
570	-0.73559  	 (-0.00000  )
571	-0.69248  	 (-0.00000  )
572	-1.60002  	 (-0.00000  )
573	-0.56711  	 (-0.00000  )
574	0.06617   	 (0.00000   )
575	-0.46980  	 (-0.00000  )
576	-0.27667  	 (-0.00000  )
577	-0.53701  	 (0.00000   )
578	-0.05446  	 (-0.00000  )
579	-0.54146  	 (-0.00000  )
580	-0.52414  	 (0.00000   )
581	-0.35454  	 (-0.00000  )
582	-2.16239  	 (-0.00000  )
583	-1.06579  	 (0.00000   )
584	-0.70025  	 (0.00000   )
585	-0.17691  	 (0.00000   )
586	-1.50723  	 (0.00000   )
587	-1.05166  	 (0.00000   )
588	-1.19084  	 (0.00000   )
589	-0.46698  	 (0.00000   )
590	-0.24187  	 (0.00000   )
591	-0.40021  	 (0.00000   )
592	0.19464   	 (-0.00000  )
593	-0.48847  	 (0.00000   )
594	-0.41213  	 (-0.00000  )
595	-1.74995  	 (-0.00000  )
596	-0.24887  	 (-0.00000  )
597	-0.24859  	 (0.00000   )
598	-0.52503  	 (-0.00000  )
599	-1.19599  	 (0.00000   )
600	-0.09495  	 (0.00000   )
601	-0.43233  	 (-0.00000  )
602	-0.26769  	 (0.00000   )
603	-1.85875  	 (-0.00000  )
604	-0.28010  	 (0.00000   )
605	-0.58679  	 (-0.00000  )
606	-0.76363  	 (0.00000   )
607	-1.44399  	 (-0.00000  )
608	-1.41425  	 (0.00000   )
609	-0.70538  	 (-0.00000  )
610	-0.13896  	 (0.00000   )
611	-0.57028  	 (0.00000   )
612	0.12305   	 (0.00000   )
613	0.56683   	 (-0.00000  )
614	0.26962   	 (-0.00000  )
615	-0.23700  	 (-0.00000  )
616	0.18475   	 (0.00000   )
617	-0.06382  	 (0.00000   )
618	0.21256   	 (-0.00000  )
619	-0.36297  	 (-0.00000  )
620	-0.70707  	 (-0.00000  )
621	-0.57897  	 (-0.00000  )
622	0.35211   	 (0.00000   )
623	-0.06990  	 (0.00000   )
624	0.02341   	 (0.00000   )
625	-0.11525  	 (0.00000   )
626	-0.65637  	 (0.00000   )
627	-0.28178  	 (0.00000   )
628	-0.07477  	 (0.00000   )
629	0.22502   	 (0.00000   )
630	-0.19074  	 (-0.00000  )
631	-0.04909  	 (-0.00000  )
632	0.16937   	 (0.00000   )
633	-0.04777  	 (0.00000   )
634	-0.41220  	 (-0.00000  )
635	-0.23745  	 (-0.00000  )
636	-0.25381  	 (0.00000   )
637	-0.23006  	 (-0.00000  )
638	-0.02165  	 (-0.00000  )
639	0.10854   	 (-0.00000  )
640	-0.17250  	 (0.00000   )
641	-0.28323  	 (0.00000   )
642	-0.09290  	 (-0.00000  )
643	-0.31340  	 (-0.00000  )
644	-0.22887  	 (-0.00000  )
645	-0.90215  	 (-0.00000  )
646	0.00267   	 (-0.00000  )
647	0.14831   	 (-0.00000  )
648	0.59076   	 (0.00000   )
649	-0.07398  	 (-0.00000  )
650	-0.10701  	 (0.00000   )
651	-0.33092  	 (-0.00000  )
652	0.34910   	 (0.00000   )
653	0.19686   	 (0.00000   )
654	-0.37511  	 (-0.00000  )
655	0.01527   	 (0.00000   )
656	-0.62141  	 (0.00000   )
657	0.04487   	 (0.00000   )
658	0.33823   	 (0.00000   )
659	-0.15560  	 (0.00000   )
660	0.00459   	 (0.00000   )
661	-0.24656  	 (0.00000   )
662	-0.28822  	 (-0.00000  )
663	-0.42898  	 (0.00000   )
664	-0.35313  	 (-0.00000  )
665	-0.09455  	 (0.00000   )
666	-0.28177  	 (-0.00000  )
667	-0.20049  	 (0.00000   )
668	0.12770   	 (-0.00000  )
669	-0.89219  	 (0.00000   )
670	-0.02162  	 (0.00000   )
671	-0.22739  	 (-0.00000  )
672	0.58363   	 (-0.00000  )
673	0.53033   	 (-0.00000  )
674	-0.93705  	 (0.00000   )
675	0.50372   	 (-0.00000  )
676	0.81545   	 (0.00000   )
677	0.27325   	 (0.00000   )
678	-0.19163  	 (-0.00000  )
679	0.07496   	 (-0.00000  )
680	-0.35167  	 (-0.00000  )
681	-0.37784  	 (-0.00000  )
682	0.12593   	 (-0.00000  )
683	-0.26320  	 (-0.00000  )
684	0.05442   	 (0.00000   )
685	-0.37396  	 (0.00000   )
686	0.39715   	 (0.00000   )
687	-0.09001  	 (-0.00000  )
688	-0.00841  	 (0.00000   )
689	-0.05550  	 (-0.00000  )
690	0.10249   	 (-0.00000  )
691	0.03700   	 (0.00000   )
692	0.32382   	 (-0.00000  )
693	0.02050   	 (-0.00000  )
694	0.03576   	 (0.00000   )
695	-0.38190  	 (-0.00000  )
696	0.41225   	 (0.00000   )
697	0.06664   	 (0.00000   )
698	0.30068   	 (0.00000   )
699	0.67558   	 (0.00000   )
700	0.48240   	 (-0.00000  )
701	1.09816   	 (0.00000   )
702	0.35845   	 (0.00000   )
703	-0.07131  	 (0.00000   )
704	-0.01468  	 (0.00000   )
705	0.10982   	 (0.00000   )
706	0.23697   	 (0.00000   )
707	0.41047   	 (0.00000   )
708	0.35772   	 (0.00000   )
709	0.21495   	 (0.00000   )
710	0.70158   	 (0.00000   )
711	0.47750   	 (0.00000   )
712	-0.10145  	 (0.00000   )
713	-0.85866  	 (0.00000   )
714	-0.14977  	 (0.00000   )
715	-1.93174  	 (-0.00000  )
716	-0.73490  	 (-0.00000  )
717	-0.74704  	 (-0.00000  )
718	-0.79318  	 (0.00000   )
719	-1.25265  	 (0.00000   )
720	-0.04651  	 (0.00000   )
721	-0.50035  	 (-0.00000  )
722	-0.51869  	 (0.00000   )
723	-0.78602  	 (0.00000   )
724	-1.03680  	 (0.00000   )
725	-0.63002  	 (-0.00000  )
726	-1.49002  	 (0.00000   )
727	-0.28731  	 (0.00000   )
728	0.00595   	 (0.00000   )
729	-0.79950  	 (0.00000   )
730	0.22793   	 (-0.00000  )
731	-0.02356  	 (0.00000   )
732	0.17456   	 (0.00000   )
733	0.13715   	 (0.00000   )
734	0.00271   	 (-0.00000  )
735	0.36487   	 (-0.00000  )
736	-0.04266  	 (-0.00000  )
737	-0.14199  	 (0.00000   )
738	0.25329   	 (0.00000   )
739	0.20113   	 (-0.00000  )
740	0.68080   	 (0.00000   )
741	-0.99491  	 (-0.00000  )
742	-0.09460  	 (-0.00000  )
743	-0.17636  	 (-0.00000  )
744	-0.43229  	 (-0.00000  )
745	-0.26548  	 (-0.00000  )
746	-0.63555  	 (-0.00000  )
747	-0.77979  	 (-0.00000  )
748	-0.57304  	 (0.00000   )
749	-0.29765  	 (0.00000   )
750	0.26747   	 (-0.00000  )
751	0.63796   	 (-0.00000  )
752	-0.18900  	 (0.00000   )
753	-0.40669  	 (0.00000   )
754	-0.24871  	 (-0.00000  )
755	0.54470   	 (-0.00000  )
756	-0.12840  	 (-0.00000  )
757	-0.04755  	 (0.00000   )
758	-0.82292  	 (0.00000   )
759	0.29433   	 (-0.00000  )
760	-0.56099  	 (-0.00000  )
761	-0.86531  	 (-0.00000  )
762	-0.96420  	 (-0.00000  )
763	-0.37617  	 (-0.00000  )
764	-0.65213  	 (0.00000   )
765	-0.70445  	 (0.00000   )
766	-0.13670  	 (0.00000   )
767	-0.28786  	 (0.00000   )
768	-0.31673  	 (0.00000   )
769	-0.32545  	 (-0.00000  )
770	-0.04703  	 (0.00000   )
771	0.13526   	 (-0.00000  )
772	-0.17477  	 (-0.00000  )
773	-0.49928  	 (-0.00000  )
774	0.23117   	 (-0.00000  )
775	0.24727   	 (-0.00000  )
776	0.16961   	 (-0.00000  )
777	-0.29022  	 (-0.00000  )
778	-0.63108  	 (-0.00000  )
779	-0.65017  	 (-0.00000  )
780	-0.06370  	 (0.00000   )
781	-0.76248  	 (0.00000   )
782	-0.53866  	 (-0.00000  )
783	-0.53930  	 (-0.00000  )
784	0.60343   	 (-0.00000  )
785	-0.01509  	 (0.00000   )
786	0.08093   	 (0.00000   )
787	-0.41094  	 (-0.00000  )
788	-0.59012  	 (0.00000   )
789	0.01968   	 (-0.00000  )
790	-0.16652  	 (-0.00000  )
791	-0.82600  	 (-0.00000  )
792	-0.01807  	 (0.00000   )
793	0.40604   	 (-0.00000  )
794	0.01185   	 (0.00000   )
795	-1.64322  	 (0.00000   )
796	-1.02907  	 (-0.00000  )
797	-1.76194  	 (-0.00000  )
798	-0.56954  	 (-0.00000  )
799	-0.52731  	 (0.00000   )
800	-0.36189  	 (0.00000   )
801	-1.07751  	 (-0.00000  )
802	-0.87924  	 (-0.00000  )
803	-0.02391  	 (0.00000   )
804	-0.52976  	 (-0.00000  )
805	-0.72551  	 (0.00000   )
806	-0.87073  	 (-0.00000  )
807	-1.16100  	 (-0.00000  )
808	-1.20991  	 (-0.00000  )
809	0.59587   	 (0.00000   )
810	-0.09731  	 (0.00000   )
811	0.03213   	 (0.00000   )
812	-0.33366  	 (0.00000   )
813	0.08608   	 (-0.00000  )
814	-0.00467  	 (0.00000   )
815	-1.76188  	 (0.00000   )
816	-0.32433  	 (0.00000   )
817	0.65959   	 (0.00000   )
818	-0.38002  	 (0.00000   )
819	-0.82933  	 (0.00000   )
820	0.43760   	 (0.00000   )
821	-0.69441  	 (0.00000   )
822	0.53319   	 (0.00000   )
823	-1.26735  	 (-0.00000  )
824	-0.72572  	 (0.00000   )
825	-0.60354  	 (0.00000   )
826	-1.12084  	 (0.00000   )
827	-1.56315  	 (0.00000   )
828	-0.11702  	 (0.00000   )
829	-0.40006  	 (0.00000   )
830	0.32183   	 (0.00000   )
831	-0.76222  	 (-0.00000  )
832	-0.52420  	 (0.00000   )
833	0.97829   	 (-0.00000  )
834	-0.60555  	 (0.00000   )
835	-0.27716  	 (-0.00000  )
836	-1.08413  	 (0.00000   )
837	-0.54079  	 (-0.00000  )
838	-0.22363  	 (0.00000   )
839	0.86579   	 (-0.00000  )
840	0.33780   	 (0.00000   )
841	-0.29555  	 (0.00000   )
842	-0.73338  	 (-0.00000  )
843	0.52926   	 (-0.00000  )
844	0.00788   	 (0.00000   )
845	-0.47600  	 (-0.00000  )
846	0.83172   	 (-0.00000  )
847	-0.55146  	 (0.00000   )
848	-0.90011  	 (-0.00000  )
849	-0.97765  	 (0.00000   )
850	0.62250   	 (-0.00000  )
851	-0.50167  	 (0.00000   )
852	-0.82513  	 (-0.00000  )
853	0.31342   	 (0.00000   )
854	0.61501   	 (-0.00000  )
855	-0.16186  	 (-0.00000  )
856	-0.35293  	 (-0.00000  )
857	0.65930   	 (0.00000   )
858	-0.83493  	 (0.00000   )
859	-0.40369  	 (0.00000   )
860	0.63441   	 (-0.00000  )
861	-0.55911  	 (0.00000   )
862	-0.58957  	 (0.00000   )
863	0.02944   	 (-0.00000  )
864	0.03581   	 (-0.00000  )
865	0.75124   	 (-0.00000  )
866	-0.07743  	 (-0.00000  )
867	0.57382   	 (-0.00000  )
868	-1.04049  	 (-0.00000  )
869	-0.55772  	 (0.00000   )
870	0.96933   	 (-0.00000  )
871	0.36011   	 (0.00000   )
872	1.03773   	 (0.00000   )
873	0.55228   	 (0.00000   )
874	0.56405   	 (0.00000   )
875	-0.67507  	 (-0.00000  )
876	0.95767   	 (-0.00000  )
877	0.93058   	 (-0.00000  )
878	-0.09974  	 (-0.00000  )
879	-0.12947  	 (-0.00000  )
880	0.01612   	 (-0.00000  )
881	0.15353   	 (-0.00000  )
882	-0.28893  	 (-0.00000  )
883	-0.27905  	 (-0.00000  )
884	0.18623   	 (-0.00000  )
885	-0.21680  	 (0.00000   )
886	-0.24282  	 (-0.00000  )
887	-0.22386  	 (-0.00000  )
888	-0.64397  	 (-0.00000  )
889	-0.62220  	 (0.00000   )
890	0.15674   	 (0.00000   )
891	-0.74411  	 (0.00000   )
892	0.01474   	 (-0.00000  )
893	0.25263   	 (0.00000   )
894	-0.46504  	 (-0.00000  )
895	0.14581   	 (0.00000   )
896	0.20316   	 (-0.00000  )
897	-0.55072  	 (-0.00000  )
898	-0.74530  	 (-0.00000  )
899	-0.73865  	 (-0.00000  )
900	-1.14054  	 (0.00000   )
901	0.09878   	 (-0.00000  )
902	-0.48815  	 (-0.00000  )
903	-0.87368  	 (-0.00000  )
904	-0.71490  	 (-0.00000  )
905	-0.40358  	 (0.00000   )
906	0.02714   	 (0.00000   )
907	-0.03066  	 (-0.00000  )
908	-0.21577  	 (-0.00000  )
909	-0.30313  	 (0.00000   )
910	-0.03932  	 (0.00000   )
911	0.94676   	 (0.00000   )
912	-0.47600  	 (-0.00000  )
913	-0.73510  	 (0.00000   )
914	-0.33413  	 (-0.00000  )
915	-0.32760  	 (-0.00000  )
916	-0.24784  	 (0.00000   )
917	-0.21264  	 (-0.00000  )
918	-0.25273  	 (-0.00000  )
919	-0.07561  	 (0.00000   )
920	-0.33968  	 (0.00000   )
921	0.11460   	 (-0.00000  )
922	0.05060   	 (0.00000   )
923	0.35349   	 (-0.00000  )
924	0.52369   	 (0.00000   )
925	-0.30404  	 (-0.00000  )
926	-0.22934  	 (-0.00000  )
927	-0.28959  	 (-0.00000  )
928	0.11235   	 (0.00000   )
929	0.09404   	 (0.00000   )
930	-0.11881  	 (0.00000   )
931	-0.22086  	 (-0.00000  )
932	-0.02523  	 (0.00000   )
933	0.12006   	 (-0.00000  )
934	0.18266   	 (0.00000   )
935	0.00526   	 (-0.00000  )
936	-0.07659  	 (-0.00000  )
937	-0.15230  	 (-0.00000  )
938	-0.05965  	 (0.00000   )
939	-0.02027  	 (0.00000   )
940	0.25853   	 (0.00000   )
941	0.41528   	 (0.00000   )
942	-0.22688  	 (0.00000   )
943	0.66628   	 (0.00000   )
944	0.19212   	 (0.00000   )
945	-0.59564  	 (0.00000   )
946	0.66885   	 (0.00000   )
947	0.06835   	 (0.00000   )
948	-0.07748  	 (0.00000   )
949	0.22981   	 (0.00000   )
950	-0.00177  	 (-0.00000  )
951	-0.04530  	 (0.00000   )
952	0.34583   	 (0.00000   )
953	0.05852   	 (0.00000   )
954	0.05083   	 (0.00000   )
955	0.12586   	 (0.00000   )
956	0.09895   	 (0.00000   )
957	0.00442   	 (0.00000   )
958	0.10067   	 (0.00000   )
959	0.20890   	 (-0.00000  )
960	-0.14801  	 (-0.00000  )
961	-0.10948  	 (-0.00000  )
962	0.12405   	 (0.00000   )
963	0.16454   	 (0.00000   )
964	-0.20106  	 (-0.00000  )
965	0.49331   	 (-0.00000  )
966	-0.17998  	 (-0.00000  )
967	-0.29016  	 (0.00000   )
968	-0.03440  	 (-0.00000  )
969	0.12387   	 (-0.00000  )
970	-0.51985  	 (-0.00000  )
971	-0.09854  	 (0.00000   )
972	-0.13086  	 (0.00000   )
973	0.18089   	 (0.00000   )
974	-0.06913  	 (-0.00000  )
975	0.28604   	 (-0.00000  )
976	-0.24163  	 (0.00000   )
977	-0.07713  	 (0.00000   )
978	0.49216   	 (0.00000   )
979	0.21996   	 (-0.00000  )
980	0.04157   	 (-0.00000  )
981	-0.11189  	 (0.00000   )
982	-0.49211  	 (-0.00000  )
983	-0.34966  	 (-0.00000  )
984	-0.34661  	 (0.00000   )
985	-0.25248  	 (-0.00000  )
986	-0.26501  	 (-0.00000  )
987	-0.30884  	 (-0.00000  )
988	-0.73606  	 (-0.00000  )
989	-0.56962  	 (0.00000   )
990	0.19162   	 (0.00000   )
991	0.33726   	 (-0.00000  )
992	-0.57476  	 (0.00000   )
993	0.19409   	 (0.00000   )
994	-0.25792  	 (-0.00000  )
995	0.17570   	 (-0.00000  )
996	-0.41533  	 (-0.00000  )
997	-1.83857  	 (-0.00000  )
998	-0.36757  	 (0.00000   )
999	-0.59983  	 (-0.00000  )
1000	-1.56736  	 (0.00000   )
1001	-0.48036  	 (-0.00000  )
1002	-1.72777  	 (-0.00000  )
1003	-0.15913  	 (-0.00000  )
1004	-0.21122  	 (-0.00000  )
1005	-0.31389  	 (-0.00000  )
1006	-0.35377  	 (0.00000   )
1007	-0.83807  	 (0.00000   )
1008	-0.43664  	 (-0.00000  )
1009	0.01068   	 (0.00000   )
1010	-0.48764  	 (0.00000   )
1011	0.09672   	 (0.00000   )
1012	0.13741   	 (-0.00000  )
1013	0.06615   	 (-0.00000  )
1014	-0.00734  	 (0.00000   )
1015	-0.02296  	 (0.00000   )
1016	0.20057   	 (0.00000   )
1017	0.14898   	 (-0.00000  )
1018	-0.00102  	 (0.00000   )
1019	-0.55407  	 (-0.00000  )
1020	-1.62281  	 (-0.00000  )
1021	0.11942   	 (-0.00000  )
1022	0.16639   	 (0.00000   )
1023	-1.34142  	 (0.00000   )
1024	-0.17528  	 (0.00000   )
1025	-0.09454  	 (-0.00000  )
1026	0.27087   	 (-0.00000  )
1027	-0.56995  	 (-0.00000  )
1028	-0.57372  	 (-0.00000  )
1029	-1.22049  	 (0.00000   )
1030	-0.08650  	 (0.00000   )
1031	-0.08468  	 (0.00000   )
1032	0.26815   	 (0.00000   )
1033	-0.68418  	 (0.00000   )
1034	-0.05756  	 (-0.00000  )
1035	-0.14311  	 (0.00000   )
1036	-0.33640  	 (-0.00000  )
1037	-0.25326  	 (-0.00000  )
1038	0.13851   	 (-0.00000  )
1039	-0.00999  	 (-0.00000  )
1040	-0.62951  	 (-0.00000  )
1041	-0.35813  	 (-0.00000  )
1042	-0.11404  	 (0.00000   )
1043	-0.52278  	 (-0.00000  )
1044	-0.48693  	 (-0.00000  )
1045	-0.75645  	 (-0.00000  )
1046	-0.64143  	 (-0.00000  )
1047	-0.75343  	 (0.00000   )
1048	-0.22964  	 (0.00000   )
1049	-0.89274  	 (-0.00000  )
1050	-0.69836  	 (0.00000   )
1051	-0.32323  	 (-0.00000  )
1052	-1.18829  	 (-0.00000  )
1053	0.11255   	 (0.00000   )
1054	-0.12503  	 (0.00000   )
1055	-0.26252  	 (0.00000   )
1056	0.20268   	 (-0.00000  )
1057	0.27073   	 (-0.00000  )
1058	-0.35542  	 (0.00000   )
1059	-0.17470  	 (0.00000   )
1060	0.13198   	 (0.00000   )
1061	0.46632   	 (-0.00000  )
1062	0.01483   	 (-0.00000  )
1063	0.32776   	 (-0.00000  )
1064	-0.01213  	 (-0.00000  )
1065	-0.76366  	 (0.00000   )
1066	-0.10130  	 (0.00000   )
1067	-0.30058  	 (-0.00000  )
1068	-0.32580  	 (-0.00000  )
1069	-0.12822  	 (0.00000   )
1070	-0.17327  	 (-0.00000  )
1071	0.25970   	 (0.00000   )
1072	-0.20084  	 (0.00000   )
1073	0.30287   	 (-0.00000  )
1074	0.04121   	 (0.00000   )
1075	0.16911   	 (-0.00000  )
1076	-0.11155  	 (-0.00000  )
1077	-0.22962  	 (0.00000   )
1078	0.19927   	 (0.00000   )
1079	-0.35648  	 (-0.00000  )
1080	-0.21249  	 (-0.00000  )
1081	-0.20034  	 (-0.00000  )
1082	0.75645   	 (-0.00000  )
1083	0.18168   	 (-0.00000  )
1084	0.65012   	 (0.00000   )
1085	0.13127   	 (0.00000   )
1086	0.09701   	 (0.00000   )
1087	0.01007   	 (0.00000   )
1088	-0.23279  	 (0.00000   )
1089	0.01910   	 (0.00000   )
1090	0.12716   	 (-0.00000  )
1091	-0.14637  	 (-0.00000  )
1092	0.25593   	 (0.00000   )
1093	0.41273   	 (0.00000   )
1094	0.42552   	 (0.00000   )
1095	-0.54330  	 (0.00000   )
1096	0.07074   	 (0.00000   )
1097	0.25123   	 (0.00000   )
1098	0.58445   	 (-0.00000  )
1099	0.43014   	 (0.00000   )
1100	0.04425   	 (0.00000   )
1101	0.14339   	 (0.00000   )
1102	0.46742   	 (-0.00000  )
1103	0.04169   	 (-0.00000  )
1104	0.19755   	 (0.00000   )
1105	0.68271   	 (0.00000   )
1106	-0.13150  	 (-0.00000  )
1107	0.10199   	 (0.00000   )
1108	0.51393   	 (0.00000   )
1109	-0.19642  	 (0.00000   )
1110	0.23982   	 (-0.00000  )
1111	-1.81801  	 (-0.00000  )
1112	0.19497   	 (0.00000   )
1113	-1.66891  	 (-0.00000  )
1114	-0.41109  	 (-0.00000  )
1115	0.04951   	 (-0.00000  )
1116	-1.51637  	 (0.00000   )
1117	0.03588   	 (-0.00000  )
1118	-0.10020  	 (-0.00000  )
1119	0.04575   	 (0.00000   )
1120	0.08707   	 (0.00000   )
1121	-1.30934  	 (0.00000   )
1122	-1.46839  	 (0.00000   )
1123	-2.08336  	 (-0.00000  )
1124	-0.02772  	 (0.00000   )
1125	0.11839   	 (0.00000   )
1126	-1.22324  	 (0.00000   )
1127	0.08330   	 (0.00000   )
1128	-1.47408  	 (-0.00000  )
1129	0.00111   	 (0.00000   )
1130	-0.12556  	 (0.00000   )
1131	-0.09529  	 (0.00000   )
1132	-0.24610  	 (-0.00000  )
1133	-0.49366  	 (0.00000   )
1134	-1.06631  	 (-0.00000  )
1135	-0.90536  	 (-0.00000  )
1136	-0.18431  	 (-0.00000  )
1137	-0.61773  	 (-0.00000  )
1138	-0.92841  	 (0.00000   )
1139	-0.04776  	 (-0.00000  )
1140	-0.24605  	 (0.00000   )
1141	-0.10090  	 (-0.00000  )
1142	0.53161   	 (-0.00000  )
1143	0.35604   	 (0.00000   )
1144	-1.86382  	 (0.00000   )
1145	0.08562   	 (0.00000   )
1146	-0.72395  	 (-0.00000  )
1147	-0.52950  	 (-0.00000  )
1148	-1.41059  	 (-0.00000  )
1149	-0.79891  	 (-0.00000  )
1150	-1.10128  	 (-0.00000  )
1151	-0.97259  	 (0.00000   )
1152	-0.32808  	 (-0.00000  )
1153	-1.40110  	 (0.00000   )
1154	-0.01635  	 (-0.00000  )
1155	-0.27119  	 (-0.00000  )
1156	-0.08989  	 (-0.00000  )
1157	-1.21984  	 (-0.00000  )
1158	-0.95610  	 (0.00000   )
1159	-0.59475  	 (0.00000   )
1160	-1.80005  	 (-0.00000  )
1161	-0.60144  	 (0.00000   )
1162	-0.20535  	 (0.00000   )
1163	-0.61084  	 (0.00000   )
1164	-0.68985  	 (-0.00000  )
1165	0.02002   	 (0.00000   )
1166	0.27007   	 (0.00000   )
1167	-0.30519  	 (0.00000   )
1168	-0.00839  	 (0.00000   )
1169	-0.74946  	 (0.00000   )
1170	-0.27121  	 (0.00000   )
1171	0.03596   	 (0.00000   )
1172	0.22468   	 (-0.00000  )
1173	0.60507   	 (0.00000   )
1174	0.04711   	 (-0.00000  )
1175	0.21027   	 (0.00000   )
1176	0.16641   	 (-0.00000  )
1177	-0.13482  	 (-0.00000  )
1178	0.28996   	 (0.00000   )
1179	-0.05061  	 (-0.00000  )
1180	0.28937   	 (-0.00000  )
1181	-0.10951  	 (0.00000   )
1182	-0.97921  	 (0.00000   )
1183	-0.92561  	 (0.00000   )
1184	-0.72334  	 (-0.00000  )
1185	-0.14459  	 (0.00000   )
1186	0.29871   	 (-0.00000  )
1187	0.32899   	 (0.00000   )
1188	-0.03224  	 (-0.00000  )
1189	-0.41261  	 (0.00000   )
1190	0.41518   	 (-0.00000  )
1191	-0.10939  	 (-0.00000  )
1192	-0.22696  	 (0.00000   )
1193	0.52546   	 (0.00000   )
1194	0.12892   	 (-0.00000  )
1195	0.32382   	 (0.00000   )
1196	0.42537   	 (0.00000   )
1197	0.44424   	 (0.00000   )
1198	0.19872   	 (0.00000   )
1199	0.75958   	 (-0.00000  )
1200	0.43597   	 (0.00000   )
1201	1.04690   	 (0.00000   )
1202	0.88596   	 (-0.00000  )
1203	0.56050   	 (-0.00000  )
1204	0.54550   	 (-0.00000  )
1205	0.92039   	 (0.00000   )
1206	-0.09087  	 (0.00000   )
1207	0.91442   	 (-0.00000  )
1208	-0.35998  	 (-0.00000  )
1209	0.49748   	 (-0.00000  )
1210	0.53608   	 (-0.00000  )
1211	0.22355   	 (-0.00000  )
1212	0.93593   	 (0.00000   )
1213	1.05648   	 (0.00000   )
1214	0.43378   	 (0.00000   )
1215	1.48481   	 (0.00000   )
1216	0.19711   	 (0.00000   )
1217	0.95454   	 (-0.00000  )
1218	-0.28634  	 (-0.00000  )
1219	0.42545   	 (-0.00000  )
1220	0.38742   	 (-0.00000  )
1221	0.30686   	 (-0.00000  )
1222	-0.45456  	 (0.00000   )
1223	0.84182   	 (0.00000   )
1224	-0.44620  	 (-0.00000  )
1225	1.00400   	 (-0.00000  )
1226	0.43297   	 (0.00000   )
1227	0.00347   	 (-0.00000  )
1228	0.94577   	 (-0.00000  )
1229	1.07378   	 (0.00000   )
1230	0.45515   	 (-0.00000  )
1231	-0.39645  	 (0.00000   )
1232	-0.28259  	 (0.00000   )
1233	1.12017   	 (0.00000   )
1234	-1.20066  	 (0.00000   )
1235	-0.79689  	 (-0.00000  )
1236	0.94432   	 (0.00000   )
1237	-0.43273  	 (0.00000   )
1238	1.24590   	 (-0.00000  )
1239	-0.38302  	 (0.00000   )
1240	1.11107   	 (0.00000   )
1241	1.13932   	 (0.00000   )
1242	0.07395   	 (0.00000   )
1243	-0.39068  	 (0.00000   )
1244	0.34946   	 (0.00000   )
1245	-0.20844  	 (-0.00000  )
1246	-0.32274  	 (-0.00000  )
1247	-0.59027  	 (-0.00000  )
1248	0.76535   	 (-0.00000  )
1249	-1.91946  	 (-0.00000  )
1250	-2.70238  	 (-0.00000  )
1251	0.13340   	 (-0.00000  )
1252	-0.10152  	 (0.00000   )
1253	-0.11342  	 (0.00000   )
1254	-2.15099  	 (0.00000   )
1255	-0.74817  	 (0.00000   )
1256	-0.22092  	 (0.00000   )
1257	-0.87355  	 (-0.00000  )
1258	-0.85629  	 (0.00000   )
1259	-2.65784  	 (-0.00000  )
1260	-1.78796  	 (0.00000   )
1261	-1.75055  	 (0.00000   )
1262	-1.30728  	 (0.00000   )
1263	-0.66339  	 (-0.00000  )
1264	-1.41723  	 (0.00000   )
1265	-1.39438  	 (-0.00000  )
1266	0.97028   	 (0.00000   )
1267	-0.96881  	 (-0.00000  )
1268	-1.23497  	 (0.00000   )
1269	-1.28553  	 (0.00000   )
1270	0.04880   	 (-0.00000  )
1271	-0.97859  	 (-0.00000  )
1272	-1.82616  	 (0.00000   )
1273	-0.32210  	 (-0.00000  )
1274	-1.73829  	 (-0.00000  )
1275	-0.87690  	 (0.00000   )
1276	0.75178   	 (-0.00000  )
1277	1.09573   	 (0.00000   )
1278	-0.96966  	 (-0.00000  )
1279	-0.93249  	 (-0.00000  )
1280	0.89365   	 (-0.00000  )
1281	0.81140   	 (0.00000   )
1282	1.08429   	 (0.00000   )
1283	-0.56955  	 (0.00000   )
1284	-1.02865  	 (-0.00000  )
1285	-0.09379  	 (0.00000   )
1286	-0.10060  	 (-0.00000  )
1287	0.68925   	 (-0.00000  )
1288	0.95376   	 (-0.00000  )
1289	-0.01663  	 (-0.00000  )
1290	-0.28100  	 (0.00000   )
1291	1.04814   	 (0.00000   )
1292	0.80470   	 (0.00000   )
1293	-0.29658  	 (0.00000   )
1294	0.66728   	 (-0.00000  )
1295	-1.09159  	 (0.00000   )
1296	-1.29690  	 (0.00000   )
1297	-0.18316  	 (-0.00000  )
1298	0.55374   	 (0.00000   )
1299	-0.38533  	 (0.00000   )
1300	1.20117   	 (-0.00000  )
1301	-0.18435  	 (-0.00000  )
1302	-0.01396  	 (0.00000   )
1303	0.65308   	 (-0.00000  )
1304	0.94450   	 (-0.00000  )
1305	1.10820   	 (-0.00000  )
1306	1.07744   	 (0.00000   )
1307	0.19803   	 (-0.00000  )
1308	0.78666   	 (-0.00000  )
1309	0.89399   	 (-0.00000  )
1310	0.20912   	 (0.00000   )
1311	1.03934   	 (0.00000   )
1312	0.12265   	 (-0.00000  )
1313	-0.56970  	 (0.00000   )
1314	-0.30429  	 (0.00000   )
1315	0.43673   	 (0.00000   )
1316	-0.85281  	 (-0.00000  )
1317	0.38535   	 (-0.00000  )
1318	-0.92824  	 (-0.00000  )
1319	0.40734   	 (-0.00000  )
1320	0.77260   	 (-0.00000  )
1321	0.20652   	 (0.00000   )
1322	0.69065   	 (0.00000   )
1323	0.05353   	 (0.00000   )
1324	-0.75568  	 (0.00000   )
1325	0.03358   	 (-0.00000  )
1326	-0.06407  	 (-0.00000  )
1327	0.27752   	 (0.00000   )
1328	0.65172   	 (0.00000   )
1329	0.66784   	 (-0.00000  )
1330	0.79710   	 (0.00000   )
1331	0.49222   	 (0.00000   )
1332	0.60876   	 (-0.00000  )
1333	0.48158   	 (-0.00000  )
1334	0.22154   	 (0.00000   )
1335	0.15956   	 (-0.00000  )
1336	1.13137   	 (0.00000   )
1337	0.00412   	 (0.00000   )
1338	0.56817   	 (0.00000   )
1339	1.61864   	 (-0.00000  )
1340	0.96646   	 (0.00000   )
1341	0.46718   	 (-0.00000  )
1342	0.63240   	 (-0.00000  )
1343	-0.14252  	 (-0.00000  )
1344	0.62736   	 (-0.00000  )
1345	0.21541   	 (-0.00000  )
1346	-1.42860  	 (-0.00000  )
1347	1.21199   	 (-0.00000  )
1348	0.86906   	 (0.00000   )
1349	-0.74769  	 (0.00000   )
1350	-1.07096  	 (-0.00000  )
1351	0.60053   	 (0.00000   )
1352	1.15245   	 (0.00000   )
1353	-0.95494  	 (0.00000   )
1354	-1.58920  	 (-0.00000  )
1355	-0.96875  	 (0.00000   )
1356	0.24305   	 (-0.00000  )
1357	-0.55401  	 (0.00000   )
1358	-1.45436  	 (0.00000   )
1359	-0.80139  	 (0.00000   )
1360	0.90703   	 (0.00000   )
1361	-1.11570  	 (-0.00000  )
1362	-1.46584  	 (-0.00000  )
1363	1.50160   	 (-0.00000  )
1364	-0.61655  	 (0.00000   )
1365	-1.12805  	 (0.00000   )
1366	1.14145   	 (-0.00000  )
1367	1.30707   	 (0.00000   )
1368	1.05122   	 (-0.00000  )
1369	1.45414   	 (0.00000   )
1370	-1.00508  	 (0.00000   )
1371	-0.08103  	 (0.00000   )
1372	0.82508   	 (0.00000   )
1373	-1.52510  	 (-0.00000  )
1374	-0.97338  	 (0.00000   )
1375	-0.61738  	 (-0.00000  )
1376	1.03984   	 (-0.00000  )
1377	0.83940   	 (0.00000   )
1378	-1.10547  	 (-0.00000  )
1379	1.55787   	 (-0.00000  )
1380	-1.35343  	 (0.00000   )
1381	0.66925   	 (-0.00000  )
1382	-1.43539  	 (0.00000   )
1383	1.18616   	 (-0.00000  )
1384	1.26017   	 (0.00000   )
1385	1.25730   	 (-0.00000  )
1386	1.47696   	 (-0.00000  )
1387	1.57070   	 (-0.00000  )
1388	1.61084   	 (0.00000   )
1389	-0.64679  	 (0.00000   )
1390	-0.55654  	 (-0.00000  )
1391	-0.60298  	 (0.00000   )
1392	0.82862   	 (-0.00000  )
1393	1.25966   	 (-0.00000  )
1394	-0.53121  	 (0.00000   )
1395	0.42791   	 (0.00000   )
1396	-0.36379  	 (0.00000   )
1397	0.73907   	 (-0.00000  )
1398	-0.97892  	 (0.00000   )
1399	-1.22388  	 (-0.00000  )
1400	1.16147   	 (-0.00000  )
1401	1.00544   	 (0.00000   )
1402	1.26058   	 (0.00000   )
1403	-0.04412  	 (-0.00000  )
1404	-0.21203  	 (0.00000   )
1405	-0.53587  	 (-0.00000  )
1406	-0.82430  	 (-0.00000  )
1407	-0.60880  	 (-0.00000  )
1408	-0.86248  	 (0.00000   )
1409	-0.90959  	 (-0.00000  )
1410	-0.48601  	 (-0.00000  )
1411	-1.92638  	 (0.00000   )
1412	1.51549   	 (0.00000   )
1413	-0.81626  	 (0.00000   )
1414	0.74186   	 (-0.00000  )
1415	0.92668   	 (0.00000   )
1416	0.84513   	 (0.00000   )
1417	0.15913   	 (0.00000   )
1418	0.94883   	 (-0.00000  )
1419	0.37131   	 (-0.00000  )
1420	0.90249   	 (-0.00000  )
1421	1.02095   	 (-0.00000  )
1422	0.30674   	 (0.00000   )
1423	1.05875   	 (-0.00000  )
1424	0.26024   	 (0.00000   )
1425	0.82265   	 (-0.00000  )
1426	0.19444   	 (0.00000   )
1427	0.34215   	 (0.00000   )
1428	0.28518   	 (0.00000   )
1429	0.42736   	 (0.00000   )
1430	-0.25064  	 (-0.00000  )
1431	0.84233   	 (-0.00000  )
1432	0.63459   	 (-0.00000  )
1433	0.39665   	 (0.00000   )
1434	-0.03312  	 (0.00000   )
1435	-0.00201  	 (0.00000   )
1436	-0.09078  	 (-0.00000  )
1437	-0.02388  	 (-0.00000  )
1438	-0.25110  	 (0.00000   )
1439	-0.10978  	 (0.00000   )
1440	0.01696   	 (0.00000   )
1441	0.40704   	 (0.00000   )
1442	-0.19520  	 (-0.00000  )
1443	-0.15367  	 (0.00000   )
1444	-0.05264  	 (-0.00000  )
1445	-0.25759  	 (-0.00000  )
1446	-0.18409  	 (0.00000   )
1447	0.12805   	 (0.00000   )
1448	-0.47313  	 (0.00000   )
1449	-0.33059  	 (-0.00000  )
1450	-0.38772  	 (-0.00000  )
1451	-0.20812  	 (0.00000   )
1452	0.05480   	 (-0.00000  )
1453	0.34536   	 (-0.00000  )
1454	0.02710   	 (0.00000   )
1455	0.30559   	 (-0.00000  )
1456	0.46375   	 (-0.00000  )
1457	0.45127   	 (0.00000   )
1458	0.34396   	 (-0.00000  )
1459	-0.01367  	 (0.00000   )
1460	-0.08469  	 (-0.00000  )
1461	-0.21379  	 (0.00000   )
1462	-0.56831  	 (-0.00000  )
1463	-0.70681  	 (0.00000   )
1464	-0.36068  	 (0.00000   )
1465	-0.76797  	 (-0.00000  )
1466	-0.37223  	 (0.00000   )
1467	-0.46221  	 (-0.00000  )
1468	-0.34187  	 (0.00000   )
1469	-0.15772  	 (0.00000   )
1470	-0.18389  	 (0.00000   )
1471	-0.55474  	 (0.00000   )
1472	-0.32313  	 (-0.00000  )
1473	0.39681   	 (-0.00000  )
1474	-0.26685  	 (-0.00000  )
1475	-0.02908  	 (0.00000   )
1476	-0.00067  	 (0.00000   )
1477	0.26575   	 (-0.00000  )
1478	0.07689   	 (0.00000   )
1479	0.76469   	 (0.00000   )
1480	0.93589   	 (-0.00000  )
1481	1.00156   	 (-0.00000  )
1482	1.07410   	 (0.00000   )
1483	1.49506   	 (-0.00000  )
1484	1.39670   	 (-0.00000  )
1485	1.46062   	 (0.00000   )
1486	0.95898   	 (0.00000   )
1487	1.08856   	 (-0.00000  )
1488	1.17941   	 (-0.00000  )
1489	1.39859   	 (-0.00000  )
1490	1.23491   	 (0.00000   )
1491	1.32353   	 (-0.00000  )
1492	1.24725   	 (-0.00000  )
1493	1.53088   	 (0.00000   )
1494	1.26575   	 (0.00000   )
1495	1.38673   	 (0.00000   )
1496	1.55078   	 (-0.00000  )
1497	1.40513   	 (-0.00000  )
1498	1.39676   	 (0.00000   )
1499	1.47178   	 (-0.00000  )
1500	1.37343   	 (-0.00000  )
1501	1.34666   	 (-0.00000  )
1502	1.18482   	 (-0.00000  )
1503	1.15944   	 (0.00000   )
1504	1.29440   	 (0.00000   )
1505	1.01165   	 (-0.00000  )
1506	1.35835   	 (0.00000   )
1507	1.52618   	 (0.00000   )
1508	1.64223   	 (-0.00000  )
1509	1.31198   	 (0.00000   )
1510	1.12204   	 (-0.00000  )
1511	1.17705   	 (-0.00000  )
1512	2.09377   	 (0.00000   )
1513	1.09029   	 (-0.00000  )
1514	2.02302   	 (0.00000   )
1515	0.72484   	 (0.00000   )
1516	0.84483   	 (0.00000   )
1517	1.66226   	 (-0.00000  )
1518	1.14670   	 (0.00000   )
1519	1.43780   	 (-0.00000  )
1520	1.22056   	 (-0.00000  )
1521	0.00060   	 (-0.00000  )
1522	0.57101   	 (-0.00000  )
1523	0.74955   	 (0.00000   )
1524	0.93431   	 (0.00000   )
1525	0.22337   	 (-0.00000  )
1526	0.36594   	 (0.00000   )
1527	0.76567   	 (0.00000   )
1528	0.08537   	 (0.00000   )
1529	1.07915   	 (-0.00000  )
1530	0.30071   	 (0.00000   )
1531	0.00990   	 (-0.00000  )
1532	-0.13047  	 (0.00000   )
1533	0.45174   	 (-0.00000  )
1534	0.04457   	 (-0.00000  )
1535	0.54653   	 (-0.00000  )
1536	0.79944   	 (0.00000   )
1537	0.38075   	 (-0.00000  )
1538	0.88754   	 (0.00000   )
1539	0.18978   	 (-0.00000  )
1540	0.45773   	 (-0.00000  )
1541	0.38496   	 (-0.00000  )
1542	-0.77525  	 (0.00000   )
1543	-1.36870  	 (-0.00000  )
1544	-1.33781  	 (-0.00000  )
1545	-0.89748  	 (-0.00000  )
1546	-1.06747  	 (0.00000   )
1547	-0.57658  	 (0.00000   )
1548	-1.20099  	 (0.00000   )
1549	-0.18238  	 (0.00000   )
1550	1.31794   	 (-0.00000  )
1551	0.56425   	 (0.00000   )
1552	1.03756   	 (0.00000   )
1553	0.72407   	 (-0.00000  )
1554	0.76450   	 (0.00000   )
1555	1.46096   	 (0.00000   )
1556	0.77902   	 (0.00000   )
1557	0.26015   	 (0.00000   )
1558	0.90401   	 (-0.00000  )
1559	0.18918   	 (0.00000   )
1560	0.38624   	 (-0.00000  )
1561	1.01021   	 (-0.00000  )
1562	1.16985   	 (-0.00000  )
1563	0.96903   	 (-0.00000  )
1564	0.93634   	 (0.00000   )
1565	1.37834   	 (0.00000   )
1566	1.09912   	 (-0.00000  )
1567	0.66641   	 (0.00000   )
1568	1.01274   	 (0.00000   )
1569	0.78261   	 (0.00000   )
1570	0.95666   	 (0.00000   )
1571	0.58099   	 (0.00000   )
1572	0.71332   	 (-0.00000  )
1573	0.87246   	 (0.00000   )
1574	0.80654   	 (-0.00000  )
1575	1.10541   	 (0.00000   )
1576	0.87935   	 (0.00000   )
1577	1.05869   	 (0.00000   )
1578	0.95154   	 (-0.00000  )
1579	1.20648   	 (-0.00000  )
1580	0.88258   	 (-0.00000  )
1581	0.95950   	 (-0.00000  )
1582	0.80781   	 (0.00000   )
1583	0.63127   	 (-0.00000  )
1584	0.99275   	 (0.00000   )
1585	0.65923   	 (0.00000   )
1586	0.47745   	 (-0.00000  )
1587	0.43807   	 (-0.00000  )
1588	0.46728   	 (-0.00000  )
1589	1.50680   	 (0.00000   )
1590	0.65720   	 (0.00000   )
1591	0.49942   	 (-0.00000  )
1592	0.65148   	 (0.00000   )
1593	0.58770   	 (-0.00000  )
1594	0.70982   	 (-0.00000  )
1595	0.45115   	 (0.00000   )
1596	0.15132   	 (0.00000   )
1597	0.56379   	 (-0.00000  )
1598	0.53032   	 (0.00000   )
1599	0.01781   	 (0.00000   )
