0	0.00098   	-0.00239  	-0.00124  	1.92877   	 (-0.00000  )
1	-0.00461  	-0.00124  	0.00114   	1.46150   	 (0.00000   )
2	0.00981   	-0.00396  	0.00121   	1.27691   	 (0.00000   )
3	-0.00618  	0.00758   	-0.00117  	1.33638   	 (-0.00000  )
4	0.02544   	0.01850   	0.00686   	1.84476   	 (0.00000   )
5	-0.28044  	0.25443   	-0.00320  	1.78083   	 (-0.00000  )
6	0.25633   	-0.26623  	-0.00682  	1.77579   	 (-0.00000  )
7	0.00240   	-0.01544  	-0.00026  	1.48214   	 (0.00000   )
8	-0.00962  	0.00599   	-0.01790  	1.47229   	 (-0.00000  )
9	0.00601   	0.00217   	0.01683   	1.32038   	 (0.00000   )
10	-0.01750  	-0.00782  	0.00529   	1.43597   	 (0.00000   )
11	0.01357   	0.01433   	0.00120   	1.34058   	 (-0.00000  )
12	0.00749   	-0.00357  	-0.00367  	1.47966   	 (-0.00000  )
13	-0.00323  	-0.00632  	0.00188   	1.27595   	 (0.00000   )
14	-0.00024  	0.00357   	-0.00123  	1.38619   	 (-0.00000  )
15	0.00007   	-0.00069  	0.00073   	1.47476   	 (-0.00000  )
16	0.01111   	0.00702   	0.00647   	1.68334   	 (0.00000   )
17	-0.01192  	0.00960   	-0.00655  	1.50565   	 (-0.00000  )
18	0.00249   	-0.01969  	-0.00025  	1.45071   	 (-0.00000  )
19	-0.00110  	-0.00170  	0.00803   	1.42041   	 (0.00000   )
20	-0.00587  	0.01204   	-0.00535  	1.53364   	 (0.00000   )
21	-0.19998  	-0.22636  	-0.01295  	1.50986   	 (0.00000   )
22	0.21583   	0.21649   	-0.00526  	1.40044   	 (-0.00000  )
23	-0.01076  	0.00252   	0.01509   	1.41749   	 (-0.00000  )
24	-0.00153  	-0.01229  	-0.01729  	1.44050   	 (0.00000   )
25	0.00284   	0.04288   	0.01746   	1.80571   	 (0.00000   )
26	-0.02892  	-0.01221  	0.00312   	1.29400   	 (0.00000   )
27	0.02760   	-0.01763  	-0.00270  	1.47745   	 (-0.00000  )
28	0.06066   	0.06541   	0.01200   	1.77595   	 (0.00000   )
29	-0.05171  	-0.04507  	0.00316   	1.81361   	 (-0.00000  )
30	0.00406   	-0.00482  	-0.01000  	1.68694   	 (-0.00000  )
31	-0.05597  	0.05070   	-0.00281  	1.79237   	 (0.00000   )
32	0.04487   	-0.06057  	0.00030   	1.65923   	 (0.00000   )
33	0.00101   	0.00917   	-0.00171  	1.67856   	 (-0.00000  )
34	0.04208   	-0.06369  	0.00975   	1.45398   	 (0.00000   )
35	-0.03108  	0.04361   	0.00685   	1.40530   	 (-0.00000  )
36	-0.03529  	0.02027   	-0.01588  	1.40724   	 (-0.00000  )
37	0.01742   	-0.02100  	-0.00366  	1.47300   	 (0.00000   )
38	0.00449   	-0.00965  	0.00270   	1.60039   	 (0.00000   )
39	-0.01783  	0.01054   	-0.00870  	1.62892   	 (0.00000   )
40	0.00648   	0.00097   	0.00075   	1.25362   	 (0.00000   )
41	0.00273   	-0.01120  	-0.01522  	1.75983   	 (-0.00000  )
42	-0.00655  	-0.02064  	0.00318   	1.34953   	 (-0.00000  )
43	0.03028   	0.01090   	-0.00059  	1.41927   	 (-0.00000  )
44	-0.00550  	-0.01341  	-0.00674  	1.28979   	 (0.00000   )
45	-0.11998  	0.12612   	0.00523   	1.38194   	 (-0.00000  )
46	0.12288   	-0.10201  	0.00327   	1.38049   	 (-0.00000  )
47	-0.00665  	0.00526   	0.00299   	1.34825   	 (0.00000   )
48	-0.00351  	0.00664   	0.00419   	1.41885   	 (-0.00000  )
49	-0.04063  	-0.03628  	0.00568   	1.37280   	 (-0.00000  )
50	0.04779   	0.03128   	0.00920   	1.43768   	 (0.00000   )
51	-0.00995  	0.00771   	-0.00593  	1.28399   	 (0.00000   )
52	0.00222   	-0.00524  	-0.00372  	1.91251   	 (0.00000   )
53	-0.00465  	0.00306   	0.01072   	1.59178   	 (0.00000   )
54	0.00312   	-0.00008  	-0.01124  	1.53891   	 (-0.00000  )
55	0.31596   	0.33169   	0.00794   	1.60632   	 (-0.00000  )
56	-0.30564  	-0.33326  	0.00622   	1.64957   	 (-0.00000  )
57	-0.01658  	-0.01920  	-0.00630  	1.57772   	 (0.00000   )
58	-0.03882  	0.04894   	-0.00661  	1.55644   	 (0.00000   )
59	0.03336   	-0.03340  	-0.00431  	1.38922   	 (-0.00000  )
60	0.00748   	0.00881   	-0.00124  	1.62275   	 (0.00000   )
61	-0.00066  	0.00578   	-0.00836  	1.38716   	 (0.00000   )
62	0.09373   	0.07648   	-0.00510  	1.42077   	 (0.00000   )
63	-0.10714  	-0.07512  	0.01360   	1.49576   	 (-0.00000  )
64	0.14280   	0.18783   	0.00055   	1.49308   	 (-0.00000  )
65	-0.13384  	-0.18695  	0.00768   	1.35153   	 (-0.00000  )
66	-0.00456  	0.00866   	-0.02185  	1.47874   	 (0.00000   )
67	0.00159   	0.00744   	0.00450   	1.30967   	 (-0.00000  )
68	-0.00139  	-0.03008  	0.00292   	1.44881   	 (0.00000   )
69	0.03832   	-0.01777  	-0.00104  	1.53296   	 (0.00000   )
70	0.03840   	0.10337   	0.01510   	1.48418   	 (-0.00000  )
71	-0.06123  	-0.09694  	0.01231   	1.54053   	 (-0.00000  )
72	0.00473   	0.00647   	-0.01034  	1.41661   	 (-0.00000  )
73	0.00634   	-0.00576  	-0.00143  	1.43613   	 (0.00000   )
74	-0.01256  	0.01366   	0.00401   	1.44842   	 (0.00000   )
75	0.00107   	-0.00290  	-0.00282  	1.46778   	 (-0.00000  )
76	-0.06260  	0.03825   	0.01621   	1.49523   	 (-0.00000  )
77	0.16020   	0.09889   	-0.01136  	1.67986   	 (0.00000   )
78	-0.08220  	-0.13343  	-0.01708  	1.68114   	 (0.00000   )
79	-0.00363  	0.01994   	-0.10015  	1.39133   	 (0.00000   )
80	-0.01465  	-0.03153  	0.10151   	1.41008   	 (-0.00000  )
81	-0.12181  	0.11208   	-0.00999  	1.52638   	 (0.00000   )
82	0.03419   	0.02402   	0.01298   	1.49384   	 (-0.00000  )
83	0.11361   	-0.13820  	-0.02912  	1.70221   	 (-0.00000  )
84	0.00368   	-0.00095  	-0.00020  	1.87037   	 (0.00000   )
85	-0.02387  	0.00492   	0.02788   	1.48051   	 (0.00000   )
86	-0.00740  	-0.00069  	0.00005   	1.32564   	 (-0.00000  )
87	-0.00231  	0.00283   	-0.00036  	1.85042   	 (-0.00000  )
88	0.00286   	0.00706   	0.00118   	1.46141   	 (0.00000   )
89	-0.00313  	0.00195   	0.01012   	1.34343   	 (-0.00000  )
90	-0.00274  	-0.00124  	0.01482   	1.50545   	 (0.00000   )
91	0.01042   	-0.02669  	0.05847   	1.47858   	 (-0.00000  )
92	0.00939   	-0.01079  	0.06930   	1.47268   	 (-0.00000  )
93	-0.04724  	-0.03210  	-0.15141  	1.35945   	 (-0.00000  )
94	0.06770   	0.03019   	-0.04950  	1.36355   	 (-0.00000  )
95	-0.01142  	0.02660   	0.07013   	1.71690   	 (0.00000   )
96	0.01360   	-0.00088  	0.03180   	1.48994   	 (-0.00000  )
97	-0.02578  	0.02542   	-0.05287  	1.69069   	 (0.00000   )
98	-0.00623  	0.00360   	-0.00348  	1.18488   	 (0.00000   )
99	0.08009   	0.03989   	-0.00947  	1.61321   	 (-0.00000  )
100	0.02452   	0.03414   	0.00292   	1.43782   	 (0.00000   )
101	-0.09669  	-0.04911  	-0.00926  	1.56792   	 (-0.00000  )
102	-0.03114  	0.01161   	0.00207   	1.74338   	 (0.00000   )
103	-0.00912  	0.01279   	0.09025   	1.58130   	 (0.00000   )
104	-0.00740  	0.01028   	0.04445   	1.62263   	 (0.00000   )
105	0.00949   	-0.01118  	-0.09834  	1.58017   	 (0.00000   )
106	0.01811   	-0.01666  	-0.00955  	1.53088   	 (-0.00000  )
107	0.00002   	-0.00332  	0.01032   	1.45856   	 (-0.00000  )
108	0.00347   	-0.00130  	-0.00652  	1.38859   	 (-0.00000  )
109	-0.00618  	0.00607   	0.00503   	1.40036   	 (0.00000   )
110	0.00258   	-0.00557  	0.00327   	1.45506   	 (-0.00000  )
111	0.00295   	0.01012   	0.03520   	1.56270   	 (0.00000   )
112	0.00134   	-0.00560  	0.00214   	1.47855   	 (-0.00000  )
113	-0.00640  	-0.00703  	-0.02940  	1.42229   	 (-0.00000  )
114	0.00677   	-0.00891  	-0.00430  	1.62228   	 (-0.00000  )
115	0.00004   	0.00104   	-0.00547  	1.43873   	 (0.00000   )
116	-0.00015  	0.09198   	0.00115   	1.78485   	 (0.00000   )
117	-0.02984  	-0.06316  	-0.00737  	1.53279   	 (-0.00000  )
118	-0.26465  	-0.31479  	0.02863   	1.47039   	 (-0.00000  )
119	0.44789   	0.09351   	0.00245   	1.48527   	 (0.00000   )
120	-0.18156  	0.26984   	-0.03509  	1.55199   	 (-0.00000  )
121	0.02278   	-0.03683  	-0.00508  	1.52125   	 (-0.00000  )
122	-0.00028  	-0.04312  	0.00603   	1.39148   	 (-0.00000  )
123	0.00256   	-0.01887  	-0.00464  	1.61716   	 (-0.00000  )
124	0.00695   	0.08509   	-0.00860  	1.53183   	 (0.00000   )
125	0.10126   	-0.13767  	0.01791   	1.54874   	 (0.00000   )
126	-0.17095  	0.09308   	0.01516   	1.54212   	 (-0.00000  )
127	0.06072   	-0.02404  	-0.01873  	1.73723   	 (-0.00000  )
128	-0.00041  	-0.00057  	0.00054   	1.89541   	 (-0.00000  )
129	-0.01811  	-0.00048  	0.04680   	1.44875   	 (0.00000   )
130	0.00421   	0.00091   	0.02078   	1.77364   	 (0.00000   )
131	0.00052   	0.00175   	-0.01454  	1.80018   	 (-0.00000  )
132	0.09405   	-0.06009  	-0.03596  	1.33552   	 (-0.00000  )
133	-0.05300  	0.01318   	0.14247   	1.60235   	 (0.00000   )
134	0.00286   	0.01098   	-0.13810  	1.47033   	 (-0.00000  )
135	0.02195   	0.00378   	0.01072   	1.41256   	 (0.00000   )
136	0.04556   	-0.01740  	-0.01990  	1.43255   	 (0.00000   )
137	0.06432   	0.01388   	-0.04496  	1.37020   	 (-0.00000  )
138	-0.00812  	0.01519   	0.00028   	1.34594   	 (0.00000   )
139	-0.07194  	0.04147   	0.01340   	1.34570   	 (-0.00000  )
140	-0.03206  	-0.03741  	-0.01557  	1.41089   	 (-0.00000  )
141	0.07321   	0.19345   	-0.00151  	1.61149   	 (0.00000   )
142	-0.11855  	-0.12357  	-0.02256  	1.43386   	 (-0.00000  )
143	0.01304   	0.00057   	-0.00333  	1.01083   	 (0.00000   )
144	-0.10452  	-0.07258  	-0.01633  	1.58815   	 (-0.00000  )
145	0.08417   	0.01199   	0.00359   	1.45633   	 (0.00000   )
146	0.07164   	-0.10330  	-0.00039  	1.52476   	 (0.00000   )
147	0.01158   	-0.01103  	0.01010   	1.32440   	 (-0.00000  )
148	0.00785   	-0.02846  	0.00200   	1.32114   	 (0.00000   )
149	-0.02736  	0.02761   	-0.00258  	1.28661   	 (0.00000   )
150	-0.02594  	0.03613   	-0.00034  	1.38760   	 (-0.00000  )
151	-0.07668  	-0.21023  	-0.16262  	1.43699   	 (-0.00000  )
152	0.18612   	0.05720   	0.07490   	1.43336   	 (-0.00000  )
153	-0.13015  	0.06232   	0.02265   	1.50834   	 (0.00000   )
154	-0.07798  	0.24534   	0.14676   	1.38975   	 (-0.00000  )
155	-0.12202  	0.12121   	0.09114   	1.79540   	 (0.00000   )
156	0.16214   	0.26434   	-0.09509  	1.61865   	 (0.00000   )
157	-0.16438  	-0.23688  	-0.01751  	1.57815   	 (0.00000   )
158	0.09813   	-0.27043  	0.03694   	1.43368   	 (-0.00000  )
159	0.06922   	-0.06351  	-0.05547  	1.36723   	 (-0.00000  )
160	-0.00197  	0.01474   	0.00747   	1.68087   	 (0.00000   )
161	0.19136   	0.00753   	-0.01074  	1.57039   	 (0.00000   )
162	-0.14155  	0.00156   	0.01337   	1.36445   	 (0.00000   )
163	-0.00253  	0.00916   	-0.00044  	1.68508   	 (0.00000   )
164	-0.02270  	-0.02383  	-0.00584  	1.28028   	 (-0.00000  )
165	0.01496   	0.07670   	-0.00584  	1.40826   	 (-0.00000  )
166	-0.00561  	-0.00525  	0.01251   	1.22650   	 (-0.00000  )
167	-0.00273  	-0.00082  	0.00388   	1.33319   	 (-0.00000  )
168	0.00876   	0.00036   	-0.00395  	1.84125   	 (-0.00000  )
169	0.01231   	0.00035   	0.00004   	1.65187   	 (0.00000   )
170	-0.01497  	0.05267   	-0.00064  	1.63473   	 (0.00000   )
171	-0.01954  	-0.05877  	0.00262   	1.50233   	 (-0.00000  )
172	0.00048   	0.04840   	0.01449   	1.63142   	 (0.00000   )
173	0.09406   	-0.10148  	-0.00082  	1.48573   	 (0.00000   )
174	-0.09016  	-0.01388  	-0.02290  	1.66809   	 (0.00000   )
175	0.02467   	0.08485   	-0.00089  	1.37738   	 (-0.00000  )
176	-0.04127  	0.04218   	0.00768   	1.69977   	 (-0.00000  )
177	0.03018   	-0.00955  	-0.01912  	1.53212   	 (0.00000   )
178	-0.01022  	-0.00590  	0.00107   	1.39711   	 (0.00000   )
179	-0.02370  	-0.01016  	-0.02308  	1.37130   	 (-0.00000  )
180	0.00025   	0.01489   	0.02350   	1.45139   	 (-0.00000  )
181	-0.00774  	0.03127   	0.02158   	1.43333   	 (0.00000   )
182	-0.02434  	0.04067   	-0.01301  	1.54299   	 (-0.00000  )
183	0.00229   	-0.00889  	0.01644   	1.38524   	 (0.00000   )
184	0.01791   	-0.05358  	-0.00615  	1.44003   	 (-0.00000  )
185	0.08950   	-0.01064  	-0.01648  	1.52010   	 (0.00000   )
186	-0.03709  	-0.05321  	0.03402   	1.41553   	 (-0.00000  )
187	-0.00840  	0.00666   	-0.03744  	1.57389   	 (-0.00000  )
188	0.00552   	-0.00053  	0.02901   	1.62539   	 (0.00000   )
189	-0.01731  	0.01226   	-0.00078  	1.46770   	 (0.00000   )
190	0.01297   	-0.00603  	-0.00693  	1.35969   	 (-0.00000  )
191	-0.02204  	0.02981   	0.00476   	1.54802   	 (-0.00000  )
192	0.00360   	-0.00061  	0.00148   	1.30034   	 (0.00000   )
193	-0.07866  	0.08779   	-0.00992  	1.66108   	 (0.00000   )
194	0.07871   	-0.07595  	-0.02570  	1.61251   	 (0.00000   )
195	0.05689   	-0.04597  	-0.01301  	1.45004   	 (-0.00000  )
196	-0.02898  	0.02714   	-0.00147  	1.70908   	 (0.00000   )
197	-0.00934  	-0.01395  	0.03576   	1.31360   	 (0.00000   )
198	0.09663   	0.08163   	0.09041   	1.48920   	 (0.00000   )
199	-0.14610  	-0.01820  	0.14597   	1.58782   	 (-0.00000  )
200	-0.02950  	-0.00113  	-0.23713  	1.32691   	 (-0.00000  )
201	0.09338   	-0.09371  	-0.01554  	1.56353   	 (0.00000   )
202	-0.00329  	0.02381   	0.00644   	1.53544   	 (-0.00000  )
203	-0.02436  	-0.00591  	0.00507   	1.55815   	 (-0.00000  )
204	0.12816   	0.14341   	-0.01845  	1.48671   	 (-0.00000  )
205	-0.09345  	-0.16958  	0.00019   	1.46333   	 (0.00000   )
206	-0.08096  	0.06301   	0.00350   	1.40059   	 (0.00000   )
207	0.01821   	0.01520   	0.00398   	1.61630   	 (-0.00000  )
208	-0.00936  	0.02774   	-0.02064  	1.36954   	 (-0.00000  )
209	0.03211   	-0.02472  	0.00410   	1.44044   	 (-0.00000  )
210	0.05970   	-0.08777  	0.00183   	1.55416   	 (0.00000   )
211	-0.03559  	0.02413   	0.00635   	1.50253   	 (0.00000   )
212	0.01183   	-0.01348  	-0.00065  	1.42564   	 (-0.00000  )
213	-0.01853  	0.01203   	0.00033   	1.50568   	 (0.00000   )
214	0.01255   	0.00199   	0.00257   	1.43914   	 (0.00000   )
215	-0.00399  	0.05124   	0.00424   	1.42988   	 (0.00000   )
216	-0.12415  	0.07179   	0.00424   	1.40964   	 (0.00000   )
217	0.13317   	-0.04072  	0.00139   	1.40823   	 (-0.00000  )
218	-0.00933  	-0.03372  	-0.01385  	1.52721   	 (-0.00000  )
219	0.02099   	-0.04088  	0.00726   	1.53197   	 (0.00000   )
220	-0.13798  	0.01896   	0.01845   	1.58125   	 (0.00000   )
221	0.05510   	0.06364   	-0.01395  	1.53662   	 (-0.00000  )
222	0.09646   	0.17716   	-0.02039  	1.58264   	 (0.00000   )
223	0.10525   	-0.00119  	0.00583   	1.57035   	 (0.00000   )
224	-0.00062  	-0.04290  	-0.01126  	1.52953   	 (0.00000   )
225	-0.10390  	-0.15838  	-0.04074  	1.56799   	 (-0.00000  )
226	0.01285   	-0.05602  	0.01206   	1.58425   	 (0.00000   )
227	-0.01678  	0.07148   	0.00111   	1.59289   	 (-0.00000  )
228	-0.09246  	-0.08501  	0.00664   	1.48284   	 (0.00000   )
229	0.10279   	-0.00593  	0.00699   	1.51159   	 (0.00000   )
230	-0.03411  	-0.00300  	0.00357   	1.48069   	 (-0.00000  )
231	0.09747   	0.00764   	0.02357   	1.32325   	 (-0.00000  )
232	-0.10586  	0.02063   	0.00445   	1.47788   	 (-0.00000  )
233	0.00649   	-0.05770  	-0.00550  	1.36083   	 (-0.00000  )
234	0.05645   	-0.03484  	-0.01139  	1.38476   	 (-0.00000  )
235	-0.00381  	0.00115   	0.02804   	1.45150   	 (0.00000   )
236	-0.22729  	0.07615   	-0.00420  	1.45032   	 (0.00000   )
237	0.04693   	0.09223   	0.00633   	1.48276   	 (-0.00000  )
238	0.11980   	-0.16515  	0.00085   	1.40077   	 (-0.00000  )
239	0.03179   	0.00006   	-0.02570  	1.48943   	 (0.00000   )
240	-0.05439  	-0.00915  	0.01742   	1.53949   	 (0.00000   )
241	0.01914   	0.00927   	0.00739   	1.29525   	 (-0.00000  )
242	-0.02380  	-0.03183  	-0.00907  	1.46305   	 (0.00000   )
243	0.07690   	0.04048   	-0.20828  	1.47362   	 (0.00000   )
244	0.07042   	0.05238   	-0.03714  	1.50697   	 (-0.00000  )
245	-0.10274  	0.00870   	0.07306   	1.50494   	 (-0.00000  )
246	-0.02787  	-0.01198  	0.18840   	1.55316   	 (-0.00000  )
247	-0.00539  	-0.08313  	0.02446   	1.58587   	 (-0.00000  )
248	-0.00780  	0.01776   	0.00880   	1.49543   	 (0.00000   )
249	0.04854   	0.07860   	-0.01848  	1.46492   	 (0.00000   )
250	-0.03617  	-0.02753  	-0.15325  	1.56301   	 (-0.00000  )
251	-0.00510  	0.01513   	-0.00638  	1.43248   	 (0.00000   )
252	0.10235   	-0.10740  	0.00396   	1.59580   	 (0.00000   )
253	0.00112   	-0.04188  	0.11458   	1.55455   	 (-0.00000  )
254	-0.10432  	0.13417   	-0.00567  	1.55777   	 (0.00000   )
255	0.01787   	0.02294   	-0.00059  	1.83235   	 (0.00000   )
256	0.02198   	-0.00507  	0.02203   	1.49084   	 (0.00000   )
257	0.07233   	0.07106   	-0.00220  	1.54648   	 (-0.00000  )
258	0.02138   	-0.07246  	0.04924   	1.68189   	 (0.00000   )
259	-0.01341  	-0.01999  	-0.00166  	1.77662   	 (0.00000   )
260	-0.05080  	-0.11835  	-0.02906  	1.48494   	 (0.00000   )
261	-0.00494  	0.01862   	-0.00052  	1.59831   	 (0.00000   )
262	-0.03485  	-0.00883  	0.01918   	1.41572   	 (-0.00000  )
263	-0.01995  	-0.00743  	-0.01926  	1.39472   	 (-0.00000  )
264	0.00693   	0.01138   	-0.00008  	1.75770   	 (0.00000   )
265	-0.03462  	0.02743   	0.00708   	1.47439   	 (-0.00000  )
266	-0.01301  	-0.00039  	0.00333   	1.80113   	 (0.00000   )
267	-0.03509  	0.06208   	0.01815   	1.50250   	 (-0.00000  )
268	-0.00187  	0.06921   	-0.00002  	1.51200   	 (-0.00000  )
269	0.01514   	0.03989   	0.00745   	1.51478   	 (0.00000   )
270	-0.03836  	0.05763   	0.02189   	1.42075   	 (0.00000   )
271	0.10559   	-0.01459  	0.05981   	1.49282   	 (0.00000   )
272	0.00399   	0.01376   	-0.00178  	1.45654   	 (0.00000   )
273	0.00547   	0.01279   	-0.13771  	1.50099   	 (-0.00000  )
274	0.02230   	-0.00482  	-0.06504  	1.43341   	 (0.00000   )
275	-0.00783  	0.01705   	0.04992   	1.47040   	 (-0.00000  )
276	-0.01557  	0.01163   	0.03772   	1.45545   	 (-0.00000  )
277	-0.05025  	-0.01095  	0.00243   	1.51355   	 (-0.00000  )
278	0.07212   	0.00924   	-0.02561  	1.39297   	 (-0.00000  )
279	-0.00826  	0.00471   	-0.03037  	1.60144   	 (0.00000   )
280	0.05130   	-0.00948  	0.01439   	1.49235   	 (-0.00000  )
281	0.00577   	0.00425   	-0.00459  	1.43868   	 (-0.00000  )
282	0.06122   	-0.01629  	-0.05558  	1.56100   	 (-0.00000  )
283	-0.07001  	-0.03854  	-0.01841  	1.61681   	 (0.00000   )
284	-0.06434  	-0.05738  	-0.03160  	1.58573   	 (0.00000   )
285	0.04192   	-0.05420  	-0.00002  	1.70458   	 (-0.00000  )
286	-0.11753  	0.11895   	-0.03692  	1.44650   	 (-0.00000  )
287	0.00909   	0.01043   	-0.00006  	1.35068   	 (-0.00000  )
288	-0.06905  	0.03850   	-0.08307  	1.56773   	 (0.00000   )
289	-0.06034  	0.06546   	0.07428   	1.45652   	 (-0.00000  )
290	0.03254   	-0.00298  	0.01864   	1.45983   	 (0.00000   )
291	-0.00192  	-0.00959  	-0.00125  	1.69165   	 (0.00000   )
292	0.00902   	-0.07471  	0.11186   	1.44893   	 (0.00000   )
293	0.03349   	-0.01587  	-0.01428  	1.43694   	 (0.00000   )
294	0.13290   	-0.17338  	-0.14273  	1.49169   	 (0.00000   )
295	-0.03966  	0.05905   	0.15378   	1.49247   	 (0.00000   )
296	-0.00869  	-0.00898  	0.08806   	1.46247   	 (0.00000   )
297	0.00379   	0.01378   	0.00097   	1.67910   	 (0.00000   )
298	-0.00691  	0.01594   	-0.00885  	1.47182   	 (0.00000   )
299	0.22641   	-0.23331  	0.02013   	1.59146   	 (0.00000   )
300	0.03035   	0.01661   	-0.00471  	1.48930   	 (-0.00000  )
301	-0.05449  	0.02992   	0.03186   	1.55946   	 (-0.00000  )
302	-0.10247  	-0.00625  	-0.00095  	1.58994   	 (0.00000   )
303	-0.06307  	0.13751   	-0.00958  	1.47404   	 (0.00000   )
304	-0.01778  	0.09958   	-0.01010  	1.54474   	 (0.00000   )
305	0.00186   	-0.02285  	0.00421   	1.66581   	 (0.00000   )
306	0.07446   	-0.09024  	-0.00234  	1.63839   	 (0.00000   )
307	-0.04773  	0.12353   	0.00049   	1.44453   	 (0.00000   )
308	-0.00553  	0.01949   	0.00959   	1.43746   	 (0.00000   )
309	-0.03900  	-0.05452  	0.04795   	1.47633   	 (0.00000   )
310	-0.07245  	0.08180   	-0.00329  	1.55630   	 (-0.00000  )
311	-0.03127  	-0.07520  	0.00227   	1.63126   	 (0.00000   )
312	0.00382   	0.00980   	-0.00572  	1.59500   	 (-0.00000  )
313	-0.05614  	0.19754   	-0.01824  	1.58294   	 (-0.00000  )
314	-0.01054  	0.05627   	-0.00272  	1.56588   	 (0.00000   )
315	0.06140   	-0.07711  	0.00075   	1.54997   	 (-0.00000  )
316	-0.02034  	0.04167   	-0.01085  	1.49440   	 (-0.00000  )
317	0.09522   	-0.15790  	-0.02121  	1.55350   	 (0.00000   )
318	0.05020   	-0.02756  	-0.03713  	1.60929   	 (-0.00000  )
319	0.02655   	-0.01063  	-0.01839  	1.42178   	 (-0.00000  )
320	-0.02112  	0.03379   	0.00553   	1.43884   	 (0.00000   )
321	-0.00025  	0.03437   	-0.02197  	1.40595   	 (-0.00000  )
322	0.01627   	0.02258   	0.05286   	1.36440   	 (-0.00000  )
323	-0.00227  	-0.01776  	-0.06177  	1.50315   	 (0.00000   )
324	-0.12923  	-0.00698  	0.04778   	1.58620   	 (-0.00000  )
325	-0.00308  	0.00441   	0.00121   	1.33858   	 (-0.00000  )
326	0.01182   	-0.01457  	0.02192   	1.43540   	 (0.00000   )
327	-0.10866  	-0.18971  	-0.01397  	1.42825   	 (-0.00000  )
328	0.15971   	0.13522   	-0.01447  	1.42413   	 (0.00000   )
329	-0.00058  	-0.00395  	-0.00025  	1.35712   	 (-0.00000  )
330	0.01769   	-0.00087  	-0.03210  	1.36435   	 (-0.00000  )
331	-0.00268  	-0.00193  	-0.00379  	1.20570   	 (-0.00000  )
332	0.03633   	-0.03613  	0.02949   	1.51141   	 (0.00000   )
333	0.03493   	-0.06377  	0.00096   	1.46987   	 (-0.00000  )
334	-0.03672  	0.06344   	-0.00051  	1.40204   	 (-0.00000  )
335	-0.01888  	-0.02167  	-0.00174  	1.38027   	 (-0.00000  )
336	0.02156   	0.01548   	-0.00128  	1.19296   	 (-0.00000  )
337	-0.01498  	0.01468   	-0.01135  	1.46394   	 (0.00000   )
338	0.04596   	-0.02270  	0.02483   	1.46041   	 (-0.00000  )
339	0.00312   	0.02072   	-0.02740  	1.48457   	 (0.00000   )
340	-0.07317  	0.01530   	-0.00747  	1.43744   	 (-0.00000  )
341	0.08839   	-0.08176  	-0.00029  	1.46957   	 (-0.00000  )
342	-0.03404  	0.00659   	0.01814   	1.38681   	 (-0.00000  )
343	0.01711   	-0.03423  	0.01338   	1.63069   	 (0.00000   )
344	-0.07953  	0.02974   	-0.00002  	1.56441   	 (0.00000   )
345	-0.15542  	0.23514   	0.00587   	1.75196   	 (0.00000   )
346	0.05397   	-0.05589  	0.00579   	1.54819   	 (0.00000   )
347	0.21532   	-0.17498  	0.00002   	1.51241   	 (0.00000   )
348	-0.03126  	-0.00427  	-0.00111  	1.32057   	 (-0.00000  )
349	-0.00089  	0.01090   	-0.01488  	1.37003   	 (-0.00000  )
350	0.00180   	0.00200   	-0.00108  	1.33622   	 (-0.00000  )
351	0.00006   	0.00212   	-0.00263  	1.45387   	 (0.00000   )
352	-0.00296  	-0.01225  	0.00313   	1.50072   	 (-0.00000  )
353	-0.00327  	-0.01389  	0.00163   	1.87769   	 (0.00000   )
354	-0.07447  	0.14191   	0.02425   	1.66388   	 (0.00000   )
355	0.00487   	0.02062   	-0.07564  	1.75412   	 (-0.00000  )
356	0.02439   	0.00602   	0.08155   	1.79698   	 (0.00000   )
357	-0.00797  	-0.00397  	0.00200   	1.84557   	 (-0.00000  )
358	0.03335   	-0.07710  	0.00908   	1.62588   	 (0.00000   )
359	0.10791   	-0.20984  	-0.00741  	1.47454   	 (-0.00000  )
360	-0.12071  	0.13370   	-0.01871  	1.49239   	 (-0.00000  )
361	-0.02577  	-0.01289  	-0.04465  	1.57981   	 (-0.00000  )
362	0.04319   	0.03096   	0.01456   	1.46323   	 (-0.00000  )
363	0.00815   	-0.02125  	0.00685   	1.40270   	 (-0.00000  )
364	0.14855   	-0.28764  	0.02695   	1.48138   	 (0.00000   )
365	-0.01015  	0.02189   	0.00454   	1.46121   	 (0.00000   )
366	-0.02542  	-0.18700  	-0.02456  	1.46903   	 (-0.00000  )
367	0.08332   	0.04851   	0.12444   	1.43035   	 (-0.00000  )
368	-0.03940  	0.03964   	0.24055   	1.50108   	 (0.00000   )
369	0.01465   	0.06784   	0.08468   	1.44727   	 (-0.00000  )
370	-0.03636  	0.03627   	-0.01975  	1.40842   	 (-0.00000  )
371	0.04877   	-0.03693  	-0.05520  	1.39556   	 (0.00000   )
372	0.04255   	0.08677   	-0.02463  	1.48084   	 (0.00000   )
373	-0.03635  	0.09744   	-0.09728  	1.61326   	 (0.00000   )
374	-0.02435  	-0.03161  	0.13119   	1.53507   	 (0.00000   )
375	0.06997   	-0.02594  	-0.11769  	1.45067   	 (0.00000   )
376	0.13107   	-0.00110  	-0.18077  	1.55879   	 (0.00000   )
377	-0.04861  	-0.01687  	-0.01284  	1.51180   	 (0.00000   )
378	-0.04849  	0.09457   	0.01167   	1.55328   	 (-0.00000  )
379	-0.12537  	0.07260   	-0.18803  	1.51719   	 (-0.00000  )
380	-0.13672  	0.00368   	-0.01040  	1.61815   	 (0.00000   )
381	-0.18596  	0.10420   	-0.01920  	1.57166   	 (-0.00000  )
382	-0.00647  	-0.00560  	-0.00077  	1.39198   	 (-0.00000  )
383	-0.00828  	0.01911   	-0.00084  	1.40685   	 (0.00000   )
384	0.01815   	0.00538   	-0.00696  	1.25030   	 (-0.00000  )
385	-0.02852  	0.07256   	-0.06670  	1.43716   	 (0.00000   )
386	0.11054   	-0.16895  	-0.01615  	1.60875   	 (0.00000   )
387	0.05007   	0.08394   	-0.19937  	1.54806   	 (-0.00000  )
388	0.03547   	0.04534   	-0.15814  	1.58096   	 (0.00000   )
389	-0.00992  	-0.01771  	0.04268   	1.49261   	 (0.00000   )
390	0.02895   	-0.15311  	0.29611   	1.48941   	 (0.00000   )
391	0.00443   	-0.00837  	0.02789   	1.32341   	 (-0.00000  )
392	0.00665   	-0.01783  	0.02674   	1.55551   	 (-0.00000  )
393	-0.12481  	0.23123   	-0.00580  	1.49022   	 (-0.00000  )
394	0.12617   	-0.14115  	0.03178   	1.68673   	 (0.00000   )
395	0.17507   	-0.19924  	-0.06386  	1.64637   	 (-0.00000  )
396	0.00202   	0.00222   	-0.00102  	1.55178   	 (-0.00000  )
397	0.00858   	-0.02425  	-0.04633  	1.69533   	 (0.00000   )
398	-0.16270  	0.04408   	0.02954   	1.62323   	 (-0.00000  )
399	0.05972   	-0.01850  	0.00115   	1.40983   	 (-0.00000  )
400	-0.05880  	0.01585   	0.00139   	1.38999   	 (-0.00000  )
401	-0.01461  	0.00533   	-0.00077  	1.53533   	 (-0.00000  )
402	0.01332   	0.01483   	0.00544   	1.37752   	 (-0.00000  )
403	0.05392   	-0.06954  	0.00274   	1.37061   	 (-0.00000  )
404	-0.03941  	0.06091   	-0.00023  	1.54941   	 (-0.00000  )
405	0.00100   	0.00144   	-0.00358  	1.09590   	 (-0.00000  )
406	-0.00181  	-0.00222  	0.00132   	1.34449   	 (-0.00000  )
407	-0.05337  	-0.02639  	0.03339   	1.63073   	 (-0.00000  )
408	-0.06767  	-0.01757  	0.00159   	1.59730   	 (0.00000   )
409	0.00695   	-0.01693  	-0.00156  	1.64052   	 (0.00000   )
410	0.06060   	0.10857   	-0.03175  	1.67651   	 (0.00000   )
411	-0.00712  	0.07756   	-0.03154  	1.70914   	 (-0.00000  )
412	0.00029   	0.00063   	-0.00035  	1.40825   	 (0.00000   )
413	-0.15840  	0.02208   	0.02473   	1.49938   	 (0.00000   )
414	0.08694   	-0.03793  	-0.00831  	1.43183   	 (-0.00000  )
415	-0.07244  	-0.11109  	0.04716   	1.45191   	 (-0.00000  )
416	0.05550   	-0.07776  	-0.08377  	1.31079   	 (-0.00000  )
417	0.05657   	-0.02782  	-0.04127  	1.38052   	 (-0.00000  )
418	0.11007   	0.11291   	0.01222   	1.41410   	 (-0.00000  )
419	-0.05503  	0.17747   	0.04529   	1.54585   	 (0.00000   )
420	0.06427   	-0.05106  	-0.01875  	1.36770   	 (0.00000   )
421	0.07694   	-0.01335  	0.02173   	1.38950   	 (-0.00000  )
422	-0.14263  	0.03638   	-0.01035  	1.44461   	 (-0.00000  )
423	-0.02447  	-0.06689  	0.03955   	1.38963   	 (-0.00000  )
424	-0.04179  	-0.13055  	0.05707   	1.42227   	 (0.00000   )
425	-0.02858  	0.04700   	0.01364   	1.53115   	 (-0.00000  )
426	0.14355   	-0.04416  	0.00111   	1.46651   	 (0.00000   )
427	0.03983   	0.00419   	-0.01683  	1.45016   	 (0.00000   )
428	-0.09787  	0.05674   	-0.00526  	1.41003   	 (-0.00000  )
429	0.12762   	0.00568   	0.05441   	1.40646   	 (0.00000   )
430	-0.04176  	0.31336   	-0.15843  	1.53666   	 (0.00000   )
431	-0.23899  	-0.27704  	-0.10689  	1.52606   	 (-0.00000  )
432	0.09507   	0.07820   	0.02410   	1.49800   	 (0.00000   )
433	0.02008   	0.01510   	0.00161   	1.50559   	 (-0.00000  )
434	-0.08588  	0.18736   	0.13971   	1.54891   	 (0.00000   )
435	0.18401   	0.09654   	-0.01602  	1.36664   	 (-0.00000  )
436	-0.07692  	-0.14502  	-0.03271  	1.43920   	 (-0.00000  )
437	-0.13609  	0.07115   	0.03799   	1.59345   	 (0.00000   )
438	-0.01109  	-0.12459  	0.02151   	1.59778   	 (-0.00000  )
439	0.05793   	-0.06285  	0.03788   	1.54894   	 (-0.00000  )
440	0.02146   	0.09874   	-0.02837  	1.44056   	 (0.00000   )
441	0.04633   	-0.01186  	0.03615   	1.43883   	 (0.00000   )
442	-0.04244  	-0.00931  	0.00667   	1.77308   	 (0.00000   )
443	0.07330   	-0.17627  	0.02253   	1.44227   	 (-0.00000  )
444	0.02242   	0.06728   	0.03344   	1.56489   	 (0.00000   )
445	0.01236   	-0.01432  	-0.01487  	1.47774   	 (-0.00000  )
446	-0.01987  	0.03534   	-0.00383  	1.42947   	 (0.00000   )
447	-0.09958  	0.06082   	0.02368   	1.65834   	 (0.00000   )
448	0.07996   	-0.05857  	-0.11631  	1.66566   	 (0.00000   )
449	-0.08349  	0.06216   	0.07798   	1.69431   	 (0.00000   )
450	-0.02489  	0.02403   	0.06707   	1.65188   	 (0.00000   )
451	0.09020   	-0.10111  	0.01196   	1.67297   	 (0.00000   )
452	0.00574   	0.00122   	0.00149   	1.28399   	 (-0.00000  )
453	0.00271   	-0.06584  	-0.05513  	1.50634   	 (-0.00000  )
454	0.02648   	0.01775   	0.09891   	1.41316   	 (-0.00000  )
455	0.00422   	-0.05009  	-0.12106  	1.36433   	 (0.00000   )
456	-0.02148  	-0.00852  	-0.01684  	1.27636   	 (-0.00000  )
457	0.03774   	-0.01832  	-0.01361  	1.52645   	 (0.00000   )
458	0.00599   	0.05922   	-0.06760  	1.53283   	 (-0.00000  )
459	-0.01252  	-0.00310  	0.06216   	1.56184   	 (0.00000   )
460	-0.04105  	-0.00359  	-0.00305  	1.62154   	 (0.00000   )
461	0.00769   	0.02732   	0.00918   	1.37564   	 (-0.00000  )
462	0.03425   	0.01253   	0.00407   	1.50257   	 (-0.00000  )
463	-0.04799  	-0.02736  	0.02906   	1.61396   	 (0.00000   )
464	-0.02201  	0.03063   	0.00024   	1.54952   	 (0.00000   )
465	0.01469   	0.00274   	0.01317   	1.54140   	 (0.00000   )
466	0.00172   	0.02086   	-0.02403  	1.32507   	 (-0.00000  )
467	0.01984   	0.01004   	0.02527   	1.53222   	 (0.00000   )
468	0.00251   	0.02702   	-0.02201  	1.46451   	 (-0.00000  )
469	0.00462   	0.05935   	-0.08087  	1.47149   	 (-0.00000  )
470	-0.09975  	0.06798   	-0.00495  	1.38615   	 (-0.00000  )
471	0.10726   	-0.09120  	0.04983   	1.52703   	 (-0.00000  )
472	-0.02554  	-0.04883  	-0.00589  	1.58716   	 (0.00000   )
473	0.01162   	-0.01452  	-0.00079  	1.48752   	 (0.00000   )
474	-0.00789  	0.00035   	-0.00475  	1.43328   	 (-0.00000  )
475	0.07708   	0.08198   	-0.00452  	1.46186   	 (-0.00000  )
476	-0.14916  	0.04765   	0.00390   	1.40507   	 (-0.00000  )
477	0.04070   	0.05966   	0.00961   	1.48897   	 (-0.00000  )
478	0.12001   	-0.09018  	0.00000   	1.52840   	 (0.00000   )
479	-0.03830  	-0.01662  	-0.02488  	1.52388   	 (0.00000   )
480	-0.03210  	-0.06164  	-0.00713  	1.49657   	 (-0.00000  )
481	0.01979   	-0.00744  	0.00684   	1.53462   	 (0.00000   )
482	-0.06044  	-0.04739  	0.01655   	1.42741   	 (-0.00000  )
483	0.06028   	0.00913   	0.00322   	1.43599   	 (-0.00000  )
484	-0.04939  	0.03511   	0.00045   	1.47693   	 (-0.00000  )
485	0.06196   	-0.04705  	-0.01718  	1.44663   	 (-0.00000  )
486	0.01382   	-0.03860  	-0.02168  	1.50592   	 (0.00000   )
487	-0.04556  	-0.00472  	-0.00725  	1.53883   	 (0.00000   )
488	0.00171   	0.01397   	0.02499   	1.52432   	 (0.00000   )
489	-0.03667  	-0.02528  	0.00090   	1.54524   	 (0.00000   )
490	0.04030   	-0.02406  	-0.00387  	1.38137   	 (-0.00000  )
491	0.15080   	0.13565   	0.00463   	1.44125   	 (0.00000   )
492	-0.09787  	-0.12814  	-0.00581  	1.42470   	 (0.00000   )
493	0.00439   	-0.03247  	0.00085   	1.51779   	 (-0.00000  )
494	-0.03044  	0.01471   	0.01636   	1.46527   	 (0.00000   )
495	0.00506   	-0.12655  	0.01294   	1.53159   	 (0.00000   )
496	0.01276   	0.08508   	-0.02549  	1.46295   	 (-0.00000  )
497	-0.02835  	-0.03387  	-0.03084  	1.47419   	 (0.00000   )
498	-0.01244  	-0.02133  	-0.05721  	1.51035   	 (0.00000   )
499	0.00279   	0.04536   	0.06526   	1.45330   	 (0.00000   )
500	0.05848   	-0.00203  	-0.02904  	1.49874   	 (-0.00000  )
501	-0.00725  	-0.03014  	-0.07446  	1.53537   	 (-0.00000  )
502	0.04309   	0.03978   	0.10779   	1.42264   	 (0.00000   )
503	-0.01367  	0.01868   	0.10532   	1.57529   	 (0.00000   )
504	-0.09044  	0.01735   	-0.04142  	1.55588   	 (-0.00000  )
505	0.00335   	-0.00600  	0.06565   	1.49778   	 (-0.00000  )
506	0.04124   	0.00215   	-0.10016  	1.56837   	 (0.00000   )
507	-0.00698  	0.03023   	-0.03797  	1.51164   	 (-0.00000  )
508	-0.04663  	-0.00739  	0.02507   	1.47133   	 (-0.00000  )
509	0.01406   	-0.01612  	0.01836   	1.48793   	 (-0.00000  )
510	0.08946   	-0.08394  	-0.03247  	1.57924   	 (0.00000   )
511	-0.01606  	0.01613   	0.04653   	1.37076   	 (0.00000   )
512	-0.10293  	0.02413   	0.00690   	1.57365   	 (-0.00000  )
513	-0.04004  	-0.00335  	-0.00471  	1.48723   	 (0.00000   )
514	0.04305   	0.01040   	0.01482   	1.56671   	 (0.00000   )
515	0.05872   	-0.04690  	-0.00778  	1.48462   	 (0.00000   )
516	-0.06208  	0.08493   	0.15344   	1.50372   	 (-0.00000  )
517	-0.01421  	0.00598   	-0.02353  	1.46207   	 (0.00000   )
518	0.01306   	0.05333   	-0.13661  	1.46693   	 (-0.00000  )
519	0.03366   	-0.00006  	0.03037   	1.43419   	 (0.00000   )
520	0.02103   	0.04000   	-0.01092  	1.48080   	 (0.00000   )
521	-0.00510  	0.01348   	-0.08527  	1.52746   	 (0.00000   )
522	0.04155   	0.04685   	0.06656   	1.45559   	 (0.00000   )
523	0.00157   	-0.05571  	0.00047   	1.65264   	 (0.00000   )
524	-0.06172  	0.10058   	-0.00413  	1.43156   	 (-0.00000  )
525	0.09901   	-0.03288  	0.01955   	1.51280   	 (-0.00000  )
526	0.00263   	0.04256   	-0.01445  	1.56643   	 (-0.00000  )
527	-0.04171  	-0.13011  	-0.01094  	1.49252   	 (0.00000   )
528	-0.00277  	-0.03056  	-0.02014  	1.48412   	 (0.00000   )
529	-0.02821  	-0.03816  	-0.00996  	1.51879   	 (-0.00000  )
530	-0.01286  	0.05838   	-0.01301  	1.51371   	 (0.00000   )
531	-0.02923  	0.02679   	-0.01026  	1.51721   	 (-0.00000  )
532	0.08947   	-0.04234  	0.00632   	1.45179   	 (-0.00000  )
533	-0.03284  	0.10080   	0.04702   	1.43484   	 (0.00000   )
534	0.02563   	-0.12720  	0.01407   	1.57446   	 (-0.00000  )
535	-0.00932  	-0.01512  	-0.06987  	1.51504   	 (0.00000   )
536	-0.04485  	-0.03193  	-0.05439  	1.49074   	 (-0.00000  )
537	-0.07882  	0.03210   	0.03268   	1.52001   	 (0.00000   )
538	-0.10344  	0.02562   	0.00060   	1.48202   	 (0.00000   )
539	-0.00124  	0.11072   	0.00387   	1.48330   	 (-0.00000  )
540	0.01110   	-0.07973  	-0.03428  	1.49152   	 (0.00000   )
541	0.04035   	0.04622   	-0.03718  	1.49730   	 (-0.00000  )
542	0.04560   	0.06731   	0.00609   	1.51187   	 (-0.00000  )
543	0.04543   	-0.07673  	-0.00081  	1.54655   	 (-0.00000  )
544	0.02583   	0.02268   	0.00456   	1.44443   	 (0.00000   )
545	0.04925   	0.01013   	0.01753   	1.49211   	 (0.00000   )
546	-0.03243  	-0.02378  	-0.01114  	1.49453   	 (-0.00000  )
547	-0.01108  	0.04063   	-0.05996  	1.53475   	 (0.00000   )
548	-0.02422  	0.10621   	-0.03478  	1.46467   	 (-0.00000  )
549	-0.03692  	-0.02455  	-0.00631  	1.47851   	 (0.00000   )
550	0.10507   	-0.11388  	-0.01842  	1.46216   	 (0.00000   )
551	-0.00040  	0.05805   	0.04059   	1.48312   	 (-0.00000  )
552	0.01621   	-0.02384  	0.01879   	1.47378   	 (-0.00000  )
553	-0.06291  	-0.05214  	0.10438   	1.53026   	 (0.00000   )
554	0.00394   	-0.07098  	0.02537   	1.53245   	 (0.00000   )
555	-0.00090  	-0.00005  	-0.01102  	1.53641   	 (-0.00000  )
556	0.00291   	-0.02880  	0.02926   	1.44980   	 (-0.00000  )
557	0.00266   	0.15338   	0.00645   	1.54828   	 (-0.00000  )
558	-0.03616  	-0.03492  	0.02366   	1.49009   	 (-0.00000  )
559	-0.05671  	0.01089   	-0.01765  	1.59721   	 (0.00000   )
560	-0.04037  	-0.01910  	-0.00490  	1.44661   	 (0.00000   )
561	0.00314   	0.01969   	-0.00767  	1.62050   	 (0.00000   )
562	0.00862   	-0.06454  	0.00843   	1.54671   	 (-0.00000  )
563	-0.01763  	-0.05231  	0.01800   	1.46211   	 (-0.00000  )
564	0.06802   	-0.01898  	0.00662   	1.53349   	 (0.00000   )
565	-0.01238  	-0.02519  	-0.00058  	1.46504   	 (-0.00000  )
566	-0.00639  	0.05396   	0.00312   	1.48082   	 (0.00000   )
567	0.00426   	0.01578   	-0.00548  	1.48462   	 (-0.00000  )
568	-0.01070  	-0.03833  	0.00426   	1.50341   	 (-0.00000  )
569	-0.07602  	0.07523   	0.00017   	1.49109   	 (0.00000   )
570	0.08455   	-0.00304  	0.01108   	1.48299   	 (0.00000   )
571	0.00033   	0.09774   	0.00794   	1.47703   	 (-0.00000  )
572	0.00556   	0.01183   	0.00243   	1.74338   	 (0.00000   )
573	0.03234   	0.02098   	0.01854   	1.52023   	 (0.00000   )
574	-0.02350  	-0.00553  	0.00570   	1.51236   	 (-0.00000  )
575	0.03985   	-0.14958  	0.02596   	1.56150   	 (0.00000   )
576	0.07430   	-0.06348  	-0.02356  	1.50764   	 (0.00000   )
577	0.03183   	-0.02645  	0.01578   	1.55679   	 (-0.00000  )
578	-0.01761  	0.03929   	-0.02480  	1.53287   	 (-0.00000  )
579	0.03654   	-0.01103  	-0.01471  	1.51640   	 (0.00000   )
580	-0.06281  	0.07442   	-0.00352  	1.53617   	 (-0.00000  )
581	-0.04204  	-0.00756  	0.00671   	1.45974   	 (-0.00000  )
582	-0.05680  	-0.00600  	-0.00899  	1.57077   	 (0.00000   )
583	0.04999   	0.02761   	0.00057   	1.69134   	 (0.00000   )
584	-0.02334  	0.00057   	-0.00044  	1.57655   	 (0.00000   )
585	-0.02686  	-0.02434  	-0.00107  	1.48211   	 (0.00000   )
586	0.01850   	-0.01956  	0.00381   	1.60720   	 (0.00000   )
587	0.09872   	0.02910   	0.00463   	1.52983   	 (0.00000   )
588	-0.06000  	-0.00820  	-0.00233  	1.51088   	 (-0.00000  )
589	-0.02411  	-0.00743  	0.00017   	1.44071   	 (-0.00000  )
590	0.05802   	-0.01578  	-0.00539  	1.46607   	 (-0.00000  )
591	0.00543   	0.01387   	0.00505   	1.47379   	 (0.00000   )
592	-0.03888  	0.03979   	0.00681   	1.48869   	 (0.00000   )
593	-0.02057  	-0.00004  	0.04257   	1.43333   	 (-0.00000  )
594	-0.03171  	-0.02409  	-0.01065  	1.46765   	 (-0.00000  )
595	0.00738   	-0.00108  	-0.00845  	1.51786   	 (-0.00000  )
596	0.05547   	0.04231   	-0.02942  	1.43367   	 (0.00000   )
597	-0.04072  	0.01979   	-0.03414  	1.40899   	 (0.00000   )
598	-0.00266  	0.00938   	-0.01176  	1.42807   	 (-0.00000  )
599	0.05121   	-0.00954  	-0.01857  	1.59537   	 (-0.00000  )
600	-0.04638  	0.00990   	0.01652   	1.54746   	 (-0.00000  )
601	0.00481   	-0.06655  	-0.00479  	1.50578   	 (0.00000   )
602	0.00598   	0.02225   	-0.00982  	1.47529   	 (-0.00000  )
603	0.00422   	-0.00829  	-0.00746  	1.73785   	 (-0.00000  )
604	0.01685   	-0.01431  	-0.00116  	1.50465   	 (-0.00000  )
605	-0.05394  	0.06198   	0.02888   	1.51246   	 (0.00000   )
606	0.03152   	-0.06045  	0.00858   	1.44441   	 (0.00000   )
607	-0.00538  	0.10092   	0.00944   	1.48071   	 (0.00000   )
608	0.01071   	-0.05735  	0.00235   	1.49341   	 (-0.00000  )
609	0.04282   	-0.06583  	0.02547   	1.51782   	 (-0.00000  )
610	-0.02873  	0.02083   	0.00062   	1.49671   	 (-0.00000  )
611	-0.04827  	0.01062   	-0.00755  	1.46962   	 (-0.00000  )
612	0.03179   	0.01452   	-0.08562  	1.48828   	 (-0.00000  )
613	0.01632   	0.03842   	0.08662   	1.51518   	 (0.00000   )
614	-0.03567  	0.07352   	0.01015   	1.43321   	 (-0.00000  )
615	0.04992   	0.02790   	-0.00803  	1.43035   	 (0.00000   )
616	0.01583   	0.02053   	-0.00964  	1.39565   	 (-0.00000  )
617	0.05212   	-0.11033  	-0.04037  	1.50719   	 (0.00000   )
618	-0.03343  	-0.08919  	-0.06577  	1.44113   	 (0.00000   )
619	-0.04265  	0.05832   	0.02110   	1.49722   	 (0.00000   )
620	-0.00323  	0.00229   	-0.00058  	1.49291   	 (0.00000   )
621	-0.06258  	-0.05372  	-0.01169  	1.51887   	 (0.00000   )
622	0.05774   	0.03111   	0.11712   	1.49000   	 (-0.00000  )
623	-0.01300  	0.03311   	0.00957   	1.52680   	 (-0.00000  )
624	-0.00843  	0.04169   	-0.01239  	1.52983   	 (0.00000   )
625	0.03810   	-0.06944  	0.02934   	1.47721   	 (0.00000   )
626	-0.00628  	-0.10075  	-0.01373  	1.44316   	 (0.00000   )
627	-0.03416  	0.00289   	-0.00073  	1.50568   	 (-0.00000  )
628	0.00429   	0.06586   	0.02439   	1.48351   	 (-0.00000  )
629	0.01151   	0.00764   	0.00928   	1.65755   	 (0.00000   )
630	-0.00191  	-0.01114  	0.01894   	1.47674   	 (0.00000   )
631	0.00768   	-0.02187  	0.00380   	1.45646   	 (-0.00000  )
632	0.04899   	-0.01690  	-0.02026  	1.44083   	 (-0.00000  )
633	-0.12222  	0.02733   	-0.00188  	1.44205   	 (0.00000   )
634	0.02121   	-0.00591  	-0.00485  	1.29207   	 (-0.00000  )
635	-0.02839  	-0.02761  	-0.00880  	1.54389   	 (-0.00000  )
636	-0.07134  	-0.06564  	-0.03215  	1.49508   	 (-0.00000  )
637	0.12366   	-0.09504  	0.02254   	1.49415   	 (0.00000   )
638	0.00996   	0.00890   	0.03003   	1.48926   	 (-0.00000  )
639	-0.14302  	0.09327   	-0.01747  	1.59339   	 (0.00000   )
640	0.01108   	0.04302   	-0.01560  	1.48652   	 (-0.00000  )
641	0.00384   	0.00267   	-0.00830  	1.58515   	 (0.00000   )
642	-0.04600  	0.04090   	-0.03210  	1.47085   	 (0.00000   )
643	0.12686   	-0.07704  	-0.01087  	1.57939   	 (-0.00000  )
644	0.05789   	-0.04746  	-0.01607  	1.50581   	 (-0.00000  )
645	0.00692   	-0.01247  	-0.00569  	1.45532   	 (-0.00000  )
646	-0.00339  	-0.01190  	-0.02988  	1.44679   	 (0.00000   )
647	-0.02479  	-0.06961  	-0.00967  	1.45571   	 (0.00000   )
648	-0.02993  	-0.02045  	0.01997   	1.37846   	 (-0.00000  )
649	0.08684   	0.05153   	-0.00345  	1.50928   	 (0.00000   )
650	0.05786   	-0.01116  	-0.01946  	1.56933   	 (-0.00000  )
651	-0.01467  	0.01269   	-0.01143  	1.44030   	 (-0.00000  )
652	-0.00652  	0.04492   	0.00564   	1.53098   	 (0.00000   )
653	0.01555   	0.00433   	-0.00453  	1.51761   	 (0.00000   )
654	-0.02725  	0.03348   	-0.06065  	1.53670   	 (0.00000   )
655	-0.04754  	0.10476   	0.00766   	1.55342   	 (-0.00000  )
656	0.05105   	-0.10380  	0.00009   	1.50873   	 (-0.00000  )
657	0.01125   	0.05196   	-0.04900  	1.50741   	 (-0.00000  )
658	0.04355   	0.04111   	0.03227   	1.50958   	 (0.00000   )
659	-0.00084  	-0.00119  	-0.00038  	1.32693   	 (-0.00000  )
660	-0.09919  	0.01990   	-0.02231  	1.53469   	 (0.00000   )
661	-0.01654  	-0.02314  	-0.09003  	1.50854   	 (-0.00000  )
662	0.00404   	0.00285   	-0.00662  	1.54056   	 (-0.00000  )
663	-0.00171  	-0.12994  	0.16116   	1.52781   	 (0.00000   )
664	0.00075   	-0.00021  	-0.00104  	1.29529   	 (0.00000   )
665	-0.08040  	0.06381   	0.01755   	1.48060   	 (-0.00000  )
666	0.02786   	-0.05840  	-0.01829  	1.52320   	 (0.00000   )
667	-0.09530  	-0.02033  	0.00327   	1.49256   	 (-0.00000  )
668	0.17515   	0.17623   	0.06210   	1.48528   	 (-0.00000  )
669	0.01102   	0.00414   	-0.00242  	1.33717   	 (-0.00000  )
670	0.07681   	0.00492   	-0.07196  	1.43707   	 (-0.00000  )
671	-0.18279  	0.08464   	0.07392   	1.48798   	 (0.00000   )
672	0.04260   	-0.03552  	-0.01841  	1.50932   	 (-0.00000  )
673	0.21025   	0.12440   	0.02237   	1.48439   	 (0.00000   )
674	0.00020   	0.00248   	-0.00001  	1.31966   	 (-0.00000  )
675	-0.16220  	0.15722   	0.02991   	1.65543   	 (0.00000   )
676	-0.15282  	-0.17575  	-0.00983  	1.51730   	 (-0.00000  )
677	0.08010   	0.09824   	0.02120   	1.54017   	 (0.00000   )
678	-0.14414  	-0.04645  	-0.09370  	1.56553   	 (-0.00000  )
679	0.16481   	-0.12038  	-0.09436  	1.51398   	 (-0.00000  )
680	0.02434   	0.01141   	-0.04750  	1.52469   	 (-0.00000  )
681	0.02819   	-0.07605  	-0.09234  	1.51242   	 (0.00000   )
682	0.01785   	-0.06052  	-0.11023  	1.46452   	 (0.00000   )
683	-0.02890  	-0.13938  	0.07289   	1.53748   	 (-0.00000  )
684	0.03294   	-0.08270  	-0.02859  	1.44923   	 (-0.00000  )
685	-0.07717  	0.02431   	0.14400   	1.57590   	 (0.00000   )
686	-0.02620  	-0.11670  	-0.09907  	1.45495   	 (-0.00000  )
687	0.07752   	0.08134   	-0.02328  	1.48319   	 (0.00000   )
688	0.03826   	-0.04553  	0.06812   	1.49837   	 (-0.00000  )
689	0.05971   	-0.06612  	0.04902   	1.47366   	 (0.00000   )
690	-0.03745  	-0.06967  	-0.05750  	1.45877   	 (0.00000   )
691	-0.00690  	-0.01818  	0.15023   	1.42133   	 (0.00000   )
692	0.06106   	0.04471   	0.17393   	1.48024   	 (0.00000   )
693	0.00891   	0.05541   	-0.12155  	1.53167   	 (-0.00000  )
694	-0.09753  	-0.03315  	0.08788   	1.49976   	 (0.00000   )
695	-0.04676  	0.12208   	-0.00990  	1.48716   	 (-0.00000  )
696	-0.04840  	-0.03929  	-0.13695  	1.43368   	 (0.00000   )
697	0.16462   	0.03645   	-0.00969  	1.47195   	 (0.00000   )
698	0.00622   	0.02425   	0.00397   	1.72757   	 (0.00000   )
699	0.00321   	0.17180   	0.04832   	1.49539   	 (0.00000   )
700	-0.04102  	-0.02189  	-0.03268  	1.38810   	 (-0.00000  )
701	-0.05726  	0.11038   	-0.08995  	1.47239   	 (-0.00000  )
702	-0.07003  	-0.05507  	0.04106   	1.53658   	 (0.00000   )
703	-0.04013  	0.01677   	0.01274   	1.52879   	 (0.00000   )
704	-0.04140  	0.00419   	0.04606   	1.53193   	 (0.00000   )
705	0.02568   	-0.22179  	-0.12072  	1.56692   	 (-0.00000  )
706	0.17898   	-0.07433  	0.04523   	1.54768   	 (0.00000   )
707	-0.00072  	-0.02513  	-0.00220  	1.66605   	 (-0.00000  )
708	-0.03379  	-0.06512  	0.01287   	1.43193   	 (-0.00000  )
709	0.01271   	-0.00038  	0.01463   	1.59841   	 (-0.00000  )
710	0.07844   	0.04173   	-0.03685  	1.62104   	 (0.00000   )
711	0.09061   	0.03247   	-0.05273  	1.59599   	 (0.00000   )
712	-0.02266  	-0.01629  	0.11827   	1.57119   	 (0.00000   )
713	0.00194   	0.01796   	0.04378   	1.66316   	 (0.00000   )
714	0.05637   	0.03073   	-0.00510  	1.56127   	 (0.00000   )
715	-0.00740  	0.04361   	-0.00591  	1.65554   	 (0.00000   )
716	-0.02544  	-0.01158  	0.00969   	1.56552   	 (0.00000   )
717	-0.01728  	0.12214   	-0.01323  	1.45362   	 (-0.00000  )
718	0.07222   	-0.05014  	-0.05781  	1.54486   	 (-0.00000  )
719	0.02896   	-0.07124  	-0.01820  	1.53264   	 (-0.00000  )
720	-0.17829  	0.02251   	-0.01096  	1.54773   	 (0.00000   )
721	-0.00562  	-0.01910  	-0.01125  	1.62712   	 (-0.00000  )
722	0.00906   	0.05177   	-0.05063  	1.58779   	 (-0.00000  )
723	-0.00332  	0.00343   	0.01616   	1.61025   	 (-0.00000  )
724	-0.07286  	-0.04191  	-0.00240  	1.57844   	 (0.00000   )
725	0.09483   	0.08406   	-0.05942  	1.54348   	 (-0.00000  )
726	-0.08887  	0.00357   	0.01764   	1.48992   	 (0.00000   )
727	0.03533   	-0.00613  	0.03642   	1.51594   	 (-0.00000  )
728	-0.02492  	0.03795   	0.02568   	1.56140   	 (-0.00000  )
729	-0.00788  	-0.00927  	0.00604   	1.42371   	 (-0.00000  )
730	-0.02876  	0.00661   	0.00210   	1.51746   	 (0.00000   )
731	-0.02964  	0.04054   	-0.01248  	1.45473   	 (0.00000   )
732	-0.01308  	-0.01160  	-0.04478  	1.44564   	 (-0.00000  )
733	-0.06142  	0.00709   	0.04786   	1.42355   	 (0.00000   )
734	-0.01804  	-0.00999  	0.13567   	1.47902   	 (0.00000   )
735	-0.02295  	0.00694   	0.02861   	1.55377   	 (-0.00000  )
736	-0.03155  	-0.00168  	-0.15663  	1.40912   	 (-0.00000  )
737	0.01981   	0.03595   	0.02135   	1.46095   	 (0.00000   )
738	-0.01265  	-0.02588  	-0.00335  	1.62744   	 (0.00000   )
739	0.11816   	0.04390   	0.04340   	1.40441   	 (-0.00000  )
740	-0.02006  	0.01201   	-0.11873  	1.47921   	 (-0.00000  )
741	0.01662   	0.01250   	-0.00239  	1.69101   	 (0.00000   )
742	0.01992   	-0.13078  	0.02584   	1.48787   	 (0.00000   )
743	0.00926   	-0.01108  	0.01637   	1.41114   	 (0.00000   )
744	0.01888   	-0.02446  	0.01814   	1.45174   	 (0.00000   )
745	-0.04273  	0.11834   	0.08844   	1.47649   	 (-0.00000  )
746	-0.02628  	0.03639   	-0.08144  	1.52930   	 (0.00000   )
747	-0.00260  	-0.01123  	-0.00042  	1.55005   	 (0.00000   )
748	0.03622   	-0.05986  	-0.00677  	1.66172   	 (0.00000   )
749	0.00739   	0.00029   	0.01720   	1.56723   	 (-0.00000  )
750	0.10547   	-0.04625  	0.04784   	1.38491   	 (0.00000   )
751	-0.01569  	0.00517   	-0.00355  	1.48998   	 (-0.00000  )
752	-0.03797  	0.02437   	0.00264   	1.38841   	 (0.00000   )
753	-0.09046  	0.22850   	0.05554   	1.51917   	 (0.00000   )
754	-0.06570  	-0.04225  	-0.04397  	1.57017   	 (0.00000   )
755	0.05774   	0.01351   	-0.00085  	1.56078   	 (0.00000   )
756	0.01174   	-0.00684  	-0.01990  	1.49517   	 (0.00000   )
757	-0.06578  	-0.02015  	0.00100   	1.66656   	 (0.00000   )
758	-0.14379  	0.00466   	0.00407   	1.57741   	 (-0.00000  )
759	0.00321   	0.07345   	-0.00506  	1.47489   	 (-0.00000  )
760	-0.00130  	-0.07196  	0.01508   	1.37716   	 (-0.00000  )
761	0.16441   	-0.07980  	0.06508   	1.54723   	 (0.00000   )
762	0.14413   	-0.05424  	0.05136   	1.53041   	 (0.00000   )
763	-0.03570  	-0.03897  	0.00010   	1.50912   	 (-0.00000  )
764	-0.02591  	-0.01803  	-0.01119  	1.48224   	 (-0.00000  )
765	0.05432   	-0.05405  	-0.06235  	1.56161   	 (-0.00000  )
766	0.01065   	0.03309   	-0.02017  	1.62336   	 (0.00000   )
767	-0.08376  	0.10805   	-0.02983  	1.52578   	 (-0.00000  )
768	0.03883   	0.01899   	-0.01384  	1.53235   	 (-0.00000  )
769	-0.12777  	-0.07076  	0.02664   	1.56305   	 (-0.00000  )
770	0.11112   	0.07807   	-0.01412  	1.50030   	 (0.00000   )
771	0.03159   	0.01894   	-0.01195  	1.42189   	 (0.00000   )
772	-0.01571  	-0.02188  	-0.02885  	1.38812   	 (0.00000   )
773	-0.06076  	-0.11930  	0.03639   	1.53569   	 (-0.00000  )
774	0.01591   	0.07946   	-0.16206  	1.47901   	 (0.00000   )
775	0.01730   	-0.00466  	-0.01064  	1.70954   	 (-0.00000  )
776	0.00833   	-0.02437  	0.00226   	1.66894   	 (-0.00000  )
777	-0.08861  	-0.22635  	-0.03211  	1.48223   	 (0.00000   )
778	0.27800   	0.10361   	-0.00580  	1.43955   	 (-0.00000  )
779	0.06215   	0.01175   	-0.01286  	1.22698   	 (0.00000   )
780	-0.04144  	0.09378   	-0.02359  	1.47969   	 (-0.00000  )
781	-0.01482  	0.00058   	0.00339   	1.34866   	 (-0.00000  )
782	-0.01658  	-0.04977  	-0.01376  	1.39756   	 (-0.00000  )
783	-0.01047  	-0.03937  	-0.00863  	1.36264   	 (-0.00000  )
784	-0.00204  	-0.02073  	-0.00107  	1.34514   	 (0.00000   )
785	-0.12187  	-0.08701  	0.02151   	1.38191   	 (0.00000   )
786	-0.00204  	0.00558   	-0.00660  	1.29567   	 (-0.00000  )
787	0.04901   	0.07168   	0.00388   	1.34437   	 (0.00000   )
788	0.12205   	0.16320   	0.01077   	1.33821   	 (-0.00000  )
789	-0.10704  	0.23713   	-0.05336  	1.44955   	 (-0.00000  )
790	-0.09840  	-0.19222  	-0.01462  	1.33025   	 (-0.00000  )
791	0.04944   	-0.05843  	0.05609   	1.35983   	 (-0.00000  )
792	0.01108   	-0.03389  	-0.02993  	1.33924   	 (-0.00000  )
793	-0.01791  	-0.00395  	-0.00845  	1.37979   	 (-0.00000  )
794	-0.02957  	-0.03639  	0.08135   	1.30437   	 (-0.00000  )
795	-0.05753  	-0.13182  	-0.11119  	1.56479   	 (-0.00000  )
796	0.04684   	0.13961   	0.07217   	1.45688   	 (0.00000   )
797	0.09107   	0.14646   	0.10948   	1.65619   	 (-0.00000  )
798	-0.02155  	-0.01720  	-0.00364  	1.43713   	 (-0.00000  )
799	0.09889   	-0.03190  	-0.09275  	1.41116   	 (-0.00000  )
800	0.01157   	-0.10380  	0.05595   	1.37452   	 (0.00000   )
801	-0.15922  	-0.19047  	0.04599   	1.59507   	 (0.00000   )
802	-0.22859  	0.12448   	-0.12934  	1.48806   	 (0.00000   )
803	0.03497   	0.04314   	0.00754   	1.38814   	 (-0.00000  )
804	0.13906   	0.15070   	0.01746   	1.45773   	 (-0.00000  )
805	-0.00718  	-0.02234  	-0.50337  	1.59882   	 (-0.00000  )
806	0.06644   	-0.06661  	0.50011   	1.61799   	 (-0.00000  )
807	0.05046   	0.02280   	-0.00195  	1.64113   	 (0.00000   )
808	-0.01838  	0.03413   	-0.02043  	1.41951   	 (0.00000   )
809	0.00837   	0.00015   	0.00121   	1.86104   	 (0.00000   )
810	0.04614   	-0.05784  	-0.01625  	1.51940   	 (-0.00000  )
811	0.03291   	-0.02730  	0.01213   	1.51445   	 (0.00000   )
812	-0.08993  	0.05919   	0.02951   	1.56447   	 (-0.00000  )
813	-0.02597  	-0.02471  	-0.12881  	1.65421   	 (0.00000   )
814	-0.00548  	-0.00889  	0.10425   	1.65834   	 (-0.00000  )
815	-0.03513  	0.06901   	0.00714   	1.73564   	 (-0.00000  )
816	0.00805   	-0.01577  	-0.06775  	1.54565   	 (0.00000   )
817	0.00241   	0.00285   	0.00022   	1.86698   	 (-0.00000  )
818	0.01643   	-0.05108  	0.02623   	1.62477   	 (0.00000   )
819	-0.00492  	-0.04187  	-0.01316  	1.37413   	 (0.00000   )
820	0.01142   	-0.01118  	-0.00870  	1.43751   	 (0.00000   )
821	0.06966   	0.02759   	0.05069   	1.52643   	 (0.00000   )
822	-0.00171  	0.00072   	0.00950   	1.40902   	 (-0.00000  )
823	-0.07803  	-0.03938  	-0.00254  	1.56478   	 (0.00000   )
824	-0.07011  	-0.04198  	0.03528   	1.53672   	 (0.00000   )
825	0.04094   	0.03014   	-0.03509  	1.50703   	 (0.00000   )
826	-0.14039  	-0.01720  	-0.04611  	1.50688   	 (-0.00000  )
827	0.02673   	0.12338   	0.00873   	1.51944   	 (-0.00000  )
828	0.11855   	-0.01514  	-0.04903  	1.65626   	 (0.00000   )
829	-0.00640  	0.01119   	-0.03145  	1.64423   	 (0.00000   )
830	0.00067   	-0.00108  	0.00213   	1.11246   	 (-0.00000  )
831	0.03958   	0.02657   	-0.04163  	1.48067   	 (0.00000   )
832	0.03546   	-0.09625  	0.03260   	1.57609   	 (-0.00000  )
833	0.01278   	-0.01815  	0.00349   	1.77974   	 (0.00000   )
834	0.06056   	-0.04052  	0.03436   	1.67757   	 (-0.00000  )
835	-0.15352  	-0.02437  	-0.01500  	1.49913   	 (0.00000   )
836	0.04748   	0.02083   	0.00976   	1.60116   	 (0.00000   )
837	0.02786   	-0.12665  	0.00913   	1.43581   	 (-0.00000  )
838	0.00161   	0.01209   	-0.01192  	1.51979   	 (0.00000   )
839	0.01157   	-0.09225  	-0.00160  	1.72950   	 (-0.00000  )
840	-0.02621  	0.06018   	0.00426   	1.42605   	 (-0.00000  )
841	0.03628   	0.19575   	0.03213   	1.48066   	 (0.00000   )
842	0.05297   	0.01969   	-0.03688  	1.53580   	 (-0.00000  )
843	-0.00088  	0.00860   	0.00347   	1.48198   	 (0.00000   )
844	-0.00342  	0.01727   	0.00197   	1.54736   	 (0.00000   )
845	-0.13100  	0.01828   	0.00176   	1.47648   	 (-0.00000  )
846	0.00239   	-0.00002  	-0.00011  	1.76703   	 (0.00000   )
847	0.02673   	0.09597   	0.00113   	1.52633   	 (0.00000   )
848	-0.13934  	0.05265   	0.01601   	1.50222   	 (0.00000   )
849	0.13840   	-0.11211  	0.00455   	1.53393   	 (0.00000   )
850	0.00430   	-0.00465  	0.00061   	1.29816   	 (0.00000   )
851	0.01617   	-0.02393  	-0.01183  	1.53365   	 (-0.00000  )
852	-0.09164  	0.00614   	0.00679   	1.63448   	 (-0.00000  )
853	0.01406   	0.00509   	-0.00060  	1.57830   	 (0.00000   )
854	-0.01007  	0.00067   	0.00045   	1.40037   	 (0.00000   )
855	0.00138   	0.00448   	0.01089   	1.56863   	 (-0.00000  )
856	-0.03057  	-0.02155  	0.02989   	1.55161   	 (0.00000   )
857	0.10490   	-0.03552  	-0.05205  	1.59479   	 (0.00000   )
858	0.07408   	0.04645   	-0.01765  	1.42966   	 (0.00000   )
859	-0.01434  	0.01816   	0.03662   	1.47956   	 (0.00000   )
860	0.01508   	-0.00821  	0.00005   	1.34819   	 (-0.00000  )
861	-0.03631  	0.02134   	0.00482   	1.43208   	 (-0.00000  )
862	-0.02652  	-0.02942  	0.01275   	1.47774   	 (-0.00000  )
863	-0.01758  	0.06057   	0.00247   	1.55921   	 (-0.00000  )
864	-0.06403  	-0.11584  	0.00503   	1.57916   	 (-0.00000  )
865	-0.01126  	0.01611   	0.00304   	1.64038   	 (-0.00000  )
866	0.00909   	-0.04281  	0.01164   	1.42899   	 (0.00000   )
867	-0.00814  	-0.02322  	-0.00102  	1.37879   	 (0.00000   )
868	0.00770   	0.01846   	0.03572   	1.38399   	 (-0.00000  )
869	0.03837   	0.03147   	-0.04915  	1.45522   	 (0.00000   )
870	0.00289   	0.00458   	0.00312   	1.34187   	 (0.00000   )
871	0.02784   	0.00832   	0.01480   	1.58587   	 (-0.00000  )
872	-0.00039  	-0.00105  	-0.00057  	1.09367   	 (-0.00000  )
873	-0.00938  	0.01825   	0.00749   	1.44963   	 (0.00000   )
874	-0.01033  	0.02084   	0.02495   	1.44523   	 (0.00000   )
875	-0.02917  	0.02909   	-0.03991  	1.51380   	 (0.00000   )
876	0.00448   	-0.00022  	-0.00240  	1.46166   	 (-0.00000  )
877	-0.00198  	-0.00158  	-0.00076  	1.08373   	 (-0.00000  )
878	-0.05557  	-0.06186  	-0.02082  	1.42947   	 (-0.00000  )
879	0.04942   	0.03656   	0.00012   	1.41558   	 (0.00000   )
880	0.05236   	-0.01147  	0.00247   	1.48341   	 (0.00000   )
881	-0.04070  	0.04939   	0.02601   	1.50170   	 (0.00000   )
882	-0.09827  	-0.07515  	-0.02284  	1.54861   	 (0.00000   )
883	0.18167   	-0.04507  	-0.00061  	1.59641   	 (0.00000   )
884	-0.01760  	-0.08642  	-0.00272  	1.41447   	 (0.00000   )
885	-0.01049  	0.06817   	-0.02041  	1.39641   	 (-0.00000  )
886	0.06687   	-0.09833  	0.00958   	1.51901   	 (0.00000   )
887	-0.04688  	0.16623   	0.05596   	1.48270   	 (0.00000   )
888	-0.01485  	-0.08259  	-0.07384  	1.41374   	 (-0.00000  )
889	-0.04140  	0.04849   	-0.00582  	1.55563   	 (-0.00000  )
890	-0.01810  	0.02340   	-0.00241  	1.43314   	 (0.00000   )
891	0.08007   	0.03390   	0.00575   	1.54121   	 (0.00000   )
892	-0.04113  	0.03080   	0.01121   	1.51178   	 (0.00000   )
893	0.04080   	-0.04420  	0.01598   	1.39716   	 (-0.00000  )
894	-0.01790  	0.03184   	0.00755   	1.52606   	 (0.00000   )
895	-0.03345  	-0.01228  	-0.01115  	1.38197   	 (-0.00000  )
896	0.01309   	0.00935   	-0.01801  	1.37922   	 (-0.00000  )
897	-0.01636  	-0.03414  	0.01451   	1.55210   	 (0.00000   )
898	0.07336   	0.05600   	0.04150   	1.44563   	 (-0.00000  )
899	-0.02730  	0.06808   	-0.01509  	1.48948   	 (-0.00000  )
900	-0.02019  	-0.04144  	-0.00329  	1.54407   	 (0.00000   )
901	-0.13016  	0.13300   	-0.01167  	1.53764   	 (-0.00000  )
902	-0.12599  	-0.07310  	-0.00428  	1.48516   	 (0.00000   )
903	0.05883   	0.06568   	-0.02668  	1.53246   	 (-0.00000  )
904	-0.01801  	-0.10754  	0.01323   	1.47287   	 (-0.00000  )
905	0.04902   	-0.01720  	-0.01218  	1.47816   	 (0.00000   )
906	-0.08878  	0.02807   	0.00115   	1.54520   	 (0.00000   )
907	0.02580   	-0.12517  	-0.01189  	1.56996   	 (-0.00000  )
908	-0.00127  	0.06390   	-0.05510  	1.57809   	 (-0.00000  )
909	0.07269   	-0.02526  	0.02327   	1.58777   	 (-0.00000  )
910	-0.01397  	-0.09034  	0.02507   	1.55768   	 (0.00000   )
911	-0.02974  	0.06253   	0.01776   	1.63720   	 (-0.00000  )
912	0.08817   	-0.03570  	-0.04981  	1.53841   	 (-0.00000  )
913	0.08732   	0.01417   	0.01820   	1.53351   	 (-0.00000  )
914	-0.04275  	-0.00792  	-0.05374  	1.54269   	 (0.00000   )
915	-0.02307  	-0.08495  	-0.03005  	1.59995   	 (-0.00000  )
916	0.13189   	0.14254   	-0.03166  	1.58066   	 (0.00000   )
917	-0.00011  	-0.00502  	0.16397   	1.53478   	 (-0.00000  )
918	-0.04383  	-0.06170  	-0.11826  	1.51585   	 (0.00000   )
919	0.04539   	0.02176   	-0.04153  	1.46377   	 (0.00000   )
920	-0.02474  	-0.03096  	0.06100   	1.48874   	 (-0.00000  )
921	0.01981   	0.04563   	-0.11204  	1.51121   	 (-0.00000  )
922	0.00147   	0.03145   	0.00723   	1.61844   	 (-0.00000  )
923	-0.10504  	-0.00989  	0.05834   	1.50543   	 (-0.00000  )
924	0.06814   	-0.05365  	0.02897   	1.53182   	 (0.00000   )
925	-0.00773  	0.05575   	0.01565   	1.49407   	 (-0.00000  )
926	0.09515   	-0.10829  	0.00311   	1.51961   	 (-0.00000  )
927	-0.01053  	-0.15189  	0.06251   	1.46114   	 (0.00000   )
928	0.02484   	0.01413   	0.00852   	1.47686   	 (0.00000   )
929	0.04754   	-0.04630  	0.03740   	1.42608   	 (-0.00000  )
930	-0.04978  	0.16413   	0.04275   	1.47952   	 (-0.00000  )
931	-0.00744  	0.02598   	-0.11261  	1.53565   	 (0.00000   )
932	-0.05053  	0.04282   	-0.02549  	1.43141   	 (0.00000   )
933	-0.01840  	0.01705   	-0.02395  	1.41895   	 (-0.00000  )
934	0.00239   	0.00526   	-0.00517  	1.48585   	 (-0.00000  )
935	0.07312   	-0.00841  	0.03396   	1.47234   	 (0.00000   )
936	-0.07447  	0.01667   	0.00946   	1.46036   	 (-0.00000  )
937	-0.06864  	0.01699   	0.01967   	1.46297   	 (-0.00000  )
938	0.00790   	0.15113   	-0.01085  	1.46245   	 (-0.00000  )
939	-0.13012  	-0.07583  	-0.02262  	1.49169   	 (0.00000   )
940	0.17656   	-0.02191  	0.00519   	1.45211   	 (0.00000   )
941	-0.04845  	0.00879   	-0.00584  	1.46648   	 (-0.00000  )
942	-0.00676  	0.02617   	0.00827   	1.44998   	 (0.00000   )
943	0.02072   	0.00581   	-0.01389  	1.53415   	 (0.00000   )
944	-0.04551  	-0.03593  	-0.00874  	1.45405   	 (0.00000   )
945	0.07827   	0.03934   	-0.00241  	1.56315   	 (-0.00000  )
946	0.02756   	0.01822   	-0.00143  	1.47239   	 (-0.00000  )
947	-0.02304  	-0.07390  	0.05436   	1.45882   	 (-0.00000  )
948	-0.10217  	0.09698   	-0.03362  	1.47656   	 (-0.00000  )
949	0.02523   	0.01349   	0.04459   	1.56461   	 (0.00000   )
950	-0.00547  	0.09254   	-0.05172  	1.52056   	 (-0.00000  )
951	0.05296   	-0.11441  	0.04648   	1.44135   	 (-0.00000  )
952	0.00499   	0.02533   	0.03192   	1.47824   	 (0.00000   )
953	0.08513   	-0.04123  	0.05715   	1.45398   	 (-0.00000  )
954	-0.01687  	-0.01539  	0.06672   	1.48830   	 (0.00000   )
955	-0.03983  	-0.12619  	0.08775   	1.48543   	 (0.00000   )
956	0.02256   	0.02746   	-0.03303  	1.45106   	 (-0.00000  )
957	-0.09276  	-0.12453  	-0.08706  	1.49555   	 (-0.00000  )
958	0.14793   	0.08506   	-0.04536  	1.44847   	 (-0.00000  )
959	-0.04804  	0.04302   	-0.01718  	1.46097   	 (-0.00000  )
960	-0.01287  	0.02327   	0.03415   	1.34235   	 (0.00000   )
961	-0.12107  	0.07364   	-0.01671  	1.46795   	 (0.00000   )
962	0.12166   	-0.16522  	-0.01762  	1.60339   	 (0.00000   )
963	-0.05744  	-0.02921  	0.03323   	1.44028   	 (-0.00000  )
964	-0.02384  	0.05720   	-0.05142  	1.45494   	 (-0.00000  )
965	0.08238   	0.03434   	0.01510   	1.52323   	 (-0.00000  )
966	-0.01202  	0.01347   	-0.03044  	1.56839   	 (0.00000   )
967	-0.02645  	-0.06529  	-0.01703  	1.51327   	 (-0.00000  )
968	0.00246   	0.02720   	-0.00703  	1.50585   	 (0.00000   )
969	0.08565   	-0.00889  	-0.03534  	1.44007   	 (0.00000   )
970	-0.02215  	-0.04076  	0.02767   	1.53236   	 (0.00000   )
971	0.00692   	0.09262   	0.06682   	1.41735   	 (-0.00000  )
972	-0.01798  	-0.00218  	0.00194   	1.52963   	 (0.00000   )
973	-0.01232  	0.03526   	0.03210   	1.56003   	 (0.00000   )
974	0.00676   	0.01362   	0.01162   	1.47091   	 (0.00000   )
975	0.09406   	0.07334   	0.01109   	1.50288   	 (-0.00000  )
976	-0.08877  	-0.07804  	-0.05366  	1.54695   	 (0.00000   )
977	-0.01963  	-0.02878  	0.02128   	1.51944   	 (0.00000   )
978	0.00963   	0.08012   	-0.00646  	1.62723   	 (-0.00000  )
979	-0.12660  	0.03478   	-0.06238  	1.42746   	 (0.00000   )
980	-0.00094  	0.06797   	0.03138   	1.43414   	 (0.00000   )
981	-0.05331  	-0.06689  	-0.05231  	1.57140   	 (-0.00000  )
982	0.16396   	-0.11254  	-0.03056  	1.46222   	 (0.00000   )
983	0.10693   	-0.19367  	0.03866   	1.47059   	 (0.00000   )
984	0.06384   	0.06040   	0.03227   	1.50634   	 (0.00000   )
985	-0.08182  	0.06979   	-0.01535  	1.45480   	 (-0.00000  )
986	-0.11745  	0.13806   	-0.00149  	1.50383   	 (-0.00000  )
987	-0.16670  	0.11085   	0.01311   	1.45006   	 (-0.00000  )
988	0.20515   	-0.15832  	-0.00268  	1.55868   	 (0.00000   )
989	-0.03439  	-0.15120  	0.05885   	1.49202   	 (-0.00000  )
990	0.07910   	0.06490   	0.08409   	1.47834   	 (0.00000   )
991	0.00617   	-0.00615  	-0.09169  	1.39556   	 (0.00000   )
992	-0.18672  	-0.00409  	-0.05729  	1.47335   	 (0.00000   )
993	-0.01645  	-0.04099  	0.02045   	1.39370   	 (-0.00000  )
994	0.02701   	0.16285   	-0.02328  	1.42366   	 (0.00000   )
995	-0.09218  	0.11951   	0.03579   	1.49870   	 (0.00000   )
996	0.01286   	0.04358   	-0.09111  	1.49265   	 (-0.00000  )
997	0.00177   	0.00585   	0.00015   	1.83049   	 (0.00000   )
998	0.10172   	-0.03712  	0.03218   	1.42903   	 (-0.00000  )
999	0.05197   	0.01317   	-0.13980  	1.47944   	 (-0.00000  )
1000	-0.00258  	-0.00481  	-0.01267  	1.51104   	 (-0.00000  )
1001	0.00048   	-0.02682  	0.04588   	1.44076   	 (-0.00000  )
1002	0.00131   	-0.00228  	0.00504   	1.67335   	 (0.00000   )
1003	-0.00165  	-0.09740  	-0.00755  	1.48293   	 (0.00000   )
1004	0.01943   	0.02567   	-0.05671  	1.49428   	 (-0.00000  )
1005	-0.02513  	-0.09066  	0.03577   	1.49520   	 (-0.00000  )
1006	-0.01229  	-0.04733  	-0.15101  	1.49191   	 (-0.00000  )
1007	0.00023   	-0.00223  	-0.01194  	1.17501   	 (-0.00000  )
1008	0.02810   	-0.07260  	0.04871   	1.48796   	 (0.00000   )
1009	0.09701   	-0.04867  	0.11517   	1.51623   	 (0.00000   )
1010	0.01393   	-0.10164  	-0.03136  	1.49872   	 (0.00000   )
1011	0.02824   	-0.01512  	-0.06458  	1.52263   	 (0.00000   )
1012	-0.00805  	-0.02543  	-0.00723  	1.50299   	 (0.00000   )
1013	0.03232   	-0.01437  	-0.01872  	1.49053   	 (0.00000   )
1014	0.03465   	0.04595   	0.05148   	1.47057   	 (0.00000   )
1015	-0.02765  	-0.00251  	0.08433   	1.50417   	 (0.00000   )
1016	-0.08504  	0.12683   	0.05630   	1.47464   	 (0.00000   )
1017	-0.02610  	0.04571   	-0.00895  	1.51279   	 (0.00000   )
1018	-0.10513  	0.11514   	0.02831   	1.44449   	 (-0.00000  )
1019	-0.08296  	-0.04041  	0.05299   	1.51216   	 (-0.00000  )
1020	-0.01992  	0.01809   	0.00325   	1.77508   	 (0.00000   )
1021	0.04416   	-0.04734  	-0.08221  	1.47273   	 (-0.00000  )
1022	0.04583   	0.01602   	-0.11844  	1.49343   	 (-0.00000  )
1023	0.01440   	-0.01683  	0.00466   	1.55272   	 (-0.00000  )
1024	0.03281   	-0.06823  	0.10865   	1.49392   	 (-0.00000  )
1025	0.01321   	-0.06420  	-0.09349  	1.49722   	 (0.00000   )
1026	0.07620   	0.00822   	0.12035   	1.48168   	 (-0.00000  )
1027	-0.02393  	0.00639   	-0.03258  	1.51549   	 (-0.00000  )
1028	0.00048   	0.05818   	0.02357   	1.43748   	 (-0.00000  )
1029	-0.00086  	0.00574   	-0.00034  	1.40411   	 (-0.00000  )
1030	0.00253   	0.05611   	-0.07130  	1.50291   	 (-0.00000  )
1031	-0.04581  	0.00496   	0.06020   	1.51615   	 (0.00000   )
1032	-0.03237  	0.01553   	-0.01428  	1.51442   	 (-0.00000  )
1033	-0.00138  	-0.00101  	0.00107   	1.14120   	 (-0.00000  )
1034	0.03737   	-0.09487  	0.11849   	1.50211   	 (-0.00000  )
1035	-0.00743  	0.00660   	-0.01056  	1.45804   	 (-0.00000  )
1036	-0.00847  	-0.02078  	0.02708   	1.50997   	 (-0.00000  )
1037	0.02063   	-0.08904  	-0.02212  	1.49457   	 (-0.00000  )
1038	-0.15577  	-0.02613  	-0.01498  	1.50913   	 (-0.00000  )
1039	-0.01568  	0.06460   	-0.00762  	1.49734   	 (0.00000   )
1040	0.09272   	-0.04439  	-0.02462  	1.47675   	 (0.00000   )
1041	-0.02572  	0.08215   	0.01190   	1.46136   	 (0.00000   )
1042	0.03011   	-0.06217  	0.10446   	1.48827   	 (0.00000   )
1043	-0.09729  	0.07751   	-0.02033  	1.44645   	 (-0.00000  )
1044	0.07422   	0.06784   	-0.09710  	1.46919   	 (-0.00000  )
1045	0.07808   	-0.08899  	-0.05397  	1.52210   	 (-0.00000  )
1046	0.14728   	-0.05565  	-0.02278  	1.48049   	 (0.00000   )
1047	0.01659   	0.03390   	0.02368   	1.47997   	 (-0.00000  )
1048	0.01472   	-0.07576  	0.01638   	1.47762   	 (0.00000   )
1049	0.02419   	-0.01901  	0.05226   	1.45037   	 (-0.00000  )
1050	-0.06415  	0.05384   	0.03060   	1.48693   	 (-0.00000  )
1051	-0.14489  	0.09477   	-0.01124  	1.46535   	 (0.00000   )
1052	-0.07515  	0.04547   	-0.04858  	1.55004   	 (0.00000   )
1053	0.03509   	-0.01700  	0.09950   	1.50076   	 (0.00000   )
1054	0.16141   	-0.03326  	-0.11199  	1.54058   	 (0.00000   )
1055	-0.15229  	-0.02179  	0.08540   	1.52607   	 (-0.00000  )
1056	-0.03719  	0.05817   	-0.03809  	1.50738   	 (0.00000   )
1057	0.14303   	-0.15987  	-0.00089  	1.52185   	 (0.00000   )
1058	-0.02438  	0.07959   	-0.03774  	1.47241   	 (0.00000   )
1059	-0.11580  	0.12614   	-0.01484  	1.50140   	 (-0.00000  )
1060	0.09867   	-0.00810  	0.04003   	1.52806   	 (-0.00000  )
1061	0.04558   	-0.08223  	0.09651   	1.48642   	 (-0.00000  )
1062	0.01328   	-0.03067  	-0.11213  	1.48931   	 (-0.00000  )
1063	-0.10891  	0.06540   	0.04207   	1.47805   	 (-0.00000  )
1064	-0.00135  	-0.06317  	-0.08496  	1.47375   	 (0.00000   )
1065	0.14364   	-0.01143  	-0.02376  	1.46807   	 (0.00000   )
1066	0.01456   	0.06115   	-0.05721  	1.46738   	 (0.00000   )
1067	0.04201   	-0.09278  	-0.00923  	1.48038   	 (-0.00000  )
1068	-0.02411  	0.05257   	-0.01684  	1.51905   	 (0.00000   )
1069	-0.03692  	-0.09615  	0.04258   	1.49663   	 (-0.00000  )
1070	0.02165   	-0.09239  	0.01761   	1.47351   	 (-0.00000  )
1071	-0.04675  	-0.02839  	-0.02232  	1.48232   	 (-0.00000  )
1072	-0.02088  	0.07836   	0.00592   	1.50494   	 (-0.00000  )
1073	0.08108   	-0.08488  	-0.00185  	1.50095   	 (-0.00000  )
1074	-0.01587  	0.03628   	-0.01224  	1.49924   	 (0.00000   )
1075	-0.02987  	-0.02633  	0.02275   	1.52854   	 (0.00000   )
1076	-0.09437  	0.05842   	-0.01318  	1.50338   	 (0.00000   )
1077	-0.02151  	-0.04470  	-0.10136  	1.49213   	 (0.00000   )
1078	-0.06433  	0.07981   	0.05453   	1.50696   	 (-0.00000  )
1079	-0.05039  	-0.02635  	0.06664   	1.49056   	 (0.00000   )
1080	-0.01669  	0.07052   	0.02040   	1.47489   	 (-0.00000  )
1081	0.00808   	-0.01758  	0.00745   	1.46487   	 (0.00000   )
1082	0.07334   	-0.02486  	-0.00388  	1.47415   	 (0.00000   )
1083	0.05984   	0.04171   	0.00112   	1.52539   	 (0.00000   )
1084	-0.01341  	-0.02003  	-0.07655  	1.48659   	 (-0.00000  )
1085	0.02835   	-0.01959  	-0.02218  	1.48405   	 (0.00000   )
1086	-0.00261  	0.08074   	-0.02048  	1.51507   	 (-0.00000  )
1087	-0.02902  	-0.05349  	-0.02208  	1.41564   	 (-0.00000  )
1088	0.06373   	0.00408   	-0.04761  	1.50637   	 (-0.00000  )
1089	-0.09725  	0.06785   	-0.00579  	1.50418   	 (0.00000   )
1090	-0.03852  	-0.06882  	-0.04100  	1.48424   	 (-0.00000  )
1091	0.03570   	-0.01305  	-0.07674  	1.53907   	 (-0.00000  )
1092	0.03075   	-0.10429  	0.13156   	1.53042   	 (-0.00000  )
1093	-0.07108  	0.08960   	0.00311   	1.50060   	 (0.00000   )
1094	-0.01834  	-0.07193  	0.09432   	1.53713   	 (-0.00000  )
1095	0.16698   	-0.05206  	-0.00781  	1.46084   	 (0.00000   )
1096	0.01407   	0.15780   	-0.02901  	1.48705   	 (0.00000   )
1097	-0.07277  	0.01908   	-0.01151  	1.53571   	 (0.00000   )
1098	0.07369   	-0.06043  	0.01609   	1.55080   	 (0.00000   )
1099	0.00570   	0.00651   	0.02360   	1.51437   	 (-0.00000  )
1100	0.00133   	-0.00775  	0.02707   	1.50948   	 (-0.00000  )
1101	0.01164   	-0.04817  	-0.00756  	1.51552   	 (0.00000   )
1102	-0.02233  	-0.00457  	-0.01282  	1.53738   	 (-0.00000  )
1103	-0.03596  	0.03548   	-0.03559  	1.55799   	 (-0.00000  )
1104	0.00414   	-0.03321  	0.03793   	1.51268   	 (-0.00000  )
1105	-0.07702  	-0.06531  	0.02412   	1.51538   	 (-0.00000  )
1106	0.05244   	0.03613   	0.01092   	1.51048   	 (0.00000   )
1107	0.08336   	0.00902   	-0.05343  	1.49835   	 (0.00000   )
1108	0.01396   	-0.06302  	-0.00577  	1.50802   	 (-0.00000  )
1109	0.07643   	-0.04615  	0.01303   	1.47553   	 (-0.00000  )
1110	-0.03728  	-0.01877  	-0.08000  	1.48491   	 (0.00000   )
1111	0.00041   	0.00275   	-0.00176  	1.69413   	 (0.00000   )
1112	0.06145   	0.01980   	-0.02837  	1.53079   	 (0.00000   )
1113	0.01299   	-0.03059  	0.00431   	1.63095   	 (0.00000   )
1114	-0.01247  	0.03074   	0.01757   	1.58052   	 (-0.00000  )
1115	-0.06413  	-0.02607  	-0.03781  	1.54080   	 (-0.00000  )
1116	0.00356   	-0.00238  	-0.00127  	1.63279   	 (0.00000   )
1117	-0.00557  	0.10994   	-0.01070  	1.50670   	 (0.00000   )
1118	-0.09072  	-0.01111  	-0.01133  	1.44932   	 (0.00000   )
1119	-0.05352  	-0.01992  	0.01576   	1.49599   	 (-0.00000  )
1120	0.06315   	0.06553   	0.05842   	1.48338   	 (0.00000   )
1121	-0.00334  	-0.00018  	0.00037   	1.48594   	 (-0.00000  )
1122	0.02027   	0.00359   	-0.00193  	1.47829   	 (-0.00000  )
1123	-0.01722  	-0.00576  	-0.00160  	1.62911   	 (0.00000   )
1124	0.04671   	0.01210   	-0.05738  	1.47806   	 (-0.00000  )
1125	-0.07719  	-0.00498  	0.03701   	1.46360   	 (-0.00000  )
1126	0.00167   	-0.00159  	-0.00076  	1.55458   	 (0.00000   )
1127	-0.00233  	-0.07053  	0.00766   	1.51944   	 (0.00000   )
1128	-0.00501  	-0.00537  	0.00220   	1.40927   	 (-0.00000  )
1129	0.05607   	0.05644   	0.01161   	1.47482   	 (0.00000   )
1130	0.00052   	-0.06770  	0.03717   	1.49363   	 (0.00000   )
1131	-0.04341  	0.04739   	-0.05933  	1.49867   	 (-0.00000  )
1132	0.07609   	0.01816   	0.01915   	1.48877   	 (-0.00000  )
1133	0.02535   	0.11217   	-0.02403  	1.48589   	 (-0.00000  )
1134	0.15687   	-0.17310  	-0.00283  	1.64503   	 (0.00000   )
1135	-0.11452  	0.08105   	-0.01604  	1.66029   	 (0.00000   )
1136	-0.00062  	0.03136   	0.00413   	1.45953   	 (0.00000   )
1137	-0.04272  	-0.01895  	0.09207   	1.53583   	 (0.00000   )
1138	-0.02249  	0.02864   	-0.11339  	1.53891   	 (-0.00000  )
1139	-0.07340  	0.05762   	0.07050   	1.48332   	 (-0.00000  )
1140	-0.04207  	0.06981   	-0.02534  	1.55932   	 (0.00000   )
1141	-0.02986  	-0.01332  	-0.00990  	1.51925   	 (0.00000   )
1142	-0.00167  	0.06689   	-0.06685  	1.50872   	 (-0.00000  )
1143	-0.06752  	-0.05266  	-0.00792  	1.38030   	 (-0.00000  )
1144	0.00391   	-0.01307  	-0.00555  	1.62212   	 (-0.00000  )
1145	-0.01051  	0.03126   	-0.07411  	1.35442   	 (-0.00000  )
1146	0.00132   	-0.01583  	0.01918   	1.61138   	 (0.00000   )
1147	-0.01823  	0.00927   	-0.02573  	1.54850   	 (0.00000   )
1148	0.10837   	-0.01910  	-0.00197  	1.58082   	 (0.00000   )
1149	-0.05796  	0.00799   	-0.03648  	1.52224   	 (-0.00000  )
1150	0.02643   	0.00247   	-0.00149  	1.56852   	 (0.00000   )
1151	0.01879   	-0.02757  	-0.00102  	1.44522   	 (-0.00000  )
1152	0.07444   	-0.10378  	-0.00057  	1.49414   	 (0.00000   )
1153	0.00262   	0.00276   	0.00240   	1.59297   	 (0.00000   )
1154	0.02608   	0.04687   	0.04768   	1.51595   	 (0.00000   )
1155	0.00419   	-0.02591  	-0.02992  	1.66825   	 (0.00000   )
1156	-0.02560  	0.02864   	0.02748   	1.61940   	 (0.00000   )
1157	0.02201   	-0.01717  	0.00839   	1.47993   	 (0.00000   )
1158	0.03487   	0.01351   	-0.04000  	1.42134   	 (0.00000   )
1159	0.01352   	0.07204   	-0.03892  	1.49604   	 (0.00000   )
1160	-0.00457  	-0.00125  	-0.00007  	1.52891   	 (0.00000   )
1161	-0.01250  	-0.04555  	0.06178   	1.50080   	 (-0.00000  )
1162	-0.09231  	0.03849   	-0.04035  	1.49594   	 (-0.00000  )
1163	-0.03444  	0.00216   	0.05416   	1.49585   	 (0.00000   )
1164	0.02853   	0.01835   	0.01372   	1.52777   	 (0.00000   )
1165	-0.00972  	0.02227   	-0.03675  	1.53359   	 (-0.00000  )
1166	0.06012   	-0.05232  	0.12536   	1.48595   	 (-0.00000  )
1167	0.00260   	-0.01648  	0.01831   	1.42805   	 (-0.00000  )
1168	0.01368   	-0.04978  	0.05506   	1.40743   	 (-0.00000  )
1169	-0.00982  	0.01851   	-0.00374  	1.25293   	 (-0.00000  )
1170	-0.00497  	0.01357   	0.01484   	1.41969   	 (-0.00000  )
1171	-0.01319  	0.02075   	-0.01067  	1.42021   	 (-0.00000  )
1172	-0.12361  	0.05980   	0.01289   	1.52793   	 (-0.00000  )
1173	0.03850   	-0.06754  	-0.07434  	1.50771   	 (-0.00000  )
1174	-0.00925  	0.06971   	-0.00892  	1.42874   	 (-0.00000  )
1175	-0.04135  	-0.04221  	0.06659   	1.51124   	 (-0.00000  )
1176	0.18931   	0.00108   	-0.08957  	1.40474   	 (0.00000   )
1177	-0.04467  	-0.06859  	-0.03271  	1.47015   	 (0.00000   )
1178	-0.06490  	0.01609   	0.01289   	1.47983   	 (-0.00000  )
1179	0.05150   	0.10081   	-0.04510  	1.47124   	 (0.00000   )
1180	0.02611   	0.08033   	-0.01858  	1.48760   	 (-0.00000  )
1181	-0.09775  	0.18658   	0.01380   	1.52559   	 (-0.00000  )
1182	-0.22943  	0.13207   	0.00255   	1.57804   	 (0.00000   )
1183	0.15203   	-0.12823  	-0.05035  	1.58770   	 (0.00000   )
1184	0.00506   	0.00065   	-0.02952  	1.50561   	 (-0.00000  )
1185	-0.00248  	0.08466   	0.02765   	1.45939   	 (0.00000   )
1186	-0.08547  	0.11816   	-0.00482  	1.52566   	 (-0.00000  )
1187	0.11984   	-0.22952  	0.05628   	1.51594   	 (-0.00000  )
1188	0.07388   	-0.02873  	0.02964   	1.50517   	 (0.00000   )
1189	0.00038   	-0.00170  	-0.00093  	1.39183   	 (-0.00000  )
1190	-0.04324  	0.01921   	-0.00679  	1.48729   	 (-0.00000  )
1191	0.04603   	-0.04894  	-0.00013  	1.44879   	 (0.00000   )
1192	0.01972   	-0.01022  	0.00096   	1.40435   	 (0.00000   )
1193	-0.02793  	0.05772   	0.00445   	1.42345   	 (-0.00000  )
1194	-0.02635  	-0.03970  	-0.00595  	1.47176   	 (-0.00000  )
1195	0.01911   	-0.04689  	-0.03599  	1.49229   	 (0.00000   )
1196	0.05479   	-0.10506  	-0.01298  	1.48035   	 (-0.00000  )
1197	-0.13149  	0.06121   	0.00773   	1.47988   	 (0.00000   )
1198	0.03450   	-0.09446  	0.01973   	1.46896   	 (-0.00000  )
1199	0.10868   	-0.05000  	0.04913   	1.44782   	 (0.00000   )
1200	-0.06307  	0.11337   	0.01430   	1.54811   	 (-0.00000  )
1201	0.01112   	0.00288   	0.00011   	1.64299   	 (0.00000   )
1202	-0.00939  	-0.01719  	-0.00026  	1.58042   	 (-0.00000  )
1203	-0.18974  	-0.03901  	-0.00735  	1.60744   	 (0.00000   )
1204	0.05524   	-0.11352  	-0.00253  	1.44897   	 (0.00000   )
1205	0.00443   	-0.03457  	-0.00263  	1.52577   	 (0.00000   )
1206	0.26927   	0.09715   	0.01555   	1.54323   	 (-0.00000  )
1207	-0.07129  	0.00157   	0.03184   	1.59865   	 (-0.00000  )
1208	0.02735   	-0.29984  	-0.02794  	1.50895   	 (0.00000   )
1209	-0.00058  	-0.00183  	0.00027   	1.37451   	 (-0.00000  )
1210	0.06410   	0.01556   	-0.01887  	1.48809   	 (-0.00000  )
1211	0.00021   	-0.00062  	-0.00108  	1.50962   	 (-0.00000  )
1212	-0.00903  	0.01424   	0.00015   	1.57934   	 (-0.00000  )
1213	-0.00118  	0.00027   	-0.00343  	1.51996   	 (0.00000   )
1214	-0.16181  	0.06066   	-0.02060  	1.41059   	 (-0.00000  )
1215	0.00251   	0.00152   	0.00005   	1.49207   	 (-0.00000  )
1216	-0.05462  	0.05063   	0.01714   	1.52131   	 (0.00000   )
1217	-0.00568  	0.00730   	-0.01028  	1.46476   	 (-0.00000  )
1218	-0.01169  	0.09676   	0.04331   	1.60511   	 (0.00000   )
1219	-0.00131  	0.00030   	-0.00007  	1.38017   	 (-0.00000  )
1220	-0.00046  	-0.00262  	0.00152   	1.49238   	 (-0.00000  )
1221	0.01420   	0.09855   	-0.01745  	1.61551   	 (0.00000   )
1222	0.05866   	-0.08985  	-0.20730  	1.49823   	 (-0.00000  )
1223	-0.00505  	0.01808   	-0.00008  	1.58148   	 (-0.00000  )
1224	0.04913   	0.17572   	0.13426   	1.49984   	 (0.00000   )
1225	-0.00071  	-0.01285  	0.00005   	1.43552   	 (-0.00000  )
1226	-0.03931  	-0.02924  	-0.14007  	1.46201   	 (-0.00000  )
1227	-0.05134  	-0.05370  	0.12735   	1.41123   	 (0.00000   )
1228	0.03612   	-0.06783  	0.02137   	1.52531   	 (0.00000   )
1229	-0.02449  	0.01449   	0.00652   	1.47393   	 (-0.00000  )
1230	-0.00281  	0.00139   	0.00184   	1.52100   	 (-0.00000  )
1231	0.04038   	-0.06074  	0.18994   	1.49237   	 (-0.00000  )
1232	0.00251   	0.09751   	-0.15924  	1.49244   	 (-0.00000  )
1233	0.00013   	0.00061   	-0.00488  	1.60679   	 (-0.00000  )
1234	0.04929   	-0.02203  	0.26157   	1.60186   	 (-0.00000  )
1235	-0.02012  	-0.14759  	-0.23873  	1.53084   	 (0.00000   )
1236	-0.00785  	-0.00093  	0.00191   	1.41271   	 (0.00000   )
1237	0.05115   	-0.05584  	-0.00281  	1.39798   	 (0.00000   )
1238	0.00542   	0.00078   	-0.00205  	1.48456   	 (-0.00000  )
1239	0.01112   	0.05680   	0.01566   	1.37616   	 (-0.00000  )
1240	0.02059   	0.02205   	0.00184   	1.48063   	 (-0.00000  )
1241	-0.01488  	-0.02055  	0.00058   	1.31851   	 (-0.00000  )
1242	-0.00040  	-0.00021  	0.00138   	1.41537   	 (-0.00000  )
1243	0.11805   	-0.12996  	0.35020   	1.51214   	 (-0.00000  )
1244	0.00019   	-0.00162  	-0.00047  	1.46045   	 (-0.00000  )
1245	-0.08801  	0.04220   	-0.19157  	1.47569   	 (-0.00000  )
1246	-0.06458  	-0.21046  	0.06016   	1.45994   	 (0.00000   )
1247	0.06354   	0.27707   	-0.28259  	1.49275   	 (0.00000   )
1248	0.00005   	0.00571   	-0.00457  	1.32047   	 (-0.00000  )
1249	-0.04519  	0.02627   	0.00077   	1.73387   	 (0.00000   )
1250	0.06751   	-0.05493  	0.00318   	1.71529   	 (0.00000   )
1251	-0.01021  	0.05680   	0.02899   	1.35626   	 (0.00000   )
1252	0.10398   	-0.26599  	-0.03670  	1.52629   	 (-0.00000  )
1253	-0.06023  	-0.07773  	-0.00195  	1.38859   	 (-0.00000  )
1254	-0.02044  	0.01197   	0.00047   	1.58919   	 (-0.00000  )
1255	-0.06346  	-0.06894  	0.00612   	1.53200   	 (-0.00000  )
1256	0.00614   	0.03747   	0.00075   	1.66221   	 (0.00000   )
1257	-0.00396  	0.27628   	-0.00346  	1.47446   	 (0.00000   )
1258	-0.02557  	-0.01685  	-0.01730  	1.51401   	 (-0.00000  )
1259	-0.04440  	-0.01770  	0.00378   	1.71944   	 (0.00000   )
1260	0.07971   	0.00119   	-0.00301  	1.69589   	 (0.00000   )
1261	0.18584   	-0.10343  	-0.00145  	1.59137   	 (0.00000   )
1262	-0.16014  	0.11053   	-0.00733  	1.57269   	 (0.00000   )
1263	0.01166   	-0.00721  	0.00346   	1.69569   	 (0.00000   )
1264	-0.02993  	0.02254   	-0.00499  	1.49051   	 (-0.00000  )
1265	0.03239   	-0.00127  	0.00305   	1.39133   	 (-0.00000  )
1266	0.00330   	0.00152   	0.01503   	1.69462   	 (0.00000   )
1267	-0.00381  	0.00571   	-0.00641  	1.43669   	 (0.00000   )
1268	0.00159   	-0.00155  	-0.00770  	1.45268   	 (-0.00000  )
1269	0.00385   	-0.00836  	-0.02648  	1.75585   	 (0.00000   )
1270	0.00044   	0.00225   	-0.00107  	1.48979   	 (0.00000   )
1271	-0.04434  	0.07221   	-0.07209  	1.56890   	 (0.00000   )
1272	0.07832   	0.04759   	0.00224   	1.57292   	 (0.00000   )
1273	-0.13183  	0.18923   	-0.14013  	1.59940   	 (-0.00000  )
1274	-0.00390  	-0.00158  	0.03398   	1.71032   	 (-0.00000  )
1275	-0.02217  	0.06640   	-0.03492  	1.39157   	 (0.00000   )
1276	0.04089   	0.00362   	-0.00575  	1.52716   	 (0.00000   )
1277	-0.00081  	0.00754   	-0.00192  	1.71677   	 (0.00000   )
1278	0.03842   	-0.06861  	-0.01518  	1.58522   	 (0.00000   )
1279	-0.05223  	0.06079   	0.00989   	1.49561   	 (0.00000   )
1280	-0.00935  	-0.05161  	-0.01400  	1.56723   	 (0.00000   )
1281	0.00102   	0.05122   	-0.00005  	1.64011   	 (0.00000   )
1282	0.00121   	0.02250   	0.00616   	1.53380   	 (0.00000   )
1283	0.01484   	0.03474   	0.00164   	1.43588   	 (-0.00000  )
1284	-0.00758  	-0.03949  	0.00858   	1.42408   	 (0.00000   )
1285	-0.01908  	-0.03198  	-0.02761  	1.28943   	 (0.00000   )
1286	-0.02027  	-0.05001  	0.02505   	1.35365   	 (0.00000   )
1287	0.02734   	0.06332   	0.02039   	1.44040   	 (-0.00000  )
1288	0.01041   	-0.01456  	-0.01805  	1.54871   	 (0.00000   )
1289	0.07277   	-0.19473  	0.00382   	1.48600   	 (-0.00000  )
1290	-0.00498  	-0.17385  	0.01282   	1.44154   	 (-0.00000  )
1291	-0.00722  	0.02067   	-0.00242  	1.67569   	 (-0.00000  )
1292	-0.00770  	-0.01873  	0.00427   	1.37412   	 (-0.00000  )
1293	-0.02124  	-0.11984  	0.07331   	1.43823   	 (-0.00000  )
1294	-0.00546  	0.00104   	0.00029   	1.33291   	 (-0.00000  )
1295	0.04687   	-0.01984  	0.01079   	1.61215   	 (-0.00000  )
1296	-0.01581  	0.00935   	-0.00072  	1.54342   	 (-0.00000  )
1297	0.01811   	-0.07383  	-0.00520  	1.48114   	 (-0.00000  )
1298	0.01654   	-0.00548  	0.00109   	1.67030   	 (0.00000   )
1299	0.00142   	-0.01596  	-0.00018  	1.37968   	 (0.00000   )
1300	0.00193   	0.00251   	-0.00075  	1.43932   	 (-0.00000  )
1301	0.09832   	-0.01858  	0.00068   	1.42388   	 (-0.00000  )
1302	0.04680   	0.02849   	0.00397   	1.45180   	 (0.00000   )
1303	0.02206   	-0.00134  	-0.00052  	1.32993   	 (-0.00000  )
1304	0.11066   	-0.11081  	0.00486   	1.60927   	 (0.00000   )
1305	-0.11203  	0.09536   	0.00089   	1.45133   	 (0.00000   )
1306	0.00972   	0.00992   	-0.00535  	1.50843   	 (-0.00000  )
1307	-0.25822  	-0.08415  	0.02855   	1.46661   	 (0.00000   )
1308	-0.02092  	0.00762   	0.00151   	1.38412   	 (0.00000   )
1309	0.02275   	-0.01167  	-0.00360  	1.58292   	 (0.00000   )
1310	0.10001   	0.12001   	-0.03002  	1.44316   	 (0.00000   )
1311	0.00139   	0.00338   	0.00339   	1.21253   	 (-0.00000  )
1312	-0.06931  	0.36825   	-0.21159  	1.56684   	 (-0.00000  )
1313	-0.00503  	0.00615   	-0.04624  	1.68764   	 (0.00000   )
1314	-0.04745  	-0.10371  	0.06012   	1.50863   	 (0.00000   )
1315	0.00494   	-0.00293  	0.00487   	1.38436   	 (-0.00000  )
1316	-0.00582  	0.02782   	0.04403   	1.50572   	 (-0.00000  )
1317	0.12366   	0.37496   	0.01346   	1.66727   	 (0.00000   )
1318	-0.00852  	-0.02099  	-0.00611  	1.40128   	 (0.00000   )
1319	-0.08434  	-0.25194  	0.00173   	1.64798   	 (0.00000   )
1320	0.00242   	-0.00219  	-0.00235  	1.15892   	 (-0.00000  )
1321	-0.16274  	-0.01347  	-0.22371  	1.60613   	 (0.00000   )
1322	0.05687   	0.00945   	0.00321   	1.41412   	 (0.00000   )
1323	-0.02309  	-0.09733  	-0.08723  	1.54653   	 (0.00000   )
1324	0.00206   	-0.00793  	-0.00243  	1.28018   	 (-0.00000  )
1325	0.13452   	0.03890   	0.12062   	1.45677   	 (-0.00000  )
1326	0.02483   	0.00172   	0.01183   	1.44784   	 (-0.00000  )
1327	-0.02333  	0.00815   	0.05323   	1.60963   	 (-0.00000  )
1328	-0.00253  	-0.02050  	-0.00363  	1.50268   	 (-0.00000  )
1329	0.00061   	-0.00636  	0.00085   	1.13608   	 (-0.00000  )
1330	-0.00479  	0.00125   	0.00716   	1.41410   	 (0.00000   )
1331	-0.00104  	0.01014   	0.00336   	1.41953   	 (-0.00000  )
1332	-0.00301  	0.01207   	-0.00375  	1.54007   	 (0.00000   )
1333	0.01801   	-0.00690  	0.01204   	1.48220   	 (0.00000   )
1334	-0.01472  	-0.00936  	-0.00167  	1.45519   	 (-0.00000  )
1335	-0.00561  	0.00488   	-0.00969  	1.43410   	 (-0.00000  )
1336	0.00945   	0.01027   	-0.00176  	1.43302   	 (-0.00000  )
1337	0.01329   	0.00130   	0.00934   	1.54680   	 (-0.00000  )
1338	-0.00436  	-0.01528  	0.00700   	1.54527   	 (0.00000   )
1339	-0.01981  	0.01107   	-0.00137  	1.46047   	 (-0.00000  )
1340	0.02051   	-0.00782  	0.00034   	1.28448   	 (-0.00000  )
1341	-0.00164  	-0.00425  	-0.00095  	1.42443   	 (0.00000   )
1342	-0.02191  	-0.02542  	-0.00112  	1.51718   	 (0.00000   )
1343	-0.03091  	-0.02092  	-0.01311  	1.60623   	 (0.00000   )
1344	0.02562   	0.03244   	-0.00420  	1.60370   	 (0.00000   )
1345	-0.01176  	-0.00035  	-0.00111  	1.52339   	 (0.00000   )
1346	0.02701   	0.02336   	-0.06055  	1.53864   	 (0.00000   )
1347	0.02141   	0.01777   	-0.00088  	1.43377   	 (-0.00000  )
1348	-0.00350  	-0.01040  	0.00057   	1.38634   	 (-0.00000  )
1349	-0.01833  	-0.00316  	0.05459   	1.42966   	 (-0.00000  )
1350	0.01793   	0.02167   	0.01981   	1.68403   	 (0.00000   )
1351	-0.00486  	-0.00269  	0.00263   	1.46653   	 (-0.00000  )
1352	0.00136   	0.00075   	-0.00030  	1.33754   	 (0.00000   )
1353	0.03623   	-0.12148  	-0.01753  	1.39771   	 (-0.00000  )
1354	-0.03120  	0.09380   	-0.05885  	1.58893   	 (0.00000   )
1355	0.00583   	0.00696   	0.04870   	1.45175   	 (-0.00000  )
1356	0.03700   	-0.00786  	0.00002   	1.62916   	 (0.00000   )
1357	-0.03219  	-0.00271  	0.01111   	1.55254   	 (-0.00000  )
1358	0.04609   	-0.07656  	-0.09950  	1.64028   	 (-0.00000  )
1359	0.00293   	0.00211   	0.05253   	1.56665   	 (0.00000   )
1360	-0.00550  	-0.01503  	0.00056   	1.81649   	 (0.00000   )
1361	-0.04579  	0.12246   	-0.02236  	1.56822   	 (-0.00000  )
1362	-0.02267  	-0.02413  	0.04538   	1.59892   	 (0.00000   )
1363	0.00029   	0.01016   	-0.00004  	1.82308   	 (0.00000   )
1364	-0.02838  	0.02946   	0.01337   	1.58455   	 (-0.00000  )
1365	-0.00819  	-0.02789  	0.00171   	1.55200   	 (0.00000   )
1366	-0.00035  	0.01933   	0.00945   	1.68342   	 (-0.00000  )
1367	0.00217   	-0.01839  	0.00110   	1.73998   	 (0.00000   )
1368	0.00711   	0.01446   	0.00019   	1.42875   	 (-0.00000  )
1369	-0.03653  	0.00220   	-0.01250  	1.74649   	 (0.00000   )
1370	0.00094   	0.06901   	-0.00592  	1.56224   	 (-0.00000  )
1371	0.02308   	-0.04274  	0.00123   	1.53056   	 (-0.00000  )
1372	0.02844   	-0.02566  	-0.00406  	1.54195   	 (0.00000   )
1373	-0.01575  	-0.02626  	-0.09119  	1.60303   	 (0.00000   )
1374	-0.06100  	0.07974   	0.07358   	1.50972   	 (-0.00000  )
1375	0.08150   	-0.07574  	0.00823   	1.44609   	 (0.00000   )
1376	-0.00169  	-0.00331  	-0.00118  	1.19059   	 (-0.00000  )
1377	0.01054   	-0.00964  	-0.00156  	1.58647   	 (0.00000   )
1378	0.00911   	-0.01621  	0.00219   	1.50031   	 (0.00000   )
1379	-0.00944  	0.00750   	0.00057   	1.75402   	 (0.00000   )
1380	0.03626   	-0.00650  	0.01168   	1.50193   	 (-0.00000  )
1381	-0.00948  	0.00916   	0.00029   	1.31474   	 (-0.00000  )
1382	-0.00577  	0.00328   	0.00409   	1.50690   	 (-0.00000  )
1383	-0.00976  	0.00402   	-0.01629  	1.50202   	 (0.00000   )
1384	0.00634   	0.01315   	-0.00112  	1.57139   	 (0.00000   )
1385	-0.00193  	-0.01813  	0.01917   	1.51558   	 (-0.00000  )
1386	0.00077   	0.00172   	0.00139   	1.47197   	 (-0.00000  )
1387	0.00174   	0.00425   	0.00353   	1.48970   	 (-0.00000  )
1388	-0.00410  	-0.00013  	0.00026   	1.66813   	 (-0.00000  )
1389	0.09983   	-0.02080  	-0.09292  	1.57795   	 (0.00000   )
1390	-0.11022  	0.02075   	-0.00785  	1.63781   	 (-0.00000  )
1391	0.00634   	0.00109   	0.10279   	1.57890   	 (-0.00000  )
1392	0.00014   	0.00069   	0.00284   	1.11362   	 (-0.00000  )
1393	0.00615   	0.00079   	0.00416   	1.43440   	 (0.00000   )
1394	-0.01760  	-0.01061  	0.00001   	1.53171   	 (-0.00000  )
1395	-0.02078  	-0.00132  	0.00964   	1.47271   	 (0.00000   )
1396	0.00301   	0.02184   	0.03890   	1.49455   	 (0.00000   )
1397	-0.00238  	0.00319   	0.00286   	1.09340   	 (-0.00000  )
1398	0.05402   	0.01539   	-0.08035  	1.64712   	 (0.00000   )
1399	-0.01641  	-0.03864  	0.04447   	1.69847   	 (0.00000   )
1400	-0.02711  	0.01685   	-0.00082  	1.08491   	 (-0.00000  )
1401	0.02268   	-0.01292  	-0.00132  	1.10130   	 (-0.00000  )
1402	-0.00169  	0.00423   	-0.01144  	1.28432   	 (-0.00000  )
1403	-0.03841  	-0.06405  	0.03486   	1.26201   	 (0.00000   )
1404	0.01152   	0.06519   	-0.06017  	1.56523   	 (-0.00000  )
1405	0.03246   	-0.02235  	0.00370   	1.43245   	 (0.00000   )
1406	-0.01423  	0.02030   	0.02964   	1.52883   	 (-0.00000  )
1407	-0.01469  	0.00983   	-0.05975  	1.54791   	 (-0.00000  )
1408	0.02318   	0.05117   	0.03729   	1.57896   	 (0.00000   )
1409	-0.01651  	-0.05974  	0.02419   	1.42319   	 (-0.00000  )
1410	0.00720   	-0.00466  	-0.04160  	1.57265   	 (-0.00000  )
1411	0.00375   	-0.01142  	-0.00327  	1.60026   	 (-0.00000  )
1412	0.00295   	0.01008   	-0.00713  	1.48309   	 (0.00000   )
1413	0.00258   	0.02071   	-0.00894  	1.50442   	 (0.00000   )
1414	0.06203   	-0.06179  	-0.00073  	1.44958   	 (-0.00000  )
1415	-0.10433  	0.00968   	0.00131   	1.60992   	 (-0.00000  )
1416	-0.01952  	-0.03250  	0.01456   	1.54945   	 (-0.00000  )
1417	0.00559   	0.01309   	0.01263   	1.56699   	 (-0.00000  )
1418	0.00229   	0.00169   	0.00681   	1.55334   	 (0.00000   )
1419	0.02341   	0.02035   	-0.00728  	1.42942   	 (0.00000   )
1420	0.03977   	-0.03294  	-0.01093  	1.49951   	 (0.00000   )
1421	0.00986   	-0.02161  	0.00272   	1.50754   	 (-0.00000  )
1422	-0.06157  	-0.09345  	-0.01182  	1.49733   	 (-0.00000  )
1423	0.07043   	-0.03146  	-0.03662  	1.51967   	 (-0.00000  )
1424	0.07738   	0.09372   	0.00947   	1.41215   	 (-0.00000  )
1425	-0.04327  	0.00767   	-0.00723  	1.42637   	 (0.00000   )
1426	-0.03294  	-0.00941  	-0.03002  	1.47360   	 (-0.00000  )
1427	-0.02238  	0.02360   	-0.01404  	1.47388   	 (-0.00000  )
1428	-0.00205  	0.00294   	-0.00459  	1.46636   	 (-0.00000  )
1429	0.02834   	0.09690   	0.01660   	1.39764   	 (0.00000   )
1430	0.06801   	-0.01742  	0.01478   	1.49265   	 (0.00000   )
1431	0.03490   	0.03640   	0.00247   	1.50373   	 (-0.00000  )
1432	-0.07396  	-0.14837  	-0.03905  	1.52484   	 (0.00000   )
1433	-0.01023  	0.10578   	-0.00217  	1.49436   	 (0.00000   )
1434	0.15240   	0.00358   	0.00561   	1.45921   	 (0.00000   )
1435	-0.11430  	-0.17823  	-0.02766  	1.49148   	 (-0.00000  )
1436	0.02122   	0.01344   	-0.00034  	1.54188   	 (-0.00000  )
1437	-0.00347  	-0.09224  	0.01239   	1.51135   	 (0.00000   )
1438	-0.14800  	0.16406   	0.00488   	1.52487   	 (0.00000   )
1439	-0.05644  	-0.03911  	-0.01265  	1.44183   	 (-0.00000  )
1440	0.08609   	-0.08141  	0.01258   	1.53322   	 (-0.00000  )
1441	0.01933   	-0.08795  	0.00918   	1.41564   	 (0.00000   )
1442	-0.03479  	0.06222   	0.14170   	1.61117   	 (0.00000   )
1443	-0.03750  	0.10265   	-0.06059  	1.54181   	 (0.00000   )
1444	-0.06282  	0.01639   	0.02299   	1.52582   	 (0.00000   )
1445	0.12633   	0.00609   	0.03863   	1.50996   	 (0.00000   )
1446	0.00509   	-0.03373  	0.00031   	1.43838   	 (0.00000   )
1447	0.03558   	0.09052   	0.01904   	1.43431   	 (-0.00000  )
1448	0.08089   	-0.04936  	-0.00783  	1.51766   	 (-0.00000  )
1449	-0.14594  	0.01030   	0.05445   	1.55436   	 (-0.00000  )
1450	-0.07277  	0.03083   	-0.01495  	1.47655   	 (0.00000   )
1451	0.00870   	-0.02497  	0.00039   	1.39401   	 (-0.00000  )
1452	0.04650   	-0.03792  	-0.10699  	1.56070   	 (0.00000   )
1453	0.02815   	-0.00077  	-0.05888  	1.52008   	 (0.00000   )
1454	0.04880   	-0.01059  	0.05670   	1.48125   	 (-0.00000  )
1455	0.05568   	-0.03052  	-0.02683  	1.40646   	 (0.00000   )
1456	-0.02523  	0.01405   	-0.00541  	1.50502   	 (-0.00000  )
1457	-0.06100  	0.03796   	0.06901   	1.50520   	 (0.00000   )
1458	-0.01993  	0.00334   	0.00033   	1.46221   	 (-0.00000  )
1459	0.03759   	0.15956   	-0.06330  	1.48106   	 (-0.00000  )
1460	-0.00662  	-0.01979  	-0.03707  	1.36314   	 (-0.00000  )
1461	-0.06329  	-0.00759  	0.02361   	1.49230   	 (0.00000   )
1462	-0.03722  	-0.05501  	-0.05148  	1.54182   	 (0.00000   )
1463	0.05041   	-0.06961  	-0.05946  	1.54918   	 (-0.00000  )
1464	0.03927   	-0.02107  	0.02441   	1.58582   	 (0.00000   )
1465	0.05644   	-0.05521  	-0.00217  	1.53975   	 (-0.00000  )
1466	-0.00167  	0.04095   	-0.04583  	1.49058   	 (-0.00000  )
1467	0.05103   	0.00599   	0.03221   	1.52890   	 (0.00000   )
1468	0.02640   	-0.06940  	0.01643   	1.51492   	 (0.00000   )
1469	0.04312   	-0.01603  	-0.04343  	1.42357   	 (0.00000   )
1470	-0.05163  	-0.00594  	0.01320   	1.42657   	 (-0.00000  )
1471	-0.02226  	0.10282   	-0.07407  	1.46637   	 (0.00000   )
1472	-0.02224  	0.07309   	0.03644   	1.48952   	 (-0.00000  )
1473	-0.03974  	-0.01423  	0.04492   	1.46379   	 (-0.00000  )
1474	-0.05161  	0.01007   	-0.02135  	1.56898   	 (0.00000   )
1475	0.00126   	-0.00728  	0.03694   	1.44160   	 (-0.00000  )
1476	-0.00175  	-0.02945  	-0.03210  	1.54538   	 (0.00000   )
1477	-0.09132  	-0.00946  	-0.00075  	1.48382   	 (-0.00000  )
1478	0.08441   	0.02987   	-0.01718  	1.45120   	 (-0.00000  )
1479	0.02875   	0.00414   	0.03407   	1.48748   	 (0.00000   )
1480	0.00198   	-0.00777  	-0.00529  	1.44334   	 (0.00000   )
1481	-0.01935  	-0.02225  	0.01082   	1.45581   	 (-0.00000  )
1482	0.04217   	-0.00442  	0.00285   	1.44538   	 (0.00000   )
1483	0.00149   	0.01867   	-0.00665  	1.64926   	 (-0.00000  )
1484	-0.01150  	0.00197   	-0.00168  	1.47933   	 (0.00000   )
1485	-0.03464  	-0.04105  	0.01329   	1.62064   	 (-0.00000  )
1486	0.02715   	-0.01443  	-0.00256  	1.62173   	 (0.00000   )
1487	0.01575   	0.01397   	-0.00878  	1.60046   	 (-0.00000  )
1488	-0.03473  	0.01140   	-0.04163  	1.73358   	 (0.00000   )
1489	0.01110   	-0.03211  	0.01129   	1.53388   	 (-0.00000  )
1490	0.01218   	0.02563   	-0.01678  	1.55279   	 (0.00000   )
1491	0.04740   	0.05696   	0.04268   	1.54724   	 (0.00000   )
1492	-0.06620  	-0.04028  	0.00385   	1.45864   	 (-0.00000  )
1493	-0.01170  	-0.00391  	-0.04307  	1.56905   	 (0.00000   )
1494	-0.00054  	0.00214   	-0.00744  	1.28978   	 (-0.00000  )
1495	0.10538   	-0.02728  	-0.01682  	1.41809   	 (0.00000   )
1496	-0.06388  	0.04662   	-0.03492  	1.61926   	 (-0.00000  )
1497	0.14080   	-0.14134  	0.05219   	1.57185   	 (-0.00000  )
1498	-0.08442  	0.10993   	0.15055   	1.58064   	 (0.00000   )
1499	-0.01896  	0.07421   	-0.12948  	1.62997   	 (0.00000   )
1500	-0.04419  	-0.05785  	0.02747   	1.44238   	 (0.00000   )
1501	0.03865   	0.20090   	0.00262   	1.49498   	 (-0.00000  )
1502	-0.06011  	0.00560   	0.00375   	1.46584   	 (-0.00000  )
1503	-0.09437  	-0.21423  	-0.00515  	1.39491   	 (0.00000   )
1504	-0.00794  	0.11571   	0.01350   	1.50225   	 (0.00000   )
1505	0.12716   	-0.10039  	0.01086   	1.43375   	 (0.00000   )
1506	0.02260   	-0.00804  	0.00988   	1.40933   	 (0.00000   )
1507	0.00847   	-0.10115  	0.00528   	1.44558   	 (0.00000   )
1508	-0.07191  	0.12530   	-0.00428  	1.50866   	 (0.00000   )
1509	0.02787   	0.06534   	0.00815   	1.39615   	 (0.00000   )
1510	-0.05638  	-0.05694  	-0.00821  	1.49431   	 (0.00000   )
1511	-0.01577  	-0.01353  	-0.00204  	1.43799   	 (0.00000   )
1512	0.03644   	0.02147   	-0.00293  	1.57483   	 (-0.00000  )
1513	-0.01970  	-0.04196  	-0.00132  	1.40888   	 (0.00000   )
1514	0.03222   	0.00005   	-0.00189  	1.50023   	 (-0.00000  )
1515	0.02297   	-0.00980  	0.01082   	1.43168   	 (-0.00000  )
1516	0.01125   	-0.01580  	-0.01524  	1.32865   	 (-0.00000  )
1517	-0.00867  	-0.03033  	0.04231   	1.47500   	 (-0.00000  )
1518	-0.03735  	0.07289   	-0.00318  	1.44596   	 (0.00000   )
1519	0.01391   	-0.05593  	0.00804   	1.43294   	 (0.00000   )
1520	0.03751   	0.01022   	-0.00076  	1.46447   	 (-0.00000  )
1521	-0.07914  	-0.01827  	0.00442   	1.38725   	 (0.00000   )
1522	-0.05483  	-0.00677  	-0.01125  	1.50082   	 (-0.00000  )
1523	0.12113   	0.03322   	0.02417   	1.49590   	 (0.00000   )
1524	0.06463   	0.03893   	-0.03289  	1.49234   	 (-0.00000  )
1525	0.00466   	-0.08260  	-0.01193  	1.46546   	 (0.00000   )
1526	0.02440   	0.03786   	-0.06524  	1.47346   	 (-0.00000  )
1527	-0.07941  	-0.06100  	0.03011   	1.47043   	 (-0.00000  )
1528	0.02258   	-0.02996  	0.02176   	1.51156   	 (0.00000   )
1529	0.01792   	-0.01218  	0.00404   	1.45650   	 (0.00000   )
1530	0.07022   	0.04668   	0.00842   	1.38685   	 (-0.00000  )
1531	-0.12474  	-0.13157  	-0.02719  	1.49406   	 (-0.00000  )
1532	0.14893   	0.03518   	-0.01181  	1.49786   	 (0.00000   )
1533	-0.02569  	-0.05502  	-0.06598  	1.36774   	 (0.00000   )
1534	-0.12698  	0.04666   	-0.05580  	1.47790   	 (-0.00000  )
1535	0.06174   	-0.03608  	0.04874   	1.40794   	 (0.00000   )
1536	0.02134   	0.01546   	0.09158   	1.47971   	 (0.00000   )
1537	0.00596   	-0.13691  	0.00397   	1.47920   	 (-0.00000  )
1538	0.09247   	-0.08012  	-0.01756  	1.55967   	 (-0.00000  )
1539	-0.14171  	-0.05567  	0.04833   	1.40423   	 (-0.00000  )
1540	-0.09047  	0.09744   	0.00783   	1.44859   	 (0.00000   )
1541	0.13640   	0.04330   	-0.02241  	1.38639   	 (-0.00000  )
1542	-0.01059  	-0.05643  	-0.01619  	1.45233   	 (-0.00000  )
1543	0.05339   	-0.07896  	0.03916   	1.43809   	 (-0.00000  )
1544	0.07382   	0.00049   	-0.21946  	1.47222   	 (-0.00000  )
1545	-0.03368  	0.20065   	0.00565   	1.50482   	 (0.00000   )
1546	-0.04621  	0.04558   	0.12428   	1.48193   	 (-0.00000  )
1547	0.03565   	-0.08017  	-0.07281  	1.45377   	 (0.00000   )
1548	-0.09257  	0.07756   	-0.15115  	1.48882   	 (0.00000   )
1549	-0.16195  	0.12889   	-0.01967  	1.51011   	 (0.00000   )
1550	0.06461   	-0.03239  	0.01201   	1.66055   	 (0.00000   )
1551	0.11230   	0.00171   	-0.03552  	1.45931   	 (0.00000   )
1552	-0.13254  	0.01264   	-0.00713  	1.54771   	 (-0.00000  )
1553	0.09381   	-0.02400  	-0.02183  	1.62244   	 (-0.00000  )
1554	0.02560   	-0.08953  	0.00011   	1.47096   	 (0.00000   )
1555	0.05574   	-0.02047  	-0.06152  	1.49767   	 (-0.00000  )
1556	-0.00102  	0.03478   	0.04689   	1.46103   	 (0.00000   )
1557	0.11660   	0.03663   	-0.12026  	1.58180   	 (-0.00000  )
1558	-0.05724  	0.02726   	0.01059   	1.61505   	 (0.00000   )
1559	-0.02221  	0.04337   	-0.13423  	1.53732   	 (0.00000   )
1560	-0.10225  	-0.09446  	0.16181   	1.50432   	 (-0.00000  )
1561	-0.08910  	0.13780   	-0.03488  	1.53221   	 (0.00000   )
1562	-0.03764  	0.07689   	-0.00010  	1.53364   	 (0.00000   )
1563	-0.02014  	-0.09109  	-0.10540  	1.44821   	 (0.00000   )
1564	0.02260   	0.04396   	0.04858   	1.49761   	 (-0.00000  )
1565	0.04672   	-0.01659  	0.03387   	1.48593   	 (-0.00000  )
1566	-0.00826  	-0.06955  	0.00306   	1.42347   	 (0.00000   )
1567	-0.10571  	-0.00005  	-0.09891  	1.51889   	 (-0.00000  )
1568	0.04323   	-0.04723  	0.09503   	1.62453   	 (-0.00000  )
1569	0.01154   	-0.01462  	-0.02287  	1.38769   	 (-0.00000  )
1570	0.07388   	-0.05183  	-0.08913  	1.59820   	 (-0.00000  )
1571	0.19103   	-0.02407  	0.06585   	1.49039   	 (-0.00000  )
1572	0.17672   	-0.22555  	0.00836   	1.48493   	 (-0.00000  )
1573	-0.10438  	0.10020   	0.07268   	1.34479   	 (-0.00000  )
1574	-0.09309  	0.04828   	-0.00033  	1.36714   	 (0.00000   )
1575	-0.03583  	0.09975   	-0.02778  	1.31361   	 (0.00000   )
1576	-0.00325  	-0.05555  	-0.02592  	1.41854   	 (-0.00000  )
1577	0.00395   	0.03120   	-0.00636  	1.37058   	 (-0.00000  )
1578	-0.17655  	0.01859   	-0.00448  	1.45738   	 (-0.00000  )
1579	0.01919   	0.00341   	0.01875   	1.52916   	 (-0.00000  )
1580	0.11742   	-0.22621  	0.04732   	1.50852   	 (-0.00000  )
1581	0.01280   	-0.00570  	-0.14578  	1.48852   	 (0.00000   )
1582	0.03073   	-0.10571  	-0.12183  	1.47236   	 (0.00000   )
1583	-0.05321  	0.02559   	0.05947   	1.44676   	 (0.00000   )
1584	-0.17958  	0.17144   	-0.02869  	1.49211   	 (0.00000   )
1585	0.21164   	-0.05225  	-0.09139  	1.46757   	 (0.00000   )
1586	-0.19731  	0.14253   	-0.25815  	1.52772   	 (0.00000   )
1587	0.13695   	0.07969   	0.11641   	1.44756   	 (-0.00000  )
1588	0.06216   	0.27040   	0.00507   	1.40686   	 (-0.00000  )
1589	0.00506   	-0.50786  	-0.00680  	1.59536   	 (0.00000   )
1590	-0.08539  	-0.15542  	0.15823   	1.50075   	 (0.00000   )
1591	0.17826   	-0.16310  	-0.15981  	1.51422   	 (0.00000   )
1592	-0.08980  	-0.14156  	0.02544   	1.50680   	 (0.00000   )
1593	0.03401   	0.10906   	-0.01270  	1.49830   	 (-0.00000  )
1594	-0.05043  	0.21517   	-0.41664  	1.56768   	 (-0.00000  )
1595	0.04208   	-0.04559  	0.18611   	1.40952   	 (-0.00000  )
1596	-0.14020  	-0.03605  	-0.16783  	1.48518   	 (0.00000   )
1597	0.23401   	0.29963   	0.00793   	1.49855   	 (-0.00000  )
1598	-0.10056  	0.16229   	-0.31961  	1.54032   	 (0.00000   )
1599	-0.01947  	-0.12354  	0.21575   	1.39705   	 (0.00000   )
