#n 	 E_n 	 <H> 	 <H_dir> 	 <H_exc> 	 <H_0> 	 E_B (eV)
0  0.069112801444  0.069112801444  0.007034795440  -0.000028942258   0.076118654626  -0.190639073272
1  0.069778023274  0.069778023274  0.006682675905  -0.000596090988   0.075864608191  -0.165624496788
2  0.069783631831  0.069783631831  0.006651885470  -0.000611023458   0.075824493843  -0.164380312552
3  0.069925633432  0.069925633432  0.006567748065  -0.000721586978   0.075771794520  -0.159082227810
4  0.072083503978  0.072083503978  0.007295956935  -0.000039500972   0.079339959941  -0.197458325783
5  0.072551467845  0.072551467845  0.007117087372  -0.000408438481   0.079260116735  -0.182551728424
6  0.072660017973  0.072660017973  0.007058096494  -0.000478286915   0.079239827552  -0.179045830381
7  0.073496787205  0.073496787205  0.007340475969  -0.000080452001   0.080756811173  -0.197555416218
8  0.073544221154  0.073544221154  0.006500038788  -0.001100219983   0.078944039958  -0.146936629420
9  0.073648203797  0.073648203797  0.007302005451  -0.000115144852   0.080835064397  -0.195564538524
10  0.073832897587  0.073832897587  0.007244462118  -0.000265461243   0.080811898461  -0.189908384393
11  0.074100978223  0.074100978223  0.007059476983  -0.000494310914   0.080666144292  -0.178647359973
12  0.074244558240  0.074244558240  0.006939295650  -0.000526162540   0.080657691351  -0.174510330313
13  0.074383025828  0.074383025828  0.006962564726  -0.000808030669   0.080537559885  -0.167473488034
14  0.074522547169  0.074522547169  0.006911656395  -0.000859488346   0.080574715217  -0.164687965638
15  0.074854688114  0.074854688114  0.006101288835  -0.000893174149   0.080062802799  -0.141720091947
16  0.075057311430  0.075057311430  0.004056899243  -0.000005380552   0.079108830120  -0.110247495685
17  0.075113219314  0.075113219314  0.004180684155  -0.000056875055   0.079237028414  -0.112214618944
18  0.075138400976  0.075138400976  0.004231078428  -0.000078736696   0.079290742707  -0.112991031798
19  0.075227145963  0.075227145963  0.004626592610  -0.000271182263   0.079582556311  -0.118516813138
20  0.075804050371  0.075804050371  0.004501288547  -0.000012881640   0.080292457278  -0.122135835710
21  0.075808064959  0.075808064959  0.004491264184  -0.000010983334   0.080288345810  -0.121914714329
22  0.075899444768  0.075899444768  0.007222426665  -0.000056074917   0.083065796516  -0.195006463974
23  0.075922463216  0.075922463216  0.004520008413  -0.000005892395   0.080436579235  -0.122835416634
24  0.075963361942  0.075963361942  0.004598014701  -0.000096792966   0.080464583678  -0.122484545139
25  0.076066893942  0.076066893942  0.004531022214  -0.000006154718   0.080591761438  -0.123127979382
26  0.076104357905  0.076104357905  0.004606714967  -0.000099331876   0.080611740996  -0.122652204242
27  0.076152315077  0.076152315077  0.004531382036  -0.000006074599   0.080677622514  -0.123139950794
28  0.076155574828  0.076155574828  0.004525797215  -0.000003148060   0.080678223983  -0.123067615233
29  0.076263987866  0.076263987866  0.007210880034  -0.000310118365   0.083164749535  -0.187779386073
30  0.076295087921  0.076295087921  0.007242148332  -0.000267188476   0.083270047777  -0.189798422631
31  0.076722286310  0.076722286310  0.007278644511  -0.000253410342   0.083747520479  -0.191166457064
32  0.076827832768  0.076827832768  0.007325692620  -0.000152594454   0.084000930934  -0.195190043426
33  0.076874063748  0.076874063748  0.006872685470  -0.000777000737   0.082969748481  -0.165872115537
34  0.076936864479  0.076936864479  0.007312270544  -0.000268854525   0.083980280498  -0.191661210658
35  0.077219656354  0.077219656354  0.007108787029  -0.000582503510   0.083745939873  -0.177589311344
36  0.077294186854  0.077294186854  0.007155126946  -0.000572878708   0.083876435092  -0.179112189707
37  0.077627801335  0.077627801335  0.006521181147  -0.000697030235   0.083451952247  -0.158483300128
38  0.077634493122  0.077634493122  0.006906388210  -0.000926439039   0.083614442293  -0.162722788875
39  0.077802362870  0.077802362870  0.006879934421  -0.000932678131   0.083749619160  -0.161833169802
40  0.078062557233  0.078062557233  0.006995364128  -0.000127013446   0.084930907915  -0.186897437734
41  0.078186936839  0.078186936839  0.005474721742  -0.000051673819   0.083609984762  -0.147568726253
42  0.078261232868  0.078261232868  0.006955223720  -0.000278574368   0.084937882220  -0.181680976187
43  0.078369801258  0.078369801258  0.005076586490  -0.000232455938   0.083213931810  -0.131815574110
44  0.078440233550  0.078440233550  0.004994022624  -0.000209223274   0.083225032900  -0.130201089029
45  0.078558416294  0.078558416294  0.006359425597  -0.000047609584   0.084870232307  -0.171753350242
46  0.078667608998  0.078667608998  0.006962519908  -0.000478184472   0.085151944434  -0.176447845293
47  0.078710493513  0.078710493513  0.004832602837  -0.000477346702   0.083065749648  -0.118512616797
48  0.078771881350  0.078771881350  0.006918160431  -0.000365474017   0.085324567764  -0.178307771086
49  0.078792047940  0.078792047940  0.006906978286  -0.000310545631   0.085388480595  -0.179498167555
50  0.078889126351  0.078889126351  0.004813708099  -0.000059223942   0.083643610508  -0.129376170202
51  0.078902318031  0.078902318031  0.004706930488  -0.000059063722   0.083550184797  -0.126474961712
52  0.078912286385  0.078912286385  0.006329910604  -0.000346862685   0.084895334304  -0.162807110132
53  0.078950211888  0.078950211888  0.006108612645  -0.000418903592   0.084639920941  -0.154824948919
54  0.078966346769  0.078966346769  0.005825620983  -0.000442554539   0.084349413213  -0.146480774231
55  0.078980600304  0.078980600304  0.004781518288  -0.000040453130   0.083721665461  -0.129011020431
56  0.079027109327  0.079027109327  0.006532808580  -0.000477175219   0.085082742688  -0.164782261649
57  0.079031730480  0.079031730480  0.006788659314  -0.000693103418   0.085127286376  -0.165868609721
58  0.079101497040  0.079101497040  0.004842514174  -0.000192083880   0.083751927334  -0.126544718902
59  0.079155316826  0.079155316826  0.004563680115  -0.000019119720   0.083699877220  -0.123663850714
60  0.079215614619  0.079215614619  0.005723328081  -0.000453665712   0.084485276988  -0.143394890587
61  0.079219417915  0.079219417915  0.004683955617  -0.000117790920   0.083785582611  -0.124251734023
62  0.079282740702  0.079282740702  0.004745374847  -0.000137043582   0.083891071967  -0.125399145385
63  0.079312690255  0.079312690255  0.004918441047  -0.000162981975   0.084068149326  -0.129402698987
64  0.079346902890  0.079346902890  0.004388067015  -0.000035049373   0.083699920531  -0.118451704248
65  0.079389659587  0.079389659587  0.004341647023  -0.000039461990   0.083691844620  -0.117068477814
66  0.079424698484  0.079424698484  0.004447230069  -0.000115913174   0.083756015378  -0.117861196553
67  0.079464914791  0.079464914791  0.004737470553  -0.000284589600   0.083917795743  -0.121169124758
68  0.079778405587  0.079778405587  0.004217306489  -0.000051887681   0.083943824395  -0.113346877339
69  0.079814502492  0.079814502492  0.004219831728  -0.000071107500   0.083963226721  -0.112892594466
70  0.079837822180  0.079837822180  0.004223972278  -0.000072465422   0.083989329035  -0.112968313651
71  0.079850706366  0.079850706366  0.004209743837  -0.000077321716   0.083983128487  -0.112448991309
72  0.080073553529  0.080073553529  0.004190633339  -0.000024402231   0.084239784636  -0.113368981164
73  0.080110943101  0.080110943101  0.007207291207  -0.000150244220   0.087167990087  -0.192032128358
74  0.080126594183  0.080126594183  0.004387596900  -0.000112349925   0.084401841157  -0.116335455517
75  0.080144848936  0.080144848936  0.004185746000  -0.000030987301   0.084299607636  -0.113056800877
76  0.080197924425  0.080197924425  0.004224593543  -0.000070558726   0.084351959243  -0.113037103038
77  0.080320779390  0.080320779390  0.007115889796  -0.000269661785   0.087167007401  -0.186295448885
78  0.080326271110  0.080326271110  0.004434265484  -0.000070017373   0.084690519221  -0.118757301046
79  0.080335058704  0.080335058704  0.004388868083  -0.000064997602   0.084658929185  -0.117658569207
80  0.080361185066  0.080361185066  0.004273196991  -0.000014367115   0.084620014942  -0.115888723284
81  0.080434919906  0.080434919906  0.004614547809  -0.000025051294   0.085024416421  -0.124886625479
82  0.080470761359  0.080470761359  0.004768227559  -0.000024551396   0.085214437522  -0.129082069540
83  0.080528540665  0.080528540665  0.006850924899  -0.000127088682   0.087252376882  -0.182964996838
84  0.080643029013  0.080643029013  0.004534690492  -0.000131930979   0.085045788526  -0.119805250217
85  0.080648105685  0.080648105685  0.004488595983  -0.000059258252   0.085077443415  -0.120528480721
86  0.080653577786  0.080653577786  0.004575716955  -0.000024388479   0.085204906262  -0.123848019689
87  0.080658231410  0.080658231410  0.004414403226  -0.000047143401   0.085025491235  -0.118839253999
88  0.080694421715  0.080694421715  0.004587847990  -0.000075138487   0.085207131217  -0.122797143361
89  0.080699708087  0.080699708087  0.004364407734  -0.000031873758   0.085032242063  -0.117894315034
90  0.080704174403  0.080704174403  0.004531679449  -0.000076866530   0.085158987322  -0.121221696251
91  0.080752257391  0.080752257391  0.004299818313  -0.000009054131   0.085043021573  -0.116757700480
92  0.080774337943  0.080774337943  0.004346310811  -0.000039536915   0.085081111838  -0.117193347184
93  0.080794144658  0.080794144658  0.004076792544  -0.000050674560   0.084820262642  -0.109556306901
94  0.080797795572  0.080797795572  0.004262800414  -0.000080516675   0.084980079312  -0.113805795754
95  0.080849066141  0.080849066141  0.003867779086  -0.000031603048   0.084685242179  -0.104387720640
96  0.080888275108  0.080888275108  0.004709295903  -0.000096173407   0.085501397604  -0.125529521478
97  0.080891289658  0.080891289658  0.004714215418  -0.000096334050   0.085509171026  -0.125659017043
98  0.080902898993  0.080902898993  0.006627733260  -0.000222616150   0.087308016103  -0.174292203734
99  0.080907380473  0.080907380473  0.004207604051  -0.000033276012   0.085081708512  -0.113589309997
100  0.080973475908  0.080973475908  0.006941919947  -0.000264215343   0.087651180512  -0.181709691060
101  0.081010907374  0.081010907374  0.003787094750  -0.000006786390   0.084791215734  -0.102867482905
102  0.081030458293  0.081030458293  0.004825668587  -0.000121678859   0.085734448021  -0.128002146092
103  0.081031629380  0.081031629380  0.005837708615  -0.000225746206   0.086643591789  -0.152709353898
104  0.081068379232  0.081068379232  0.006820450775  -0.000363520498   0.087525309508  -0.175702112525
105  0.081070897130  0.081070897130  0.003805539835  -0.000017106637   0.084859330329  -0.103088571134
106  0.081079172897  0.081079172897  0.003804308997  -0.000013050575   0.084870431318  -0.103165449417
107  0.081117270799  0.081117270799  0.006907091094  -0.000225778258   0.087798583636  -0.181807876116
108  0.081265982196  0.081265982196  0.006663781926  -0.000717558394   0.087212205729  -0.161805067032
109  0.081479674476  0.081479674476  0.006726130121  -0.000636333996   0.087569470601  -0.165711878272
110  0.081552347477  0.081552347477  0.006952277988  -0.000354340089   0.088150285376  -0.179539127339
111  0.081579929677  0.081579929677  0.004859345233  -0.000007437948   0.086431836962  -0.132027189899
112  0.081633415321  0.081633415321  0.006720766911  -0.000622930113   0.087731252119  -0.165930676260
113  0.081641872533  0.081641872533  0.006664016960  -0.000661455593   0.087644433900  -0.163338098375
114  0.081685709192  0.081685709192  0.004299302825  -0.000066872934   0.085918139083  -0.115170342723
115  0.081705547664  0.081705547664  0.004435246255  -0.000118854658   0.086021939260  -0.117455058278
116  0.081740181890  0.081740181890  0.004216149666  -0.000010397373   0.085945934184  -0.114444407960
117  0.081758347166  0.081758347166  0.004084988825  -0.000092237324   0.085751098667  -0.108648358179
118  0.081821744628  0.081821744628  0.004760528704  -0.000212917993   0.086369355340  -0.123746854123
119  0.081861719804  0.081861719804  0.006569387560  -0.000448004476   0.087983102888  -0.166571403663
120  0.081888289730  0.081888289730  0.004472059510  -0.000141187144   0.086219162097  -0.117849100312
121  0.081893892617  0.081893892617  0.006568122867  -0.000397967332   0.088064048152  -0.167898570324
122  0.081915976307  0.081915976307  0.004714631146  -0.000253712265   0.086376895188  -0.121387848038
123  0.081924005036  0.081924005036  0.006690567280  -0.000536422327   0.088078149988  -0.167462899960
124  0.081943230989  0.081943230989  0.006438809427  -0.000310218714   0.088071821702  -0.166767533323
125  0.082010836087  0.082010836087  0.006393949247  -0.000161898120   0.088242887215  -0.169582836061
126  0.082077319492  0.082077319492  0.006088520244  -0.000175206212   0.087990633525  -0.160909553475
127  0.082081835112  0.082081835112  0.004573822916  -0.000063154678   0.086592503350  -0.122741597698
128  0.082107786924  0.082107786924  0.004400416207  -0.000082719704   0.086425483427  -0.117490566621
129  0.082158362143  0.082158362143  0.004175868372  -0.000014991063   0.086319239453  -0.113223296821
130  0.082166147528  0.082166147528  0.004183524660  -0.000018241967   0.086331430221  -0.113343173465
131  0.082176064618  0.082176064618  0.006211167950  -0.000205686001   0.088181546566  -0.163417571494
132  0.082278366233  0.082278366233  0.006068295555  -0.000251388377   0.088095273411  -0.158286187984
133  0.082288835293  0.082288835293  0.006520047702  -0.000345953729   0.088462929265  -0.168005740718
134  0.082323964965  0.082323964965  0.006249118401  -0.000325888147   0.088247195219  -0.161179387736
135  0.082397112264  0.082397112264  0.006258968119  -0.000376674872   0.088279405511  -0.160065434468
136  0.082421210659  0.082421210659  0.006009326085  -0.000278763208   0.088151773537  -0.155936638676
137  0.082451896507  0.082451896507  0.006018280582  -0.000385436876   0.088084740213  -0.153277563233
138  0.082541427777  0.082541427777  0.004434795805  -0.000023462903   0.086952760679  -0.120038544133
139  0.082548762900  0.082548762900  0.004410852644  -0.000030286438   0.086929329106  -0.119201339254
140  0.082568284123  0.082568284123  0.004385516660  -0.000032950608   0.086920850174  -0.118439415842
141  0.082593773573  0.082593773573  0.004381606448  -0.000072740495   0.086902639525  -0.117250274988
142  0.082656881322  0.082656881322  0.006226995643  -0.000580540427   0.088303336537  -0.153647951455
143  0.082756215822  0.082756215822  0.004712268457  -0.000038310408   0.087430173871  -0.127184942059
144  0.082889049843  0.082889049843  0.004664936031  -0.000070481954   0.087483503919  -0.125021527666
145  0.082919323939  0.082919323939  0.004636453687  -0.000112344339   0.087443433288  -0.123107349137
146  0.082935015863  0.082935015863  0.005476667822  -0.000498521389   0.087913162296  -0.135462333858
147  0.082992409039  0.082992409039  0.005104507249  -0.000360021271   0.087736895017  -0.129104105726
148  0.082995479730  0.082995479730  0.004700887497  -0.000129255072   0.087567112155  -0.124400518572
149  0.083012343183  0.083012343183  0.004617942591  -0.000105575863   0.087524709911  -0.122787815978
150  0.083037168421  0.083037168421  0.004557523841  -0.000023295034   0.087571397227  -0.123382713752
151  0.083084783211  0.083084783211  0.004652980749  -0.000098159919   0.087639604042  -0.123943051549
152  0.083092746266  0.083092746266  0.004554703407  -0.000096855800   0.087550593873  -0.121304274373
153  0.083128236005  0.083128236005  0.004641473872  -0.000142818038   0.087626891839  -0.122414723377
154  0.083155680171  0.083155680171  0.004699930682  -0.000106520113   0.087749090740  -0.124993132350
155  0.083210970460  0.083210970460  0.005185113907  -0.000156025338   0.088240059028  -0.136848540664
156  0.083236057927  0.083236057927  0.004589237435  -0.000071676301   0.087753619061  -0.122929163043
157  0.083252083066  0.083252083066  0.005623725958  -0.000106777776   0.088769031249  -0.150123883781
158  0.083285971450  0.083285971450  0.004611461487  -0.000116245857   0.087781187080  -0.122321110589
159  0.083310709221  0.083310709221  0.004892743167  -0.000099961334   0.088103491054  -0.130418303565
160  0.083334241845  0.083334241845  0.004622477620  -0.000110459142   0.087846260323  -0.122778339613
161  0.083368833586  0.083368833586  0.004960689681  -0.000089748568   0.088239774698  -0.132545126991
162  0.083370760427  0.083370760427  0.005265121268  -0.000118498212   0.088517383483  -0.140046818624
163  0.083384714927  0.083384714927  0.004744128627  -0.000097408972   0.088031434582  -0.126443747231
164  0.083411439632  0.083411439632  0.004747267051  -0.000120744774   0.088037961909  -0.125894148281
165  0.083421744151  0.083421744151  0.004485151381  -0.000227557680   0.087679337852  -0.115855085229
166  0.083449822016  0.083449822016  0.004562507345  -0.000144583141   0.087867746220  -0.120217902695
167  0.083662120967  0.083662120967  0.004695950141  -0.000096080853   0.088261990255  -0.125168883155
168  0.083691951309  0.083691951309  0.004445076461  -0.000099942633   0.088037085136  -0.118237174647
169  0.083698123831  0.083698123831  0.004468847508  -0.000096083818   0.088070887521  -0.118989021875
170  0.083718654461  0.083718654461  0.004309878856  -0.000055882770   0.087972650548  -0.115757189115
171  0.083732737870  0.083732737870  0.004405733001  -0.000040008586   0.088098462285  -0.118797473339
172  0.083741421780  0.083741421780  0.004509588247  -0.000037273256   0.088213736771  -0.121697952162
173  0.083793486325  0.083793486325  0.004376572508  -0.000023610130   0.088146448703  -0.118450200455
174  0.083803169923  0.083803169923  0.004428607566  -0.000021929955   0.088209847534  -0.119911867139
175  0.083815756943  0.083815756943  0.004291525694  -0.000026191598   0.088081091038  -0.116065712211
176  0.083838167837  0.083838167837  0.004341911686  -0.000023075342   0.088157004181  -0.117521583297
177  0.083847837072  0.083847837072  0.005165380053  -0.000194324738   0.088818892386  -0.135269374576
178  0.083857728454  0.083857728454  0.004636114937  -0.000081372427   0.088412470964  -0.123940920316
179  0.083870588779  0.083870588779  0.004539098074  -0.000089909474   0.088319777380  -0.121068650688
180  0.083886368404  0.083886368404  0.004838625101  -0.000179963726   0.088545029779  -0.126768698151
181  0.083897964347  0.083897964347  0.006154259350  -0.000431478782   0.089620744916  -0.155724871159
182  0.083943319454  0.083943319454  0.004730781742  -0.000139221615   0.088534879581  -0.124942779235
183  0.083980891996  0.083980891996  0.005879451573  -0.000265850706   0.089594492863  -0.152753938637
184  0.083995745295  0.083995745295  0.004452078820  -0.000086766328   0.088361057788  -0.118786264357
185  0.084010525197  0.084010525197  0.004370193959  -0.000093291685   0.088287427472  -0.116380498563
186  0.084019746775  0.084019746775  0.004264121007  -0.000070990150   0.088212877633  -0.114100961005
187  0.084040863881  0.084040863881  0.005553242350  -0.000180530294   0.089413575937  -0.146199016842
188  0.084061983114  0.084061983114  0.004794147530  -0.000158785852   0.088697344792  -0.126134680761
189  0.084075892061  0.084075892061  0.004323115518  -0.000095881844   0.088303125735  -0.115028946395
190  0.084102565714  0.084102565714  0.004560033660  -0.000090077873   0.088572521501  -0.121633754898
191  0.084131020442  0.084131020442  0.004351661652  -0.000207252466   0.088275429629  -0.112775176145
192  0.084165012040  0.084165012040  0.004943654910  -0.000224154779   0.088884512171  -0.128424205870
193  0.084199099940  0.084199099940  0.004142242210  -0.000061478476   0.088279863673  -0.111043294249
194  0.084216769270  0.084216769270  0.004104733596  -0.000074242728   0.088247260139  -0.109675299209
195  0.084232916085  0.084232916085  0.004450045510  -0.000115124724   0.088567836871  -0.117959263493
196  0.084250110976  0.084250110976  0.004363068849  -0.000093725675   0.088519454150  -0.116174804845
197  0.084270177938  0.084270177938  0.004733900296  -0.000235130813   0.088768947420  -0.122417815891
198  0.084280114110  0.084280114110  0.004561377676  -0.000175555522   0.088665936264  -0.119344360955
199  0.084325224546  0.084325224546  0.004132210232  -0.000150474746   0.088306960032  -0.108348597009
200  0.084335084428  0.084335084428  0.004186755959  -0.000185387347   0.088336453039  -0.108882841836
201  0.084358605254  0.084358605254  0.004483287875  -0.000175812893   0.088666080235  -0.117212424719
202  0.084479010489  0.084479010489  0.004588968247  -0.000080898579   0.088987080157  -0.122670886968
203  0.084506588609  0.084506588609  0.004711370847  -0.000103208358   0.089114751097  -0.125394552740
204  0.084527872819  0.084527872819  0.004643960515  -0.000074496972   0.089097336361  -0.124341500236
205  0.084557356842  0.084557356842  0.004697000395  -0.000078519713   0.089175837524  -0.125675325231
206  0.084575872308  0.084575872308  0.004494789165  -0.000105184341   0.088965477132  -0.119447292704
207  0.084594655956  0.084594655956  0.004256754370  -0.000059351026   0.088792059300  -0.114217221362
208  0.084620949716  0.084620949716  0.004618843338  -0.000129809378   0.089109983676  -0.122152898692
209  0.084635897053  0.084635897053  0.004289199588  -0.000081349318   0.088843747323  -0.114501496832
210  0.084662633202  0.084662633202  0.004493040081  -0.000092173239   0.089063500044  -0.119753747993
211  0.084666657077  0.084666657077  0.004498822591  -0.000104396279   0.089061083389  -0.119578492160
212  0.084688581235  0.084688581235  0.004499648990  -0.000166650742   0.089021579484  -0.117906948547
213  0.084695872138  0.084695872138  0.004572057456  -0.000190382711   0.089077546883  -0.119231504158
214  0.084740015780  0.084740015780  0.004669016456  -0.000124067109   0.089284965127  -0.123674434654
215  0.084761281344  0.084761281344  0.004474131702  -0.000099103946   0.089136309100  -0.119050630276
216  0.084786748913  0.084786748913  0.004358817032  -0.000063588975   0.089081976970  -0.116879168748
217  0.084793751603  0.084793751603  0.004398178108  -0.000066240551   0.089125689160  -0.117878085630
218  0.084822714645  0.084822714645  0.004365977983  -0.000084156669   0.089104535959  -0.116514352499
219  0.084851543729  0.084851543729  0.004500252827  -0.000099653694   0.089252142862  -0.119746463252
220  0.084869034744  0.084869034744  0.004458081723  -0.000061543659   0.089265572807  -0.119635955869
221  0.084914228333  0.084914228333  0.004470176825  -0.000157581874   0.089226823284  -0.117351746246
222  0.084964740643  0.084964740643  0.004371031156  -0.000092693758   0.089243078042  -0.116419550289
223  0.084967955429  0.084967955429  0.004523489540  -0.000165567681   0.089325877288  -0.118585154879
224  0.084975115169  0.084975115169  0.004383796540  -0.000073704719   0.089285206990  -0.117283632590
225  0.084982753122  0.084982753122  0.006012310106  -0.000163114880   0.090831948347  -0.159164790962
226  0.085074237304  0.085074237304  0.003886128518  -0.000033116953   0.088927248869  -0.104845838900
227  0.085096306043  0.085096306043  0.003841484328  -0.000029995978   0.088907794392  -0.103715934076
228  0.085123414287  0.085123414287  0.004070523957  -0.000226299683   0.088967638561  -0.104606724400
229  0.085154515238  0.085154515238  0.006171177749  -0.000270945554   0.091054747433  -0.160553578336
230  0.085209593768  0.085209593768  0.004407293278  -0.000074617390   0.089542269656  -0.117898176654
231  0.085221194494  0.085221194494  0.004107480215  -0.000068636967   0.089260037742  -0.109902579168
232  0.085237650292  0.085237650292  0.004416783194  -0.000107550003   0.089546883483  -0.117260268050
233  0.085255176509  0.085255176509  0.004133933069  -0.000173661861   0.089215447717  -0.107764523937
234  0.085268183597  0.085268183597  0.004232401605  -0.000089963910   0.089410621292  -0.112721529102
235  0.085309677401  0.085309677401  0.004394756155  -0.000089649219   0.089614784337  -0.117147986874
236  0.085336927494  0.085336927494  0.004177366378  -0.000047603505   0.089466690367  -0.112376629439
237  0.085358388205  0.085358388205  0.004205408064  -0.000061940812   0.089501855457  -0.112749544766
238  0.085364418350  0.085364418350  0.004101202952  -0.000067723488   0.089397897814  -0.109756623092
239  0.085408172804  0.085408172804  0.006104692370  -0.000113833427   0.091399031746  -0.163019659018
240  0.085425537278  0.085425537278  0.004399085186  -0.000046846568   0.089777775896  -0.118430505942
241  0.085438298108  0.085438298108  0.004398430060  -0.000039382499   0.089797345669  -0.118615786801
242  0.085454070410  0.085454070410  0.004227812793  -0.000082220837   0.089599662366  -0.112807360947
243  0.085482483029  0.085482483029  0.003996093235  -0.000037107466   0.089441468798  -0.107729545337
244  0.085548141454  0.085548141454  0.006195376795  -0.000220451810   0.091523066440  -0.162586073742
245  0.085569490327  0.085569490327  0.003973895698  -0.000017434072   0.089525951953  -0.107660859873
246  0.085599305494  0.085599305494  0.003961270542  -0.000024244911   0.089536331125  -0.107131979268
247  0.085607907010  0.085607907010  0.004026281188  -0.000032536810   0.089601651389  -0.108675375771
248  0.085646139944  0.085646139944  0.003959774690  -0.000031231396   0.089574683238  -0.106901162994
249  0.085673671557  0.085673671557  0.004375220778  -0.000472932108   0.089575960227  -0.106186737909
250  0.085705173848  0.085705173848  0.005558485649  -0.000143311058   0.091120348439  -0.147354481878
251  0.085743999036  0.085743999036  0.005637309719  -0.000180728213   0.091200580542  -0.148481221986
252  0.085786526462  0.085786526462  0.005534413793  -0.000147014518   0.091173925737  -0.146598676630
253  0.085794174952  0.085794174952  0.004071653348  -0.000025953124   0.089839875177  -0.110089167092
254  0.085813247796  0.085813247796  0.003995251415  -0.000024874645   0.089783624566  -0.108039510445
255  0.085818698752  0.085818698752  0.003856668466  -0.000079455371   0.089595911847  -0.102783256410
256  0.085830218856  0.085830218856  0.005652733279  -0.000208052779   0.091274899356  -0.148157378952
257  0.085834521842  0.085834521842  0.004111455377  -0.000020122137   0.089925855082  -0.111330905325
258  0.085844987694  0.085844987694  0.005495060783  -0.000179435669   0.091160612809  -0.144645601233
259  0.085858055730  0.085858055730  0.004357662615  -0.000027209117   0.090188509227  -0.117837702290
260  0.085941755548  0.085941755548  0.004245838541  -0.000056412006   0.090131182083  -0.114000161210
261  0.085954952899  0.085954952899  0.004096791495  -0.000068182451   0.089983561944  -0.109624092148
262  0.085964474495  0.085964474495  0.004239547739  -0.000077110097   0.090126912138  -0.113265755663
263  0.085967142099  0.085967142099  0.005416190294  -0.000147722636   0.091235609757  -0.143362380814
264  0.085978070509  0.085978070509  0.004062712110  -0.000062613329   0.089978169290  -0.108848287960
265  0.086006730012  0.086006730012  0.004172728842  -0.000067728597   0.090111730258  -0.111702803680
266  0.086011962208  0.086011962208  0.005445631761  -0.000229451464   0.091228142506  -0.141939568545
267  0.086016319433  0.086016319433  0.004265264415  -0.000051925849   0.090229657999  -0.114650841045
268  0.086043514321  0.086043514321  0.004211156368  -0.000045372313   0.090209298376  -0.113356816237
269  0.086064679836  0.086064679836  0.004381246190  -0.000095975779   0.090349950246  -0.116608207246
270  0.086130483652  0.086130483652  0.004239256970  -0.000018270920   0.090351469702  -0.114858939791
271  0.086162553511  0.086162553511  0.005788116133  -0.000396780977   0.091553888667  -0.146705777469
272  0.086168140541  0.086168140541  0.004373885775  -0.000104760141   0.090437266174  -0.116168885272
273  0.086169259735  0.086169259735  0.004191707700  -0.000063950083   0.090297017352  -0.112322063627
274  0.086198879104  0.086198879104  0.004529321218  -0.000102238285   0.090625962036  -0.120467124511
275  0.086222487916  0.086222487916  0.005515203339  -0.000301721393   0.091435969862  -0.141866142637
276  0.086230287093  0.086230287093  0.004679809515  -0.000160122174   0.090749974434  -0.122987020122
277  0.086240216930  0.086240216930  0.005665822709  -0.000317544512   0.091588495128  -0.145534137347
278  0.086301977026  0.086301977026  0.005883778150  -0.000305537084   0.091880218093  -0.151791748946
279  0.086347264770  0.086347264770  0.005789203382  -0.000321786646   0.091814681506  -0.148776063766
280  0.086353334063  0.086353334063  0.004115659397  -0.000045686139   0.090423307321  -0.110749670317
281  0.086363453165  0.086363453165  0.005715401186  -0.000326597384   0.091752256967  -0.146636895779
282  0.086414186196  0.086414186196  0.005777299993  -0.000359298169   0.091832188021  -0.147431414847
283  0.086438721542  0.086438721542  0.004148068965  -0.000217588203   0.090369202304  -0.106953884230
284  0.086439882568  0.086439882568  0.005694684742  -0.000394430238   0.091740137072  -0.144227345415
285  0.086480351101  0.086480351101  0.004289247833  -0.000051463034   0.090718135900  -0.115316057279
286  0.086483055114  0.086483055114  0.005626735741  -0.000346586593   0.091763204262  -0.143680250528
287  0.086497481514  0.086497481514  0.004234000482  -0.000040878944   0.090690603053  -0.114100707441
288  0.086509592847  0.086509592847  0.004099343009  -0.000022390930   0.090586544927  -0.110939573827
289  0.086584810464  0.086584810464  0.004011919573  -0.000075979794   0.090520750243  -0.107102431703
290  0.086626764217  0.086626764217  0.004091292408  -0.000059918970   0.090658137655  -0.109699315172
291  0.086646063481  0.086646063481  0.005018404682  -0.000092133989   0.091572334173  -0.134050722327
292  0.086672374222  0.086672374222  0.004072225917  -0.000091231566   0.090653368573  -0.108328429679
293  0.086693452202  0.086693452202  0.003971602236  -0.000033566125   0.090631488313  -0.107159475851
294  0.086701270543  0.086701270543  0.005273454027  -0.000204999998   0.091769724572  -0.137919729957
295  0.086718881963  0.086718881963  0.003912415079  -0.000039870463   0.090591426579  -0.105377360573
296  0.086746028187  0.086746028187  0.003818556746  -0.000028435927   0.090536149006  -0.103134493649
297  0.086787299364  0.086787299364  0.003882815902  -0.000065679579   0.090604435686  -0.103869623332
298  0.086799211974  0.086799211974  0.005456955768  -0.000117167090   0.092139000651  -0.145303125620
299  0.086821415610  0.086821415610  0.005393230054  -0.000142385580   0.092072260084  -0.142882829317
300  0.086827965789  0.086827965789  0.005370296638  -0.000155863811   0.092042398616  -0.141892017411
301  0.086860645015  0.086860645015  0.005393805242  -0.000184692689   0.092069757567  -0.141747245317
302  0.086882776502  0.086882776502  0.005551255267  -0.000162420409   0.092271611360  -0.146637740853
303  0.086896580988  0.086896580988  0.004360280530  -0.000029790393   0.091227071125  -0.117838699307
304  0.086928941925  0.086928941925  0.005091985332  -0.000196696287   0.091824230969  -0.133207668299
305  0.086938366024  0.086938366024  0.004436757912  -0.000103821523   0.091271302413  -0.117905265253
306  0.086958309291  0.086958309291  0.004305327759  -0.000031247091   0.091232389959  -0.116303718680
307  0.086973890479  0.086973890479  0.004441389695  -0.000100323411   0.091314956763  -0.118126491077
308  0.087010373546  0.087010373546  0.004444583394  -0.000046777746   0.091408179194  -0.119670448609
309  0.087017572560  0.087017572560  0.005341498607  -0.000134663081   0.092224408085  -0.141685284219
310  0.087018479352  0.087018479352  0.004415095200  -0.000036319632   0.091397254920  -0.119152613485
311  0.087059897444  0.087059897444  0.005276690084  -0.000184248822   0.092152338707  -0.138572456163
312  0.087071161563  0.087071161563  0.005598658720  -0.000180564117   0.092489256166  -0.147433939480
313  0.087103210148  0.087103210148  0.004949786147  -0.000098712086   0.091954284209  -0.132004516705
314  0.087118347490  0.087118347490  0.004438006770  -0.000067202360   0.091489151900  -0.118935707122
315  0.087125017821  0.087125017821  0.004455385771  -0.000078717711   0.091501685880  -0.119095265236
316  0.087130488616  0.087130488616  0.004794090563  -0.000096596762   0.091827982416  -0.127825382796
317  0.087155233287  0.087155233287  0.004631034270  -0.000071597529   0.091714670028  -0.124068656941
318  0.087187787386  0.087187787386  0.005363960468  -0.000255881933   0.092295865921  -0.138997968240
319  0.087203120180  0.087203120180  0.005077871317  -0.000176682801   0.092104308696  -0.133368201192
320  0.087219207689  0.087219207689  0.005331192617  -0.000219786789   0.092330613517  -0.139088508548
321  0.087231760138  0.087231760138  0.004478565239  -0.000072911933   0.091637413445  -0.119883994390
322  0.087258559621  0.087258559621  0.004432874915  -0.000066518622   0.091624915914  -0.118814667637
323  0.087275545803  0.087275545803  0.004379588490  -0.000035265827   0.091619868466  -0.118215101710
324  0.087316047435  0.087316047435  0.004978135902  -0.000260023634   0.092034159703  -0.128386440176
325  0.087327492405  0.087327492405  0.005094511160  -0.000142676345   0.092279327221  -0.134746357894
326  0.087337820327  0.087337820327  0.004189952610  -0.000022192944   0.091505579994  -0.113410575396
327  0.087342191371  0.087342191371  0.004595213361  -0.000075060716   0.091862344016  -0.122999681692
328  0.087345407642  0.087345407642  0.004213442626  -0.000032913801   0.091525936467  -0.113758042053
329  0.087382481974  0.087382481974  0.005207548448  -0.000277383589   0.092312646833  -0.134156688037
330  0.087392573702  0.087392573702  0.005150555937  -0.000229720380   0.092313409259  -0.133902824677
331  0.087398347132  0.087398347132  0.004140694807  -0.000052427785   0.091486614155  -0.111247469256
332  0.087425480975  0.087425480975  0.004172286316  -0.000060930398   0.091536836894  -0.111875750452
333  0.087426589647  0.087426589647  0.004901813166  -0.000105053630   0.092223349183  -0.130526542434
334  0.087451109021  0.087451109021  0.004224478305  -0.000057776328   0.091617810998  -0.113381794180
335  0.087477645217  0.087477645217  0.005061847985  -0.000184680456   0.092354812746  -0.132714556487
336  0.087498298916  0.087498298916  0.004700705571  -0.000129152365   0.092069852122  -0.124398362913
337  0.087516538613  0.087516538613  0.004730907443  -0.000195540027   0.092051906029  -0.123413696900
338  0.087520194227  0.087520194227  0.004822476182  -0.000135825853   0.092206844556  -0.127530316758
339  0.087522247619  0.087522247619  0.004312176943  -0.000162186520   0.091672238042  -0.112927049404
340  0.087533320283  0.087533320283  0.004907019342  -0.000115162222   0.092325177404  -0.130393140855
341  0.087550865931  0.087550865931  0.005291741949  -0.000210940152   0.092631667728  -0.138255730016
342  0.087585301109  0.087585301109  0.005072196566  -0.000193440029   0.092464057646  -0.132757795644
343  0.087599636554  0.087599636554  0.005059528590  -0.000156333882   0.092502831263  -0.133422792498
344  0.087620536735  0.087620536735  0.004890990331  -0.000185326154   0.092326200911  -0.128047710160
345  0.087634891636  0.087634891636  0.005014427534  -0.000256880971   0.092392438199  -0.129459502543
346  0.087660050944  0.087660050944  0.004756533875  -0.000170123245   0.092246461573  -0.124802654201
347  0.087685640215  0.087685640215  0.004882448986  -0.000187307058   0.092380782143  -0.127761385056
348  0.087692416046  0.087692416046  0.003887762718  -0.000018246072   0.091561932691  -0.105294965259
349  0.087704071244  0.087704071244  0.004810817717  -0.000187561543   0.092327327418  -0.125805273054
350  0.087704668957  0.087704668957  0.004032076586  -0.000046059966   0.091690685577  -0.108465092673
351  0.087724700197  0.087724700197  0.004589567724  -0.000162130160   0.092152137761  -0.120476774515
352  0.087767410166  0.087767410166  0.004825755489  -0.000170372920   0.092422792735  -0.126679477238
353  0.087774396152  0.087774396152  0.004492483752  -0.000069323961   0.092197555943  -0.120360370347
354  0.087780165962  0.087780165962  0.004517006938  -0.000104829666   0.092192343234  -0.120061520605
355  0.087793338500  0.087793338500  0.004758481950  -0.000085125228   0.092466695222  -0.127168579097
356  0.087810394027  0.087810394027  0.004754724209  -0.000110575609   0.092454542627  -0.126373785211
357  0.087818133462  0.087818133462  0.004636353478  -0.000096098636   0.092358388304  -0.123546690622
358  0.087825341513  0.087825341513  0.004591743715  -0.000080106329   0.092336978899  -0.122767969567
359  0.087837425996  0.087837425996  0.004823576153  -0.000138565364   0.092522436785  -0.127485702579
360  0.087854415883  0.087854415883  0.004600610124  -0.000081674945   0.092373351063  -0.122966552751
361  0.087865813261  0.087865813261  0.004510301232  -0.000058721729   0.092317392764  -0.121133710494
362  0.087875493040  0.087875493040  0.004583592379  -0.000038916505   0.092420168913  -0.123666993070
363  0.087895423130  0.087895423130  0.004754514213  -0.000094129797   0.092555807547  -0.126815584503
364  0.087926268947  0.087926268947  0.004544365323  -0.000056450986   0.092414183284  -0.122122432197
365  0.087968118746  0.087968118746  0.004498437956  -0.000056961969   0.092409594733  -0.120858779663
366  0.087981466253  0.087981466253  0.004304514312  -0.000086319989   0.092199660576  -0.114782972990
367  0.088001152976  0.088001152976  0.004534596548  -0.000105445995   0.092430303528  -0.120523387335
368  0.088029131566  0.088029131566  0.004386270507  -0.000045280604   0.092370121469  -0.118124412653
369  0.088038718513  0.088038718513  0.004440554183  -0.000026263869   0.092453008827  -0.120119019450
370  0.088044973360  0.088044973360  0.004600199979  -0.000086894020   0.092558279319  -0.122813373765
371  0.088050268577  0.088050268577  0.004536737295  -0.000110632060   0.092476373812  -0.120440519991
372  0.088057801784  0.088057801784  0.004509306001  -0.000131822150   0.092435285635  -0.119117464065
373  0.088095909104  0.088095909104  0.004569345419  -0.000078350654   0.092586903869  -0.122206254942
374  0.088131212874  0.088131212874  0.004542326002  -0.000095643135   0.092577895740  -0.121000466160
375  0.088141629453  0.088141629453  0.004454616303  -0.000092138861   0.092504106894  -0.118709118641
376  0.088161484180  0.088161484180  0.004101160133  -0.000037492628   0.092225151685  -0.110578081948
377  0.088197638330  0.088197638330  0.004205858979  -0.000076543222   0.092326954087  -0.112364462788
378  0.088215009406  0.088215009406  0.004529676440  -0.000190996136   0.092553689711  -0.118061565240
379  0.088233855288  0.088233855288  0.004437124601  -0.000220936372   0.092450043516  -0.114728384372
380  0.088247228546  0.088247228546  0.004387871991  -0.000176686152   0.092458414385  -0.114592262334
381  0.088265122658  0.088265122658  0.004137204579  -0.000078595267   0.092323731970  -0.110440441432
382  0.088304886142  0.088304886142  0.004474552399  -0.000127048318   0.092652390223  -0.118301672550
383  0.088328176315  0.088328176315  0.004170075901  -0.000104145918   0.092394106299  -0.110639647145
384  0.088348390155  0.088348390155  0.004117048437  -0.000079480755   0.092385957837  -0.109867869223
385  0.088355879756  0.088355879756  0.004075194723  -0.000032616009   0.092398458470  -0.110004226407
386  0.088380335177  0.088380335177  0.004309678002  -0.000148320806   0.092541692374  -0.113236355215
387  0.088415151927  0.088415151927  0.004290846180  -0.000095637643   0.092610360464  -0.114157497590
388  0.088458404277  0.088458404277  0.004029995657  -0.000059559122   0.092428840812  -0.108041136720
389  0.088490596800  0.088490596800  0.003957858354  -0.000069532295   0.092378922859  -0.105806795736
390  0.088540866942  0.088540866942  0.003919443532  -0.000027620891   0.092432689583  -0.105901942611
391  0.088545414534  0.088545414534  0.003834689513  -0.000031693918   0.092348410129  -0.103484834332
392  0.088564888212  0.088564888212  0.003976120651  -0.000061075875   0.092479932988  -0.106533849423
393  0.088577514963  0.088577514963  0.004057807908  -0.000047889746   0.092587433124  -0.109115487070
394  0.088591271337  0.088591271337  0.004044254215  -0.000057328747   0.092578196806  -0.108489823694
395  0.088612687395  0.088612687395  0.004144661068  -0.000048235415   0.092709113048  -0.111469477016
396  0.088615351803  0.088615351803  0.004131883220  -0.000070597496   0.092676637527  -0.110513270357
397  0.088636762085  0.088636762085  0.004014792191  -0.000147222860   0.092504331416  -0.105241976087
398  0.088641858700  0.088641858700  0.004072378829  -0.000097096939   0.092617140590  -0.108172985632
399  0.088663091642  0.088663091642  0.004168984229  -0.000161313906   0.092670761965  -0.109054320229
400  0.088667182916  0.088667182916  0.004241263013  -0.000049540023   0.092858905905  -0.114062650956
401  0.088710093188  0.088710093188  0.004207695933  -0.000183399490   0.092734389631  -0.109506740229
402  0.088728546288  0.088728546288  0.004040475329  -0.000034787942   0.092734233675  -0.109000361760
403  0.088763007751  0.088763007751  0.003996172075  -0.000108685702   0.092650494124  -0.105783946702
404  0.088779071163  0.088779071163  0.003940082127  -0.000079837250   0.092639316039  -0.105042667425
405  0.088787727962  0.088787727962  0.004049808238  -0.000101887950   0.092735648250  -0.107428438129
406  0.088798663420  0.088798663420  0.003957422451  -0.000011622701   0.092744463170  -0.107370735327
407  0.088819781726  0.088819781726  0.004333184415  -0.000102176757   0.093050789385  -0.115131641803
408  0.088827555554  0.088827555554  0.004075813163  -0.000072779975   0.092830588741  -0.108928137270
409  0.088837363047  0.088837363047  0.003903428734  -0.000060490785   0.092680300996  -0.104571721716
410  0.088893998639  0.088893998639  0.004537759797  -0.000206656393   0.093225102042  -0.117855387158
411  0.088904518271  0.088904518271  0.004134235697  -0.000068583958   0.092970170009  -0.110632075720
412  0.088933958703  0.088933958703  0.004266244123  -0.000086808247   0.093113394579  -0.113728301413
413  0.088946982018  0.088946982018  0.004153512706  -0.000062866547   0.093037628177  -0.111312208891
414  0.088972555136  0.088972555136  0.004125080967  -0.000090800915   0.093006835189  -0.109778408220
415  0.088975571690  0.088975571690  0.004191788914  -0.000105517806   0.093061842798  -0.111193157629
416  0.088989247354  0.088989247354  0.004158795478  -0.000084302072   0.093063740760  -0.110872669887
417  0.089012523100  0.089012523100  0.004227165152  -0.000124839315   0.093114848938  -0.111630029286
418  0.089027765686  0.089027765686  0.004311929226  -0.000029263734   0.093310431178  -0.116537323764
419  0.089051101227  0.089051101227  0.004045857451  -0.000040924022   0.093056034657  -0.108979845535
420  0.089059361007  0.089059361007  0.004170843386  -0.000053021930   0.093177182464  -0.112051686780
421  0.089077106835  0.089077106835  0.004303316294  -0.000121811938   0.093258611190  -0.113784587617
422  0.089082373203  0.089082373203  0.004041237740  -0.000049591903   0.093074019040  -0.108618271520
423  0.089095701774  0.089095701774  0.003986130676  -0.000077963605   0.093003868845  -0.106346697426
424  0.089153505416  0.089153505416  0.004497742627  -0.000076170544   0.093575077499  -0.120317166567
425  0.089194011080  0.089194011080  0.004485442765  -0.000077575297   0.093601878547  -0.119944244811
426  0.089199037197  0.089199037197  0.004362194285  -0.000064811171   0.093496420312  -0.116937810885
427  0.089216642488  0.089216642488  0.004567658001  -0.000071410110   0.093712890379  -0.122349199872
428  0.089227675783  0.089227675783  0.004314636491  -0.000074730048   0.093467582226  -0.115373790187
429  0.089257467761  0.089257467761  0.004116046258  -0.000078649440   0.093294864578  -0.109863219760
430  0.089274873379  0.089274873379  0.004068781528  -0.000070135713   0.093273519194  -0.108808750723
431  0.089311508181  0.089311508181  0.004147905624  -0.000059036005   0.093400377799  -0.111263866733
432  0.089313179795  0.089313179795  0.004158736320  -0.000080647911   0.093391268204  -0.110970494912
433  0.089326480331  0.089326480331  0.004110293150  -0.000066675336   0.093370098145  -0.110032501788
434  0.089342048099  0.089342048099  0.004208904944  -0.000087038663   0.093463914380  -0.112161752120
435  0.089349224166  0.089349224166  0.003963863004  -0.000041378282   0.093271708889  -0.106736300780
436  0.089377338621  0.089377338621  0.004280470091  -0.000122860358   0.093534948354  -0.113134381497
437  0.089383906154  0.089383906154  0.004437549052  -0.000111343762   0.093710111444  -0.117722102647
438  0.089403378788  0.089403378788  0.004410306880  -0.000092551475   0.093721134193  -0.117492169426
439  0.089426447202  0.089426447202  0.004280027030  -0.000067026643   0.093639447589  -0.114641638728
440  0.089458550067  0.089458550067  0.004101639125  -0.000038478085   0.093521711107  -0.110564300335
441  0.089470580178  0.089470580178  0.004202610031  -0.000047165445   0.093626024764  -0.113075464812
442  0.089477373459  0.089477373459  0.004192298925  -0.000047926559   0.093621745825  -0.112774174202
443  0.089512633434  0.089512633434  0.004346692284  -0.000072534700   0.093786791018  -0.116305811681
444  0.089520367286  0.089520367286  0.004078534155  -0.000089483014   0.093509418427  -0.108547666225
445  0.089539546001  0.089539546001  0.004214623973  -0.000072815311   0.093681354663  -0.112704412242
446  0.089566524751  0.089566524751  0.004339900420  -0.000087871663   0.093818553508  -0.115703655332
447  0.089581835982  0.089581835982  0.004426792797  -0.000103388345   0.093905240434  -0.117645887899
448  0.089606326659  0.089606326659  0.004475786617  -0.000114406903   0.093967706373  -0.118679247947
449  0.089670561348  0.089670561348  0.004406128757  -0.000158408404   0.093918281701  -0.115586417616
450  0.089690308202  0.089690308202  0.004538237495  -0.000173226316   0.094055319382  -0.118778065207
451  0.089695579188  0.089695579188  0.004533217187  -0.000139645073   0.094089151303  -0.119555248234
452  0.089743928237  0.089743928237  0.004583762406  -0.000199747886   0.094127942757  -0.119295172722
453  0.089763270590  0.089763270590  0.004571682253  -0.000170568028   0.094164384815  -0.119760479609
454  0.089838098041  0.089838098041  0.004616046770  -0.000064110700   0.094390034111  -0.123864553173
455  0.089841655207  0.089841655207  0.004513747252  -0.000064120888   0.094291281571  -0.121080562843
456  0.089862140496  0.089862140496  0.004461792416  -0.000076934142   0.094246998770  -0.119318132437
457  0.089897349077  0.089897349077  0.004538614524  -0.000055147124   0.094380816477  -0.122001424810
458  0.089925713362  0.089925713362  0.004612330397  -0.000167229501   0.094370814257  -0.120957418504
459  0.089933360823  0.089933360823  0.004625620481  -0.000127086845   0.094431894459  -0.122411398166
460  0.089954668558  0.089954668558  0.005011061615  -0.000166488467   0.094799241706  -0.131827617752
461  0.089982941904  0.089982941904  0.004828349538  -0.000146809297   0.094664482145  -0.127391264106
462  0.090015606205  0.090015606205  0.005309105555  -0.000125943675   0.095198768085  -0.141041091182
463  0.090026275811  0.090026275811  0.004663784778  -0.000151970174   0.094538090415  -0.122772791912
464  0.090050592038  0.090050592038  0.004523702085  -0.000132802649   0.094441491473  -0.119482520910
465  0.090072720800  0.090072720800  0.004646611852  -0.000105464517   0.094613868135  -0.123570976590
466  0.090096862109  0.090096862109  0.004295121512  -0.000072819279   0.094319164342  -0.114894754976
467  0.090123968715  0.090123968715  0.005195295810  -0.000187715440   0.095131549085  -0.136263272490
468  0.090127538651  0.090127538651  0.004399626350  -0.000062513531   0.094464651470  -0.118018911766
469  0.090170077574  0.090170077574  0.004207968443  -0.000045723677   0.094332322340  -0.113260507224
470  0.090197790250  0.090197790250  0.004596272309  -0.000118827572   0.094675234987  -0.121837539705
471  0.090220391451  0.090220391451  0.004873160338  -0.000081312149   0.095012239640  -0.130392897815
472  0.090229887936  0.090229887936  0.004228682788  -0.000102241742   0.094356328982  -0.112286237876
473  0.090279434772  0.090279434772  0.004089379569  -0.000032580427   0.094336233914  -0.110391184169
474  0.090280615546  0.090280615546  0.004815120035  -0.000123759106   0.094971976475  -0.127658498801
475  0.090322337245  0.090322337245  0.004331314477  -0.000128092610   0.094525559112  -0.114375551502
476  0.090362948765  0.090362948765  0.004063564846  -0.000089603489   0.094336910122  -0.108137052071
477  0.090381505473  0.090381505473  0.005007625382  -0.000093500580   0.095295630275  -0.133720215645
478  0.090408822122  0.090408822122  0.004026640466  -0.000078445449   0.094357017139  -0.107435913880
479  0.090424276473  0.090424276473  0.004022555289  -0.000063120146   0.094383711616  -0.107741773445
480  0.090429200238  0.090429200238  0.004925846546  -0.000094599436   0.095260447348  -0.131464997616
481  0.090434572327  0.090434572327  0.004114432401  -0.000098759327   0.094450245401  -0.109272086291
482  0.090475221787  0.090475221787  0.004384601225  -0.000105814339   0.094754008673  -0.116431781466
483  0.090477368640  0.090477368640  0.004624082329  -0.000137732313   0.094963718656  -0.122079864844
484  0.090506127745  0.090506127745  0.003979787163  -0.000081185609   0.094404729298  -0.106086406318
485  0.090515227486  0.090515227486  0.004869362342  -0.000146656528   0.095237933300  -0.128511436995
486  0.090527642633  0.090527642633  0.003976769227  -0.000042466347   0.094461945513  -0.107057889380
487  0.090559901607  0.090559901607  0.003975245629  -0.000075013265   0.094460133971  -0.106130782961
488  0.090644206639  0.090644206639  0.003903681025  -0.000014322078   0.094533565586  -0.105834902042
489  0.090655312530  0.090655312530  0.004549854532  -0.000076091508   0.095129075554  -0.121737355160
490  0.090678539987  0.090678539987  0.004534114480  -0.000095767377   0.095116887090  -0.120773638350
491  0.090680398955  0.090680398955  0.003936961153  -0.000042692578   0.094574667530  -0.105968499889
492  0.090689439674  0.090689439674  0.004114974614  -0.000022215543   0.094782198745  -0.111369704177
493  0.090726981345  0.090726981345  0.004230281796  -0.000048044245   0.094909218897  -0.113804538908
494  0.090749909057  0.090749909057  0.004154165814  -0.000056330752   0.094847744119  -0.111507829008
495  0.090791354029  0.090791354029  0.004409187163  -0.000069652796   0.095130888396  -0.118084805473
496  0.090796472088  0.090796472088  0.004406188057  -0.000063944259   0.095138715886  -0.118158532890
497  0.090825083058  0.090825083058  0.004381482704  -0.000104690136   0.095101875626  -0.116377513285
498  0.090829794567  0.090829794567  0.004304730280  -0.000102116210   0.095032408637  -0.114359012512
499  0.090832030041  0.090832030041  0.004420458024  -0.000086686165   0.095165801900  -0.117927999577
500  0.090834776851  0.090834776851  0.004497824793  -0.000085477747   0.095247123897  -0.120066140391
501  0.090877216577  0.090877216577  0.004352030606  -0.000086061513   0.095143185670  -0.116082991376
502  0.090880206697  0.090880206697  0.004592706606  -0.000112250987   0.095360662316  -0.121919470038
503  0.090893332862  0.090893332862  0.004242579483  -0.000050916599   0.095084995746  -0.114061015405
504  0.090917549070  0.090917549070  0.004450490814  -0.000076412671   0.095291627214  -0.119024789990
505  0.090920413653  0.090920413653  0.005004312495  -0.000144035980   0.095780690169  -0.132254928367
506  0.090939732001  0.090939732001  0.004367756169  -0.000049481258   0.095258006912  -0.117506305907
507  0.090977617016  0.090977617016  0.004234526835  -0.000139118760   0.095073025091  -0.111441787278
508  0.091002993971  0.091002993971  0.005003820459  -0.000196580072   0.095810234358  -0.130811741068
509  0.091007654787  0.091007654787  0.004388293117  -0.000042844366   0.095353103538  -0.118245744155
510  0.091024623098  0.091024623098  0.004478151135  -0.000058670505   0.095444103728  -0.120260255215
511  0.091067683393  0.091067683393  0.004553279220  -0.000073149268   0.095547813345  -0.121910608161
512  0.091078376188  0.091078376188  0.004398887744  -0.000067373668   0.095409890265  -0.117866562148
513  0.091084692534  0.091084692534  0.004435999861  -0.000059696180   0.095460996215  -0.119085349997
514  0.091122250409  0.091122250409  0.004724562137  -0.000104377037   0.095742435508  -0.125721704811
515  0.091127309770  0.091127309770  0.004508975588  -0.000110809948   0.095525475410  -0.119680244481
516  0.091158945106  0.091158945106  0.004569971155  -0.000082673429   0.095646242832  -0.122105653342
517  0.091171719564  0.091171719564  0.004537978157  -0.000079359391   0.095630338331  -0.121325258708
518  0.091183933163  0.091183933163  0.004572790513  -0.000101718132   0.095655005544  -0.121664138970
519  0.091216289251  0.091216289251  0.004668287773  -0.000119855329   0.095764721695  -0.123769214600
520  0.091229581845  0.091229581845  0.004612581691  -0.000085183653   0.095756979883  -0.123196838971
521  0.091230610449  0.091230610449  0.004638960652  -0.000088781668   0.095780789433  -0.123816740405
522  0.091258248856  0.091258248856  0.004534343845  -0.000069371136   0.095723221565  -0.121498158366
523  0.091262494638  0.091262494638  0.004557050483  -0.000114665826   0.095704879295  -0.120883505841
524  0.091281984432  0.091281984432  0.004474082551  -0.000116915891   0.095639151092  -0.118564604852
525  0.091304485682  0.091304485682  0.004335937034  -0.000109295055   0.095531127662  -0.115012845558
526  0.091311754466  0.091311754466  0.004546045630  -0.000109334268   0.095748465829  -0.120729127574
527  0.091319187786  0.091319187786  0.004677835151  -0.000159360726   0.095837662211  -0.122954014968
528  0.091340599560  0.091340599560  0.004453405583  -0.000096028622   0.095697976521  -0.118570327435
529  0.091375764878  0.091375764878  0.004614948897  -0.000193765570   0.095796948205  -0.120306587991
530  0.091390330511  0.091390330511  0.004502540760  -0.000145032091   0.095747839180  -0.118573911405
531  0.091393246326  0.091393246326  0.004616618258  -0.000098847327   0.095911017257  -0.122934871910
532  0.091423593481  0.091423593481  0.004608066307  -0.000127214277   0.095904445512  -0.121930256947
533  0.091443311947  0.091443311947  0.004568341567  -0.000171207846   0.095840445668  -0.119652164546
534  0.091458074577  0.091458074577  0.004475010603  -0.000095580322   0.095837504858  -0.119170429160
535  0.091470710286  0.091470710286  0.004476325222  -0.000223669767   0.095723365741  -0.115720708657
536  0.091495249756  0.091495249756  0.004332160006  -0.000101009327   0.095726400435  -0.115135533597
537  0.091502698828  0.091502698828  0.004411633623  -0.000118782924   0.095795549527  -0.116814477519
538  0.091526423957  0.091526423957  0.004318703678  -0.000114718525   0.095730409110  -0.114396321588
539  0.091564904779  0.091564904779  0.004432570115  -0.000107088078   0.095890386815  -0.117702421886
540  0.091568863094  0.091568863094  0.004789862556  -0.000464606294   0.095894119356  -0.117696278235
541  0.091594281651  0.091594281651  0.004314225613  -0.000171584726   0.095736922539  -0.112727058237
542  0.091606467003  0.091606467003  0.004419762883  -0.000107445075   0.095918784810  -0.117344204780
543  0.091616203841  0.091616203841  0.004544248790  -0.000130354889   0.096030097742  -0.120108232498
544  0.091617525310  0.091617525310  0.004321257215  -0.000115013419   0.095823769106  -0.114457782433
545  0.091668617963  0.091668617963  0.004527975211  -0.000190855280   0.096005737894  -0.118019105287
546  0.091726242802  0.091726242802  0.004670654894  -0.000076699395   0.096320198302  -0.125007960674
547  0.091809598816  0.091809598816  0.004127222030  -0.000054914037   0.095881906809  -0.110813201714
548  0.091811736820  0.091811736820  0.004537347528  -0.000118324550   0.096230759798  -0.120247801871
549  0.091826975904  0.091826975904  0.003961862975  -0.000056455112   0.095732383767  -0.106271615525
550  0.091867906989  0.091867906989  0.004499524461  -0.000091659337   0.096275772113  -0.119944181051
551  0.091912352479  0.091912352479  0.003853637947  -0.000026312179   0.095739678246  -0.104146892393
552  0.091915676663  0.091915676663  0.003876875882  -0.000042366889   0.095750185655  -0.104342358005
553  0.091937579604  0.091937579604  0.004466379292  -0.000089895800   0.096314063096  -0.119090242899
554  0.091948091687  0.091948091687  0.004276160000  -0.000076169150   0.096148082538  -0.114287631029
555  0.091949607819  0.091949607819  0.004078160863  -0.000048164472   0.095979604209  -0.109661843787
556  0.091960971412  0.091960971412  0.003929674544  -0.000049954694   0.095840691262  -0.105572608716
557  0.091978594344  0.091978594344  0.004434935481  -0.000067172225   0.096346357600  -0.118852953058
558  0.091985005307  0.091985005307  0.003933653886  -0.000047307326   0.095871351866  -0.105752930773
559  0.091999725082  0.091999725082  0.003899327625  -0.000040086110   0.095858966597  -0.105015364562
560  0.092008980516  0.092008980516  0.004385864172  -0.000077661735   0.096317182953  -0.117232219798
561  0.092022411561  0.092022411561  0.003878151982  -0.000026864839   0.095873698704  -0.104798914974
562  0.092031201806  0.092031201806  0.004402013856  -0.000071391536   0.096361824125  -0.117842296181
563  0.092042298556  0.092042298556  0.004346135324  -0.000063535845   0.096324898035  -0.116535527449
564  0.092047298491  0.092047298491  0.003872375124  -0.000039132967   0.095880540648  -0.104307885630
565  0.092067111331  0.092067111331  0.004365816601  -0.000053734386   0.096379193546  -0.117337794002
566  0.092084546817  0.092084546817  0.004355995198  -0.000060986188   0.096379555827  -0.116873208181
567  0.092103723230  0.092103723230  0.003872907868  -0.000028948348   0.095947682750  -0.104599520088
568  0.092117264201  0.092117264201  0.003913596556  -0.000047128602   0.095983732155  -0.105212006092
569  0.092120151550  0.092120151549  0.004469046398  -0.000081244804   0.096507953143  -0.119398224294
570  0.092134175320  0.092134175320  0.004579616002  -0.000084397768   0.096629393553  -0.122321181442
571  0.092155842665  0.092155842665  0.004525849229  -0.000088506931   0.096593184963  -0.120746296209
572  0.092167958813  0.092167958813  0.004454539736  -0.000089990734   0.096532507815  -0.118765488708
573  0.092178385394  0.092178385394  0.003832441548  -0.000028983979   0.095981842963  -0.103497405288
574  0.092181041714  0.092181041714  0.004514638637  -0.000089626945   0.096606053407  -0.120410763169
575  0.092200538607  0.092200538607  0.003884769121  -0.000042225911   0.096043081817  -0.104560980305
576  0.092200856227  0.092200856227  0.004401621462  -0.000101151947   0.096501325742  -0.117021796175
577  0.092211547002  0.092211547002  0.004442840702  -0.000141209161   0.096513178543  -0.117053416516
578  0.092236283239  0.092236283239  0.004425259673  -0.000106055011   0.096555487901  -0.117531605742
579  0.092248204890  0.092248204890  0.004393573506  -0.000100656025   0.096541122371  -0.116816294742
580  0.092253371073  0.092253371073  0.003817950522  -0.000020897474   0.096050424121  -0.103323129297
581  0.092265718045  0.092265718045  0.003844100771  -0.000032768420   0.096077050396  -0.103711689132
582  0.092276469861  0.092276469861  0.004425263003  -0.000120107437   0.096581625426  -0.117149310162
583  0.092302534515  0.092302534515  0.004436920980  -0.000125161709   0.096614293786  -0.117329006234
584  0.092308043772  0.092308043772  0.003789568052  -0.000030018247   0.096067593577  -0.102302613567
585  0.092315728467  0.092315728467  0.003783087614  -0.000030415737   0.096068400344  -0.102115455517
586  0.092336484191  0.092336484191  0.004428528619  -0.000101127646   0.096663885164  -0.117754638841
587  0.092353345668  0.092353345668  0.004407113181  -0.000097699919   0.096662758930  -0.117265168039
588  0.092364738917  0.092364738917  0.004403612949  -0.000070250293   0.096698101573  -0.117916864590
589  0.092371137838  0.092371137838  0.003790605047  -0.000029842315   0.096131900569  -0.102335619002
590  0.092381935556  0.092381935556  0.004359562181  -0.000105096295   0.096636401443  -0.115769973026
591  0.092387683310  0.092387683310  0.003793030076  -0.000036467250   0.096144246136  -0.102221333683
592  0.092433298758  0.092433298758  0.004407602619  -0.000128732971   0.096712168406  -0.116434033530
593  0.092455603582  0.092455603582  0.004500833226  -0.000096525785   0.096859911023  -0.119847371498
594  0.092466949678  0.092466949678  0.004384471186  -0.000105461993   0.096745958870  -0.116437830737
595  0.092489808491  0.092489808491  0.004489508196  -0.000099636677   0.096879680010  -0.119454549853
596  0.092506360926  0.092506360926  0.004443311895  -0.000110430632   0.096839242188  -0.117903765186
597  0.092515997103  0.092515997103  0.004544872900  -0.000232607998   0.096828262005  -0.117342765158
598  0.092531779190  0.092531779190  0.004473400094  -0.000096899563   0.096908279721  -0.119090706550
599  0.092537834218  0.092537834218  0.004457304764  -0.000146759674   0.096848379308  -0.117295966676
600  0.092566348580  0.092566348580  0.004301805387  -0.000079771638   0.096788382329  -0.114887449156
601  0.092579890299  0.092579890299  0.004391415640  -0.000115551867   0.096855754072  -0.116352239462
602  0.092586743637  0.092586743637  0.004400904480  -0.000118528100   0.096869120018  -0.116529456634
603  0.092604526071  0.092604526071  0.004410901633  -0.000073888201   0.096941539503  -0.118016207301
604  0.092624207175  0.092624207175  0.004293900550  -0.000077063954   0.096841043771  -0.114746027336
605  0.092632471450  0.092632471450  0.004221631289  -0.000091105870   0.096762996869  -0.112397379377
606  0.092643388459  0.092643388459  0.004248538459  -0.000114351172   0.096777575746  -0.112497023933
607  0.092651769185  0.092651769185  0.004281208103  -0.000050339272   0.096882638016  -0.115127864106
608  0.092652637968  0.092652637968  0.004267069900  -0.000070175789   0.096849532079  -0.114203364415
609  0.092660500256  0.092660500256  0.004277373443  -0.000052255600   0.096885618098  -0.114971371654
610  0.092683010452  0.092683010452  0.004284445681  -0.000055071782   0.096912384352  -0.115087184930
611  0.092713210196  0.092713210196  0.004111814816  -0.000058989984   0.096766035027  -0.110283037610
612  0.092732721574  0.092732721574  0.004258702370  -0.000026969018   0.096964454926  -0.115151388933
613  0.092734766692  0.092734766692  0.004342533190  -0.000121387953   0.096955911928  -0.114863271497
614  0.092749483081  0.092749483081  0.004108415735  -0.000057450772   0.096800448044  -0.110232428006
615  0.092763881294  0.092763881294  0.004165257513  -0.000116405268   0.096812733539  -0.110174937984
616  0.092769973088  0.092769973088  0.004304424592  -0.000070190259   0.097004207420  -0.115219444114
617  0.092775798492  0.092775798492  0.004280513146  -0.000184110595   0.096872201043  -0.111468848368
618  0.092823986109  0.092823986109  0.004464945112  -0.000071605120   0.097217326101  -0.119548931847
619  0.092844048828  0.092844048828  0.004214353912  -0.000045252840   0.097013149900  -0.113447076925
620  0.092844517347  0.092844517347  0.004253980057  -0.000047298086   0.097051199318  -0.114469705773
621  0.092852967783  0.092852967783  0.004480859428  -0.000095187921   0.097238639289  -0.119340261630
622  0.092855244645  0.092855244645  0.004104925185  -0.000043474453   0.096916695378  -0.110517760469
623  0.092856578906  0.092856578906  0.004375941386  -0.000067732787   0.097164787506  -0.117232387480
624  0.092867256581  0.092867256581  0.004470111420  -0.000097019638   0.097240348362  -0.118997949711
625  0.092878110824  0.092878110824  0.004445465407  -0.000127411435   0.097196164796  -0.117500293858
626  0.092881869596  0.092881869596  0.004408879435  -0.000107009806   0.097183739225  -0.117059895221
627  0.092907097326  0.092907097326  0.004506507805  -0.000090282277   0.097323322854  -0.120171679349
628  0.092932815297  0.092932815297  0.004281483699  -0.000101634087   0.097112664909  -0.113739559729
629  0.092937045268  0.092937045268  0.004041418693  -0.000028566232   0.096949897729  -0.109195333467
630  0.092947354819  0.092947354819  0.004041149904  -0.000033982572   0.096954522151  -0.109040633144
631  0.092981511429  0.092981511429  0.004281448499  -0.000097632040   0.097165327888  -0.113847503194
632  0.092988035368  0.092988035368  0.004371380237  -0.000111057130   0.097248358476  -0.115929356200
633  0.093018748731  0.093018748731  0.004322787441  -0.000078375682   0.097263160490  -0.115496386147
634  0.093033086773  0.093033086773  0.004275777448  -0.000070134840   0.097238729380  -0.114441423244
635  0.093039618635  0.093039618635  0.004165688035  -0.000048029121   0.097157277550  -0.112047263788
636  0.093043450903  0.093043450903  0.004209033449  -0.000061661065   0.097190823287  -0.112855808889
637  0.093060333297  0.093060333297  0.004390199623  -0.000091274066   0.097359258854  -0.116979782889
638  0.093064788678  0.093064788678  0.004314570638  -0.000081484331   0.097297874986  -0.115188204745
639  0.093083351896  0.093083351896  0.004273121371  -0.000126828795   0.097229644472  -0.112826425788
640  0.093089920070  0.093089920070  0.004273310227  -0.000104377945   0.097258852352  -0.113442483892
641  0.093125967109  0.093125967109  0.004255434346  -0.000105054067   0.097276347387  -0.112937657912
642  0.093135858785  0.093135858785  0.004286340378  -0.000103971952   0.097318227211  -0.113808100197
643  0.093149741569  0.093149741569  0.004386492964  -0.000095238387   0.097440996146  -0.116771044794
644  0.093184138122  0.093184138122  0.004434749585  -0.000103073015   0.097515814692  -0.117870983819
645  0.093198085831  0.093198085831  0.004322042356  -0.000053969114   0.097466159074  -0.116140248227
646  0.093212689685  0.093212689685  0.004470554654  -0.000093319362   0.097589924977  -0.119110700425
647  0.093262586390  0.093262586390  0.004495347297  -0.000080073766   0.097677859921  -0.120145774162
648  0.093290431062  0.093290431062  0.004486354426  -0.000097949383   0.097678836105  -0.119414644991
649  0.093292193126  0.093292193126  0.004422315837  -0.000096106712   0.097618402252  -0.117722207003
650  0.093304220122  0.093304220122  0.004531723009  -0.000129684038   0.097706259093  -0.119785643246
651  0.093324066208  0.093324066208  0.004484609911  -0.000115765425   0.097692910693  -0.118882374840
652  0.093361723676  0.093361723676  0.004564072331  -0.000160604233   0.097765191774  -0.119824531819
653  0.093401297571  0.093401297571  0.004531079959  -0.000229814872   0.097702562657  -0.117043444781
654  0.093470205682  0.093470205682  0.004301790808  -0.000077863211   0.097694133279  -0.114938983417
655  0.093482035459  0.093482035459  0.004378357292  -0.000114245817   0.097746146935  -0.116032443015
656  0.093490981554  0.093490981554  0.004113547018  -0.000063639959   0.097540888614  -0.110203640946
657  0.093519190569  0.093519190569  0.004343716001  -0.000140775572   0.097722130998  -0.114367893188
658  0.093545527483  0.093545527483  0.004152833139  -0.000151246005   0.097547114617  -0.108888788146
659  0.093575156394  0.093575156394  0.004044796113  -0.000116983722   0.097502968785  -0.106881274117
660  0.093715405575  0.093715405575  0.004188484311  -0.000082694468   0.097821195419  -0.111724289751
661  0.093723660639  0.093723660639  0.004186782537  -0.000053203304   0.097857239871  -0.112480477926
662  0.093738228734  0.093738228734  0.004280374519  -0.000134918549   0.097883684705  -0.112803660583
663  0.093772438754  0.093772438754  0.004161353993  -0.000089595249   0.097844197498  -0.110798255876
664  0.093789588374  0.093789588374  0.005073899293  -0.000094526395   0.098768961272  -0.135495707686
665  0.093845977093  0.093845977093  0.004318828043  -0.000045733296   0.098119071840  -0.116276890399
666  0.093899816146  0.093899816146  0.004860071558  -0.000099110043   0.098660777661  -0.129552428163
667  0.093935502781  0.093935502781  0.004324972857  -0.000118819815   0.098141655824  -0.114455312902
668  0.093950374362  0.093950374362  0.004391335280  -0.000128362020   0.098213347622  -0.116001470577
669  0.093966171355  0.093966171355  0.004891258014  -0.000081481902   0.098775947468  -0.130880741719
670  0.094033174426  0.094033174426  0.004592332058  -0.000136235238   0.098489271245  -0.121256633000
671  0.094045184043  0.094045184043  0.004620704894  -0.000136246066   0.098529642871  -0.122028402963
672  0.094124874120  0.094124874120  0.004665670174  -0.000063106256   0.098727438038  -0.125242207808
673  0.094148663948  0.094148663948  0.004601406259  -0.000082292185   0.098667778021  -0.122971420690
674  0.094161895091  0.094161895091  0.004474587619  -0.000069628911   0.098566853799  -0.119865093370
675  0.094173756853  0.094173756853  0.004613970167  -0.000087797035   0.098699929985  -0.123163507555
676  0.094190728257  0.094190728257  0.004504847295  -0.000076888239   0.098618687313  -0.120490965047
677  0.094217981362  0.094217981362  0.004457984707  -0.000058142868   0.098617823202  -0.119725856233
678  0.094246400091  0.094246400091  0.004476920661  -0.000065846206   0.098657474546  -0.120031511426
679  0.094249530583  0.094249530583  0.004471089006  -0.000082300332   0.098638319257  -0.119425084128
680  0.094259912522  0.094259912522  0.004433544237  -0.000072229517   0.098621227242  -0.118677479362
681  0.094281642749  0.094281642749  0.004553395138  -0.000077156845   0.098757881042  -0.121804710683
682  0.094286206205  0.094286206205  0.004430212080  -0.000080672206   0.098635746079  -0.118357069344
683  0.094306938175  0.094306938175  0.004415844249  -0.000102816181   0.098619966243  -0.117363531981
684  0.094325540508  0.094325540508  0.004426053829  -0.000129159501   0.098622434837  -0.116924510331
685  0.094333295490  0.094333295490  0.004458916511  -0.000126485761   0.098665726240  -0.117891506112
686  0.094340643586  0.094340643586  0.004357850759  -0.000084316521   0.098614177825  -0.116288849585
687  0.094348031641  0.094348031641  0.004330073238  -0.000118174448   0.098559930431  -0.114611662718
688  0.094368101935  0.094368101935  0.004324940497  -0.000074637902   0.098618404531  -0.115656684039
689  0.094380667268  0.094380667268  0.004384156058  -0.000099951614   0.098664871711  -0.116579200787
690  0.094406582467  0.094406582467  0.004292789889  -0.000060566510   0.098638805846  -0.115164723246
691  0.094415358723  0.094415358723  0.004305944141  -0.000094654151   0.098626648713  -0.114595096424
692  0.094443232085  0.094443232085  0.004376199401  -0.000096262369   0.098723169118  -0.116463078564
693  0.094460685303  0.094460685303  0.004320558807  -0.000102918208   0.098678325902  -0.114767905385
694  0.094484639559  0.094484639559  0.004323210434  -0.000132809241   0.098675040752  -0.114026683027
695  0.094545860721  0.094545860721  0.004306019936  -0.000181237256   0.098670643401  -0.112241111422
696  0.094563664483  0.094563664483  0.004344865523  -0.000073165759   0.098835364247  -0.116238930948
697  0.094583876667  0.094583876667  0.004248301612  -0.000056179195   0.098775999084  -0.114073519933
698  0.094598120589  0.094598120589  0.004221051033  -0.000055775116   0.098763396506  -0.113342989100
699  0.094629691630  0.094629691630  0.004226876517  -0.000047235077   0.098809333070  -0.113733895080
700  0.094655434493  0.094655434493  0.004185811729  -0.000062630491   0.098778615730  -0.112197533925
701  0.094685754000  0.094685754000  0.004209439173  -0.000070270530   0.098824922642  -0.112632573602
702  0.094695249085  0.094695249085  0.004186711955  -0.000058827959   0.098823133082  -0.112325502571
703  0.094701038632  0.094701038632  0.004223717576  -0.000085123279   0.098839632929  -0.112616944849
704  0.094714559937  0.094714559937  0.004250786113  -0.000101793873   0.098863552177  -0.112899887437
705  0.094726589838  0.094726589838  0.004286290701  -0.000093423891   0.098919456648  -0.114093775919
706  0.094742418166  0.094742418166  0.004220652438  -0.000088959272   0.098874111333  -0.112429155435
707  0.094751238123  0.094751238123  0.004221150969  -0.000080169627   0.098892219465  -0.112681899685
708  0.094760880333  0.094760880333  0.004243681784  -0.000073441799   0.098931120318  -0.113478068329
709  0.094785036397  0.094785036397  0.004253498018  -0.000079118272   0.098959416143  -0.113590717037
710  0.094789048493  0.094789048493  0.004278812447  -0.000101851457   0.098966009484  -0.113660956292
711  0.094814042324  0.094814042324  0.004245502505  -0.000096734390   0.098962810439  -0.112893788682
712  0.094823141528  0.094823141528  0.004216670104  -0.000088962846   0.098950848786  -0.112320693274
713  0.094826293702  0.094826293702  0.004232948336  -0.000118065862   0.098941176176  -0.111971712951
714  0.094841203735  0.094841203735  0.004232142300  -0.000069512429   0.099003833606  -0.113270986467
715  0.094859591565  0.094859591565  0.004220305529  -0.000074864476   0.099005032618  -0.112803254663
716  0.094875827235  0.094875827235  0.004230456079  -0.000094053846   0.099012229467  -0.112557295705
717  0.094885174109  0.094885174109  0.004174948455  -0.000083246068   0.098976876496  -0.111340950344
718  0.094901991899  0.094901991899  0.004309833769  -0.000163484512   0.099048341155  -0.112827968156
719  0.094912779125  0.094912779125  0.004326818309  -0.000052844840   0.099186752594  -0.116300801655
720  0.094947444639  0.094947444639  0.004324732002  -0.000086012474   0.099186164166  -0.115341492548
721  0.094998044161  0.094998044161  0.004438547067  -0.000064191870   0.099372399358  -0.119032329032
722  0.095039008030  0.095039008030  0.004465773069  -0.000101267523   0.099403513576  -0.118764306205
723  0.095082354467  0.095082354467  0.004425497015  -0.000061889158   0.099445962324  -0.118739878838
724  0.095100859397  0.095100859397  0.004450857050  -0.000070341798   0.099481374649  -0.119199952721
725  0.095120548531  0.095120548531  0.004487133460  -0.000093566606   0.099514115385  -0.119555105086
726  0.095126261618  0.095126261618  0.004413107405  -0.000085954813   0.099453414210  -0.117747880039
727  0.095176449050  0.095176449050  0.004551825049  -0.000086908301   0.099641365798  -0.121496635616
728  0.095180075554  0.095180075554  0.004394573640  -0.000070418575   0.099504230618  -0.117666313130
729  0.095209831663  0.095209831663  0.004533499992  -0.000148882454   0.099594449201  -0.119311581675
730  0.095227222462  0.095227222462  0.004489528749  -0.000526063249   0.099190687962  -0.107851445116
731  0.095233390196  0.095233390196  0.004392454079  -0.000107970023   0.099517874252  -0.116586809438
732  0.095235416479  0.095235416479  0.004454266465  -0.000163580378   0.099526102566  -0.116755575373
733  0.095255167743  0.095255167743  0.004309773930  -0.000076621328   0.099488320345  -0.115190008719
734  0.095274415663  0.095274415663  0.004340193152  -0.000166026315   0.099448582499  -0.113584923449
735  0.095308480995  0.095308480995  0.004284417134  -0.000091580922   0.099501317207  -0.114092943303
736  0.095332312271  0.095332312271  0.004256156688  -0.000046751776   0.099541717182  -0.114543800798
737  0.095343535167  0.095343535167  0.004223014699  -0.000061832176   0.099504717690  -0.113231602127
738  0.095367125360  0.095367125360  0.004235325641  -0.000061516475   0.099540934527  -0.113575190757
739  0.095380856480  0.095380856480  0.004455199505  -0.000064448356   0.099771607630  -0.119478485832
740  0.095387137200  0.095387137200  0.004233353280  -0.000085846498   0.099534643981  -0.112859466021
741  0.095414155908  0.095414155908  0.004448354728  -0.000095056740   0.099767453895  -0.118459332855
742  0.095523549501  0.095523549501  0.004402179432  -0.000109989232   0.099815739701  -0.116796504395
743  0.095544692599  0.095544692598  0.004403743594  -0.000132533110   0.099815903082  -0.116225616963
744  0.095555658099  0.095555658099  0.004154571312  -0.000048551357   0.099661678054  -0.111730551405
745  0.095569478000  0.095569478000  0.004351430188  -0.000106388630   0.099814519557  -0.115513523834
746  0.095571739180  0.095571739180  0.004161353906  -0.000063575148   0.099669517939  -0.111506296905
747  0.095608189575  0.095608189575  0.004347691875  -0.000095513272   0.099860368178  -0.115707732837
748  0.095646505372  0.095646505372  0.004379830552  -0.000122572969   0.099903762955  -0.115845938994
749  0.095653150035  0.095653150035  0.004250133339  -0.000061247931   0.099842035442  -0.113985436382
750  0.095667884179  0.095667884179  0.004343093563  -0.000124547723   0.099886430019  -0.114792538276
751  0.095673143279  0.095673143279  0.004341485145  -0.000140338006   0.099874290417  -0.114319095240
752  0.095677067136  0.095677067136  0.004241790021  -0.000085649871   0.099833207286  -0.113094392076
753  0.095682428254  0.095682428254  0.004412725803  -0.000333384464   0.099761769593  -0.111004588920
754  0.095714999023  0.095714999023  0.004487810485  -0.000068972760   0.100133836747  -0.120242760854
755  0.095757959939  0.095757959939  0.004508107860  -0.000116098910   0.100149968889  -0.119512712338
756  0.095795879106  0.095795879106  0.004618511926  -0.000125970421   0.100288420611  -0.122248343904
757  0.095824444017  0.095824444017  0.004198912568  -0.000070189130   0.099953167455  -0.112348344943
758  0.095833641225  0.095833641225  0.004194483770  -0.000077002630   0.099951122365  -0.112042426290
759  0.095840469655  0.095840469655  0.004173262648  -0.000080072041   0.099933660262  -0.111381446890
760  0.095841897452  0.095841897452  0.004166098415  -0.000076736031   0.099931259835  -0.111277275569
761  0.095865208653  0.095865208653  0.004096619117  -0.000036244926   0.099925582844  -0.110488466256
762  0.095871487430  0.095871487430  0.004754506874  -0.000245668092   0.100380326213  -0.122691815654
763  0.095892454793  0.095892454793  0.004369283884  -0.000082215930   0.100179522747  -0.116657120932
764  0.095906039140  0.095906039140  0.004167260158  -0.000081449109   0.099991850188  -0.111180638755
765  0.095933576831  0.095933576831  0.004144274286  -0.000072896757   0.100004954360  -0.110787882494
766  0.095961650658  0.095961650658  0.004233581555  -0.000076074249   0.100119157964  -0.113131594307
767  0.095966322220  0.095966322220  0.004515118163  -0.000072259800   0.100409180584  -0.120896396069
768  0.095976156017  0.095976156017  0.004051171186  -0.000058827786   0.099968499417  -0.108637253201
769  0.095991722038  0.095991722038  0.004109279584  -0.000078132215   0.100022869407  -0.109693163522
770  0.096020462939  0.096020462939  0.004539459384  -0.000126656108   0.100433266216  -0.120078555066
771  0.096042258368  0.096042258368  0.004199468135  -0.000089396546   0.100152329957  -0.111840802049
772  0.096090997816  0.096090997816  0.004392735538  -0.000232268490   0.100251464864  -0.113212133026
773  0.096157622030  0.096157622030  0.004276760729  -0.000106562320   0.100327820439  -0.113476936976
774  0.096318367543  0.096318367543  0.004249910692  -0.000054002527   0.100514275708  -0.114176535420
775  0.096334247871  0.096334247871  0.004267209506  -0.000078891894   0.100522565483  -0.113969985858
776  0.096446322402  0.096446322402  0.004380241260  -0.000074964026   0.100751599636  -0.117152620929
777  0.096472384218  0.096472384218  0.004392686208  -0.000102212564   0.100762857862  -0.116749794519
778  0.096528751708  0.096528751708  0.004274429028  -0.000063380574   0.100739800161  -0.114588523886
779  0.096537715540  0.096537715540  0.004231628515  -0.000057578686   0.100711765370  -0.113581739530
780  0.096592582560  0.096592582560  0.004190169063  -0.000062379564   0.100720372060  -0.112322931186
781  0.096606380352  0.096606380352  0.004176867206  -0.000071688993   0.100711558565  -0.111707646443
782  0.097177138104  0.097177138104  0.004541742788  -0.000062880357   0.101656000534  -0.121876117137
783  0.097201559243  0.097201559243  0.004415544853  -0.000062478445   0.101554625651  -0.118453031259
784  0.097240105286  0.097240105286  0.004439133550  -0.000116049133   0.101563189703  -0.117637179306
785  0.097246017130  0.097246017130  0.004467585668  -0.000103619550   0.101609983248  -0.118749627631
786  0.097275887835  0.097275887835  0.004338420031  -0.000067032334   0.101547275532  -0.116230439159
787  0.097294542809  0.097294542809  0.004406913429  -0.000094478660   0.101606977578  -0.117347387477
788  0.097338278101  0.097338278101  0.004505753998  -0.000065927334   0.101778104765  -0.120813899282
789  0.097387840386  0.097387840386  0.004456295138  -0.000102134399   0.101742001125  -0.118482809535
790  0.097417710106  0.097417710106  0.004347283769  -0.000090906818   0.101674087058  -0.115821975780
791  0.097432632221  0.097432632221  0.004380291616  -0.000111533695   0.101701390143  -0.116158879299
792  0.097526442184  0.097526442184  0.004310904509  -0.000059906872   0.101777439820  -0.115675597090
793  0.097539077931  0.097539077931  0.004328626851  -0.000082789050   0.101784915732  -0.115535190743
794  0.097635043204  0.097635043204  0.004312984642  -0.000046579211   0.101901448636  -0.116094864765
795  0.097683494098  0.097683494098  0.004326570546  -0.000102509607   0.101907555037  -0.114942611832
796  0.097952154441  0.097952154441  0.004572393123  -0.000060609782   0.102463937783  -0.122771941208
797  0.097987890333  0.097987890333  0.004578226920  -0.000093532936   0.102472584317  -0.122034801881
798  0.098244390727  0.098244390727  0.004555915121  -0.000063778516   0.102736527332  -0.122237326025
799  0.098248621182  0.098248621182  0.004555097067  -0.000069258942   0.102734459306  -0.122065935537
800  0.098409780768  0.098409780768  0.004351311786  -0.000039391962   0.102721700592  -0.117333375104
801  0.098457043474  0.098457043474  0.004355637233  -0.000088831612   0.102723849094  -0.116105754467
802  0.098750694939  0.098750694939  0.004586894088  -0.000081870641   0.103255718386  -0.122587995006
803  0.099018922065  0.099018922065  0.004604013337  -0.000098834189   0.103524101213  -0.122592231872
804  0.099193646377  0.099193646377  0.004412498577  -0.000086521745   0.103519623208  -0.117715885954
