0 2.2083
0.0376991 2.2035
0.0753982 2.18914
0.113097 2.1653
0.150796 2.13215
0.188496 2.0899
0.226195 2.03883
0.263894 1.97926
0.301593 1.91157
0.339292 1.8362
0.376991 1.75363
0.41469 1.66438
0.452389 1.56899
0.490088 1.46807
0.527788 1.36221
0.565487 1.25207
0.603186 1.13828
0.640885 1.02153
0.678584 0.902462
0.716283 0.781763
0.753982 0.660094
0.791681 0.53811
0.82938 0.416451
0.86708 0.295739
0.904779 0.176573
0.942478 0.0595227
0.980177 -0.0548718
1.01788 -0.166105
1.05558 -0.273707
1.09327 -0.37725
1.13097 -0.476343
1.16867 -0.570642
1.20637 -0.659843
1.24407 -0.743689
1.28177 -0.821965
1.31947 -0.894502
1.35717 -0.961174
1.39487 -1.0219
1.43257 -1.07663
1.47027 -1.12537
1.50796 -1.16815
1.54566 -1.20504
1.58336 -1.23616
1.62106 -1.26162
1.65876 -1.2816
1.69646 -1.29629
1.73416 -1.3059
1.77186 -1.31065
1.80956 -1.31081
1.84726 -1.30662
1.88496 -1.29836
1.92265 -1.28632
1.96035 -1.27078
1.99805 -1.25203
2.03575 -1.23036
2.07345 -1.20608
2.11115 -1.17945
2.14885 -1.15076
2.18655 -1.12029
2.22425 -1.08831
2.26195 -1.05506
2.29965 -1.0208
2.33734 -0.98575
2.37504 -0.950137
2.41274 -0.914166
2.45044 -0.878028
2.48814 -0.841902
2.52584 -0.80595
2.56354 -0.770321
2.60124 -0.735151
2.63894 -0.700559
2.67664 -0.666651
2.71434 -0.633522
2.75204 -0.601252
2.78973 -0.569908
2.82743 -0.539548
2.86513 -0.510216
2.90283 -0.481948
2.94053 -0.45477
2.97823 -0.428698
3.01593 -0.40374
3.05363 -0.379899
3.09133 -0.357169
3.12903 -0.335538
3.16673 -0.31499
3.20442 -0.295504
3.24212 -0.277056
3.27982 -0.259616
3.31752 -0.243154
3.35522 -0.227635
3.39292 -0.213026
3.43062 -0.19929
3.46832 -0.186389
3.50602 -0.174286
3.54372 -0.162942
3.58142 -0.15232
3.61911 -0.142381
3.65681 -0.13309
3.69451 -0.124409
3.73221 -0.116303
3.76991 -0.108739
3.80761 -0.101684
3.84531 -0.0951041
3.88301 -0.0889708
3.92071 -0.0832546
3.95841 -0.0779279
3.99611 -0.0729644
4.0338 -0.0683394
4.0715 -0.0640296
4.1092 -0.0600129
4.1469 -0.0562687
4.1846 -0.0527776
4.2223 -0.0495217
4.26 -0.0464839
4.2977 -0.0436486
4.3354 -0.0410011
4.3731 -0.0385279
4.4108 -0.0362164
4.4485 -0.034055
4.48619 -0.0320328
4.52389 -0.0301398
4.56159 -0.028367
4.59929 -0.0267056
4.63699 -0.025148
4.67469 -0.0236868
4.71239 -0.0223153
4.75009 -0.0210275
4.78779 -0.0198176
4.82549 -0.0186805
4.86319 -0.0176111
4.90088 -0.0166052
4.93858 -0.0156586
4.97628 -0.0147674
5.01398 -0.0139282
5.05168 -0.0131376
5.08938 -0.0123927
5.12708 -0.0116906
5.16478 -0.0110287
5.20248 -0.0104047
5.24018 -0.00981615
5.27788 -0.00926108
5.31557 -0.0087375
5.35327 -0.00824355
5.39097 -0.00777753
5.42867 -0.00733784
5.46637 -0.00692296
5.50407 -0.00653148
5.54177 -0.00616208
5.57947 -0.00581351
5.61717 -0.0054846
5.65487 -0.00517424
5.69257 -0.00488138
5.73027 -0.00460506
5.76796 -0.00434435
5.80566 -0.00409836
5.84336 -0.00386629
5.88106 -0.00364735
5.91876 -0.0034408
5.95646 -0.00324595
5.99416 -0.00306216
6.03186 -0.00288878
6.06956 -0.00272525
6.10726 -0.00257101
6.14496 -0.00242553
6.18265 -0.00228832
6.22035 -0.00215892
6.25805 -0.00203687
6.29575 -0.00192177
6.33345 -0.00181322
6.37115 -0.00171085
6.40885 -0.00161431
6.44655 -0.00152326
6.48425 -0.0014374
6.52195 -0.00135642
6.55965 -0.00128004
6.59734 -0.00120802
6.63504 -0.00114008
6.67274 -0.00107601
6.71044 -0.00101558
6.74814 -0.000958579
6.78584 -0.000904814
6.82354 -0.000854098
6.86124 -0.000806256
6.89894 -0.000761125
6.93664 -0.000718548
6.97434 -0.00067838
7.01203 -0.000640482
7.04973 -0.000604725
7.08743 -0.000570986
7.12513 -0.000539149
7.16283 -0.000509106
7.20053 -0.000480755
7.23823 -0.000453999
7.27593 -0.000428748
7.31363 -0.000404914
7.35133 -0.000382418
7.38903 -0.000361184
7.42673 -0.00034114
7.46442 -0.000322218
7.50212 -0.000304355
7.53982 -0.000287491
7.57752 -0.000271569
7.61522 -0.000256536
7.65292 -0.000242342
7.69062 -0.000228939
7.72832 -0.000216283
7.76602 -0.000204332
7.80372 -0.000193047
7.84142 -0.000182388
7.87911 -0.000172323
7.91681 -0.000162816
7.95451 -0.000153838
7.99221 -0.000145358
8.02991 -0.000137348
8.06761 -0.000129783
8.10531 -0.000122636
8.14301 -0.000115886
8.18071 -0.000109509
8.21841 -0.000103485
8.25611 -9.77948e-05
8.2938 -9.2419e-05
8.3315 -8.73404e-05
8.3692 -8.25424e-05
8.4069 -7.80094e-05
8.4446 -7.37267e-05
8.4823 -6.96804e-05
8.52 -6.58574e-05
8.5577 -6.22452e-05
8.5954 -5.88322e-05
8.6331 -5.56074e-05
8.6708 -5.25602e-05
8.70849 -4.96809e-05
8.74619 -4.69601e-05
8.78389 -4.43891e-05
8.82159 -4.19596e-05
8.85929 -3.96638e-05
8.89699 -3.74942e-05
8.93469 -3.54439e-05
8.97239 -3.35063e-05
9.01009 -3.16751e-05
9.04779 -2.99446e-05
9.08549 -2.8309e-05
9.12319 -2.67633e-05
9.16088 -2.53023e-05
9.19858 -2.39216e-05
9.23628 -2.26165e-05
9.27398 -2.1383e-05
9.31168 -2.02171e-05
9.34938 -1.91151e-05
9.38708 -1.80734e-05
9.42478 -1.70888e-05
9.46248 -1.61581e-05
9.50018 -1.52783e-05
9.53788 -1.44467e-05
9.57557 -1.36605e-05
9.61327 -1.29174e-05
9.65097 -1.22148e-05
9.68867 -1.15507e-05
9.72637 -1.09228e-05
9.76407 -1.03292e-05
9.80177 -9.76801e-06
9.83947 -9.23745e-06
9.87717 -8.73585e-06
9.91487 -8.2616e-06
9.95257 -7.81321e-06
9.99026 -7.38927e-06
10.028 -6.98843e-06
10.0657 -6.60943e-06
10.1034 -6.25108e-06
10.1411 -5.91224e-06
10.1788 -5.59184e-06
10.2165 -5.28888e-06
10.2542 -5.0024e-06
10.2919 -4.73151e-06
10.3296 -4.47534e-06
10.3673 -4.2331e-06
10.405 -4.00403e-06
10.4427 -3.7874e-06
10.4804 -3.58254e-06
10.5181 -3.38881e-06
10.5558 -3.20559e-06
10.5935 -3.03232e-06
10.6311 -2.86845e-06
10.6688 -2.71347e-06
10.7065 -2.56689e-06
10.7442 -2.42826e-06
10.7819 -2.29715e-06
10.8196 -2.17315e-06
10.8573 -2.05586e-06
10.895 -1.94493e-06
10.9327 -1.84e-06
10.9704 -1.74075e-06
11.0081 -1.64688e-06
11.0458 -1.55809e-06
11.0835 -1.4741e-06
11.1212 -1.39466e-06
11.1589 -1.31951e-06
11.1966 -1.24843e-06
11.2343 -1.18119e-06
11.272 -1.11758e-06
11.3097 -1.05741e-06
11.3474 -1.00049e-06
11.3851 -9.46644e-07
11.4228 -8.95706e-07
11.4605 -8.47519e-07
11.4982 -8.01933e-07
11.5359 -7.58806e-07
11.5736 -7.18007e-07
11.6113 -6.79408e-07
11.649 -6.42891e-07
11.6867 -6.08344e-07
11.7244 -5.75658e-07
11.7621 -5.44735e-07
11.7998 -5.15478e-07
11.8375 -4.87797e-07
11.8752 -4.61607e-07
11.9129 -4.36828e-07
11.9506 -4.13384e-07
11.9883 -3.91201e-07
12.026 -3.70212e-07
12.0637 -3.50353e-07
12.1014 -3.31563e-07
12.1391 -3.13783e-07
12.1768 -2.96959e-07
12.2145 -2.81041e-07
12.2522 -2.65978e-07
12.2899 -2.51724e-07
12.3276 -2.38237e-07
12.3653 -2.25475e-07
12.403 -2.13398e-07
12.4407 -2.0197e-07
12.4784 -1.91156e-07
12.5161 -1.80922e-07
12.5538 -1.71238e-07
12.5915 -1.62074e-07
12.6292 -1.53401e-07
12.6669 -1.45194e-07
12.7046 -1.37427e-07
12.7423 -1.30077e-07
12.78 -1.23121e-07
12.8177 -1.16538e-07
12.8554 -1.10308e-07
12.8931 -1.04412e-07
12.9308 -9.88316e-08
12.9685 -9.35505e-08
13.0062 -8.85523e-08
13.0439 -8.38219e-08
13.0816 -7.93449e-08
13.1193 -7.51076e-08
13.157 -7.10971e-08
13.1947 -6.73014e-08
13.2324 -6.37088e-08
13.2701 -6.03085e-08
13.3078 -5.70901e-08
13.3455 -5.4044e-08
13.3832 -5.11607e-08
13.4209 -4.84317e-08
13.4586 -4.58486e-08
13.4963 -4.34036e-08
13.534 -4.10893e-08
13.5717 -3.88987e-08
13.6094 -3.68252e-08
13.6471 -3.48625e-08
13.6848 -3.30046e-08
13.7225 -3.1246e-08
13.7602 -2.95813e-08
13.7979 -2.80056e-08
13.8356 -2.65139e-08
13.8733 -2.51019e-08
13.911 -2.37653e-08
13.9487 -2.25e-08
13.9864 -2.13022e-08
14.0241 -2.01683e-08
14.0618 -1.9095e-08
14.0995 -1.80788e-08
14.1372 -1.71169e-08
14.1749 -1.62063e-08
14.2126 -1.53442e-08
14.2503 -1.45281e-08
14.288 -1.37555e-08
14.3257 -1.3024e-08
14.3634 -1.23316e-08
14.4011 -1.1676e-08
14.4388 -1.10554e-08
14.4765 -1.04678e-08
14.5142 -9.91155e-09
14.5519 -9.3849e-09
14.5896 -8.88629e-09
14.6273 -8.41423e-09
14.665 -7.9673e-09
14.7027 -7.54416e-09
14.7404 -7.14353e-09
14.7781 -6.76423e-09
14.8158 -6.40511e-09
14.8535 -6.06509e-09
14.8911 -5.74316e-09
14.9288 -5.43835e-09
14.9665 -5.14976e-09
15.0042 -4.87651e-09
15.0419 -4.61778e-09
15.0796 -4.37281e-09
15.1173 -4.14087e-09
15.155 -3.92125e-09
15.1927 -3.7133e-09
15.2304 -3.5164e-09
15.2681 -3.32996e-09
15.3058 -3.15342e-09
15.3435 -2.98627e-09
15.3812 -2.82799e-09
15.4189 -2.67811e-09
15.4566 -2.5362e-09
15.4943 -2.40181e-09
15.532 -2.27457e-09
15.5697 -2.15407e-09
15.6074 -2.03997e-09
15.6451 -1.93193e-09
15.6828 -1.82962e-09
15.7205 -1.73274e-09
15.7582 -1.64099e-09
15.7959 -1.55412e-09
15.8336 -1.47185e-09
15.8713 -1.39394e-09
15.909 -1.32017e-09
15.9467 -1.2503e-09
15.9844 -1.18415e-09
16.0221 -1.12149e-09
16.0598 -1.06216e-09
16.0975 -1.00597e-09
16.1352 -9.52764e-10
16.1729 -9.02374e-10
16.2106 -8.54653e-10
16.2483 -8.0946e-10
16.286 -7.66661e-10
16.3237 -7.26129e-10
16.3614 -6.87744e-10
16.3991 -6.51391e-10
16.4368 -6.16963e-10
16.4745 -5.84358e-10
16.5122 -5.53478e-10
16.5499 -5.24234e-10
16.5876 -4.96537e-10
16.6253 -4.70305e-10
16.663 -4.45462e-10
16.7007 -4.21933e-10
16.7384 -3.9965e-10
16.7761 -3.78544e-10
16.8138 -3.58556e-10
16.8515 -3.39624e-10
16.8892 -3.21694e-10
16.9269 -3.04711e-10
16.9646 -2.88627e-10
17.0023 -2.73393e-10
17.04 -2.58965e-10
17.0777 -2.45299e-10
17.1154 -2.32355e-10
17.1531 -2.20096e-10
17.1908 -2.08484e-10
17.2285 -1.97486e-10
17.2662 -1.87069e-10
17.3039 -1.77202e-10
17.3416 -1.67856e-10
17.3793 -1.59004e-10
17.417 -1.5062e-10
17.4547 -1.42678e-10
17.4924 -1.35156e-10
17.5301 -1.28031e-10
17.5678 -1.21282e-10
17.6055 -1.1489e-10
17.6432 -1.08834e-10
17.6809 -1.03099e-10
17.7186 -9.7666e-11
17.7563 -9.25199e-11
17.794 -8.76453e-11
17.8317 -8.30279e-11
17.8694 -7.86541e-11
17.9071 -7.4511e-11
17.9448 -7.05865e-11
17.9825 -6.6869e-11
18.0202 -6.33476e-11
18.0579 -6.00118e-11
18.0956 -5.6852e-11
18.1333 -5.38588e-11
18.171 -5.10234e-11
18.2087 -4.83374e-11
18.2464 -4.57931e-11
18.2841 -4.33828e-11
18.3218 -4.10997e-11
18.3595 -3.89368e-11
18.3972 -3.68879e-11
18.4349 -3.4947e-11
18.4726 -3.31083e-11
18.5103 -3.13665e-11
18.548 -2.97164e-11
18.5857 -2.81533e-11
18.6234 -2.66725e-11
18.6611 -2.52697e-11
18.6988 -2.39408e-11
18.7365 -2.26818e-11
18.7742 -2.14892e-11
18.8119 -2.03593e-11
18.8496 -1.92889e-11
18.8873 -1.82749e-11
18.925 -1.73142e-11
18.9627 -1.64042e-11
19.0004 -1.5542e-11
19.0381 -1.47252e-11
19.0758 -1.39513e-11
19.1134 -1.32182e-11
19.1511 -1.25237e-11
19.1888 -1.18657e-11
19.2265 -1.12423e-11
19.2642 -1.06517e-11
19.3019 -1.00922e-11
19.3396 -9.56205e-12
19.3773 -9.05982e-12
19.415 -8.58401e-12
19.4527 -8.13321e-12
19.4904 -7.70611e-12
19.5281 -7.30148e-12
19.5658 -6.91812e-12
19.6035 -6.55491e-12
19.6412 -6.2108e-12
19.6789 -5.88476e-12
19.7166 -5.57586e-12
19.7543 -5.28316e-12
19.792 -5.00592e-12
19.8297 -4.74319e-12
19.8674 -4.4943e-12
19.9051 -4.25845e-12
19.9428 -4.03502e-12
19.9805 -3.82331e-12
20.0182 -3.62273e-12
20.0559 -3.43268e-12
20.0936 -3.25261e-12
20.1313 -3.08201e-12
20.169 -2.92035e-12
20.2067 -2.76719e-12
20.2444 -2.62206e-12
20.2821 -2.48456e-12
20.3198 -2.35428e-12
20.3575 -2.23084e-12
20.3952 -2.11388e-12
20.4329 -2.00305e-12
20.4706 -1.89806e-12
20.5083 -1.79854e-12
20.546 -1.70427e-12
20.5837 -1.61494e-12
20.6214 -1.5303e-12
20.6591 -1.4501e-12
20.6968 -1.37411e-12
20.7345 -1.30209e-12
20.7722 -1.23387e-12
20.8099 -1.16924e-12
20.8476 -1.10796e-12
20.8853 -1.04995e-12
20.923 -9.94906e-13
20.9607 -9.42799e-13
20.9984 -8.93428e-13
21.0361 -8.46623e-13
21.0738 -8.02278e-13
21.1115 -7.60265e-13
21.1492 -7.20453e-13
21.1869 -6.82724e-13
21.2246 -6.46976e-13
21.2623 -6.13099e-13
21.3 -5.80996e-13
21.3377 -5.50575e-13
21.3754 -5.21763e-13
21.4131 -4.94444e-13
21.4508 -4.68569e-13
21.4885 -4.44041e-13
21.5262 -4.20798e-13
21.5639 -3.98779e-13
21.6016 -3.7791e-13
21.6393 -3.58132e-13
21.677 -3.39378e-13
21.7147 -3.21627e-13
21.7524 -3.04798e-13
21.7901 -2.88857e-13
21.8278 -2.73749e-13
21.8655 -2.59425e-13
21.9032 -2.45862e-13
21.9409 -2.32997e-13
21.9786 -2.2081e-13
22.0163 -2.09264e-13
22.054 -1.98321e-13
22.0917 -1.87944e-13
22.1294 -1.78092e-13
22.1671 -1.68796e-13
22.2048 -1.59981e-13
22.2425 -1.51608e-13
22.2802 -1.43687e-13
22.3179 -1.36177e-13
22.3556 -1.29059e-13
22.3933 -1.22306e-13
22.431 -1.15912e-13
22.4687 -1.09854e-13
22.5064 -1.04102e-13
22.5441 -9.86741e-14
22.5818 -9.35156e-14
22.6195 -8.86276e-14
22.6572 -8.40031e-14
22.6949 -7.9599e-14
22.7326 -7.54457e-14
22.7703 -7.15107e-14
22.808 -6.77754e-14
22.8457 -6.42337e-14
22.8834 -6.08781e-14
22.9211 -5.76944e-14
22.9588 -5.46941e-14
22.9965 -5.18198e-14
23.0342 -4.91375e-14
23.0719 -4.65569e-14
23.1096 -4.41067e-14
23.1473 -4.18145e-14
23.185 -3.96361e-14
23.2227 -3.75639e-14
23.2604 -3.56037e-14
23.2981 -3.37364e-14
23.3358 -3.19786e-14
23.3734 -3.02652e-14
23.4111 -2.87248e-14
23.4488 -2.72291e-14
23.4865 -2.58074e-14
23.5242 -2.44617e-14
23.5619 -2.31867e-14
23.5996 -2.19736e-14
23.6373 -2.08364e-14
23.675 -1.97898e-14
23.7127 -1.87113e-14
23.7504 -1.77409e-14
23.7881 -1.68096e-14
23.8258 -1.59352e-14
23.8635 -1.5096e-14
23.9012 -1.43056e-14
23.9389 -1.35591e-14
23.9766 -1.2854e-14
24.0143 -1.21894e-14
24.052 -1.15572e-14
24.0897 -1.09827e-14
24.1274 -1.038e-14
24.1651 -9.84002e-15
24.2028 -9.32921e-15
24.2405 -8.83916e-15
24.2782 -8.37984e-15
24.3159 -7.93475e-15
24.3536 -7.53364e-15
24.3913 -7.13508e-15
24.429 -6.76052e-15
24.4667 -6.40033e-15
24.5044 -6.08063e-15
24.5421 -5.75459e-15
24.5798 -5.45363e-15
24.6175 -5.17247e-15
24.6552 -4.9042e-15
24.6929 -4.65581e-15
24.7306 -4.40132e-15
24.7683 -4.17242e-15
24.806 -3.96173e-15
24.8437 -3.75468e-15
24.8814 -3.55613e-15
24.9191 -3.36449e-15
24.9568 -3.20194e-15
24.9945 -3.02806e-15
25.0322 -2.88147e-15
25.0699 -2.72116e-15
25.1076 -2.5862e-15
25.1453 -2.44843e-15
25.183 -2.31496e-15
25.2207 -2.2009e-15
25.2584 -2.08674e-15
25.2961 -1.97196e-15
25.3338 -1.87501e-15
25.3715 -1.77474e-15
25.4092 -1.67736e-15
25.4469 -1.59701e-15
25.4846 -1.51134e-15
25.5223 -1.44214e-15
25.56 -1.36569e-15
25.5977 -1.28413e-15
25.6354 -1.20713e-15
25.6731 -1.15079e-15
25.7108 -1.09467e-15
25.7485 -1.02034e-15
25.7862 -9.87199e-16
25.8239 -9.38137e-16
25.8616 -8.78788e-16
25.8993 -8.4534e-16
25.937 -8.09194e-16
25.9747 -7.56881e-16
26.0124 -7.14564e-16
26.0501 -6.74092e-16
26.0878 -6.44168e-16
26.1255 -6.08201e-16
26.1632 -5.63058e-16
26.2009 -5.43198e-16
26.2386 -5.22177e-16
26.2763 -4.93534e-16
26.314 -4.67632e-16
26.3517 -4.35117e-16
26.3894 -4.1804e-16
26.4271 -4.01472e-16
26.4648 -3.95848e-16
26.5025 -3.6823e-16
26.5402 -3.43573e-16
26.5779 -3.21194e-16
26.6156 -3.00036e-16
26.6533 -2.88874e-16
26.691 -2.6725e-16
26.7287 -2.5958e-16
26.7664 -2.40944e-16
26.8041 -2.35299e-16
26.8418 -2.25966e-16
26.8795 -1.86138e-16
26.9172 -1.96839e-16
26.9549 -1.89864e-16
26.9926 -1.65889e-16
27.0303 -1.76187e-16
27.068 -1.60692e-16
27.1057 -1.55348e-16
27.1434 -1.28108e-16
27.1811 -1.33435e-16
27.2188 -1.45244e-16
27.2565 -1.22373e-16
27.2942 -1.13629e-16
27.3319 -1.11999e-16
27.3696 -9.67017e-17
27.4073 -1.08562e-16
27.445 -8.91734e-17
27.4827 -8.42927e-17
27.5204 -8.69109e-17
27.5581 -7.49454e-17
27.5957 -7.67619e-17
27.6334 -7.20349e-17
27.6711 -6.35873e-17
27.7088 -5.93551e-17
27.7465 -6.97022e-17
27.7842 -5.82278e-17
27.8219 -5.21317e-17
27.8596 -5.36321e-17
27.8973 -4.7674e-17
27.935 -3.93831e-17
27.9727 -4.02504e-17
28.0104 -4.89953e-17
28.0481 -3.76096e-17
28.0858 -3.43105e-17
28.1235 -3.86667e-17
28.1612 -4.33483e-17
28.1989 -2.94769e-17
28.2366 2.75725e-17
28.2743 -3.50486e-17
28.312 -3.46389e-17
28.3497 -2.08138e-17
28.3874 -3.10861e-17
28.4251 -2.69807e-17
28.4628 -2.54723e-17
28.5005 -2.65009e-17
28.5382 -2.51656e-17
28.5759 -2.025e-17
28.6136 -1.96299e-17
28.6513 -1.49489e-17
28.689 -1.66367e-17
28.7267 -2.46002e-17
28.7644 -1.17451e-17
28.8021 -1.16421e-17
28.8398 -2.84928e-17
28.8775 -1.03188e-17
28.9152 -1.79821e-17
28.9529 -2.29754e-17
28.9906 -1.83982e-17
29.0283 -1.24326e-17
29.066 -2.76369e-17
29.1037 -2.14603e-17
29.1414 -1.39674e-17
29.1791 -6.65089e-18
29.2168 -8.05078e-18
29.2545 -8.44825e-18
29.2922 -6.6235e-19
29.3299 -6.68686e-18
29.3676 -2.9567e-17
29.4053 -1.01494e-18
29.443 -7.2851e-19
29.4807 1.38416e-18
29.5184 -3.3638e-18
29.5561 -3.19415e-18
29.5938 -4.82043e-18
29.6315 -2.35274e-18
29.6692 -1.40114e-17
29.7069 -7.38179e-19
29.7446 -6.70273e-18
29.7823 -3.67447e-17
29.82 -6.41455e-18
29.8577 -3.3684e-18
29.8954 -5.20172e-18
29.9331 -1.71193e-18
29.9708 -9.57215e-18
30.0085 3.56229e-18
30.0462 -5.17117e-19
30.0839 -9.74212e-18
30.1216 -8.60632e-18
30.1593 -1.60117e-17
30.197 2.11843e-17
30.2347 -6.03154e-18
30.2724 -1.66986e-18
30.3101 -4.08046e-18
30.3478 8.37714e-18
30.3855 -8.6489e-18
30.4232 5.21866e-18
30.4609 -6.49578e-19
30.4986 8.29319e-18
30.5363 1.65139e-18
30.574 5.84502e-18
30.6117 -3.96907e-18
30.6494 1.50208e-19
30.6871 -6.09775e-19
30.7248 -6.03599e-18
30.7625 1.75342e-17
30.8002 -1.9041e-18
30.8379 -2.7039e-18
30.8756 3.6716e-18
30.9133 7.84392e-18
30.951 -1.12009e-18
30.9887 3.01235e-18
31.0264 -9.74106e-18
31.0641 9.039e-18
31.1018 3.46137e-18
31.1395 9.87643e-19
31.1772 1.56207e-18
31.2149 1.28108e-17
31.2526 -8.02785e-18
31.2903 2.05099e-18
31.328 -1.05746e-18
31.3657 -9.64201e-19
31.4034 -5.16355e-18
31.4411 -1.14691e-17
31.4788 -4.92096e-18
31.5165 -1.28465e-18
31.5542 4.78833e-18
31.5919 1.83055e-18
31.6296 1.25574e-18
31.6673 3.45107e-18
31.705 -1.23065e-18
31.7427 -4.1796e-18
31.7804 -2.01274e-18
31.8181 4.17332e-20
31.8557 -1.10496e-18
31.8934 3.37973e-18
31.9311 5.57515e-18
31.9688 1.6723e-18
32.0065 -3.56251e-18
32.0442 -6.46192e-18
32.0819 4.07697e-18
32.1196 5.84594e-18
32.1573 -4.98025e-18
32.195 -3.36357e-21
32.2327 -1.62891e-17
32.2704 -2.41596e-17
32.3081 1.25026e-17
32.3458 -5.24856e-18
32.3835 -1.50688e-20
32.4212 4.41542e-18
32.4589 -5.54339e-18
32.4966 -4.56049e-18
32.5343 -3.98947e-18
32.572 2.61038e-18
32.6097 1.85273e-17
32.6474 -2.1309e-18
32.6851 -3.03743e-18
32.7228 -4.04683e-18
32.7605 -1.29576e-18
32.7982 -3.18041e-18
32.8359 -3.19571e-18
32.8736 -2.01945e-17
32.9113 6.99783e-18
32.949 7.61508e-18
32.9867 -1.67802e-18
33.0244 -3.74508e-18
33.0621 -8.68595e-19
33.0998 1.20223e-17
33.1375 -7.07071e-18
33.1752 -4.40378e-18
33.2129 -8.61863e-18
33.2506 -3.68526e-18
33.2883 -2.34318e-17
33.326 -8.4093e-18
33.3637 3.18609e-19
33.4014 -5.71133e-18
33.4391 -1.06481e-18
33.4768 -3.35427e-18
33.5145 -1.92088e-20
33.5522 1.29851e-18
33.5899 7.88963e-18
33.6276 -5.51058e-18
33.6653 6.4322e-18
33.703 7.48555e-18
33.7407 -1.34342e-17
33.7784 -4.90994e-19
33.8161 -1.43047e-17
33.8538 -7.04076e-19
33.8915 -5.82265e-18
33.9292 -3.91615e-18
33.9669 8.11775e-19
34.0046 -1.58782e-19
34.0423 -1.22265e-19
34.08 -7.42982e-19
34.1177 -1.10416e-17
34.1554 4.30591e-18
34.1931 2.86913e-19
34.2308 2.34461e-17
34.2685 -3.47213e-18
34.3062 -8.53748e-19
34.3439 -2.54673e-19
34.3816 7.70908e-18
34.4193 8.45598e-18
34.457 1.0506e-18
34.4947 -3.39755e-18
34.5324 -4.59225e-17
34.5701 -6.05441e-18
34.6078 -5.72904e-18
34.6455 2.05339e-17
34.6832 -1.23718e-18
34.7209 -1.80368e-19
34.7586 7.93124e-19
34.7963 4.55255e-18
34.834 2.51594e-18
34.8717 3.91474e-18
34.9094 -4.23313e-19
34.9471 -1.85688e-17
34.9848 2.94517e-18
35.0225 4.77578e-18
35.0602 -4.85413e-18
35.0979 -1.54172e-19
35.1356 -6.49528e-18
35.1733 -2.90908e-18
35.211 2.59993e-19
35.2487 7.26299e-17
35.2864 2.27601e-19
35.3241 -4.90917e-19
35.3618 2.38045e-18
35.3995 1.98231e-19
35.4372 2.437e-18
35.4749 7.21161e-18
35.5126 -4.95292e-19
35.5503 2.7415e-18
35.588 9.96238e-19
35.6257 5.65723e-18
35.6634 -3.05488e-18
35.7011 -8.99789e-18
35.7388 -7.91709e-18
35.7765 7.63062e-18
35.8142 -8.8104e-19
35.8519 9.13355e-19
35.8896 1.35278e-19
35.9273 7.41704e-19
35.965 7.52071e-19
36.0027 3.66721e-18
36.0404 -4.35245e-18
36.0781 4.76617e-18
36.1157 -7.63313e-19
36.1534 1.14043e-18
36.1911 -7.22334e-19
36.2288 -2.23336e-18
36.2665 -2.25602e-18
36.3042 -4.02597e-18
36.3419 3.05003e-18
36.3796 1.80913e-18
36.4173 -3.28737e-18
36.455 1.7302e-18
36.4927 1.7304e-18
36.5304 6.67594e-19
36.5681 2.62504e-18
36.6058 -2.27017e-18
36.6435 5.25012e-18
36.6812 -1.03428e-17
36.7189 1.07563e-19
36.7566 -1.98072e-17
36.7943 -1.85463e-20
36.832 1.67837e-19
36.8697 2.80155e-18
36.9074 1.41187e-17
36.9451 2.35292e-18
36.9828 -1.14807e-18
37.0205 -3.55328e-18
37.0582 -4.47872e-18
37.0959 8.00805e-18
37.1336 4.47219e-18
37.1713 -7.28112e-18
37.209 1.14527e-19
37.2467 -4.82537e-18
37.2844 -3.20268e-18
37.3221 -1.51532e-17
37.3598 -5.00535e-18
37.3975 -2.45629e-18
37.4352 4.29701e-19
37.4729 2.47613e-18
37.5106 -7.50665e-18
37.5483 5.04532e-18
37.586 -1.70996e-17
37.6237 5.2455e-18
37.6614 -5.14065e-19
37.6991 1.93163e-18
37.7368 -1.96281e-19
37.7745 2.71911e-18
37.8122 5.94227e-19
37.8499 -1.54155e-17
37.8876 -3.1263e-18
37.9253 1.6709e-18
37.963 -2.99663e-17
38.0007 6.41035e-19
38.0384 -4.95891e-18
38.0761 -1.02426e-18
38.1138 -1.28552e-18
38.1515 9.6665e-18
38.1892 2.39727e-18
38.2269 5.16569e-18
38.2646 1.34849e-17
38.3023 4.93295e-18
38.34 -2.55293e-19
38.3777 -1.16852e-17
38.4154 3.51267e-18
38.4531 -3.53184e-18
38.4908 -3.82261e-18
38.5285 3.39999e-18
38.5662 1.08543e-17
