1201 
I -34.2247 41.2679 -16.8552
I -34.3915 34.5229 -23.8724
Cs -39.7183 40.0165 -11.6659
Cs -39.4991 39.9649 0
Cs -39.9536 28.8147 -11.8033
I -41.2098 34.4749 -16.9912
I -34.4367 40.906 5.7868
I -41.0999 35.2375 -5.8451
I -34.4367 40.906 -5.7868
I -34.617 34.4049 0
Cs -39.7183 40.0165 11.6659
Cs -39.9536 28.8147 11.8033
I -41.0999 35.2375 5.8451
I -41.2098 34.4749 16.9912
I -34.2247 41.2679 16.8552
I -34.3915 34.5229 23.8724
Cs -28.9223 39.6096 -11.3634
Cs -28.9223 39.6096 11.3634
Cs -40.0824 17.5434 -22.5573
Cs -39.9949 29.2889 -22.6433
I -34.7545 17.5049 -17.4556
I -41.173 23.3788 -17.5705
I -35.0491 11.7967 -23.94
Cs -39.4807 17.4423 -11.3538
Cs -39.1738 17.2966 0
Cs -39.8923 5.89973 -11.9929
Cs -40.0112 28.2936 0
I -41.1503 11.571 -17.6632
I -33.5657 17.3615 6.04556
I -40.7767 22.5514 5.64989
I -40.778 12.3358 -5.80027
I -33.5657 17.3615 -6.04556
I -40.7767 22.5514 -5.64989
I -34.6187 23.2928 -11.8219
I -34.1755 11.5588 0
Cs -39.4807 17.4423 11.3538
Cs -40.0824 17.5434 22.5573
Cs -39.8923 5.89973 11.9929
Cs -39.9949 29.2889 22.6433
I -40.778 12.3358 5.80027
I -41.1503 11.571 17.6632
I -34.7545 17.5049 17.4556
I -41.173 23.3788 17.5705
I -34.6187 23.2928 11.8219
I -35.0491 11.7967 23.94
Cs -28.9657 29.0313 -22.7041
Cs -29.142 40.0575 -22.5306
I -23.2722 29.1651 -17.6536
I -29.1411 34.7632 -17.3982
I -23.3266 23.3833 -24.0506
I -35.0495 23.312 -23.879
Cs -28.9221 29.0073 -11.9957
Cs -28.8493 28.9215 0
Cs -28.885 17.4195 -12.1986
Cs -28.8185 39.3437 0
Pb -35.1247 23.3585 -17.7974
Pb -35.1954 35.2729 -17.8146
Pb -34.7315 23.1461 -5.89646
Pb -34.9947 34.8753 -5.87165
I -34.7307 29.1942 -17.5134
I -29.1598 23.2795 -17.7044
I -22.0138 28.9204 6.0791
I -29.0209 33.9743 5.91639
I -35.46 28.982 -5.87223
I -28.8612 24.3803 -6.02539
I -22.0138 28.9204 -6.0791
I -29.0209 33.9743 -5.91639
I -34.7122 34.5958 -11.753
I -23.1588 34.6788 -11.8197
I -23.0061 23.08 0
I -34.1852 23.0607 0
Cs -28.9221 29.0073 11.9957
Cs -28.9657 29.0313 22.7041
Cs -28.885 17.4195 12.1986
Cs -29.142 40.0575 22.5306
Pb -34.7315 23.1461 5.89646
Pb -34.9947 34.8753 5.87165
Pb -35.1247 23.3585 17.7974
Pb -35.1954 35.2729 17.8146
I -35.46 28.982 5.87223
I -28.8612 24.3803 6.02539
I -34.7307 29.1942 17.5134
I -29.1598 23.2795 17.7044
I -23.2722 29.1651 17.6536
I -29.1411 34.7632 17.3982
I -34.7122 34.5958 11.753
I -23.1588 34.6788 11.8197
I -23.3266 23.3833 24.0506
I -35.0495 23.312 23.879
Cs -17.4958 39.9641 -22.765
I -11.7865 41.1906 -17.6291
I -11.5473 35.0867 -23.9005
I -23.3463 34.9906 -23.8831
Cs -17.4652 39.9246 -11.9278
Cs -16.91 40.0769 0
Cs -17.434 28.8792 -12.1624
Pb -23.3153 35.1342 -17.7943
Pb -23.1718 34.8485 -5.88765
I -23.1662 41.1771 -17.5921
I -17.47 34.6943 -17.6138
I -10.8811 40.7317 5.57844
I -23.8068 40.9226 -5.77081
I -17.3716 35.5934 -5.87529
I -10.8811 40.7317 -5.57844
I -11.5355 34.0699 0
I -23.132 34.2778 0
Cs -17.4652 39.9246 11.9278
Cs -17.4958 39.9641 22.765
Cs -17.434 28.8792 12.1624
Pb -23.1718 34.8485 5.88765
Pb -23.3153 35.1342 17.7943
I -23.8068 40.9226 5.77081
I -17.3716 35.5934 5.87529
I -23.1662 41.1771 17.5921
I -17.47 34.6943 17.6138
I -11.7865 41.1906 17.6291
I -11.5473 35.0867 23.9005
I -23.3463 34.9906 23.8831
Cs -5.80133 39.4626 -11.2384
Cs -5.80133 39.4626 11.2384
Cs -40.127 -5.81106 -22.4925
Cs -39.9256 5.86817 -22.8207
I -34.7851 -5.80592 -17.3998
I -41.177 0.194774 -17.6686
I -35.086 -11.5413 -23.9005
Cs -39.4618 -5.79536 -11.2384
Cs -39.0368 -5.78364 0
Cs -39.9239 -17.4592 -11.9278
Cs -40.0554 5.37041 0
I -41.1898 -11.7806 -17.6291
I -33.4879 -5.7836 6.07292
I -40.7268 -0.728418 5.57893
I -40.731 -10.8751 -5.57844
I -33.4879 -5.7836 -6.07292
I -40.7268 -0.728418 -5.57893
I -34.6772 0.127383 -11.8562
I -34.0691 -11.5295 0
Cs -39.4618 -5.79536 11.2384
Cs -40.127 -5.81106 22.4925
Cs -39.9239 -17.4592 11.9278
Cs -39.9256 5.86817 22.8207
I -40.731 -10.8751 5.57844
I -41.1898 -11.7806 17.6291
I -34.7851 -5.80592 17.3998
I -41.177 0.194774 17.6686
I -34.6772 0.127383 11.8562
I -35.086 -11.5413 23.9005
Cs -28.8712 5.83627 -22.8468
Cs -28.9928 17.5148 -22.812
I -23.2455 5.8337 -17.6953
I -29.1437 11.6939 -17.7925
I -23.4309 0.0456879 -24.1224
I -35.0697 -0.101767 -23.9211
Cs -28.8442 5.83391 -12.2197
Cs -28.7223 5.78721 0
Cs -28.8571 -5.78529 -12.2394
Cs -28.8463 17.2725 0
Pb -35.1247 0.0212594 -17.8276
Pb -35.103 11.6778 -17.8433
Pb -34.671 0.0112552 -5.90679
Pb -34.7241 11.5675 -5.90916
I -34.6515 5.84891 -17.6729
I -29.16 -0.014687 -17.7612
I -21.6455 5.78701 6.15633
I -28.835 10.2681 6.08275
I -35.6312 5.7909 -5.90842
I -28.8129 1.36021 -6.13543
I -21.6455 5.78701 -6.15633
I -28.835 10.2681 -6.08275
I -34.6071 11.5622 -11.869
I -23.2219 11.6598 -12.0071
I -23.0261 0.0250616 0
I -34.054 -0.0284668 0
Cs -28.8442 5.83391 12.2197
Cs -28.8712 5.83627 22.8468
Cs -28.8571 -5.78529 12.2394
Cs -28.9928 17.5148 22.812
Pb -34.671 0.0112552 5.90679
Pb -34.7241 11.5675 5.90916
Pb -35.1247 0.0212594 17.8276
Pb -35.103 11.6778 17.8433
I -35.6312 5.7909 5.90842
I -28.8129 1.36021 6.13543
I -34.6515 5.84891 17.6729
I -29.16 -0.014687 17.7612
I -23.2455 5.8337 17.6953
I -29.1437 11.6939 17.7925
I -34.6071 11.5622 11.869
I -23.2219 11.6598 12.0071
I -23.4309 0.0456879 24.1224
I -35.0697 -0.101767 23.9211
Cs -17.4355 17.4665 -22.887
Cs -17.485 28.9253 -22.7928
I -11.6258 17.478 -17.7895
I -17.4664 23.2656 -17.6622
I -11.6985 11.7071 -24.1498
I -23.3816 11.6761 -24.1089
Cs -17.3598 17.3757 -12.3739
Cs -17.2402 17.3656 0
Cs -17.3488 5.79581 -12.3945
Cs -17.41 28.8248 0
Pb -23.2924 11.6568 -18.0675
Pb -23.309 23.3226 -18.0064
Pb -23.0276 11.5689 -6.01413
Pb -23.0688 23.0702 -5.98722
I -23.2529 17.4851 -17.7367
I -17.4592 11.6469 -17.7762
I -10.0395 17.2987 6.12795
I -17.3151 21.6939 6.15815
I -24.5604 17.3281 -6.06249
I -17.297 13.1118 -6.14105
I -10.0395 17.2987 -6.12795
I -17.3151 21.6939 -6.15815
I -23.2582 23.2123 -11.9648
I -11.5495 23.2157 -12.0093
I -11.5684 11.5258 0
I -22.9972 11.5321 0
Cs -17.3598 17.3757 12.3739
Cs -17.4355 17.4665 22.887
Cs -17.3488 5.79581 12.3945
Cs -17.485 28.9253 22.7928
Pb -23.0276 11.5689 6.01413
Pb -23.0688 23.0702 5.98722
Pb -23.2924 11.6568 18.0675
Pb -23.309 23.3226 18.0064
I -24.5604 17.3281 6.06249
I -17.297 13.1118 6.14105
I -23.2529 17.4851 17.7367
I -17.4592 11.6469 17.7762
I -11.6258 17.478 17.7895
I -17.4664 23.2656 17.6622
I -23.2582 23.2123 11.9648
I -11.5495 23.2157 12.0093
I -11.6985 11.7071 24.1498
I -23.3816 11.6761 24.1089
Cs -5.82329 29.0287 -22.823
Cs -5.81705 40.1278 -22.4925
I -0.0206736 29.1608 -17.7612
I -5.81191 34.7859 -17.3998
I 0.0397013 23.4317 -24.1224
I -11.7284 23.4337 -24.1063
Cs -5.79128 28.8578 -12.2394
Cs -5.78317 28.7945 0
Cs -5.78538 17.3666 -12.3946
Cs -5.78963 39.0376 0
Pb -11.6415 23.3177 -18.0668
Pb -11.6409 35.1385 -17.8092
Pb -11.5177 23.0384 -6.01362
Pb -11.5806 34.6742 -5.90012
I -11.6151 29.1736 -17.7484
I -5.81601 23.2608 -17.7908
I 1.35422 28.8136 6.13543
I -5.78959 33.4886 6.07292
I -12.9329 28.814 -6.10393
I -5.77055 24.5791 -6.08796
I 1.35422 28.8136 -6.13543
I -5.78959 33.4886 -6.07292
I -11.7217 34.675 -11.8389
I 0.121396 34.6778 -11.8562
I 0.0190749 23.0269 0
I -11.5658 23.0344 0
Cs -5.79128 28.8578 12.2394
Cs -5.82329 29.0287 22.823
Cs -5.78538 17.3666 12.3946
Cs -5.81705 40.1278 22.4925
Pb -11.5177 23.0384 6.01362
Pb -11.5806 34.6742 5.90012
Pb -11.6415 23.3177 18.0668
Pb -11.6409 35.1385 17.8092
I -12.9329 28.814 6.10393
I -5.77055 24.5791 6.08796
I -11.6151 29.1736 17.7484
I -5.81601 23.2608 17.7908
I -0.0206736 29.1608 17.7612
I -5.81191 34.7859 17.3998
I -11.7217 34.675 11.8389
I 0.121396 34.6778 11.8562
I 0.0397013 23.4317 24.1224
I -11.7284 23.4337 24.1063
Cs 5.86218 39.9261 -22.8207
I 11.5651 41.1511 -17.6632
I 11.7907 35.0499 -23.94
I -0.107754 35.0705 -23.9211
Cs 5.89376 39.8929 -11.9929
Cs 5.36442 40.0562 0
Cs 5.82792 28.845 -12.2197
Pb 0.0152728 35.1255 -17.8276
Pb 0.00526667 34.6718 -5.90679
I 0.188786 41.1777 -17.6686
I 5.84292 34.6523 -17.6729
I 12.3298 40.7788 5.80027
I -0.734405 40.7276 -5.57893
I 5.78493 35.6319 -5.90842
I 12.3298 40.7788 -5.80027
I 11.5528 34.1763 0
I -0.0344535 34.0546 0
Cs 5.89376 39.8929 11.9929
Cs 5.86218 39.9261 22.8207
Cs 5.82792 28.845 12.2197
Pb 0.00526667 34.6718 5.90679
Pb 0.0152728 35.1255 17.8276
I -0.734405 40.7276 5.57893
I 5.78493 35.6319 5.90842
I 0.188786 41.1777 17.6686
I 5.84292 34.6523 17.6729
I 11.5651 41.1511 17.6632
I 11.7907 35.0499 23.94
I -0.107754 35.0705 23.9211
Cs 17.4363 39.4815 -11.3538
Cs 17.4363 39.4815 11.3538
Cs -40.0569 -29.136 -22.5306
Cs -39.9634 -17.4898 -22.765
I -34.7625 -29.1352 -17.3982
I -41.1764 -23.1603 -17.5921
I -34.5221 -34.3855 -23.8724
Cs -39.6089 -28.9164 -11.3634
Cs -39.343 -28.8125 0
Cs -40.0157 -39.7122 -11.6659
Cs -40.0764 -16.904 0
I -41.2671 -34.2186 -16.8552
I -33.9735 -29.0149 5.91639
I -40.922 -23.8007 5.77081
I -40.9052 -34.4308 -5.7868
I -33.9735 -29.0149 -5.91639
I -40.922 -23.8007 -5.77081
I -34.6782 -23.1527 -11.8197
I -34.4042 -34.6111 0
Cs -39.6089 -28.9164 11.3634
Cs -40.0569 -29.136 22.5306
Cs -40.0157 -39.7122 11.6659
Cs -39.9634 -17.4898 22.765
I -40.9052 -34.4308 5.7868
I -41.2671 -34.2186 16.8552
I -34.7625 -29.1352 17.3982
I -41.1764 -23.1603 17.5921
I -34.6782 -23.1527 11.8197
I -34.5221 -34.3855 23.8724
Cs -28.9245 -17.479 -22.7928
Cs -29.0279 -5.8173 -22.823
I -23.265 -17.4604 -17.6622
I -29.1728 -11.6091 -17.7484
I -23.3825 -23.3206 -24.0506
I -34.9898 -23.3402 -23.8831
Cs -28.8784 -17.428 -12.1624
Cs -28.824 -17.404 0
Cs -29.0066 -28.916 -11.9957
Cs -28.7938 -5.77718 0
Pb -35.1334 -23.3094 -17.7943
Pb -35.1378 -11.6349 -17.8092
Pb -34.8477 -23.1658 -5.88765
Pb -34.6735 -11.5746 -5.90012
I -34.6935 -17.464 -17.6138
I -29.1643 -23.2663 -17.6536
I -21.6931 -17.3092 6.15815
I -28.8134 -12.9269 6.10393
I -35.5928 -17.3656 -5.87529
I -28.9196 -22.0079 -6.0791
I -21.6931 -17.3092 -6.15815
I -28.8134 -12.9269 -6.10393
I -34.6744 -11.7157 -11.8389
I -23.2149 -11.5435 -12.0093
I -23.0792 -23.0001 0
I -34.277 -23.1259 0
Cs -28.8784 -17.428 12.1624
Cs -28.9245 -17.479 22.7928
Cs -29.0066 -28.916 11.9957
Cs -29.0279 -5.8173 22.823
Pb -34.8477 -23.1658 5.88765
Pb -34.6735 -11.5746 5.90012
Pb -35.1334 -23.3094 17.7943
Pb -35.1378 -11.6349 17.8092
I -35.5928 -17.3656 5.87529
I -28.9196 -22.0079 6.0791
I -34.6935 -17.464 17.6138
I -29.1643 -23.2663 17.6536
I -23.265 -17.4604 17.6622
I -29.1728 -11.6091 17.7484
I -34.6744 -11.7157 11.8389
I -23.2149 -11.5435 12.0093
I -23.3825 -23.3206 24.0506
I -34.9898 -23.3402 23.8831
Cs -17.4153 -5.80569 -22.9388
Cs -17.4259 5.83531 -22.922
I -11.6338 -5.80809 -17.7984
I -17.4667 0.0108754 -17.8109
I -11.7064 -11.6925 -24.1498
I -23.433 -11.7224 -24.1063
Cs -17.3659 -5.77941 -12.3946
Cs -17.1339 -5.76508 0
Cs -17.375 -17.3538 -12.3739
Cs -17.3374 5.73717 0
Pb -23.317 -11.6355 -18.0668
Pb -23.3035 0.0132583 -18.0814
Pb -23.0377 -11.5117 -6.01362
Pb -23.0276 -0.00703923 -6.02071
I -23.2601 -5.81002 -17.7908
I -17.4773 -11.6198 -17.7895
I -10.042 -5.76644 6.11055
I -17.2947 -1.51286 6.13233
I -24.5784 -5.76456 -6.08796
I -17.298 -10.0335 -6.12795
I -10.042 -5.76644 -6.11055
I -17.2947 -1.51286 -6.13233
I -23.1947 -0.0375564 -12.02
I -11.6178 0.00479991 -12.0413
I -11.525 -11.5624 0
I -23.0337 -11.5598 0
Cs -17.3659 -5.77941 12.3946
Cs -17.4153 -5.80569 22.9388
Cs -17.375 -17.3538 12.3739
Cs -17.4259 5.83531 22.922
Pb -23.0377 -11.5117 6.01362
Pb -23.0276 -0.00703923 6.02071
Pb -23.317 -11.6355 18.0668
Pb -23.3035 0.0132583 18.0814
I -24.5784 -5.76456 6.08796
I -17.298 -10.0335 6.12795
I -23.2601 -5.81002 17.7908
I -17.4773 -11.6198 17.7895
I -11.6338 -5.80809 17.7984
I -17.4667 0.0108754 17.8109
I -23.1947 -0.0375564 12.02
I -11.6178 0.00479991 12.0413
I -11.7064 -11.6925 24.1498
I -23.433 -11.7224 24.1063
Cs -5.80295 5.80908 -22.9511
Cs -5.81167 17.4161 -22.9388
I 0.00239428 5.82127 -17.7924
I -5.81408 11.6345 -17.7984
I -0.00262861 0.00335804 -24.1579
I -11.6885 0.0120905 -24.1592
Cs -5.78438 5.80139 -12.4002
Cs -5.72593 5.75599 0
Cs -5.80067 -5.77839 -12.4002
Cs -5.77107 17.1346 0
Pb -11.6377 0.0103236 -18.123
Pb -11.6322 11.6489 -18.1142
Pb -11.5308 0.0158756 -6.04287
Pb -11.5442 11.5262 -6.03707
I -11.6282 5.82875 -17.7945
I -5.82053 0.00838283 -17.7924
I 1.51688 5.77313 6.14549
I -5.77244 10.0427 6.11055
I -13.097 5.77682 -6.1422
I -5.77242 1.52287 -6.14549
I 1.51688 5.77313 -6.14549
I -5.77244 10.0427 -6.11055
I -11.5966 11.6121 -12.0362
I -0.00118675 11.6185 -12.0413
I -0.00262861 0.00335804 0
I -11.5272 0.0305191 0
Cs -5.78438 5.80139 12.4002
Cs -5.80295 5.80908 22.9511
Cs -5.80067 -5.77839 12.4002
Cs -5.81167 17.4161 22.9388
Pb -11.5308 0.0158756 6.04287
Pb -11.5442 11.5262 6.03707
Pb -11.6377 0.0103236 18.123
Pb -11.6322 11.6489 18.1142
I -13.097 5.77682 6.1422
I -5.77242 1.52287 6.14549
I -11.6282 5.82875 17.7945
I -5.82053 0.00838283 17.7924
I 0.00239428 5.82127 17.7924
I -5.81408 11.6345 17.7984
I -11.5966 11.6121 12.0362
I -0.00118675 11.6185 12.0413
I -0.00262861 0.00335804 24.1579
I -11.6885 0.0120905 24.1592
Cs 5.82932 17.4266 -22.922
Cs 5.83028 28.872 -22.8468
I 11.6409 17.4599 -17.7762
I 5.82771 23.2463 -17.6953
I 11.7011 11.6992 -24.1498
I 0.00610382 11.6893 -24.1592
Cs 5.78982 17.3495 -12.3945
Cs 5.73118 17.3381 0
Cs 5.79541 5.7851 -12.4002
Cs 5.78122 28.7231 0
Pb 0.00433692 11.6384 -18.123
Pb 0.00727167 23.3043 -18.0814
Pb 0.00988894 11.5316 -6.04287
Pb -0.0130278 23.0284 -6.02071
I 0.00488872 17.4675 -17.8109
I 5.82276 11.6289 -17.7945
I 13.1058 17.2978 6.14105
I 5.78101 21.6463 6.15633
I -1.51885 17.2954 -6.13233
I 5.77083 13.0977 -6.1422
I 13.1058 17.2978 -6.14105
I 5.78101 21.6463 -6.15633
I -0.0435431 23.1955 -12.02
I 11.6539 23.2227 -12.0071
I 11.5198 11.5692 0
I 0.0245305 11.528 0
Cs 5.78982 17.3495 12.3945
Cs 5.82932 17.4266 22.922
Cs 5.79541 5.7851 12.4002
Cs 5.83028 28.872 22.8468
Pb 0.00988894 11.5316 6.04287
Pb -0.0130278 23.0284 6.02071
Pb 0.00433692 11.6384 18.123
Pb 0.00727167 23.3043 18.0814
I -1.51885 17.2954 6.13233
I 5.77083 13.0977 6.1422
I 0.00488872 17.4675 17.8109
I 5.82276 11.6289 17.7945
I 11.6409 17.4599 17.7762
I 5.82771 23.2463 17.6953
I -0.0435431 23.1955 12.02
I 11.6539 23.2227 12.0071
I 11.7011 11.6992 24.1498
I 0.00610382 11.6893 24.1592
Cs 17.5088 28.9935 -22.812
Cs 17.5374 40.0832 -22.5573
I 23.2735 29.1606 -17.7044
I 17.4989 34.7553 -17.4556
I 23.3772 23.3274 -24.0506
I 11.6701 23.3823 -24.1089
Cs 17.4136 28.8858 -12.1986
Cs 17.2665 28.8471 0
Cs 17.3697 17.3605 -12.3739
Cs 17.2906 39.1746 0
Pb 11.6508 23.2932 -18.0675
Pb 11.6718 35.1038 -17.8433
Pb 11.5629 23.0284 -6.01413
Pb 11.5615 34.7249 -5.90916
I 11.6879 29.1445 -17.7925
I 17.4791 23.2537 -17.7367
I 24.3745 28.862 6.02539
I 17.3556 33.5665 6.04556
I 10.2621 28.8357 -6.08275
I 17.3221 24.5612 -6.06249
I 24.3745 28.862 -6.02539
I 17.3556 33.5665 -6.04556
I 11.5562 34.6077 -11.869
I 23.2867 34.6194 -11.8219
I 23.0741 23.0069 0
I 11.5261 22.998 0
Cs 17.4136 28.8858 12.1986
Cs 17.5088 28.9935 22.812
Cs 17.3697 17.3605 12.3739
Cs 17.5374 40.0832 22.5573
Pb 11.5629 23.0284 6.01413
Pb 11.5615 34.7249 5.90916
Pb 11.6508 23.2932 18.0675
Pb 11.6718 35.1038 17.8433
I 10.2621 28.8357 6.08275
I 17.3221 24.5612 6.06249
I 11.6879 29.1445 17.7925
I 17.4791 23.2537 17.7367
I 23.2735 29.1606 17.7044
I 17.4989 34.7553 17.4556
I 11.5562 34.6077 11.869
I 23.2867 34.6194 11.8219
I 23.3772 23.3274 24.0506
I 11.6701 23.3823 24.1089
Cs 29.2828 39.9957 -22.6433
I 34.4688 41.2106 -16.9912
I 34.5168 34.3923 -23.8724
I 23.306 35.0503 -23.879
Cs 28.8089 39.9543 -11.8033
Cs 28.2875 40.0119 0
Cs 29.0014 28.9226 -11.9957
Pb 23.3525 35.1255 -17.7974
Pb 23.1403 34.7322 -5.89646
I 23.3727 41.1737 -17.5705
I 29.1882 34.7315 -17.5134
I 35.2315 41.1006 5.8451
I 22.5456 40.7775 -5.64989
I 28.9759 35.4607 -5.87223
I 35.2315 41.1006 -5.8451
I 34.3989 34.6177 0
I 23.0547 34.1859 0
Cs 28.8089 39.9543 11.8033
Cs 29.2828 39.9957 22.6433
Cs 29.0014 28.9226 11.9957
Pb 23.1403 34.7322 5.89646
Pb 23.3525 35.1255 17.7974
I 22.5456 40.7775 5.64989
I 28.9759 35.4607 5.87223
I 23.3727 41.1737 17.5705
I 29.1882 34.7315 17.5134
I 34.4688 41.2106 16.9912
I 34.5168 34.3923 23.8724
I 23.306 35.0503 23.879
Cs 40.0106 39.719 -11.6659
Cs 40.0106 39.719 11.6659
Cs -39.9643 -39.493 0
Cs -29.2881 -39.9889 -22.6433
Cs -29.0306 -28.9597 -22.7041
I -23.378 -41.1669 -17.5705
I -29.1934 -34.7247 -17.5134
Cs -28.8142 -39.9475 -11.8033
Cs -28.2928 -40.0053 0
Cs -28.9209 -28.8433 0
Pb -35.2721 -35.1894 -17.8146
Pb -34.8745 -34.9887 -5.87165
I -34.4741 -41.2038 -16.9912
I -22.5509 -40.7707 5.64989
I -28.9812 -35.4541 5.87223
I -35.2368 -41.0938 -5.8451
I -22.5509 -40.7707 -5.64989
I -28.9812 -35.4541 -5.87223
I -34.595 -34.7063 -11.753
I -23.292 -34.6126 -11.8219
Cs -28.8142 -39.9475 11.8033
Cs -29.2881 -39.9889 22.6433
Cs -29.0306 -28.9597 22.7041
Pb -34.8745 -34.9887 5.87165
Pb -35.2721 -35.1894 17.8146
I -35.2368 -41.0938 5.8451
I -34.4741 -41.2038 16.9912
I -23.378 -41.1669 17.5705
I -29.1934 -34.7247 17.5134
I -34.595 -34.7063 11.753
I -23.292 -34.6126 11.8219
Cs -17.514 -28.9867 -22.812
Cs -17.4657 -17.4295 -22.887
I -11.6931 -29.1379 -17.7925
I -17.4844 -23.2469 -17.7367
I -11.796 -35.0431 -23.94
I -23.3113 -35.0437 -23.879
Cs -17.4188 -28.879 -12.1986
Cs -17.2718 -28.8403 0
Cs -17.4415 -39.4749 -11.3538
Cs -17.3649 -17.2342 0
Pb -23.3578 -35.1187 -17.7974
Pb -23.3221 -23.3032 -18.0064
Pb -23.1456 -34.7254 -5.89646
Pb -23.0694 -23.0628 -5.98722
I -23.2788 -29.1538 -17.7044
I -17.5042 -34.7485 -17.4556
I -10.2674 -28.8291 6.08275
I -17.3274 -24.5545 6.06249
I -24.3796 -28.8552 -6.02539
I -17.3608 -33.5598 -6.04556
I -10.2674 -28.8291 -6.08275
I -17.3274 -24.5545 -6.06249
I -23.2115 -23.2521 -11.9648
I -11.6591 -23.2161 -12.0071
I -11.558 -34.1695 0
I -23.06 -34.1793 0
Cs -17.4188 -28.879 12.1986
Cs -17.514 -28.9867 22.812
Cs -17.4415 -39.4749 11.3538
Cs -17.4657 -17.4295 22.887
Pb -23.1456 -34.7254 5.89646
Pb -23.0694 -23.0628 5.98722
Pb -23.3578 -35.1187 17.7974
Pb -23.3221 -23.3032 18.0064
I -24.3796 -28.8552 6.02539
I -17.3608 -33.5598 6.04556
I -23.2788 -29.1538 17.7044
I -17.5042 -34.7485 17.4556
I -11.6931 -29.1379 17.7925
I -17.4844 -23.2469 17.7367
I -23.2115 -23.2521 11.9648
I -11.6591 -23.2161 12.0071
I -11.796 -35.0431 23.94
I -23.3113 -35.0437 23.879
Cs -5.83459 -17.4199 -22.922
Cs -5.80834 -5.79698 -22.9511
I -0.0101478 -17.4608 -17.8109
I -5.82801 -11.6222 -17.7945
I -0.0449604 -23.4251 -24.1224
I -11.6753 -23.3757 -24.1089
Cs -5.79509 -17.3428 -12.3945
Cs -5.73645 -17.3314 0
Cs -5.83319 -28.8382 -12.2197
Cs -5.75528 -5.71994 0
Pb -11.6561 -23.2863 -18.0675
Pb -11.6481 -11.6262 -18.1142
Pb -11.5682 -23.0216 -6.01413
Pb -11.5255 -11.5382 -6.03707
I -11.6461 -17.4532 -17.7762
I -5.83298 -23.2397 -17.6953
I 1.51359 -17.2887 6.13233
I -5.77608 -13.091 6.1422
I -13.111 -17.291 -6.14105
I -5.78629 -21.6396 -6.15633
I 1.51359 -17.2887 -6.13233
I -5.77608 -13.091 -6.1422
I -11.6114 -11.5906 -12.0362
I -0.00407236 -11.6118 -12.0413
I -0.024334 -23.0201 0
I -11.5314 -22.9912 0
Cs -5.79509 -17.3428 12.3945
Cs -5.83459 -17.4199 22.922
Cs -5.83319 -28.8382 12.2197
Cs -5.80834 -5.79698 22.9511
Pb -11.5682 -23.0216 6.01413
Pb -11.5255 -11.5382 6.03707
Pb -11.6561 -23.2863 18.0675
Pb -11.6481 -11.6262 18.1142
I -13.111 -17.291 6.14105
I -5.78629 -21.6396 6.15633
I -11.6461 -17.4532 17.7762
I -5.83298 -23.2397 17.6953
I -0.0101478 -17.4608 17.8109
I -5.82801 -11.6222 17.7945
I -11.6114 -11.5906 12.0362
I -0.00407236 -11.6118 12.0413
I -0.0449604 -23.4251 24.1224
I -11.6753 -23.3757 24.1089
Cs 5.7977 -5.80237 -22.9511
Cs 5.80309 5.80369 -22.9511
I 11.6229 -5.82204 -17.7945
I 5.81528 -0.00166674 -17.7924
I 11.6933 -11.7004 -24.1498
I -0.0113629 -11.6825 -24.1592
Cs 5.77911 -5.79468 -12.4002
Cs 5.72068 -5.74929 0
Cs 5.78013 -17.3599 -12.3946
Cs 5.75002 5.72665 0
Pb -0.00959603 -11.6317 -18.123
Pb -0.00262861 0.00335804 -18.1229
Pb -0.0151481 -11.5249 -6.04287
Pb -0.00262861 0.00335804 -6.0455
I -0.00765339 -5.81456 -17.7924
I 5.80883 -11.6278 -17.7984
I 13.0917 -5.77009 6.1422
I 5.76714 -1.51615 6.14549
I -1.52214 -5.76643 -6.14549
I 5.76718 -10.036 -6.11055
I 13.0917 -5.77009 -6.1422
I 5.76714 -1.51615 -6.14549
I -0.00262861 0.00335804 -12.0409
I 11.6125 0.00191429 -12.0413
I 11.5632 -11.5191 0
I -0.0297897 -11.5212 0
Cs 5.77911 -5.79468 12.4002
Cs 5.7977 -5.80237 22.9511
Cs 5.78013 -17.3599 12.3946
Cs 5.80309 5.80369 22.9511
Pb -0.0151481 -11.5249 6.04287
Pb -0.00262861 0.00335804 6.0455
Pb -0.00959603 -11.6317 18.123
Pb -0.00262861 0.00335804 18.1229
I -1.52214 -5.76643 6.14549
I 5.76718 -10.036 6.11055
I -0.00765339 -5.81456 17.7924
I 5.80883 -11.6278 17.7984
I 11.6229 -5.82204 17.7945
I 5.81528 -0.00166674 17.7924
I -0.00262861 0.00335804 12.0409
I 11.6125 0.00191429 12.0413
I 11.6933 -11.7004 24.1498
I -0.0113629 -11.6825 24.1592
Cs 17.4101 5.8124 -22.9388
Cs 17.4605 17.4362 -22.887
I 23.255 5.81673 -17.7908
I 17.472 11.6265 -17.7895
I 23.4256 -0.0389737 -24.1224
I 11.6833 -0.00537627 -24.1592
Cs 17.3606 5.78612 -12.3946
Cs 17.1286 5.77179 0
Cs 17.3435 -5.7891 -12.3945
Cs 17.3596 17.2409 0
Pb 11.6324 -0.00360938 -18.123
Pb 11.6429 11.633 -18.1142
Pb 11.5256 -0.00915951 -6.04287
Pb 11.5202 11.5449 -6.03707
I 11.6286 5.8148 -17.7984
I 17.4615 -0.00415929 -17.8109
I 24.5731 5.77126 6.08796
I 17.2927 10.0402 6.12795
I 10.0367 5.77317 -6.11055
I 17.2894 1.51958 -6.13233
I 24.5731 5.77126 -6.08796
I 17.2927 10.0402 -6.12795
I 11.6061 11.5973 -12.0362
I 23.2096 11.5502 -12.0093
I 23.0208 -0.0183474 0
I 11.522 -0.023803 0
Cs 17.3606 5.78612 12.3946
Cs 17.4101 5.8124 22.9388
Cs 17.3435 -5.7891 12.3945
Cs 17.4605 17.4362 22.887
Pb 11.5256 -0.00915951 6.04287
Pb 11.5202 11.5449 6.03707
Pb 11.6324 -0.00360938 18.123
Pb 11.6429 11.633 18.1142
I 10.0367 5.77317 6.11055
I 17.2894 1.51958 6.13233
I 11.6286 5.8148 17.7984
I 17.4615 -0.00415929 17.8109
I 23.255 5.81673 17.7908
I 17.472 11.6265 17.7895
I 11.6061 11.5973 12.0362
I 23.2096 11.5502 12.0093
I 23.4256 -0.0389737 24.1224
I 11.6833 -0.00537627 24.1592
Cs 28.9194 17.4858 -22.7928
Cs 29.0253 28.9665 -22.7041
I 34.6882 17.4708 -17.6138
I 29.1591 23.2729 -17.6536
I 35.0809 11.548 -23.9005
I 23.4277 11.7292 -24.1063
Cs 28.8731 17.4347 -12.1624
Cs 28.8187 17.4107 0
Cs 28.8518 5.79199 -12.2394
Cs 28.9157 28.8501 0
Pb 23.3117 11.6422 -18.0668
Pb 23.3168 23.3098 -18.0064
Pb 23.0324 11.5185 -6.01362
Pb 23.0643 23.0696 -5.98722
I 23.2597 17.4671 -17.6622
I 29.1676 11.6158 -17.7484
I 35.5875 17.3723 5.87529
I 28.9143 22.0146 6.0791
I 21.6878 17.3159 -6.15815
I 28.8081 12.9336 -6.10393
I 35.5875 17.3723 -5.87529
I 28.9143 22.0146 -6.0791
I 23.2062 23.2589 -11.9648
I 34.6729 23.1595 -11.8197
I 34.064 11.5363 0
I 23.0284 11.5665 0
Cs 28.8731 17.4347 12.1624
Cs 28.9194 17.4858 22.7928
Cs 28.8518 5.79199 12.2394
Cs 29.0253 28.9665 22.7041
Pb 23.0324 11.5185 6.01362
Pb 23.0643 23.0696 5.98722
Pb 23.3117 11.6422 18.0668
Pb 23.3168 23.3098 18.0064
I 21.6878 17.3159 6.15815
I 28.8081 12.9336 6.10393
I 23.2597 17.4671 17.6622
I 29.1676 11.6158 17.7484
I 34.6882 17.4708 17.6138
I 29.1591 23.2729 17.6536
I 23.2062 23.2589 11.9648
I 34.6729 23.1595 11.8197
I 35.0809 11.548 23.9005
I 23.4277 11.7292 24.1063
Cs 40.0516 29.1428 -22.5306
I 41.262 34.2254 -16.8552
I 34.9845 23.347 -23.8831
Cs 39.6036 28.923 -11.3634
Cs 39.3377 28.8193 0
Cs 39.9186 17.4659 -11.9278
Cs 39.959 39.4998 0
Pb 35.1281 23.316 -17.7943
Pb 35.2668 35.1962 -17.8146
Pb 34.8424 23.1726 -5.88765
Pb 34.8692 34.9955 -5.87165
I 34.7572 29.1419 -17.3982
I 41.1713 23.1669 -17.5921
I 40.8999 34.4374 5.7868
I 33.9682 29.0215 -5.91639
I 40.9167 23.8075 -5.77081
I 40.8999 34.4374 -5.7868
I 34.5897 34.713 -11.753
I 34.2719 23.1327 0
Cs 39.6036 28.923 11.3634
Cs 40.0516 29.1428 22.5306
Cs 39.9186 17.4659 11.9278
Pb 34.8424 23.1726 5.88765
Pb 34.8692 34.9955 5.87165
Pb 35.1281 23.316 17.7943
Pb 35.2668 35.1962 17.8146
I 33.9682 29.0215 5.91639
I 40.9167 23.8075 5.77081
I 34.7572 29.1419 17.3982
I 41.1713 23.1669 17.5921
I 41.262 34.2254 16.8552
I 34.5897 34.713 11.753
I 34.9845 23.347 23.8831
Cs -17.5427 -40.0764 -22.5573
Cs -17.2958 -39.168 0
Cs -17.5427 -40.0764 22.5573
Cs -5.86743 -39.9195 -22.8207
Cs -5.83553 -28.8654 -22.8468
I -0.194045 -41.1709 -17.6686
I -5.84818 -34.6457 -17.6729
Cs -5.89901 -39.8863 -11.9929
Cs -5.36968 -40.0495 0
Cs -5.78648 -28.7163 0
Pb -11.6771 -35.097 -17.8433
Pb -11.5668 -34.7181 -5.90916
I -11.5703 -41.1443 -17.6632
I 0.729145 -40.721 5.57893
I -5.79018 -35.6251 5.90842
I -12.3351 -40.772 -5.80027
I 0.729145 -40.721 -5.57893
I -5.79018 -35.6251 -5.90842
I -11.5614 -34.6011 -11.869
I -0.126655 -34.6712 -11.8562
Cs -5.89901 -39.8863 11.9929
Cs -5.86743 -39.9195 22.8207
Cs -5.83553 -28.8654 22.8468
Pb -11.5668 -34.7181 5.90916
Pb -11.6771 -35.097 17.8433
I -12.3351 -40.772 5.80027
I -11.5703 -41.1443 17.6632
I -0.194045 -41.1709 17.6686
I -5.84818 -34.6457 17.6729
I -11.5614 -34.6011 11.869
I -0.126655 -34.6712 11.8562
Cs 5.81803 -29.0219 -22.823
Cs 5.80641 -17.4093 -22.9388
I 11.6098 -29.167 -17.7484
I 5.81076 -23.2542 -17.7908
I 11.542 -35.0801 -23.9005
I 0.102495 -35.0639 -23.9211
Cs 5.786 -28.851 -12.2394
Cs 5.7779 -28.7879 0
Cs 5.79608 -39.456 -11.2384
Cs 5.7658 -17.1279 0
Pb -0.0205319 -35.1189 -17.8276
Pb -0.0125308 -23.2975 -18.0814
Pb -0.0105258 -34.665 -5.90679
Pb 0.00776867 -23.0216 -6.02071
I 0.0154145 -29.1541 -17.7612
I 5.80666 -34.7793 -17.3998
I 12.9276 -28.8074 6.10393
I 5.76529 -24.5725 6.08796
I -1.35948 -28.807 -6.13543
I 5.78432 -33.4818 -6.07292
I 12.9276 -28.8074 -6.10393
I 5.76529 -24.5725 -6.08796
I 0.038284 -23.1888 -12.02
I 11.5442 -23.2089 -12.0093
I 11.5303 -34.0633 0
I 0.0291944 -34.048 0
Cs 5.786 -28.851 12.2394
Cs 5.81803 -29.0219 22.823
Cs 5.79608 -39.456 11.2384
Cs 5.80641 -17.4093 22.9388
Pb -0.0105258 -34.665 5.90679
Pb 0.00776867 -23.0216 6.02071
Pb -0.0205319 -35.1189 17.8276
Pb -0.0125308 -23.2975 18.0814
I -1.35948 -28.807 6.13543
I 5.78432 -33.4818 6.07292
I 0.0154145 -29.1541 17.7612
I 5.80666 -34.7793 17.3998
I 11.6098 -29.167 17.7484
I 5.81076 -23.2542 17.7908
I 0.038284 -23.1888 12.02
I 11.5442 -23.2089 12.0093
I 11.542 -35.0801 23.9005
I 0.102495 -35.0639 23.9211
Cs 17.4302 -17.4598 -22.887
Cs 17.4206 -5.8286 -22.922
I 23.2476 -17.4784 -17.7367
I 17.4539 -11.6401 -17.7762
I 23.3213 -23.3765 -24.0506
I 11.7232 -23.4269 -24.1063
Cs 17.3546 -17.369 -12.3739
Cs 17.2349 -17.3589 0
Cs 17.4287 -28.8724 -12.1624
Cs 17.3321 -5.73046 0
Pb 11.6362 -23.3109 -18.0668
Pb 11.627 -11.6422 -18.1142
Pb 11.5125 -23.0318 -6.01362
Pb 11.5389 -11.5195 -6.03707
I 11.6206 -17.4713 -17.7895
I 17.4612 -23.2589 -17.6622
I 24.5551 -17.3214 6.06249
I 17.2918 -13.1051 6.14105
I 10.0342 -17.292 -6.12795
I 17.3099 -21.6871 -6.15815
I 24.5551 -17.3214 -6.06249
I 17.2918 -13.1051 -6.14105
I 11.5913 -11.6054 -12.0362
I 23.2168 -11.6531 -12.0071
I 23.0008 -23.0734 0
I 11.5605 -23.0276 0
Cs 17.3546 -17.369 12.3739
Cs 17.4302 -17.4598 22.887
Cs 17.4287 -28.8724 12.1624
Cs 17.4206 -5.8286 22.922
Pb 11.5125 -23.0318 6.01362
Pb 11.5389 -11.5195 6.03707
Pb 11.6362 -23.3109 18.0668
Pb 11.627 -11.6422 18.1142
I 10.0342 -17.292 6.12795
I 17.3099 -21.6871 6.15815
I 11.6206 -17.4713 17.7895
I 17.4612 -23.2589 17.6622
I 23.2476 -17.4784 17.7367
I 17.4539 -11.6401 17.7762
I 11.5913 -11.6054 12.0362
I 23.2168 -11.6531 12.0071
I 23.3213 -23.3765 24.0506
I 11.7232 -23.4269 24.1063
Cs 28.8661 -5.82956 -22.8468
Cs 29.0226 5.82402 -22.823
I 34.6464 -5.8422 -17.6729
I 29.1547 0.0214012 -17.7612
I 35.0439 -11.79 -23.94
I 23.3765 -11.6693 -24.1089
Cs 28.8389 -5.8272 -12.2197
Cs 28.717 -5.7805 0
Cs 28.8798 -17.4128 -12.1986
Cs 28.7885 5.78389 0
Pb 23.2871 -11.6501 -18.0675
Pb 23.2983 -0.00654412 -18.0814
Pb 23.0224 -11.5622 -6.01413
Pb 23.0224 0.0137553 -6.02071
I 23.2404 -5.82699 -17.6953
I 29.1386 -11.6871 -17.7925
I 35.6259 -5.78419 5.90842
I 28.8078 -1.3535 6.13543
I 21.6402 -5.7803 -6.15633
I 28.8299 -10.2614 -6.08275
I 35.6259 -5.78419 -5.90842
I 28.8078 -1.3535 -6.13543
I 23.1896 0.0442706 -12.02
I 34.672 -0.120669 -11.8562
I 34.1702 -11.552 0
I 22.9919 -11.5254 0
Cs 28.8389 -5.8272 12.2197
Cs 28.8661 -5.82956 22.8468
Cs 28.8798 -17.4128 12.1986
Cs 29.0226 5.82402 22.823
Pb 23.0224 -11.5622 6.01413
Pb 23.0224 0.0137553 6.02071
Pb 23.2871 -11.6501 18.0675
Pb 23.2983 -0.00654412 18.0814
I 21.6402 -5.7803 6.15633
I 28.8299 -10.2614 6.08275
I 23.2404 -5.82699 17.6953
I 29.1386 -11.6871 17.7925
I 34.6464 -5.8422 17.6729
I 29.1547 0.0214012 17.7612
I 23.1896 0.0442706 12.02
I 34.672 -0.120669 11.8562
I 35.0439 -11.79 23.94
I 23.3765 -11.6693 24.1089
Cs 40.1217 5.81779 -22.4925
Cs 39.9583 17.4965 -22.765
I 41.1847 11.7873 -17.6291
I 35.0644 0.108484 -23.9211
Cs 39.4567 5.80207 -11.2384
Cs 39.0316 5.79035 0
Cs 39.887 -5.89302 -11.9929
Cs 40.0711 16.9107 0
Pb 35.1194 -0.0145452 -17.8276
Pb 35.1325 11.6416 -17.8092
Pb 34.6657 -0.00453912 -5.90679
Pb 34.6682 11.5813 -5.90012
I 34.78 5.81263 -17.3998
I 41.1717 -0.188058 -17.6686
I 40.7259 10.8818 5.57844
I 33.4826 5.79031 -6.07292
I 40.7215 0.735132 -5.57893
I 40.7259 10.8818 -5.57844
I 34.6691 11.7224 -11.8389
I 34.0487 0.035181 0
Cs 39.4567 5.80207 11.2384
Cs 40.1217 5.81779 22.4925
Cs 39.887 -5.89302 11.9929
Cs 39.9583 17.4965 22.765
Pb 34.6657 -0.00453912 5.90679
Pb 34.6682 11.5813 5.90012
Pb 35.1194 -0.0145452 17.8276
Pb 35.1325 11.6416 17.8092
I 33.4826 5.79031 6.07292
I 40.7215 0.735132 5.57893
I 34.78 5.81263 17.3998
I 41.1717 -0.188058 17.6686
I 41.1847 11.7873 17.6291
I 34.6691 11.7224 11.8389
I 35.0644 0.108484 23.9211
Cs 5.8118 -40.121 -22.4925
Cs 5.78436 -39.0308 0
Cs 5.8118 -40.121 22.4925
Cs 17.4905 -39.9575 -22.765
Cs 17.4798 -28.9187 -22.7928
I 23.1609 -41.1705 -17.5921
I 17.4648 -34.6874 -17.6138
Cs 17.4599 -39.918 -11.9278
Cs 16.9047 -40.0703 0
Cs 17.4047 -28.818 0
Pb 11.6357 -35.1317 -17.8092
Pb 11.5753 -34.6676 -5.90012
I 11.7813 -41.184 -17.6291
I 23.8015 -40.916 5.77081
I 17.3663 -35.5868 5.87529
I 10.8758 -40.7251 -5.57844
I 23.8015 -40.916 -5.77081
I 17.3663 -35.5868 -5.87529
I 11.7164 -34.6684 -11.8389
I 23.1535 -34.6721 -11.8197
Cs 17.4599 -39.918 11.9278
Cs 17.4905 -39.9575 22.765
Cs 17.4798 -28.9187 22.7928
Pb 11.5753 -34.6676 5.90012
Pb 11.6357 -35.1317 17.8092
I 10.8758 -40.7251 5.57844
I 11.7813 -41.184 17.6291
I 23.1609 -41.1705 17.5921
I 17.4648 -34.6874 17.6138
I 11.7164 -34.6684 11.8389
I 23.1535 -34.6721 11.8197
Cs 28.9604 -29.0245 -22.7041
Cs 28.9875 -17.5081 -22.812
I 34.7254 -29.1876 -17.5134
I 29.1545 -23.2727 -17.7044
I 34.3862 -34.5162 -23.8724
I 23.341 -34.9838 -23.8831
Cs 28.9168 -29.0007 -11.9957
Cs 28.844 -28.9149 0
Cs 28.9172 -39.6028 -11.3634
Cs 28.841 -17.2658 0
Pb 23.31 -35.1274 -17.7943
Pb 23.3039 -23.316 -18.0064
Pb 23.1665 -34.8417 -5.88765
Pb 23.0635 -23.0635 -5.98722
I 23.2669 -29.1583 -17.6536
I 29.136 -34.7564 -17.3982
I 35.4549 -28.9752 5.87223
I 28.8559 -24.3737 6.02539
I 22.0085 -28.9136 -6.0791
I 29.0156 -33.9675 -5.91639
I 35.4549 -28.9752 -5.87223
I 28.8559 -24.3737 -6.02539
I 23.2529 -23.2055 -11.9648
I 34.6134 -23.286 -11.8219
I 34.6117 -34.3983 0
I 23.1267 -34.2711 0
Cs 28.9168 -29.0007 11.9957
Cs 28.9604 -29.0245 22.7041
Cs 28.9172 -39.6028 11.3634
Cs 28.9875 -17.5081 22.812
Pb 23.1665 -34.8417 5.88765
Pb 23.0635 -23.0635 5.98722
Pb 23.31 -35.1274 17.7943
Pb 23.3039 -23.316 18.0064
I 22.0085 -28.9136 6.0791
I 29.0156 -33.9675 5.91639
I 23.2669 -29.1583 17.6536
I 29.136 -34.7564 17.3982
I 34.7254 -29.1876 17.5134
I 29.1545 -23.2727 17.7044
I 23.2529 -23.2055 11.9648
I 34.6134 -23.286 11.8219
I 34.3862 -34.5162 23.8724
I 23.341 -34.9838 23.8831
Cs 40.0771 -17.5367 -22.5573
Cs 39.9203 -5.86144 -22.8207
I 41.145 -11.5643 -17.6632
I 35.0444 -23.3052 -23.879
Cs 39.4756 -17.4355 -11.3538
Cs 39.1686 -17.2898 0
Cs 39.9483 -28.8081 -11.8033
Cs 40.0503 -5.36369 0
Pb 35.1194 -23.3517 -17.7974
Pb 35.0977 -11.6711 -17.8433
Pb 34.7262 -23.1395 -5.89646
Pb 34.7188 -11.5608 -5.90916
I 34.7492 -17.4982 -17.4556
I 41.1677 -23.372 -17.5705
I 40.7727 -12.3291 5.80027
I 33.5606 -17.3548 -6.04556
I 40.7714 -22.5448 -5.64989
I 40.7727 -12.3291 -5.80027
I 34.6018 -11.5555 -11.869
I 34.1801 -23.0539 0
Cs 39.4756 -17.4355 11.3538
Cs 40.0771 -17.5367 22.5573
Cs 39.9483 -28.8081 11.8033
Cs 39.9203 -5.86144 22.8207
Pb 34.7262 -23.1395 5.89646
Pb 34.7188 -11.5608 5.90916
Pb 35.1194 -23.3517 17.7974
Pb 35.0977 -11.6711 17.8433
I 33.5606 -17.3548 6.04556
I 40.7714 -22.5448 5.64989
I 34.7492 -17.4982 17.4556
I 41.1677 -23.372 17.5705
I 41.145 -11.5643 17.6632
I 34.6018 -11.5555 11.869
I 35.0444 -23.3052 23.879
Cs 29.1368 -40.0509 -22.5306
Cs 28.8132 -39.3371 0
Cs 29.1368 -40.0509 22.5306
Cs 39.9896 -29.2821 -22.6433
I 41.2045 -34.4681 -16.9912
Cs 39.713 -40.0099 -11.6659
Cs 39.4938 -39.9583 0
Cs 40.0059 -28.2868 0
Pb 35.1901 -35.2661 -17.8146
Pb 34.9894 -34.8687 -5.87165
I 34.2194 -41.2612 -16.8552
I 41.0946 -35.2307 5.8451
I 34.4314 -40.8992 -5.7868
I 41.0946 -35.2307 -5.8451
I 34.7071 -34.589 -11.753
Cs 39.713 -40.0099 11.6659
Cs 39.9896 -29.2821 22.6433
Pb 34.9894 -34.8687 5.87165
Pb 35.1901 -35.2661 17.8146
I 34.4314 -40.8992 5.7868
I 34.2194 -41.2612 16.8552
I 41.2045 -34.4681 16.9912
I 34.7071 -34.589 11.753
