0 -0.262327422853802 2.69846e-07
1 -0.262327422853779 1.57479e-07
2 -0.262215808904862 3.72007e-07
3 -0.26221580890484 1.4346e-07
4 -0.26127194880364 2.89112e-07
5 -0.261271948803631 2.57126e-07
6 -0.261254168420149 2.90573e-07
7 -0.261254168420137 1.29102e-07
8 -0.260655081188003 1.7493e-07
9 -0.260655081187993 1.94715e-07
10 -0.260604267510887 1.79781e-07
11 -0.260604267510878 1.63997e-07
12 -0.259464351015592 1.53598e-08
13 -0.259464351015587 7.69793e-08
14 -0.259422575067687 1.10196e-07
15 -0.25942257506768 1.13972e-07
16 -0.259018173194956 8.76829e-08
17 -0.259018173194947 6.02991e-08
18 -0.258774550530943 1.05958e-07
19 -0.258774550530935 6.87919e-08
20 -0.258307203940479 2.27212e-07
21 -0.258307203940475 1.23273e-07
22 -0.258213862340435 3.53628e-07
23 -0.258213862340429 5.1494e-07
24 -0.25821234588921 2.13482e-07
25 -0.258212345889195 1.1051e-07
26 -0.258097932734847 1.77568e-07
27 -0.25809793273484 1.77763e-07
28 -0.257592150578444 3.81729e-08
29 -0.257592150578431 6.44163e-08
30 -0.25679280783819 1.74732e-08
31 -0.256792807838184 6.42005e-08
32 -0.256377828671733 9.64267e-08
33 -0.256377828671723 9.22339e-08
34 -0.25622648649668 1.05433e-07
35 -0.256226486496661 7.14635e-08
36 -0.254589357202494 8.08482e-08
37 -0.254589357202488 7.74287e-08
38 -0.254574446495017 5.92544e-08
39 -0.25457444649501 1.17745e-07
40 -0.254250219808132 6.56962e-08
41 -0.254250219808125 9.38004e-08
42 -0.25388068849051 5.28151e-08
43 -0.253880688490504 6.28901e-08
44 -0.253499550624758 3.3939e-08
45 -0.253499550624748 1.29048e-08
46 -0.252882632208613 6.33299e-08
47 -0.252882632208597 9.81386e-08
48 -0.252809095954729 4.3444e-08
49 -0.25280909595472 5.51293e-08
50 -0.252006629270029 5.18873e-08
51 -0.252006629270016 3.66899e-08
52 -0.251558022112511 6.58017e-08
53 -0.251558022112496 3.07195e-08
54 -0.25140388935318 2.58096e-08
55 -0.251403889353169 1.11697e-07
56 -0.250771069588474 6.01839e-08
57 -0.250771069588463 7.7339e-08
58 -0.250754273001876 6.09856e-08
59 -0.250754273001863 6.33299e-08
60 -0.248929259939492 3.09446e-08
61 -0.248929259939488 5.35328e-08
62 -0.246818499818981 3.09446e-08
63 -0.246818499818957 4.97016e-08
64 -0.246753473413896 7.25237e-08
65 -0.246753473413869 8.4376e-08
66 -0.246085476627006 3.91599e-08
67 -0.246085476626971 5.56928e-08
68 -0.245894826920327 6.63792e-08
69 -0.2458948269203 4.39994e-08
70 -0.244657861408019 9.36153e-08
71 -0.24465786140799 8.05473e-08
72 -0.241513831670499 2.95686e-08
73 -0.241513831670465 8.85491e-08
74 -0.239929208729164 7.14149e-08
75 -0.239929208729145 3.50455e-08
76 -0.23958628110823 3.68785e-08
77 -0.239586281108195 7.85851e-08
78 -0.234645642331675 6.79802e-08
79 -0.234645642331459 6.96938e-09
80 -0.150360442850269 3.29536e-08
81 -0.150360442850058 4.75613e-08
82 -0.144313200773429 5.59104e-08
83 -0.144313200773423 2.39985e-08
84 -0.143976153546315 4.73053e-08
85 -0.143976153546297 1.54723e-08
86 -0.142758302794439 5.30118e-08
87 -0.142758302794418 3.96442e-08
88 -0.138136745988168 3.5537e-08
89 -0.13813674598816 1.14821e-08
90 -0.138081015497188 1.0861e-08
91 -0.138081015497185 1.0861e-08
92 -0.137309866713877 2.79397e-08
93 -0.137309866713871 4.56253e-09
94 -0.136706445544499 7.21399e-09
95 -0.136706445544494 3.73459e-08
96 -0.136023587352541 3.51443e-08
97 -0.136023587352537 1.82501e-08
98 -0.135770945238347 2.66039e-08
99 -0.135770945238345 2.61435e-08
100 -0.133786258020899 3.90712e-08
101 -0.133786258020898 5.40488e-08
102 -0.133730164343942 2.86751e-08
103 -0.133730164343935 4.93864e-08
104 -0.132725980998375 3.47472e-08
105 -0.13272598099837 1.53598e-08
106 -0.131025493876391 5.58794e-09
107 -0.131025493876387 2.85538e-08
108 -0.130976076765731 4.88212e-08
109 -0.130976076765727 2.1642e-08
110 -0.130972388843353 2.18017e-08
111 -0.130972388843349 4.06381e-08
112 -0.130505808347448 1.91771e-08
113 -0.130505808347446 4.57013e-08
114 -0.129658308570703 3.78534e-08
115 -0.129658308570701 2.21177e-08
116 -0.12949332711421 2.9392e-08
117 -0.129493327114205 2.26601e-08
118 -0.129144153770691 2.71205e-08
119 -0.12914415377069 4.26379e-08
120 -0.128918488961056 3.24229e-08
121 -0.128918488961048 8.53571e-09
122 -0.128017917097269 3.29536e-08
123 -0.128017917097264 2.85538e-08
124 -0.126226217682989 2.51974e-08
125 -0.126226217682987 9.49766e-09
126 -0.126140057414994 2.35608e-08
127 -0.126140057414993 2.19603e-08
128 -0.125354356098647 8.93293e-09
129 -0.125354356098642 1.38137e-08
130 -0.125036422011555 2.34871e-08
131 -0.125036422011551 2.32644e-08
132 -0.124623086698342 3.14451e-08
133 -0.124623086698339 2.50247e-08
134 -0.124555935852216 2.46053e-08
135 -0.124555935852211 1.76706e-08
136 -0.123503524098127 3.36309e-08
137 -0.12350352409812 3.45218e-08
138 -0.123185204853891 2.0825e-08
139 -0.123185204853889 3.03503e-08
