0 -0.249192593877496 3.55851e-06
1 -0.249034475269838 2.17991e-06
2 -0.248337484285087 6.02538e-06
3 -0.24833748424864 2.76691e-06
4 -0.248282843636326 5.29479e-06
5 -0.248282843569237 1.61105e-06
6 -0.247743749978453 3.09485e-06
7 -0.24774374996085 1.12066e-06
8 -0.247696685851703 2.06169e-06
9 -0.247696685843578 7.065e-07
10 -0.24736171848456 2.94254e-06
11 -0.247361718465323 7.66242e-07
12 -0.246521473845575 4.0284e-07
13 -0.246521473844947 2.29022e-07
14 -0.246173994723614 4.1967e-07
15 -0.246173994723189 1.79221e-07
16 -0.245060044761811 1.46357e-07
17 -0.245060044761732 2.63326e-07
18 -0.243134981194669 1.8632e-07
19 -0.243134981194635 1.69122e-07
20 -0.243115138634821 9.93682e-08
21 -0.243115138634613 1.78911e-07
22 -0.242459886794145 1.06806e-07
23 -0.242459886793932 1.79472e-07
24 -0.242260379018143 2.11244e-07
25 -0.242260379018051 1.2005e-07
26 -0.241318274560727 1.29048e-07
27 -0.241318274560474 1.88376e-07
28 -0.23855611723681 1.21487e-07
29 -0.23855611723659 1.78756e-07
30 -0.237472732279643 1.23722e-07
31 -0.237472732279423 1.6317e-07
32 -0.237230967490991 4.94917e-08
33 -0.237230967490776 1.16471e-07
34 -0.23324053791607 9.33927e-08
35 -0.233240537915667 1.90519e-07
36 -0.153145079864013 9.12886e-08
37 -0.153145079863513 1.29155e-07
38 -0.148323011982923 7.75406e-08
39 -0.148323011982732 1.00064e-07
40 -0.148103859568635 8.84315e-08
41 -0.148103859568533 9.23278e-08
42 -0.147118406432129 8.03964e-08
43 -0.147118406431956 6.01551e-08
44 -0.143143932214037 5.05323e-08
45 -0.14314393221398 3.11123e-08
46 -0.142817968659591 8.44992e-08
47 -0.142817968659556 5.88726e-08
48 -0.142512848520975 9.61565e-08
49 -0.142512848520916 7.2667e-08
50 -0.142053156899215 6.27797e-08
51 -0.142053156899143 3.39901e-08
52 -0.141766036732001 6.95692e-08
53 -0.141766036731943 6.6666e-08
54 -0.14115063738101 1.01953e-07
55 -0.141150637380909 1.14715e-07
56 -0.138354294228149 5.00643e-06
57 -0.138354294221509 4.01204e-07
58 -0.138286622383092 5.36924e-06
59 -0.138286622376339 3.64332e-07
60 -0.137374280464283 1.70138e-06
61 -0.137044200566462 1.42973e-06
62 -0.13688990005403 2.18786e-06
63 -0.136154328810931 3.59586e-06
