2023 
I -34.4501 41.4748 -34.8186
I -34.6156 34.7211 -41.8147
Cs -39.9318 40.2625 -29.6088
Cs -39.631 40.4033 -17.8794
Cs -40.2049 29.0075 -29.7796
I -41.4323 34.6882 -34.9342
I -34.5138 41.2692 -12.0542
I -41.3193 35.6285 -23.7008
I -34.6287 41.1641 -23.7425
I -34.9327 34.6944 -17.8835
Cs -39.4225 40.8175 -6.05994
Cs -39.4651 40.6495 5.85269
Cs -40.6314 28.9334 -6.18166
I -41.3812 36.0688 -11.7951
I -34.5079 41.2601 11.8237
I -41.4147 36.36 -0.190186
I -34.4556 41.2803 -0.0664636
I -35.0656 34.6884 5.85638
Cs -39.6408 40.6635 17.7497
Cs -40.0284 40.2051 29.5534
Cs -40.536 29.057 18.0575
I -41.4279 36.2572 11.831
I -34.4355 41.4037 34.7269
I -41.3971 35.6361 23.4642
I -34.7668 41.3274 23.6766
I -34.9639 34.8562 29.5325
Cs -40.0471 29.335 40.3974
I -41.3357 34.5527 34.8277
Cs -29.1727 39.8105 -29.3288
Cs -29.3526 39.7956 -6.04966
Cs -29.3036 39.8103 17.7205
Cs -29.2106 40.1293 40.31
Cs -40.2897 17.7322 -40.5114
Cs -40.2251 29.5007 -40.5883
I -34.9484 17.7098 -35.4282
I -41.3816 23.5742 -35.5446
I -35.2655 11.968 -41.858
Cs -39.6737 17.6574 -29.3189
Cs -39.5337 17.5811 -17.8678
Cs -40.0902 6.18751 -29.8815
Cs -40.3213 28.4924 -17.9752
I -41.3157 11.7745 -35.5775
I -34.0935 17.7561 -12.0764
I -41.2361 22.8835 -12.1866
I -40.9944 12.5747 -23.8693
I -33.7989 17.5996 -23.8875
I -41.0059 22.7697 -23.6278
I -34.8655 23.4991 -29.7589
I -34.7793 11.6787 -17.8914
Cs -39.8405 17.7859 -6.07545
Cs -39.6633 17.6903 5.82692
Cs -40.4097 6.90276 -5.99824
Cs -40.5295 28.406 5.869
I -41.0793 12.6531 -11.7368
I -34.0323 17.807 11.6933
I -41.2446 22.7238 11.61
I -41.1254 12.745 -0.411864
I -34.0671 17.8129 0.0736786
I -41.2843 22.7837 0.0456237
I -35.0841 23.6091 -6.04051
I -35.103 11.7084 5.86343
Cs -39.7929 17.7886 17.6364
Cs -39.8424 17.7404 29.1063
Cs -40.4288 6.80215 17.6638
Cs -40.1038 28.9395 29.5988
I -41.1138 12.6748 12.1057
I -34.9193 17.5623 35.0879
I -41.2771 23.4283 35.2697
I -41.1583 12.6742 23.2593
I -34.1298 17.7104 23.8315
I -41.2537 23.1735 23.718
I -35.0525 23.6025 17.7388
I -35.2706 11.6496 29.5497
Cs -40.172 17.5203 40.2731
Cs -39.9441 5.75222 40.5292
I -41.3306 11.484 35.5885
I -35.2585 23.3092 41.6237
Cs -29.2054 29.2254 -40.6596
Cs -29.3741 40.2729 -40.495
I -23.4821 29.3809 -35.6692
I -29.3671 34.9766 -35.3617
I -23.5715 23.5129 -41.9684
I -35.2417 23.5267 -41.813
Cs -29.1693 29.2927 -29.972
Cs -28.989 29.2008 -17.858
Cs -29.1951 17.6855 -30.1498
Cs -29.1075 39.7096 -17.8821
Pb -35.3368 23.5687 -35.7332
Pb -35.4254 35.4864 -35.7538
Pb -34.9473 23.4022 -23.813
Pb -35.219 35.1289 -23.7754
I -34.9603 29.4079 -35.4558
I -29.3703 23.5103 -35.6083
I -22.5953 29.3654 -12.1642
I -29.4155 34.3564 -12.0173
I -35.7854 29.2471 -23.8238
I -29.1226 24.756 -24.0472
I -22.2062 29.197 -23.8576
I -29.2509 34.2101 -23.8
I -34.9458 34.8178 -29.6823
I -23.4077 34.8515 -29.7624
I -23.7374 23.3085 -17.947
I -34.4618 23.429 -17.9141
Cs -29.4308 29.4811 -6.09524
Cs -28.9941 29.2775 5.84328
Cs -29.5669 18.2591 -6.03273
Cs -29.2622 39.7846 5.85931
Pb -35.2351 23.5313 -12.0098
Pb -35.3621 35.2529 -11.9727
Pb -35.2846 23.5872 -0.0582546
Pb -35.4303 35.2598 -0.0745384
I -35.946 29.366 -11.9666
I -29.3424 24.6067 -11.7356
I -22.4874 29.3815 11.522
I -29.4676 34.2388 11.7641
I -36.2408 29.4023 -0.164656
I -29.4198 24.7868 -0.358254
I -22.5992 29.4045 0.232935
I -29.4875 34.2895 -0.0348031
I -35.0684 34.8343 -6.03188
I -23.7336 34.7502 -6.02093
I -24.1114 23.2693 5.88829
I -34.5588 23.6159 5.86061
Cs -29.4382 29.4616 17.9015
Cs -29.1124 29.2191 29.5189
Cs -29.5285 18.2415 17.8402
Cs -29.18 40.005 29.1468
Pb -35.244 23.5908 11.7625
Pb -35.4135 35.2383 11.771
Pb -35.2215 23.5065 23.6643
Pb -35.3403 35.3041 23.6393
I -36.2733 29.3915 11.9257
I -29.3832 24.8403 12.1085
I -23.3844 29.3146 35.0493
I -29.2443 34.9458 35.0635
I -35.5824 29.3813 23.6616
I -29.2934 24.4096 23.4625
I -22.6913 29.3501 24.0579
I -29.3773 34.5363 23.6817
I -35.0435 34.8702 17.7234
I -23.6875 34.6961 17.7236
I -23.869 23.2162 29.6254
I -34.7041 23.4997 29.5712
Cs -28.9245 29.2046 40.3375
Cs -29.1762 17.39 40.4339
Pb -35.2313 23.4417 35.545
Pb -35.3065 35.3848 35.6025
I -34.7988 29.3074 35.2309
I -29.2961 23.3245 35.6045
I -34.4167 34.5656 41.6295
I -23.3718 34.9987 41.5504
Cs -17.6929 40.1278 -40.7537
I -12.009 41.3707 -35.6454
I -11.7433 35.1793 -41.7921
I -23.5698 35.2022 -41.8384
Cs -17.7289 40.1801 -29.9327
Cs -16.912 40.2262 -17.857
Cs -17.7648 29.1403 -30.113
Pb -23.5356 35.3472 -35.7427
Pb -23.3863 35.1221 -23.8147
I -23.3767 41.3805 -35.5871
I -17.6843 34.9055 -35.5507
I -11.1066 41.0742 -12.3762
I -24.1271 41.1953 -23.8111
I -17.5804 35.9301 -23.8644
I -10.9555 40.8944 -23.4207
I -11.853 34.2014 -17.8758
I -23.3022 34.8768 -17.9098
Cs -18.3017 40.5267 -6.0348
Cs -17.0693 40.2436 5.85069
Cs -18.0716 29.6825 -5.99249
Pb -23.5857 35.3122 -11.9834
Pb -23.6547 35.3347 -0.0667149
I -24.3395 41.3077 -11.7136
I -17.7639 35.8863 -11.842
I -11.1641 41.0997 11.4583
I -24.4412 41.3279 -0.348103
I -17.8167 35.9214 -0.222294
I -11.1984 41.1291 0.277442
I -12.0679 34.3229 5.85447
I -23.3805 35.148 5.86169
Cs -18.0547 40.4902 17.8472
Cs -17.2988 40.1168 29.6094
Cs -18.0116 29.6457 17.8178
Pb -23.6291 35.3031 11.7794
Pb -23.5396 35.3135 23.6244
I -24.4368 41.3053 12.0271
I -17.7979 35.9738 11.9643
I -11.6929 41.2478 35.2358
I -24.0778 41.3478 23.3035
I -17.7054 35.6986 23.5662
I -11.3858 41.169 23.8024
I -11.8413 34.602 29.5493
I -23.3007 35.2742 29.5376
Cs -17.4561 40.0392 40.4687
Cs -17.669 28.9274 40.3266
Pb -23.3893 35.2925 35.4887
I -23.1955 41.3586 35.5042
I -17.523 34.8088 35.2763
Cs -5.94015 39.5868 -29.1352
Cs -6.17487 39.7606 -6.06814
Cs -6.17249 39.7342 17.5268
Cs -5.69875 40.1924 40.1346
Cs -40.2378 -5.67313 -40.2355
Cs -40.0669 6.02137 -40.707
I -34.8571 -5.63346 -35.1901
I -41.3126 0.398016 -35.5715
I -35.2676 -11.4477 -41.5897
Cs -39.5061 -5.71646 -28.9774
Cs -39.1608 -5.67957 -17.7058
Cs -39.9292 -17.0803 -29.438
Cs -40.0084 5.42964 -17.7166
I -41.2042 -11.5443 -35.1742
I -33.7517 -5.43323 -11.9625
I -40.8982 -0.5042 -12.3172
I -40.7147 -10.8805 -23.5265
I -33.5117 -5.60172 -23.7238
I -40.7843 -0.672061 -23.2894
I -34.938 0.291608 -29.6566
I -34.3923 -11.497 -17.7135
Cs -39.5694 -5.54726 -6.00493
Cs -39.253 -5.59021 5.8436
Cs -39.8456 -16.4957 -5.93671
Cs -39.9938 5.4571 5.85462
I -40.6645 -10.8925 -11.708
I -33.7278 -5.43589 11.6207
I -40.9065 -0.488918 11.3913
I -40.6864 -10.7431 -0.330154
I -33.7038 -5.41429 0.140883
I -40.9156 -0.494065 0.345769
I -35.0155 0.391704 -5.97139
I -34.6275 -11.5221 5.87312
Cs -39.5493 -5.52617 17.4855
Cs -39.5478 -5.72653 29.054
Cs -40.0257 -16.4935 17.4888
Cs -40.0467 5.59731 29.6183
I -40.697 -10.8013 11.9556
I -34.715 -5.84022 35.0384
I -41.1566 0.0222931 35.2803
I -40.7983 -10.6913 23.1435
I -33.7333 -5.53091 23.7973
I -41.0469 -0.447005 23.8268
I -34.9599 0.373565 17.693
I -34.8923 -11.7092 29.4601
Cs -40.0741 -5.95842 40.1355
Cs -39.8746 -17.62 40.3398
I -41.1411 -11.8857 35.322
I -35.1741 -0.207129 41.6069
Cs -29.0568 5.9207 -40.7094
Cs -29.1545 17.7438 -40.7308
I -23.3878 6.0216 -35.6506
I -29.3272 11.8801 -35.8116
I -23.7027 0.0662897 -41.8985
I -35.1208 0.0526969 -41.7049
Cs -29.0872 6.15529 -30.0688
Cs -28.7114 5.8933 -17.8086
Cs -29.0453 -5.50933 -29.9966
Cs -29.0392 17.3628 -17.8187
Pb -35.2585 0.199672 -35.6174
Pb -35.2797 11.8716 -35.7521
Pb -34.7515 0.199071 -23.6898
Pb -34.9358 11.7795 -23.8047
I -34.8256 6.03764 -35.5197
I -29.2798 0.206746 -35.4263
I -22.0034 6.27023 -12.4384
I -29.1386 10.8926 -12.2481
I -35.8309 5.97879 -23.8391
I -28.9272 1.59841 -24.1728
I -21.7914 6.04783 -23.711
I -29.0409 10.486 -23.7416
I -34.6907 11.8239 -29.774
I -23.611 11.7331 -29.8652
I -23.659 0.0721309 -17.8598
I -34.0342 0.261349 -17.803
Cs -29.6067 6.49941 -5.95905
Cs -28.68 5.85424 5.86076
Cs -29.2745 -4.68244 -5.94022
Cs -29.1031 17.2876 5.87104
Pb -34.9205 0.343439 -11.919
Pb -35.0726 11.9549 -11.9565
Pb -34.9422 0.356865 -0.0231813
Pb -35.1255 12.0058 -0.0597003
I -35.6641 6.14528 -11.6801
I -28.9786 1.45602 -11.4346
I -22.0748 6.25768 11.2945
I -29.1759 10.8864 11.3724
I -35.7092 6.17262 -0.289835
I -28.9982 1.47174 -0.518855
I -22.0839 6.29704 0.568299
I -29.1902 10.9288 0.386659
I -34.5255 12.2731 -6.00147
I -23.9546 11.777 -5.97938
I -23.7816 -0.0244342 5.89559
I -34.0979 0.415394 5.85982
Cs -29.591 6.41827 17.7346
Cs -28.944 5.7731 29.7445
Cs -29.2755 -4.73157 17.7153
Cs -29.0804 17.4535 29.6954
Pb -34.9291 0.344531 11.7316
Pb -35.1032 11.9931 11.7756
Pb -35.0191 0.253773 23.6123
Pb -35.1355 11.899 23.6214
I -35.6935 6.15511 12.0021
I -28.998 1.44494 12.2418
I -23.2769 5.89474 35.051
I -29.2832 11.7256 35.1196
I -35.8067 6.07997 23.4615
I -29.0803 1.45149 23.3549
I -22.0168 6.10781 24.2422
I -29.2311 10.7772 24.1392
I -34.4843 12.2259 17.7196
I -23.9591 11.6835 17.7683
I -23.7403 -0.176368 29.6362
I -34.5153 0.196492 29.5374
Cs -28.886 5.96549 40.3689
Cs -29.0513 -5.97539 40.4608
Pb -35.1138 -0.00335993 35.5051
Pb -35.2619 11.7029 35.4991
I -34.7475 5.85228 35.3044
I -29.1812 0.000300467 35.6533
I -35.0087 11.7693 41.5715
I -23.6985 11.5966 41.698
Cs -17.689 17.5508 -40.7574
Cs -17.6302 29.1462 -40.728
I -11.7872 17.6476 -35.8426
I -17.6739 23.4492 -35.6799
I -12.0006 11.6483 -41.9383
I -23.4099 11.9099 -41.9534
Cs -17.6382 17.7628 -30.2668
Cs -16.9488 17.3477 -17.9192
Cs -17.733 6.11168 -30.1797
Cs -17.5836 28.9315 -17.8413
Pb -23.4645 11.8571 -35.9118
Pb -23.5216 23.5307 -35.9214
Pb -23.2213 11.853 -23.8676
Pb -23.3381 23.3304 -23.8907
I -23.4882 17.6901 -35.5463
I -17.6294 11.8874 -35.4303
I -10.5692 17.6103 -12.5493
I -17.7887 22.2519 -12.3656
I -24.8909 17.6007 -24.1309
I -17.4681 13.2906 -24.3317
I -10.2878 17.4908 -23.5896
I -17.583 21.891 -23.8533
I -23.3852 23.5575 -29.8824
I -11.9144 23.1981 -29.8779
I -12.3283 11.2861 -17.9179
I -22.9963 12.3987 -17.9253
Cs -18.6691 18.2047 -5.96249
Cs -16.8188 17.3327 5.89925
Cs -18.0256 7.20615 -5.95823
Cs -17.5714 28.9028 5.83708
Pb -23.3309 12.019 -11.9775
Pb -23.5311 23.5452 -11.9986
Pb -23.3801 12.059 0.00319742
Pb -23.6186 23.5914 -0.0183511
I -24.6902 17.7773 -11.5461
I -17.5594 13.274 -11.3641
I -10.6353 17.6078 11.2163
I -17.8224 22.2521 11.3865
I -24.7549 17.8193 -0.500619
I -17.5817 13.2318 -0.633421
I -10.6575 17.63 0.637669
I -17.85 22.3301 0.472876
I -23.422 24.0462 -6.00289
I -12.6906 23.0499 -5.97955
I -12.4505 11.1897 5.91022
I -22.9103 12.715 5.8982
Cs -18.531 18.1431 17.837
Cs -17.4172 17.3055 29.9087
Cs -18.0192 7.03405 17.7954
Cs -17.4778 29.0614 29.6183
Pb -23.3723 12.0363 11.7856
Pb -23.5879 23.574 11.7871
Pb -23.3952 11.8584 23.7168
Pb -23.4406 23.4806 23.7202
I -24.7651 17.8 12.2924
I -17.5819 13.2063 12.4455
I -11.6403 17.553 35.0437
I -17.5698 23.3672 34.9547
I -24.6284 17.6755 23.3867
I -17.5897 13.2135 23.3166
I -10.4444 17.6067 24.3176
I -17.681 22.2589 24.2794
I -23.323 24.0143 17.7761
I -12.5823 23.0515 17.7854
I -12.1653 11.3919 29.6761
I -23.1503 12.155 29.647
Cs -17.3826 17.6821 40.412
Cs -17.6243 5.71829 40.5002
Pb -23.416 11.7312 35.6622
Pb -23.4184 23.4536 35.6142
I -23.3485 17.5936 35.5526
I -17.5581 11.71 35.6559
I -23.2476 23.6257 41.6541
I -12.0137 23.2557 41.6723
Cs -6.05967 29.1468 -40.6622
Cs -5.99011 40.2712 -40.3886
I -0.193614 29.2671 -35.7525
I -6.00973 34.9172 -35.3154
I -0.151492 23.3309 -41.8771
I -11.8027 23.7355 -41.9771
Cs -6.08169 29.1213 -30.1028
Cs -5.69947 28.8454 -17.746
Cs -6.18568 17.6758 -30.1829
Cs -5.91566 39.3025 -17.8066
Pb -11.8353 23.4942 -35.9345
Pb -11.8459 35.319 -35.7024
Pb -11.7615 23.2629 -23.8659
Pb -11.7915 34.8492 -23.7716
I -11.8552 29.3461 -35.5299
I -6.00646 23.4549 -35.5078
I 0.676186 28.9017 -12.2382
I -6.18969 33.8856 -12.0381
I -13.2484 29.0385 -24.1942
I -6.00842 24.7654 -24.1277
I 1.13884 28.8781 -23.6225
I -5.98934 33.6311 -23.8304
I -11.9126 34.9728 -29.7371
I -0.151762 34.5741 -29.6732
I -0.866307 22.7287 -17.863
I -11.7126 23.8253 -17.9181
Cs -6.97753 29.4771 -5.96434
Cs -5.63957 28.892 5.87966
Cs -6.65843 18.5506 -5.9551
Cs -6.08076 39.4762 5.83177
Pb -11.9972 23.351 -11.9637
Pb -11.9548 35.1021 -11.9819
Pb -12.0341 23.3867 -0.0139443
Pb -11.992 35.1495 -0.0433692
I -13.0971 29.1827 -11.5116
I -6.22533 24.5245 -11.3814
I 0.651017 28.965 11.3088
I -6.21236 33.918 11.6258
I -13.1098 29.2218 -0.50444
I -6.24438 24.5245 -0.577867
I 0.6539 28.9586 0.465701
I -6.22867 33.8972 0.133541
I -12.1051 35.1888 -6.01404
I -0.752389 34.2834 -5.96082
I -1.14904 22.6514 5.90498
I -11.6236 24.0254 5.89754
Cs -6.87279 29.4576 17.7346
Cs -5.66236 28.985 29.6861
Cs -6.55716 18.4376 17.7861
Cs -6.00351 39.6998 29.0434
Pb -12.0095 23.3701 11.8029
Pb -11.9939 35.1106 11.7341
Pb -11.8637 23.3381 23.7268
Pb -11.8601 35.1276 23.6318
I -13.132 29.1995 12.2382
I -6.21335 24.4982 12.375
I 0.0230301 29.204 35.1183
I -5.80894 34.8409 35.0348
I -12.9644 29.1872 23.3449
I -6.05914 24.632 23.2828
I 0.930611 29.0808 24.1337
I -6.08311 33.9168 23.8166
I -12.0417 35.106 17.7084
I -0.677966 34.2904 17.6797
I -0.499432 23.0382 29.6466
I -11.4092 23.8948 29.6341
Cs -5.64391 29.1689 40.456
Cs -5.98473 17.3363 40.4727
Pb -11.7269 23.4001 35.6338
Pb -11.6592 35.2028 35.5168
I -11.6447 29.2768 35.6996
I -5.87091 23.3241 35.6338
I -11.4615 35.3279 41.6105
I -0.00912549 35.0079 41.5135
Cs 5.71072 40.0288 -40.5503
I 11.3468 41.2391 -35.4169
I 11.645 35.0497 -41.5836
I -0.24656 35.2546 -41.7495
Cs 5.49635 39.9955 -29.7127
Cs 5.95727 39.8103 -17.5807
Cs 5.50202 29.0137 -29.9457
Pb -0.17088 35.2179 -35.6448
Pb -0.170302 34.7678 -23.7142
I -0.0488627 41.2546 -35.429
I 5.66047 34.7579 -35.3919
I 12.0195 40.7402 -12.2096
I -0.819335 40.8451 -23.7013
I 5.63806 35.637 -23.7444
I 12.2369 40.6902 -23.2193
I 11.3302 33.8992 -17.7068
I -0.049834 34.5648 -17.8135
Cs 4.67798 40.1862 -5.97329
Cs 6.07377 39.7538 5.86772
Cs 5.08 29.4204 -5.92592
Pb -0.386304 34.8294 -11.8882
Pb -0.421133 34.898 -0.0459128
I -0.922608 40.8534 -11.7344
I 5.44049 35.357 -11.5841
I 12.0437 40.7295 11.3876
I -1.06643 40.9143 -0.406082
I 5.42044 35.4483 -0.29315
I 12.0683 40.7153 0.379654
I 11.2039 33.8645 5.8714
I -0.0847864 34.9278 5.86133
Cs 4.7781 40.2633 17.5618
Cs 6.13156 39.9133 29.5236
Cs 5.18547 29.4523 17.678
Pb -0.39573 34.9042 11.7568
Pb -0.270403 34.9639 23.5641
I -0.948106 40.933 12.0414
I 5.45292 35.3942 12.0129
I 11.7477 41.0507 35.1765
I -1.02254 40.9891 23.1556
I 5.562 35.6731 23.3699
I 12.1499 40.8924 23.8228
I 11.531 34.3569 29.4845
I 0.0770045 35.1334 29.4909
Cs 6.01026 39.9093 40.4241
Cs 5.78787 28.831 40.3436
Pb 0.0437547 35.1861 35.4403
I 0.312088 41.2573 35.4414
I 5.88448 34.6653 35.2436
Cs 17.3531 39.4894 -28.8633
Cs 17.1539 39.4084 -5.89304
Cs 17.2017 39.4248 17.4804
Cs 17.6785 39.9793 40.1248
Cs -40.138 -28.9797 -39.9961
Cs -40.0858 -17.3527 -40.2837
I -34.8125 -28.9739 -34.8902
I -41.2329 -22.9793 -35.1281
I -34.6064 -34.2109 -41.365
Cs -39.6285 -28.7713 -28.7683
Cs -39.1599 -28.6554 -17.5141
Cs -40.0259 -39.549 -29.1197
Cs -39.7461 -17.2714 -17.4337
I -41.3094 -34.0408 -34.284
I -33.9331 -28.77 -11.7228
I -40.7196 -23.4496 -11.997
I -40.799 -34.2974 -23.2126
I -33.8628 -28.8779 -23.4281
I -40.7937 -23.625 -23.1012
I -34.8218 -22.9776 -29.3709
I -34.2613 -34.4987 -17.5354
Cs -39.3976 -28.5999 -5.81815
Cs -39.0682 -28.5987 5.8717
Cs -39.8787 -39.0763 -5.81384
Cs -39.6134 -17.4682 5.87476
I -40.6955 -34.137 -11.6951
I -33.8616 -28.7743 11.6832
I -40.6628 -23.5141 11.4696
I -40.6471 -34.0688 0.0483978
I -33.8078 -28.7437 0.0404817
I -40.6554 -23.5375 0.326382
I -34.6434 -22.8581 -5.86356
I -34.1797 -34.4563 5.859
Cs -39.384 -28.6381 17.5174
Cs -39.4439 -28.8671 29.0086
Cs -39.8659 -39.2181 17.4615
Cs -39.8277 -17.6339 29.4227
I -40.6694 -34.1294 11.658
I -34.5845 -29.1821 34.9758
I -41.0114 -23.2952 35.0917
I -40.7901 -34.3089 23.3474
I -33.9132 -28.8561 23.4957
I -40.8279 -23.6537 23.6121
I -34.5066 -22.9545 17.6261
I -34.4484 -34.6814 29.286
Cs -39.9161 -29.2585 40.0737
I -41.0895 -34.2912 34.369
I -34.911 -23.4373 41.4625
Cs -29.0219 -17.4591 -40.446
Cs -29.1003 -5.60612 -40.5458
I -23.3128 -17.3176 -35.4224
I -29.2186 -11.4604 -35.6393
I -23.5539 -23.3285 -41.6322
I -35.0268 -23.1955 -41.4024
Cs -28.9701 -17.1702 -29.7345
Cs -28.6159 -17.3893 -17.574
Cs -29.0321 -28.7331 -29.5317
Cs -28.6588 -5.88334 -17.653
Pb -35.1837 -23.1467 -35.326
Pb -35.1676 -11.4712 -35.4923
Pb -34.7288 -23.0309 -23.4485
Pb -34.6211 -11.4118 -23.5955
I -34.7521 -17.2987 -35.1924
I -29.1987 -23.1034 -35.0994
I -21.8029 -16.9252 -12.2925
I -28.6866 -12.193 -12.1834
I -35.4356 -17.2289 -23.5413
I -28.8157 -21.9288 -23.8844
I -21.6028 -17.1295 -23.4765
I -28.7316 -12.7304 -23.4604
I -34.4633 -11.4716 -29.5281
I -23.4972 -11.5785 -29.6746
I -23.3687 -23.0906 -17.6981
I -33.9608 -22.966 -17.5923
Cs -29.0976 -16.8033 -5.90661
Cs -28.4192 -17.3875 5.85555
Cs -28.8484 -28.3189 -5.89311
Cs -28.6602 -5.95547 5.87964
Pb -34.6876 -22.9224 -11.7435
Pb -34.6296 -11.2383 -11.8074
Pb -34.6236 -22.8957 0.0222723
Pb -34.6548 -11.2189 -0.0211649
I -35.0153 -17.0865 -11.6124
I -28.687 -22.1153 -11.3189
I -21.7356 -16.9408 11.2812
I -28.7097 -12.2711 11.3121
I -35.1295 -17.0703 -0.184547
I -28.6452 -21.9951 -0.449626
I -21.7447 -16.9045 0.555385
I -28.7042 -12.2279 0.452002
I -34.0584 -10.9714 -5.91411
I -23.4933 -11.5393 -5.91184
I -23.3013 -23.1312 5.88331
I -33.8524 -22.8806 5.87087
Cs -29.1504 -16.9211 17.6405
Cs -28.7382 -17.5129 29.7082
Cs -28.8678 -28.4684 17.5672
Cs -28.8438 -5.95574 29.6971
Pb -34.6296 -22.9248 11.7266
Pb -34.6497 -11.2513 11.7625
Pb -34.7538 -22.9965 23.5025
Pb -34.7581 -11.3474 23.5347
I -35.1215 -17.1028 11.9456
I -28.6547 -22.0363 12.1179
I -23.1191 -17.4636 35.0901
I -29.0984 -11.6737 35.1525
I -35.4853 -17.1801 23.3308
I -28.7974 -21.888 23.4035
I -21.7096 -17.1027 24.1156
I -28.8828 -12.583 24.0712
I -34.0567 -11.0049 17.6624
I -23.5469 -11.6132 17.7395
I -23.2688 -23.3926 29.5682
I -34.38 -23.131 29.4013
Cs -28.8197 -17.4764 40.3128
Cs -28.9002 -29.0408 40.3175
Pb -34.9773 -23.361 35.3712
Pb -35.0762 -11.6812 35.4146
I -34.6122 -17.5134 35.1814
I -29.0198 -23.296 35.3521
I -34.9327 -11.6617 41.4891
I -23.536 -11.8796 41.7027
Cs -17.587 -5.85985 -40.6441
Cs -17.4851 6.06107 -40.6858
I -11.6726 -5.69802 -35.7474
I -17.5797 0.12935 -35.7937
I -11.9562 -11.8504 -41.7683
I -23.2693 -11.5319 -41.7556
Cs -17.6312 -5.41027 -30.089
Cs -16.3313 -6.01353 -17.8341
Cs -17.6213 -17.1503 -29.9737
Cs -17.1096 5.20899 -17.9313
Pb -23.3491 -11.4781 -35.7179
Pb -23.4252 0.183831 -35.8583
Pb -22.9422 -11.2983 -23.6968
Pb -23.1286 0.206523 -23.8043
I -23.4014 -5.64439 -35.3827
I -17.5078 -11.4319 -35.1863
I -10.1664 -5.52333 -12.5597
I -17.3817 -0.964957 -12.5527
I -24.6058 -5.56566 -24.0851
I -17.1739 -9.97596 -24.2554
I -10.0841 -5.70645 -23.3323
I -17.3479 -1.25395 -23.4553
I -23.0681 0.34545 -29.8053
I -11.9843 -0.220529 -29.7827
I -11.8524 -12.0742 -17.801
I -22.4904 -10.671 -17.7851
Cs -18.3186 -4.89915 -5.94055
Cs -16.2386 -5.98975 5.91808
Cs -17.6094 -16.1603 -5.90392
Cs -17.0699 5.13764 5.91698
Pb -22.8812 -11.0861 -11.8631
Pb -23.1252 0.476315 -11.9156
Pb -22.891 -11.0819 0.0291112
Pb -23.1431 0.479987 -0.0135966
I -24.2465 -5.32419 -11.2987
I -17.0858 -9.98643 -11.2119
I -10.1746 -5.55434 11.2218
I -17.3844 -0.948378 11.2029
I -24.2592 -5.32529 -0.604303
I -17.0761 -9.98704 -0.683034
I -10.1568 -5.51645 0.683397
I -17.3828 -0.921907 0.665301
I -22.7508 1.19665 -5.95799
I -12.2888 -0.253439 -5.96766
I -11.8759 -12.0597 5.92569
I -22.3831 -10.418 5.90689
Cs -18.2869 -5.01951 17.7803
Cs -17.1923 -6.00417 29.9684
Cs -17.6246 -16.2856 17.7491
Cs -17.2316 5.67547 29.9533
Pb -22.9069 -11.1309 11.7846
Pb -23.1471 0.434031 11.8018
Pb -23.0858 -11.3076 23.6834
Pb -23.2257 0.312064 23.7153
I -24.2648 -5.3734 12.3932
I -17.0989 -10.0362 12.4753
I -11.476 -5.82287 35.1506
I -17.4638 -0.0570017 35.1121
I -24.5041 -5.5177 23.3062
I -17.2867 -9.96672 23.2795
I -10.1589 -5.57632 24.3232
I -17.4925 -1.1746 24.3229
I -22.8748 1.02115 17.7767
I -12.2812 -0.252541 17.8098
I -11.9139 -11.8827 29.695
I -22.9169 -11.196 29.6392
Cs -17.2815 -5.71221 40.4865
Cs -17.4953 -17.5652 40.5337
Pb -23.2406 -11.6353 35.6642
Pb -23.3064 0.0563706 35.6525
I -23.2431 -5.79207 35.5877
I -17.3891 -11.6407 35.6501
I -23.2246 0.257808 41.6944
I -11.9142 -0.199876 41.7701
Cs -6.01487 5.79349 -40.6622
Cs -5.80938 17.624 -40.734
I -0.0546055 5.89351 -35.781
I -5.96424 11.7359 -35.7963
I -0.257398 -0.167685 -41.8285
I -11.5727 0.299973 -41.8686
Cs -6.13502 6.16746 -30.0892
Cs -4.88279 5.35961 -17.9247
Cs -6.07587 -5.47305 -30.0276
Cs -5.58834 16.5642 -17.907
Pb -11.7262 0.146066 -35.8364
Pb -11.7992 11.7969 -35.9052
Pb -11.5065 0.110706 -23.8234
Pb -11.714 11.6611 -23.8646
I -11.8569 5.97312 -35.3196
I -5.90124 0.215584 -35.2309
I 1.21771 5.80386 -12.5632
I -6.04994 10.3432 -12.6053
I -13.0826 5.87614 -24.3854
I -5.71325 1.42425 -24.3852
I 1.36047 5.7333 -23.3863
I -5.90109 10.2213 -23.4417
I -11.4763 12.0573 -29.8477
I -0.428981 11.3164 -29.7878
I -0.429045 -0.683144 -17.858
I -11.0123 0.723926 -17.8864
Cs -7.01264 6.45005 -5.97775
Cs -4.84492 5.36609 5.93816
Cs -6.21163 -4.57197 -5.95674
Cs -5.60642 16.507 5.91299
Pb -11.5893 0.260467 -11.9293
Pb -11.7992 11.8176 -11.9606
Pb -11.5765 0.253189 -0.0134511
Pb -11.8129 11.8208 -0.0206264
I -13.0593 6.02687 -11.3014
I -5.77941 1.44612 -11.2786
I 1.19827 5.79804 11.2389
I -6.04117 10.406 11.2066
I -13.0226 6.01965 -0.68126
I -5.76886 1.44735 -0.685676
I 1.2042 5.80033 0.678183
I -6.0617 10.3911 0.671909
I -11.3416 12.5319 -5.98269
I -0.975961 11.0326 -5.9654
I -0.518229 -0.70669 5.95094
I -10.9235 0.833286 5.92556
Cs -6.89903 6.41152 17.8262
Cs -5.59161 5.57016 30.0278
Cs -6.22703 -4.70893 17.8667
Cs -5.6291 17.3134 29.9817
Pb -11.5741 0.223662 11.857
Pb -11.8115 11.7967 11.8329
Pb -11.712 0.188222 23.7624
Pb -11.7738 11.824 23.7442
I -13.0026 5.99678 12.4987
I -5.77279 1.40973 12.5196
I 0.145067 5.78392 35.1805
I -5.85447 11.5629 35.13
I -13.1503 6.00081 23.2911
I -5.87766 1.52185 23.3289
I 1.30183 5.90523 24.3603
I -6.03191 10.2914 24.3172
I -11.3779 12.4644 17.7971
I -0.882954 11.1704 17.8181
I -0.374708 -0.320959 29.7543
I -11.3158 0.502197 29.7086
Cs -5.67806 5.94446 40.5639
Cs -5.88907 -5.97001 40.6048
Pb -11.6233 0.00710159 35.7406
Pb -11.691 11.7114 35.702
I -11.6813 5.86019 35.7328
I -5.77695 0.013761 35.7523
I -11.5727 12.0237 41.7299
I -0.256243 11.494 41.7692
Cs 5.61366 17.4385 -40.5794
Cs 5.79438 28.9988 -40.6063
I 11.5405 17.507 -35.6824
I 5.65949 23.3289 -35.5533
I 11.4378 11.5063 -41.7734
I 0.0963232 11.9855 -41.8648
Cs 5.50447 17.6651 -30.0854
Cs 6.39429 16.9286 -17.8493
Cs 5.45897 6.03711 -30.0504
Cs 5.75061 28.5366 -17.7097
Pb -0.120657 11.7317 -35.8334
Pb -0.175629 23.3997 -35.837
Pb -0.0437377 11.551 -23.823
Pb -0.266351 23.0781 -23.7954
I -0.223893 17.5641 -35.3141
I 5.70573 11.791 -35.2239
I 12.5397 17.1721 -12.4846
I 5.32765 21.8655 -12.3967
I -1.62463 17.3149 -24.3259
I 5.73543 12.9522 -24.3529
I 12.8731 17.2068 -23.3716
I 5.55633 21.6738 -23.5785
I -0.0760728 23.5528 -29.7885
I 11.2876 22.9659 -29.7003
I 10.8604 10.8258 -17.8249
I 0.444333 12.046 -17.8702
Cs 4.44141 17.8189 -5.92798
Cs 6.42176 16.8353 5.93174
Cs 5.12551 6.74009 -5.9527
Cs 5.77803 28.4268 5.88727
Pb -0.25115 11.5547 -11.9172
Pb -0.471755 23.1055 -11.9192
Pb -0.252838 11.5529 -0.0199801
Pb -0.482067 23.148 0.014464
I -1.65956 17.3212 -11.2943
I 5.54559 12.8139 -11.2357
I 12.5429 17.1419 11.1859
I 5.36193 21.9233 11.2581
I -1.62702 17.3348 -0.658345
I 5.54565 12.7787 -0.685258
I 12.5009 17.1473 0.680026
I 5.31019 21.8972 0.614509
I -0.0947112 23.7323 -5.9433
I 10.4975 22.45 -5.91519
I 10.6814 10.6656 5.9355
I 0.44891 12.1219 5.92146
Cs 4.60313 17.8337 17.7963
Cs 5.96927 17.1111 29.949
Cs 5.16614 6.71533 17.8584
Cs 5.92843 28.8195 29.7084
Pb -0.225102 11.5614 11.8588
Pb -0.44065 23.1558 11.7895
Pb -0.251944 11.6501 23.7607
Pb -0.260416 23.2659 23.7002
I -1.56341 17.3528 12.4485
I 5.56868 12.7884 12.5247
I 11.7383 17.3769 35.0988
I 5.81458 23.1852 35.034
I -1.61966 17.4669 23.2962
I 5.59884 12.991 23.3219
I 12.8301 17.3224 24.2907
I 5.51944 21.874 24.2248
I 0.0113743 23.7792 17.751
I 10.6854 22.5626 17.7581
I 11.188 11.1901 29.7103
I 0.23086 12.0592 29.6978
Cs 5.98093 17.5649 40.5071
Cs 5.74144 5.63044 40.5904
Pb -0.0187348 11.6167 35.7379
Pb -0.0166712 23.3376 35.6641
I -0.0202617 17.4815 35.6809
I 5.83034 11.6165 35.7311
I 0.194714 23.6435 41.7031
I 11.5477 23.1359 41.6509
Cs 17.3103 29.0485 -40.3978
Cs 17.3925 40.1569 -40.1539
I 23.108 29.1774 -35.4144
I 17.3292 34.8099 -35.0782
I 23.1777 23.2491 -41.6328
I 11.6809 23.6252 -41.7811
Cs 17.1773 28.9812 -29.8494
Cs 17.4519 28.5283 -17.5686
Cs 17.0798 17.5606 -29.9556
Cs 17.1978 39.0484 -17.6109
Pb 11.498 23.3536 -35.7444
Pb 11.497 35.1858 -35.4978
Pb 11.3892 22.9838 -23.7144
Pb 11.4103 34.6491 -23.583
I 11.4912 29.2067 -35.3037
I 17.3282 23.3291 -35.2357
I 23.7671 28.6044 -12.0403
I 17.048 33.6574 -11.8615
I 10.0854 28.8009 -24.0585
I 17.1723 24.4251 -23.9925
I 24.1775 28.6972 -23.415
I 17.2089 33.4737 -23.6061
I 11.3922 34.8449 -29.5393
I 23.0889 34.4633 -29.4083
I 22.463 22.4148 -17.7118
I 11.582 23.4731 -17.7748
Cs 16.3276 29.0695 -5.905
Cs 17.5383 28.4844 5.8957
Cs 16.6472 18.0051 -5.90417
Cs 17.1337 39.0731 5.86046
Pb 11.1452 22.9205 -11.8426
Pb 11.2519 34.7502 -11.8399
Pb 11.1436 22.9145 0.00706569
Pb 11.2302 34.7309 0.00911037
I 10.2447 28.7815 -11.3388
I 16.9779 24.006 -11.2572
I 23.7452 28.6059 11.4328
I 17.0583 33.6538 11.6419
I 10.1876 28.7743 -0.524566
I 16.975 24.0061 -0.581618
I 23.792 28.5876 0.344346
I 17.0247 33.5825 0.119739
I 11.2414 34.8405 -5.91645
I 22.6777 33.9782 -5.87773
I 22.2506 22.2793 5.8971
I 11.6912 23.5638 5.90608
Cs 16.4129 29.1031 17.6554
Cs 17.6108 28.7584 29.6226
Cs 16.802 17.9556 17.7458
Cs 17.4129 39.424 29.0659
Pb 11.1995 22.9101 11.8076
Pb 11.2615 34.7383 11.724
Pb 11.3273 23.0554 23.673
Pb 11.3813 34.8653 23.5694
I 10.2735 28.7817 12.2735
I 17.0249 23.9908 12.3825
I 23.3549 29.0139 35.1499
I 17.5571 34.6094 35.0473
I 10.21 28.9213 23.271
I 17.1658 24.344 23.2605
I 24.1471 28.7577 23.8245
I 17.1868 33.6585 23.6824
I 11.3005 34.8269 17.661
I 22.7465 34.02 17.6192
I 22.9861 22.925 29.564
I 11.8546 23.6119 29.5876
Cs 17.6633 28.9298 40.4248
Cs 17.4392 17.271 40.4298
Pb 11.6527 23.2151 35.6076
Pb 11.7286 35.0132 35.4522
I 11.7161 29.0801 35.6009
I 17.5069 23.1575 35.4707
I 11.9016 35.0765 41.5557
I 23.4071 34.8632 41.4323
Cs 29.1277 40.1068 -40.0904
I 34.2598 41.2474 -34.3945
I 34.3571 34.5023 -41.3911
I 23.1896 35.1725 -41.4538
Cs 28.5657 39.8967 -29.2488
Cs 28.3656 39.7602 -17.5152
Cs 28.8325 28.9706 -29.493
Pb 23.1869 35.1363 -35.3727
Pb 23.0072 34.5922 -23.504
I 23.1701 41.1736 -35.0287
I 29.0192 34.7649 -35.0348
I 35.0389 40.8079 -11.7283
I 22.5864 40.6669 -23.3232
I 28.8605 35.2175 -23.4853
I 35.0544 40.9264 -23.1985
I 34.2708 34.3607 -17.5565
I 23.0067 34.2381 -17.64
Cs 27.977 39.7394 -5.89062
Cs 28.4124 39.702 5.87476
Cs 28.5266 28.7928 -5.86571
Pb 22.8568 34.5399 -11.7493
Pb 22.8328 34.5247 -0.0094921
I 22.4641 40.5826 -11.6927
I 28.711 35.0278 -11.6663
I 35.027 40.7986 11.5226
I 22.4093 40.5755 -0.124431
I 28.691 35.0739 -0.0894786
I 35.0966 40.7718 0.0923207
I 34.2105 34.2993 5.83591
I 22.9961 34.3388 5.869
Cs 28.0719 39.806 17.475
Cs 28.8729 39.8303 29.3119
Cs 28.618 28.817 17.5102
Pb 22.8702 34.5518 11.7438
Pb 23.0065 34.6436 23.4859
I 22.5076 40.6027 11.7924
I 28.7327 34.9913 11.7923
I 34.5397 41.0413 34.4922
I 22.459 40.6939 23.2023
I 28.858 35.301 23.3782
I 35.1614 40.9434 23.375
I 34.5916 34.5486 29.2528
I 23.2863 34.6192 29.4011
Cs 29.3979 39.8347 40.1888
Cs 29.1073 28.8115 40.1852
Pb 23.4145 34.9858 35.3655
I 23.4821 41.04 35.1663
I 29.2484 34.5858 35.0412
Cs 39.8215 39.7262 -29.0991
Cs 39.7942 39.2258 -5.83359
Cs 39.8097 39.3581 17.4172
Cs -39.8097 -39.3581 -17.4172
Cs -39.7942 -39.2258 5.83359
Cs -39.8215 -39.7262 29.0991
Cs -29.3979 -39.8347 -40.1888
Cs -29.1073 -28.8115 -40.1852
I -23.4821 -41.04 -35.1663
I -29.2484 -34.5858 -35.0412
Cs -28.8729 -39.8303 -29.3119
Cs -28.0719 -39.806 -17.475
Cs -28.618 -28.817 -17.5102
Pb -35.3313 -35.0282 -35.3063
Pb -34.7621 -34.8488 -23.3852
I -34.5397 -41.0413 -34.4922
I -22.5076 -40.6027 -11.7924
I -28.7327 -34.9913 -11.7923
I -35.1614 -40.9434 -23.375
I -22.459 -40.6939 -23.2023
I -28.858 -35.301 -23.3782
I -34.5916 -34.5486 -29.2528
I -23.2863 -34.6192 -29.4011
Cs -28.4124 -39.702 -5.87476
Cs -27.977 -39.7394 5.89062
Cs -28.5266 -28.7928 5.86571
Pb -34.6536 -34.7315 -11.6765
Pb -34.6039 -34.7035 0.00808614
I -35.027 -40.7986 -11.5226
I -22.4641 -40.5826 11.6927
I -28.711 -35.0278 11.6663
I -35.0966 -40.7718 -0.0923207
I -22.4093 -40.5755 0.124431
I -28.691 -35.0739 0.0894786
I -34.2105 -34.2993 -5.83591
I -22.9961 -34.3388 -5.869
Cs -28.3656 -39.7602 17.5152
Cs -28.5657 -39.8967 29.2488
Cs -28.8325 -28.9706 29.493
Pb -34.6298 -34.7385 11.7064
Pb -34.7589 -34.826 23.4082
I -35.0389 -40.8079 11.7283
I -23.1701 -41.1736 35.0287
I -29.0192 -34.7649 35.0348
I -35.0544 -40.9264 23.1985
I -22.5864 -40.6669 23.3232
I -28.8605 -35.2175 23.4853
I -34.2708 -34.3607 17.5565
I -23.0067 -34.2381 17.64
Cs -29.1277 -40.1068 40.0904
Pb -35.0966 -35.2502 35.3318
I -34.2598 -41.2474 34.3945
I -34.3571 -34.5023 41.3911
I -23.1896 -35.1725 41.4538
Cs -17.6633 -28.9298 -40.4248
Cs -17.4392 -17.271 -40.4298
I -11.7161 -29.0801 -35.6009
I -17.5069 -23.1575 -35.4707
I -11.9016 -35.0765 -41.5557
I -23.4071 -34.8632 -41.4323
Cs -17.6108 -28.7584 -29.6226
Cs -16.4129 -29.1031 -17.6554
Cs -17.4129 -39.424 -29.0659
Cs -16.802 -17.9556 -17.7458
Pb -23.4145 -34.9858 -35.3655
Pb -23.3553 -23.1681 -35.5904
Pb -23.0065 -34.6436 -23.4859
Pb -22.9454 -22.9237 -23.6097
I -23.3549 -29.0139 -35.1499
I -17.5571 -34.6094 -35.0473
I -10.2735 -28.7817 -12.2735
I -17.0249 -23.9908 -12.3825
I -24.1471 -28.7577 -23.8245
I -17.1868 -33.6585 -23.6824
I -10.21 -28.9213 -23.271
I -17.1658 -24.344 -23.2605
I -22.9861 -22.925 -29.564
I -11.8546 -23.6119 -29.5876
I -11.3005 -34.8269 -17.661
I -22.7465 -34.02 -17.6192
Cs -17.5383 -28.4844 -5.8957
Cs -16.3276 -29.0695 5.905
Cs -17.1337 -39.0731 -5.86046
Cs -16.6472 -18.0051 5.90417
Pb -22.8702 -34.5518 -11.7438
Pb -22.7958 -22.7514 -11.7864
Pb -22.8328 -34.5247 0.0094921
Pb -22.7525 -22.7391 -0.0111758
I -23.7452 -28.6059 -11.4328
I -17.0583 -33.6538 -11.6419
I -10.2447 -28.7815 11.3388
I -16.9779 -24.006 11.2572
I -23.792 -28.5876 -0.344346
I -17.0247 -33.5825 -0.119739
I -10.1876 -28.7743 0.524566
I -16.975 -24.0061 0.581618
I -22.2506 -22.2793 -5.8971
I -11.6912 -23.5638 -5.90608
I -11.2414 -34.8405 5.91645
I -22.6777 -33.9782 5.87773
Cs -17.4519 -28.5283 17.5686
Cs -17.1773 -28.9812 29.8494
Cs -17.1978 -39.0484 17.6109
Cs -17.0798 -17.5606 29.9556
Pb -22.8568 -34.5399 11.7493
Pb -22.7618 -22.7597 11.7895
Pb -23.0072 -34.5922 23.504
Pb -22.9109 -22.8872 23.6244
I -23.7671 -28.6044 12.0403
I -17.048 -33.6574 11.8615
I -11.4912 -29.2067 35.3037
I -17.3282 -23.3291 35.2357
I -24.1775 -28.6972 23.415
I -17.2089 -33.4737 23.6061
I -10.0854 -28.8009 24.0585
I -17.1723 -24.4251 23.9925
I -22.463 -22.4148 17.7118
I -11.582 -23.4731 17.7748
I -11.3922 -34.8449 29.5393
I -23.0889 -34.4633 29.4083
Cs -17.3103 -29.0485 40.3978
Cs -17.3925 -40.1569 40.1539
Pb -23.1869 -35.1363 35.3727
Pb -23.1703 -23.3124 35.5932
I -23.108 -29.1774 35.4144
I -17.3292 -34.8099 35.0782
I -23.1777 -23.2491 41.6328
I -11.6809 -23.6252 41.7811
Cs -5.98093 -17.5649 -40.5071
Cs -5.74144 -5.63044 -40.5904
I 0.0202617 -17.4815 -35.6809
I -5.83034 -11.6165 -35.7311
I -0.194714 -23.6435 -41.7031
I -11.5477 -23.1359 -41.6509
Cs -5.96927 -17.1111 -29.949
Cs -4.60313 -17.8337 -17.7963
Cs -5.92843 -28.8195 -29.7084
Cs -5.16614 -6.71533 -17.8584
Pb -11.6527 -23.2151 -35.6076
Pb -11.6741 -11.5425 -35.7406
Pb -11.3273 -23.0554 -23.673
Pb -11.4105 -11.5494 -23.7525
I -11.7383 -17.3769 -35.0988
I -5.81458 -23.1852 -35.034
I 1.56341 -17.3528 -12.4485
I -5.56868 -12.7884 -12.5247
I -12.8301 -17.3224 -24.2907
I -5.51944 -21.874 -24.2248
I 1.61966 -17.4669 -23.2962
I -5.59884 -12.991 -23.3219
I -11.188 -11.1901 -29.7103
I -0.23086 -12.0592 -29.6978
I -0.0113743 -23.7792 -17.751
I -10.6854 -22.5626 -17.7581
Cs -6.42176 -16.8353 -5.93174
Cs -4.44141 -17.8189 5.92798
Cs -5.77803 -28.4268 -5.88727
Cs -5.12551 -6.74009 5.9527
Pb -11.1995 -22.9101 -11.8076
Pb -11.3147 -11.3359 -11.8568
Pb -11.1436 -22.9145 -0.00706569
Pb -11.2974 -11.3369 -0.013075
I -12.5429 -17.1419 -11.1859
I -5.36193 -21.9233 -11.2581
I 1.65956 -17.3212 11.2943
I -5.54559 -12.8139 11.2357
I -12.5009 -17.1473 -0.680026
I -5.31019 -21.8972 -0.614509
I 1.62702 -17.3348 0.658345
I -5.54565 -12.7787 0.685258
I -10.6814 -10.6656 -5.9355
I -0.44891 -12.1219 -5.92146
I 0.0947112 -23.7323 5.9433
I -10.4975 -22.45 5.91519
Cs -6.39429 -16.9286 17.8493
Cs -5.50447 -17.6651 30.0854
Cs -5.75061 -28.5366 17.7097
Cs -5.45897 -6.03711 30.0504
Pb -11.1452 -22.9205 11.8426
Pb -11.3053 -11.3757 11.8705
Pb -11.3892 -22.9838 23.7144
Pb -11.4751 -11.3665 23.7514
I -12.5397 -17.1721 12.4846
I -5.32765 -21.8655 12.3967
I 0.223893 -17.5641 35.3141
I -5.70573 -11.791 35.2239
I -12.8731 -17.2068 23.3716
I -5.55633 -21.6738 23.5785
I 1.62463 -17.3149 24.3259
I -5.73543 -12.9522 24.3529
I -10.8604 -10.8258 17.8249
I -0.444333 -12.046 17.8702
I 0.0760728 -23.5528 29.7885
I -11.2876 -22.9659 29.7003
Cs -5.61366 -17.4385 40.5794
Cs -5.79438 -28.9988 40.6063
Pb -11.498 -23.3536 35.7444
Pb -11.5341 -11.6522 35.7398
I -11.5405 -17.507 35.6824
I -5.65949 -23.3289 35.5533
I -11.4378 -11.5063 41.7734
I -0.0963232 -11.9855 41.8648
Cs 5.67806 -5.94446 -40.5639
Cs 5.88907 5.97001 -40.6048
I 11.6813 -5.86019 -35.7328
I 5.77695 -0.013761 -35.7523
I 11.5727 -12.0237 -41.7299
I 0.256243 -11.494 -41.7692
Cs 5.59161 -5.57016 -30.0278
Cs 6.89903 -6.41152 -17.8262
Cs 5.6291 -17.3134 -29.9817
Cs 6.22703 4.70893 -17.8667
Pb 0.0187348 -11.6167 -35.7379
Pb -0.0732609 0.0471449 -35.798
Pb 0.251944 -11.6501 -23.7607
Pb 0.0586382 -0.122694 -23.8072
I -0.145067 -5.78392 -35.1805
I 5.85447 -11.5629 -35.13
I 13.0026 -5.99678 -12.4987
I 5.77279 -1.40973 -12.5196
I -1.30183 -5.90523 -24.3603
I 6.03191 -10.2914 -24.3172
I 13.1503 -6.00081 -23.2911
I 5.87766 -1.52185 -23.3289
I 0.374708 0.320959 -29.7543
I 11.3158 -0.502197 -29.7086
I 11.3779 -12.4644 -17.7971
I 0.882954 -11.1704 -17.8181
Cs 4.84492 -5.36609 -5.93816
Cs 7.01264 -6.45005 5.97775
Cs 5.60642 -16.507 -5.91299
Cs 6.21163 4.57197 5.95674
Pb 0.225102 -11.5614 -11.8588
Pb -0.00671987 0.0106486 -11.9018
Pb 0.252838 -11.5529 0.0199801
Pb 0 0 0
I -1.19827 -5.79804 -11.2389
I 6.04117 -10.406 -11.2066
I 13.0593 -6.02687 11.3014
I 5.77941 -1.44612 11.2786
I -1.2042 -5.80033 -0.678183
I 6.0617 -10.3911 -0.671909
I 13.0226 -6.01965 0.68126
I 5.76886 -1.44735 0.685676
I 0.518229 0.70669 -5.95094
I 10.9235 -0.833286 -5.92556
I 11.3416 -12.5319 5.98269
I 0.975961 -11.0326 5.9654
Cs 4.88279 -5.35961 17.9247
Cs 6.13502 -6.16746 30.0892
Cs 5.58834 -16.5642 17.907
Cs 6.07587 5.47305 30.0276
Pb 0.25115 -11.5547 11.9172
Pb 0.00671987 -0.0106486 11.9018
Pb 0.0437377 -11.551 23.823
Pb -0.0586382 0.122694 23.8072
I -1.21771 -5.80386 12.5632
I 6.04994 -10.3432 12.6053
I 11.8569 -5.97312 35.3196
I 5.90124 -0.215584 35.2309
I -1.36047 -5.7333 23.3863
I 5.90109 -10.2213 23.4417
I 13.0826 -5.87614 24.3854
I 5.71325 -1.42425 24.3852
I 0.429045 0.683144 17.858
I 11.0123 -0.723926 17.8864
I 11.4763 -12.0573 29.8477
I 0.428981 -11.3164 29.7878
Cs 6.01487 -5.79349 40.6622
Cs 5.80938 -17.624 40.734
Pb 0.120657 -11.7317 35.8334
Pb 0.0732609 -0.0471449 35.798
I 0.0546055 -5.89351 35.781
I 5.96424 -11.7359 35.7963
I 0.257398 0.167685 41.8285
I 11.5727 -0.299973 41.8686
Cs 17.2815 5.71221 -40.4865
Cs 17.4953 17.5652 -40.5337
I 23.2431 5.79207 -35.5877
I 17.3891 11.6407 -35.6501
I 23.2246 -0.257808 -41.6944
I 11.9142 0.199876 -41.7701
Cs 17.1923 6.00417 -29.9684
Cs 18.2869 5.01951 -17.7803
Cs 17.2316 -5.67547 -29.9533
Cs 17.6246 16.2856 -17.7491
Pb 11.6233 -0.00710159 -35.7406
Pb 11.5341 11.6522 -35.7398
Pb 11.712 -0.188222 -23.7624
Pb 11.4751 11.3665 -23.7514
I 11.476 5.82287 -35.1506
I 17.4638 0.0570017 -35.1121
I 24.2648 5.3734 -12.3932
I 17.0989 10.0362 -12.4753
I 10.1589 5.57632 -24.3232
I 17.4925 1.1746 -24.3229
I 24.5041 5.5177 -23.3062
I 17.2867 9.96672 -23.2795
I 11.9139 11.8827 -29.695
I 22.9169 11.196 -29.6392
I 22.8748 -1.02115 -17.7767
I 12.2812 0.252541 -17.8098
Cs 16.2386 5.98975 -5.91808
Cs 18.3186 4.89915 5.94055
Cs 17.0699 -5.13764 -5.91698
Cs 17.6094 16.1603 5.90392
Pb 11.5741 -0.223662 -11.857
Pb 11.3053 11.3757 -11.8705
Pb 11.5765 -0.253189 0.0134511
Pb 11.2974 11.3369 0.013075
I 10.1746 5.55434 -11.2218
I 17.3844 0.948378 -11.2029
I 24.2465 5.32419 11.2987
I 17.0858 9.98643 11.2119
I 10.1568 5.51645 -0.683397
I 17.3828 0.921907 -0.665301
I 24.2592 5.32529 0.604303
I 17.0761 9.98704 0.683034
I 11.8759 12.0597 -5.92569
I 22.3831 10.418 -5.90689
I 22.7508 -1.19665 5.95799
I 12.2888 0.253439 5.96766
Cs 16.3313 6.01353 17.8341
Cs 17.6312 5.41027 30.089
Cs 17.1096 -5.20899 17.9313
Cs 17.6213 17.1503 29.9737
Pb 11.5893 -0.260467 11.9293
Pb 11.3147 11.3359 11.8568
Pb 11.5065 -0.110706 23.8234
Pb 11.4105 11.5494 23.7525
I 10.1664 5.52333 12.5597
I 17.3817 0.964957 12.5527
I 23.4014 5.64439 35.3827
I 17.5078 11.4319 35.1863
I 10.0841 5.70645 23.3323
I 17.3479 1.25395 23.4553
I 24.6058 5.56566 24.0851
I 17.1739 9.97596 24.2554
I 11.8524 12.0742 17.801
I 22.4904 10.671 17.7851
I 23.0681 -0.34545 29.8053
I 11.9843 0.220529 29.7827
Cs 17.587 5.85985 40.6441
Cs 17.4851 -6.06107 40.6858
Pb 11.7262 -0.146066 35.8364
Pb 11.6741 11.5425 35.7406
I 11.6726 5.69802 35.7474
I 17.5797 -0.12935 35.7937
I 11.9562 11.8504 41.7683
I 23.2693 11.5319 41.7556
Cs 28.8197 17.4764 -40.3128
Cs 28.9002 29.0408 -40.3175
I 34.6122 17.5134 -35.1814
I 29.0198 23.296 -35.3521
I 34.9327 11.6617 -41.4891
I 23.536 11.8796 -41.7027
Cs 28.7382 17.5129 -29.7082
Cs 29.1504 16.9211 -17.6405
Cs 28.8438 5.95574 -29.6971
Cs 28.8678 28.4684 -17.5672
Pb 23.2406 11.6353 -35.6642
Pb 23.1703 23.3124 -35.5932
Pb 23.0858 11.3076 -23.6834
Pb 22.9109 22.8872 -23.6244
I 23.1191 17.4636 -35.0901
I 29.0984 11.6737 -35.1525
I 35.1215 17.1028 -11.9456
I 28.6547 22.0363 -12.1179
I 21.7096 17.1027 -24.1156
I 28.8828 12.583 -24.0712
I 35.4853 17.1801 -23.3308
I 28.7974 21.888 -23.4035
I 23.2688 23.3926 -29.5682
I 34.38 23.131 -29.4013
I 34.0567 11.0049 -17.6624
I 23.5469 11.6132 -17.7395
Cs 28.4192 17.3875 -5.85555
Cs 29.0976 16.8033 5.90661
Cs 28.6602 5.95547 -5.87964
Cs 28.8484 28.3189 5.89311
Pb 22.9069 11.1309 -11.7846
Pb 22.7618 22.7597 -11.7895
Pb 22.891 11.0819 -0.0291112
Pb 22.7525 22.7391 0.0111758
I 21.7356 16.9408 -11.2812
I 28.7097 12.2711 -11.3121
I 35.0153 17.0865 11.6124
I 28.687 22.1153 11.3189
I 21.7447 16.9045 -0.555385
I 28.7042 12.2279 -0.452002
I 35.1295 17.0703 0.184547
I 28.6452 21.9951 0.449626
I 23.3013 23.1312 -5.88331
I 33.8524 22.8806 -5.87087
I 34.0584 10.9714 5.91411
I 23.4933 11.5393 5.91184
Cs 28.6159 17.3893 17.574
Cs 28.9701 17.1702 29.7345
Cs 28.6588 5.88334 17.653
Cs 29.0321 28.7331 29.5317
Pb 22.8812 11.0861 11.8631
Pb 22.7958 22.7514 11.7864
Pb 22.9422 11.2983 23.6968
Pb 22.9454 22.9237 23.6097
I 21.8029 16.9252 12.2925
I 28.6866 12.193 12.1834
I 34.7521 17.2987 35.1924
I 29.1987 23.1034 35.0994
I 21.6028 17.1295 23.4765
I 28.7316 12.7304 23.4604
I 35.4356 17.2289 23.5413
I 28.8157 21.9288 23.8844
I 23.3687 23.0906 17.6981
I 33.9608 22.966 17.5923
I 34.4633 11.4716 29.5281
I 23.4972 11.5785 29.6746
Cs 29.0219 17.4591 40.446
Cs 29.1003 5.60612 40.5458
Pb 23.3491 11.4781 35.7179
Pb 23.3553 23.1681 35.5904
I 23.3128 17.3176 35.4224
I 29.2186 11.4604 35.6393
I 23.5539 23.3285 41.6322
I 35.0268 23.1955 41.4024
Cs 39.9161 29.2585 -40.0737
I 41.0895 34.2912 -34.369
I 34.911 23.4373 -41.4625
Cs 39.4439 28.8671 -29.0086
Cs 39.384 28.6381 -17.5174
Cs 39.8277 17.6339 -29.4227
Cs 39.8659 39.2181 -17.4615
Pb 34.9773 23.361 -35.3712
Pb 35.0966 35.2502 -35.3318
Pb 34.7538 22.9965 -23.5025
Pb 34.7589 34.826 -23.4082
I 34.5845 29.1821 -34.9758
I 41.0114 23.2952 -35.0917
I 40.6694 34.1294 -11.658
I 33.9132 28.8561 -23.4957
I 40.8279 23.6537 -23.6121
I 40.7901 34.3089 -23.3474
I 34.4484 34.6814 -29.286
I 34.5066 22.9545 -17.6261
Cs 39.0682 28.5987 -5.8717
Cs 39.3976 28.5999 5.81815
Cs 39.6134 17.4682 -5.87476
Cs 39.8787 39.0763 5.81384
Pb 34.6296 22.9248 -11.7266
Pb 34.6298 34.7385 -11.7064
Pb 34.6236 22.8957 -0.0222723
Pb 34.6039 34.7035 -0.00808614
I 33.8616 28.7743 -11.6832
I 40.6628 23.5141 -11.4696
I 40.6955 34.137 11.6951
I 33.8078 28.7437 -0.0404817
I 40.6554 23.5375 -0.326382
I 40.6471 34.0688 -0.0483978
I 34.1797 34.4563 -5.859
I 34.6434 22.8581 5.86356
Cs 39.1599 28.6554 17.5141
Cs 39.6285 28.7713 28.7683
Cs 39.7461 17.2714 17.4337
Cs 40.0259 39.549 29.1197
Pb 34.6876 22.9224 11.7435
Pb 34.6536 34.7315 11.6765
Pb 34.7288 23.0309 23.4485
Pb 34.7621 34.8488 23.3852
I 33.9331 28.77 11.7228
I 40.7196 23.4496 11.997
I 41.3094 34.0408 34.284
I 33.8628 28.8779 23.4281
I 40.7937 23.625 23.1012
I 40.799 34.2974 23.2126
I 34.2613 34.4987 17.5354
I 34.8218 22.9776 29.3709
Cs 40.138 28.9797 39.9961
Cs 40.0858 17.3527 40.2837
Pb 35.1837 23.1467 35.326
Pb 35.3313 35.0282 35.3063
I 34.8125 28.9739 34.8902
I 41.2329 22.9793 35.1281
I 34.6064 34.2109 41.365
Cs -17.6785 -39.9793 -40.1248
Cs -17.2017 -39.4248 -17.4804
Cs -17.1539 -39.4084 5.89304
Cs -17.3531 -39.4894 28.8633
Cs -6.01026 -39.9093 -40.4241
Cs -5.78787 -28.831 -40.3436
I -0.312088 -41.2573 -35.4414
I -5.88448 -34.6653 -35.2436
Cs -6.13156 -39.9133 -29.5236
Cs -4.7781 -40.2633 -17.5618
Cs -5.18547 -29.4523 -17.678
Pb -11.7286 -35.0132 -35.4522
Pb -11.3813 -34.8653 -23.5694
I -11.7477 -41.0507 -35.1765
I 0.948106 -40.933 -12.0414
I -5.45292 -35.3942 -12.0129
I -12.1499 -40.8924 -23.8228
I 1.02254 -40.9891 -23.1556
I -5.562 -35.6731 -23.3699
I -11.531 -34.3569 -29.4845
I -0.0770045 -35.1334 -29.4909
Cs -6.07377 -39.7538 -5.86772
Cs -4.67798 -40.1862 5.97329
Cs -5.08 -29.4204 5.92592
Pb -11.2615 -34.7383 -11.724
Pb -11.2302 -34.7309 -0.00911037
I -12.0437 -40.7295 -11.3876
I 0.922608 -40.8534 11.7344
I -5.44049 -35.357 11.5841
I -12.0683 -40.7153 -0.379654
I 1.06643 -40.9143 0.406082
I -5.42044 -35.4483 0.29315
I -11.2039 -33.8645 -5.8714
I 0.0847864 -34.9278 -5.86133
Cs -5.95727 -39.8103 17.5807
Cs -5.49635 -39.9955 29.7127
Cs -5.50202 -29.0137 29.9457
Pb -11.2519 -34.7502 11.8399
Pb -11.4103 -34.6491 23.583
I -12.0195 -40.7402 12.2096
I 0.0488627 -41.2546 35.429
I -5.66047 -34.7579 35.3919
I -12.2369 -40.6902 23.2193
I 0.819335 -40.8451 23.7013
I -5.63806 -35.637 23.7444
I -11.3302 -33.8992 17.7068
I 0.049834 -34.5648 17.8135
Cs -5.71072 -40.0288 40.5503
Pb -11.497 -35.1858 35.4978
I -11.3468 -41.2391 35.4169
I -11.645 -35.0497 41.5836
I 0.24656 -35.2546 41.7495
Cs 5.64391 -29.1689 -40.456
Cs 5.98473 -17.3363 -40.4727
I 11.6447 -29.2768 -35.6996
I 5.87091 -23.3241 -35.6338
I 11.4615 -35.3279 -41.6105
I 0.00912549 -35.0079 -41.5135
Cs 5.66236 -28.985 -29.6861
Cs 6.87279 -29.4576 -17.7346
Cs 6.00351 -39.6998 -29.0434
Cs 6.55716 -18.4376 -17.7861
Pb -0.0437547 -35.1861 -35.4403
Pb 0.0166712 -23.3376 -35.6641
Pb 0.270403 -34.9639 -23.5641
Pb 0.260416 -23.2659 -23.7002
I -0.0230301 -29.204 -35.1183
I 5.80894 -34.8409 -35.0348
I 13.132 -29.1995 -12.2382
I 6.21335 -24.4982 -12.375
I -0.930611 -29.0808 -24.1337
I 6.08311 -33.9168 -23.8166
I 12.9644 -29.1872 -23.3449
I 6.05914 -24.632 -23.2828
I 0.499432 -23.0382 -29.6466
I 11.4092 -23.8948 -29.6341
I 12.0417 -35.106 -17.7084
I 0.677966 -34.2904 -17.6797
Cs 5.63957 -28.892 -5.87966
Cs 6.97753 -29.4771 5.96434
Cs 6.08076 -39.4762 -5.83177
Cs 6.65843 -18.5506 5.9551
Pb 0.39573 -34.9042 -11.7568
Pb 0.44065 -23.1558 -11.7895
Pb 0.421133 -34.898 0.0459128
Pb 0.482067 -23.148 -0.014464
I -0.651017 -28.965 -11.3088
I 6.21236 -33.918 -11.6258
I 13.0971 -29.1827 11.5116
I 6.22533 -24.5245 11.3814
I -0.6539 -28.9586 -0.465701
I 6.22867 -33.8972 -0.133541
I 13.1098 -29.2218 0.50444
I 6.24438 -24.5245 0.577867
I 1.14904 -22.6514 -5.90498
I 11.6236 -24.0254 -5.89754
I 12.1051 -35.1888 6.01404
I 0.752389 -34.2834 5.96082
Cs 5.69947 -28.8454 17.746
Cs 6.08169 -29.1213 30.1028
Cs 5.91566 -39.3025 17.8066
Cs 6.18568 -17.6758 30.1829
Pb 0.386304 -34.8294 11.8882
Pb 0.471755 -23.1055 11.9192
Pb 0.170302 -34.7678 23.7142
Pb 0.266351 -23.0781 23.7954
I -0.676186 -28.9017 12.2382
I 6.18969 -33.8856 12.0381
I 11.8552 -29.3461 35.5299
I 6.00646 -23.4549 35.5078
I -1.13884 -28.8781 23.6225
I 5.98934 -33.6311 23.8304
I 13.2484 -29.0385 24.1942
I 6.00842 -24.7654 24.1277
I 0.866307 -22.7287 17.863
I 11.7126 -23.8253 17.9181
I 11.9126 -34.9728 29.7371
I 0.151762 -34.5741 29.6732
Cs 6.05967 -29.1468 40.6622
Cs 5.99011 -40.2712 40.3886
Pb 0.17088 -35.2179 35.6448
Pb 0.175629 -23.3997 35.837
I 0.193614 -29.2671 35.7525
I 6.00973 -34.9172 35.3154
I 0.151492 -23.3309 41.8771
I 11.8027 -23.7355 41.9771
Cs 17.3826 -17.6821 -40.412
Cs 17.6243 -5.71829 -40.5002
I 23.3485 -17.5936 -35.5526
I 17.5581 -11.71 -35.6559
I 23.2476 -23.6257 -41.6541
I 12.0137 -23.2557 -41.6723
Cs 17.4172 -17.3055 -29.9087
Cs 18.531 -18.1431 -17.837
Cs 17.4778 -29.0614 -29.6183
Cs 18.0192 -7.03405 -17.7954
Pb 11.7269 -23.4001 -35.6338
Pb 11.691 -11.7114 -35.702
Pb 11.8637 -23.3381 -23.7268
Pb 11.7738 -11.824 -23.7442
I 11.6403 -17.553 -35.0437
I 17.5698 -23.3672 -34.9547
I 24.7651 -17.8 -12.2924
I 17.5819 -13.2063 -12.4455
I 10.4444 -17.6067 -24.3176
I 17.681 -22.2589 -24.2794
I 24.6284 -17.6755 -23.3867
I 17.5897 -13.2135 -23.3166
I 12.1653 -11.3919 -29.6761
I 23.1503 -12.155 -29.647
I 23.323 -24.0143 -17.7761
I 12.5823 -23.0515 -17.7854
Cs 16.8188 -17.3327 -5.89925
Cs 18.6691 -18.2047 5.96249
Cs 17.5714 -28.9028 -5.83708
Cs 18.0256 -7.20615 5.95823
Pb 12.0095 -23.3701 -11.8029
Pb 11.8115 -11.7967 -11.8329
Pb 12.0341 -23.3867 0.0139443
Pb 11.8129 -11.8208 0.0206264
I 10.6353 -17.6078 -11.2163
I 17.8224 -22.2521 -11.3865
I 24.6902 -17.7773 11.5461
I 17.5594 -13.274 11.3641
I 10.6575 -17.63 -0.637669
I 17.85 -22.3301 -0.472876
I 24.7549 -17.8193 0.500619
I 17.5817 -13.2318 0.633421
I 12.4505 -11.1897 -5.91022
I 22.9103 -12.715 -5.8982
I 23.422 -24.0462 6.00289
I 12.6906 -23.0499 5.97955
Cs 16.9488 -17.3477 17.9192
Cs 17.6382 -17.7628 30.2668
Cs 17.5836 -28.9315 17.8413
Cs 17.733 -6.11168 30.1797
Pb 11.9972 -23.351 11.9637
Pb 11.7992 -11.8176 11.9606
Pb 11.7615 -23.2629 23.8659
Pb 11.714 -11.6611 23.8646
I 10.5692 -17.6103 12.5493
I 17.7887 -22.2519 12.3656
I 23.4882 -17.6901 35.5463
I 17.6294 -11.8874 35.4303
I 10.2878 -17.4908 23.5896
I 17.583 -21.891 23.8533
I 24.8909 -17.6007 24.1309
I 17.4681 -13.2906 24.3317
I 12.3283 -11.2861 17.9179
I 22.9963 -12.3987 17.9253
I 23.3852 -23.5575 29.8824
I 11.9144 -23.1981 29.8779
Cs 17.689 -17.5508 40.7574
Cs 17.6302 -29.1462 40.728
Pb 11.8353 -23.4942 35.9345
Pb 11.7992 -11.7969 35.9052
I 11.7872 -17.6476 35.8426
I 17.6739 -23.4492 35.6799
I 12.0006 -11.6483 41.9383
I 23.4099 -11.9099 41.9534
Cs 28.886 -5.96549 -40.3689
Cs 29.0513 5.97539 -40.4608
I 34.7475 -5.85228 -35.3044
I 29.1812 -0.000300467 -35.6533
I 35.0087 -11.7693 -41.5715
I 23.6985 -11.5966 -41.698
Cs 28.944 -5.7731 -29.7445
Cs 29.591 -6.41827 -17.7346
Cs 29.0804 -17.4535 -29.6954
Cs 29.2755 4.73157 -17.7153
Pb 23.416 -11.7312 -35.6622
Pb 23.3064 -0.0563706 -35.6525
Pb 23.3952 -11.8584 -23.7168
Pb 23.2257 -0.312064 -23.7153
I 23.2769 -5.89474 -35.051
I 29.2832 -11.7256 -35.1196
I 35.6935 -6.15511 -12.0021
I 28.998 -1.44494 -12.2418
I 22.0168 -6.10781 -24.2422
I 29.2311 -10.7772 -24.1392
I 35.8067 -6.07997 -23.4615
I 29.0803 -1.45149 -23.3549
I 23.7403 0.176368 -29.6362
I 34.5153 -0.196492 -29.5374
I 34.4843 -12.2259 -17.7196
I 23.9591 -11.6835 -17.7683
Cs 28.68 -5.85424 -5.86076
Cs 29.6067 -6.49941 5.95905
Cs 29.1031 -17.2876 -5.87104
Cs 29.2745 4.68244 5.94022
Pb 23.3723 -12.0363 -11.7856
Pb 23.1471 -0.434031 -11.8018
Pb 23.3801 -12.059 -0.00319742
Pb 23.1431 -0.479987 0.0135966
I 22.0748 -6.25768 -11.2945
I 29.1759 -10.8864 -11.3724
I 35.6641 -6.14528 11.6801
I 28.9786 -1.45602 11.4346
I 22.0839 -6.29704 -0.568299
I 29.1902 -10.9288 -0.386659
I 35.7092 -6.17262 0.289835
I 28.9982 -1.47174 0.518855
I 23.7816 0.0244342 -5.89559
I 34.0979 -0.415394 -5.85982
I 34.5255 -12.2731 6.00147
I 23.9546 -11.777 5.97938
Cs 28.7114 -5.8933 17.8086
Cs 29.0872 -6.15529 30.0688
Cs 29.0392 -17.3628 17.8187
Cs 29.0453 5.50933 29.9966
Pb 23.3309 -12.019 11.9775
Pb 23.1252 -0.476315 11.9156
Pb 23.2213 -11.853 23.8676
Pb 23.1286 -0.206523 23.8043
I 22.0034 -6.27023 12.4384
I 29.1386 -10.8926 12.2481
I 34.8256 -6.03764 35.5197
I 29.2798 -0.206746 35.4263
I 21.7914 -6.04783 23.711
I 29.0409 -10.486 23.7416
I 35.8309 -5.97879 23.8391
I 28.9272 -1.59841 24.1728
I 23.659 -0.0721309 17.8598
I 34.0342 -0.261349 17.803
I 34.6907 -11.8239 29.774
I 23.611 -11.7331 29.8652
Cs 29.0568 -5.9207 40.7094
Cs 29.1545 -17.7438 40.7308
Pb 23.4645 -11.8571 35.9118
Pb 23.4252 -0.183831 35.8583
I 23.3878 -6.0216 35.6506
I 29.3272 -11.8801 35.8116
I 23.7027 -0.0662897 41.8985
I 35.1208 -0.0526969 41.7049
Cs 40.0741 5.95842 -40.1355
Cs 39.8746 17.62 -40.3398
I 41.1411 11.8857 -35.322
I 35.1741 0.207129 -41.6069
Cs 39.5478 5.72653 -29.054
Cs 39.5493 5.52617 -17.4855
Cs 40.0467 -5.59731 -29.6183
Cs 40.0257 16.4935 -17.4888
Pb 35.1138 0.00335993 -35.5051
Pb 35.0762 11.6812 -35.4146
Pb 35.0191 -0.253773 -23.6123
Pb 34.7581 11.3474 -23.5347
I 34.715 5.84022 -35.0384
I 41.1566 -0.0222931 -35.2803
I 40.697 10.8013 -11.9556
I 33.7333 5.53091 -23.7973
I 41.0469 0.447005 -23.8268
I 40.7983 10.6913 -23.1435
I 34.8923 11.7092 -29.4601
I 34.9599 -0.373565 -17.693
Cs 39.253 5.59021 -5.8436
Cs 39.5694 5.54726 6.00493
Cs 39.9938 -5.4571 -5.85462
Cs 39.8456 16.4957 5.93671
Pb 34.9291 -0.344531 -11.7316
Pb 34.6497 11.2513 -11.7625
Pb 34.9422 -0.356865 0.0231813
Pb 34.6548 11.2189 0.0211649
I 33.7278 5.43589 -11.6207
I 40.9065 0.488918 -11.3913
I 40.6645 10.8925 11.708
I 33.7038 5.41429 -0.140883
I 40.9156 0.494065 -0.345769
I 40.6864 10.7431 0.330154
I 34.6275 11.5221 -5.87312
I 35.0155 -0.391704 5.97139
Cs 39.1608 5.67957 17.7058
Cs 39.5061 5.71646 28.9774
Cs 40.0084 -5.42964 17.7166
Cs 39.9292 17.0803 29.438
Pb 34.9205 -0.343439 11.919
Pb 34.6296 11.2383 11.8074
Pb 34.7515 -0.199071 23.6898
Pb 34.6211 11.4118 23.5955
I 33.7517 5.43323 11.9625
I 40.8982 0.5042 12.3172
I 41.2042 11.5443 35.1742
I 33.5117 5.60172 23.7238
I 40.7843 0.672061 23.2894
I 40.7147 10.8805 23.5265
I 34.3923 11.497 17.7135
I 34.938 -0.291608 29.6566
Cs 40.2378 5.67313 40.2355
Cs 40.0669 -6.02137 40.707
Pb 35.2585 -0.199672 35.6174
Pb 35.1676 11.4712 35.4923
I 34.8571 5.63346 35.1901
I 41.3126 -0.398016 35.5715
I 35.2676 11.4477 41.5897
Cs 5.69875 -40.1924 -40.1346
Cs 6.17249 -39.7342 -17.5268
Cs 6.17487 -39.7606 6.06814
Cs 5.94015 -39.5868 29.1352
Cs 17.4561 -40.0392 -40.4687
Cs 17.669 -28.9274 -40.3266
I 23.1955 -41.3586 -35.5042
I 17.523 -34.8088 -35.2763
Cs 17.2988 -40.1168 -29.6094
Cs 18.0547 -40.4902 -17.8472
Cs 18.0116 -29.6457 -17.8178
Pb 11.6592 -35.2028 -35.5168
Pb 11.8601 -35.1276 -23.6318
I 11.6929 -41.2478 -35.2358
I 24.4368 -41.3053 -12.0271
I 17.7979 -35.9738 -11.9643
I 11.3858 -41.169 -23.8024
I 24.0778 -41.3478 -23.3035
I 17.7054 -35.6986 -23.5662
I 11.8413 -34.602 -29.5493
I 23.3007 -35.2742 -29.5376
Cs 17.0693 -40.2436 -5.85069
Cs 18.3017 -40.5267 6.0348
Cs 18.0716 -29.6825 5.99249
Pb 11.9939 -35.1106 -11.7341
Pb 11.992 -35.1495 0.0433692
I 11.1641 -41.0997 -11.4583
I 24.3395 -41.3077 11.7136
I 17.7639 -35.8863 11.842
I 11.1984 -41.1291 -0.277442
I 24.4412 -41.3279 0.348103
I 17.8167 -35.9214 0.222294
I 12.0679 -34.3229 -5.85447
I 23.3805 -35.148 -5.86169
Cs 16.912 -40.2262 17.857
Cs 17.7289 -40.1801 29.9327
Cs 17.7648 -29.1403 30.113
Pb 11.9548 -35.1021 11.9819
Pb 11.7915 -34.8492 23.7716
I 11.1066 -41.0742 12.3762
I 23.3767 -41.3805 35.5871
I 17.6843 -34.9055 35.5507
I 10.9555 -40.8944 23.4207
I 24.1271 -41.1953 23.8111
I 17.5804 -35.9301 23.8644
I 11.853 -34.2014 17.8758
I 23.3022 -34.8768 17.9098
Cs 17.6929 -40.1278 40.7537
Pb 11.8459 -35.319 35.7024
I 12.009 -41.3707 35.6454
I 11.7433 -35.1793 41.7921
I 23.5698 -35.2022 41.8384
Cs 28.9245 -29.2046 -40.3375
Cs 29.1762 -17.39 -40.4339
I 34.7988 -29.3074 -35.2309
I 29.2961 -23.3245 -35.6045
I 34.4167 -34.5656 -41.6295
I 23.3718 -34.9987 -41.5504
Cs 29.1124 -29.2191 -29.5189
Cs 29.4382 -29.4616 -17.9015
Cs 29.18 -40.005 -29.1468
Cs 29.5285 -18.2415 -17.8402
Pb 23.3893 -35.2925 -35.4887
Pb 23.4184 -23.4536 -35.6142
Pb 23.5396 -35.3135 -23.6244
Pb 23.4406 -23.4806 -23.7202
I 23.3844 -29.3146 -35.0493
I 29.2443 -34.9458 -35.0635
I 36.2733 -29.3915 -11.9257
I 29.3832 -24.8403 -12.1085
I 22.6913 -29.3501 -24.0579
I 29.3773 -34.5363 -23.6817
I 35.5824 -29.3813 -23.6616
I 29.2934 -24.4096 -23.4625
I 23.869 -23.2162 -29.6254
I 34.7041 -23.4997 -29.5712
I 35.0435 -34.8702 -17.7234
I 23.6875 -34.6961 -17.7236
Cs 28.9941 -29.2775 -5.84328
Cs 29.4308 -29.4811 6.09524
Cs 29.2622 -39.7846 -5.85931
Cs 29.5669 -18.2591 6.03273
Pb 23.6291 -35.3031 -11.7794
Pb 23.5879 -23.574 -11.7871
Pb 23.6547 -35.3347 0.0667149
Pb 23.6186 -23.5914 0.0183511
I 22.4874 -29.3815 -11.522
I 29.4676 -34.2388 -11.7641
I 35.946 -29.366 11.9666
I 29.3424 -24.6067 11.7356
I 22.5992 -29.4045 -0.232935
I 29.4875 -34.2895 0.0348031
I 36.2408 -29.4023 0.164656
I 29.4198 -24.7868 0.358254
I 24.1114 -23.2693 -5.88829
I 34.5588 -23.6159 -5.86061
I 35.0684 -34.8343 6.03188
I 23.7336 -34.7502 6.02093
Cs 28.989 -29.2008 17.858
Cs 29.1693 -29.2927 29.972
Cs 29.1075 -39.7096 17.8821
Cs 29.1951 -17.6855 30.1498
Pb 23.5857 -35.3122 11.9834
Pb 23.5311 -23.5452 11.9986
Pb 23.3863 -35.1221 23.8147
Pb 23.3381 -23.3304 23.8907
I 22.5953 -29.3654 12.1642
I 29.4155 -34.3564 12.0173
I 34.9603 -29.4079 35.4558
I 29.3703 -23.5103 35.6083
I 22.2062 -29.197 23.8576
I 29.2509 -34.2101 23.8
I 35.7854 -29.2471 23.8238
I 29.1226 -24.756 24.0472
I 23.7374 -23.3085 17.947
I 34.4618 -23.429 17.9141
I 34.9458 -34.8178 29.6823
I 23.4077 -34.8515 29.7624
Cs 29.2054 -29.2254 40.6596
Cs 29.3741 -40.2729 40.495
Pb 23.5356 -35.3472 35.7427
Pb 23.5216 -23.5307 35.9214
I 23.4821 -29.3809 35.6692
I 29.3671 -34.9766 35.3617
I 23.5715 -23.5129 41.9684
I 35.2417 -23.5267 41.813
Cs 40.172 -17.5203 -40.2731
Cs 39.9441 -5.75222 -40.5292
I 41.3306 -11.484 -35.5885
I 35.2585 -23.3092 -41.6237
Cs 39.8424 -17.7404 -29.1063
Cs 39.7929 -17.7886 -17.6364
Cs 40.1038 -28.9395 -29.5988
Cs 40.4288 -6.80215 -17.6638
Pb 35.2313 -23.4417 -35.545
Pb 35.2619 -11.7029 -35.4991
Pb 35.2215 -23.5065 -23.6643
Pb 35.1355 -11.899 -23.6214
I 34.9193 -17.5623 -35.0879
I 41.2771 -23.4283 -35.2697
I 41.1138 -12.6748 -12.1057
I 34.1298 -17.7104 -23.8315
I 41.2537 -23.1735 -23.718
I 41.1583 -12.6742 -23.2593
I 35.2706 -11.6496 -29.5497
I 35.0525 -23.6025 -17.7388
Cs 39.6633 -17.6903 -5.82692
Cs 39.8405 -17.7859 6.07545
Cs 40.5295 -28.406 -5.869
Cs 40.4097 -6.90276 5.99824
Pb 35.244 -23.5908 -11.7625
Pb 35.1032 -11.9931 -11.7756
Pb 35.2846 -23.5872 0.0582546
Pb 35.1255 -12.0058 0.0597003
I 34.0323 -17.807 -11.6933
I 41.2446 -22.7238 -11.61
I 41.0793 -12.6531 11.7368
I 34.0671 -17.8129 -0.0736786
I 41.2843 -22.7837 -0.0456237
I 41.1254 -12.745 0.411864
I 35.103 -11.7084 -5.86343
I 35.0841 -23.6091 6.04051
Cs 39.5337 -17.5811 17.8678
Cs 39.6737 -17.6574 29.3189
Cs 40.3213 -28.4924 17.9752
Cs 40.0902 -6.18751 29.8815
Pb 35.2351 -23.5313 12.0098
Pb 35.0726 -11.9549 11.9565
Pb 34.9473 -23.4022 23.813
Pb 34.9358 -11.7795 23.8047
I 34.0935 -17.7561 12.0764
I 41.2361 -22.8835 12.1866
I 41.3157 -11.7745 35.5775
I 33.7989 -17.5996 23.8875
I 41.0059 -22.7697 23.6278
I 40.9944 -12.5747 23.8693
I 34.7793 -11.6787 17.8914
I 34.8655 -23.4991 29.7589
Cs 40.2897 -17.7322 40.5114
Cs 40.2251 -29.5007 40.5883
Pb 35.3368 -23.5687 35.7332
Pb 35.2797 -11.8716 35.7521
I 34.9484 -17.7098 35.4282
I 41.3816 -23.5742 35.5446
I 35.2655 -11.968 41.858
Cs 29.2106 -40.1293 -40.31
Cs 29.3036 -39.8103 -17.7205
Cs 29.3526 -39.7956 6.04966
Cs 29.1727 -39.8105 29.3288
Cs 40.0471 -29.335 -40.3974
I 41.3357 -34.5527 -34.8277
Cs 40.0284 -40.2051 -29.5534
Cs 39.6408 -40.6635 -17.7497
Cs 40.536 -29.057 -18.0575
Pb 35.3065 -35.3848 -35.6025
Pb 35.3403 -35.3041 -23.6393
I 34.4355 -41.4037 -34.7269
I 41.4279 -36.2572 -11.831
I 34.7668 -41.3274 -23.6766
I 41.3971 -35.6361 -23.4642
I 34.9639 -34.8562 -29.5325
Cs 39.4651 -40.6495 -5.85269
Cs 39.4225 -40.8175 6.05994
Cs 40.6314 -28.9334 6.18166
Pb 35.4135 -35.2383 -11.771
Pb 35.4303 -35.2598 0.0745384
I 34.5079 -41.2601 -11.8237
I 41.3812 -36.0688 11.7951
I 34.4556 -41.2803 0.0664636
I 41.4147 -36.36 0.190186
I 35.0656 -34.6884 -5.85638
Cs 39.631 -40.4033 17.8794
Cs 39.9318 -40.2625 29.6088
Cs 40.2049 -29.0075 29.7796
Pb 35.3621 -35.2529 11.9727
Pb 35.219 -35.1289 23.7754
I 34.5138 -41.2692 12.0542
I 41.4323 -34.6882 34.9342
I 34.6287 -41.1641 23.7425
I 41.3193 -35.6285 23.7008
I 34.9327 -34.6944 17.8835
Pb 35.4254 -35.4864 35.7538
I 34.4501 -41.4748 34.8186
I 34.6156 -34.7211 41.8147
