0	-3.20445  	 (-0.00000  )
1	-1.46863  	 (0.00000   )
2	-1.39635  	 (0.00000   )
3	-1.39878  	 (-0.00000  )
4	-2.71528  	 (0.00000   )
5	-0.88542  	 (0.00000   )
6	-2.40159  	 (-0.00000  )
7	-0.93920  	 (0.00000   )
8	-0.77779  	 (-0.00000  )
9	-1.36818  	 (0.00000   )
10	-1.70569  	 (-0.00000  )
11	-1.40662  	 (0.00000   )
12	-2.35787  	 (0.00000   )
13	-1.07366  	 (-0.00000  )
14	-1.43801  	 (0.00000   )
15	-2.05348  	 (0.00000   )
16	-0.71383  	 (0.00000   )
17	-1.77151  	 (0.00000   )
18	-1.44342  	 (-0.00000  )
19	-1.28050  	 (0.00000   )
20	-2.87499  	 (-0.00000  )
21	-1.31783  	 (-0.00000  )
22	-1.82931  	 (-0.00000  )
23	-0.85615  	 (-0.00000  )
24	-2.46956  	 (-0.00000  )
25	-1.35219  	 (-0.00000  )
26	-1.46858  	 (-0.00000  )
27	-2.10676  	 (0.00000   )
28	-1.35708  	 (0.00000   )
29	-1.81200  	 (-0.00000  )
30	-1.30041  	 (-0.00000  )
31	-1.10116  	 (0.00000   )
32	-1.93566  	 (-0.00000  )
33	-0.93645  	 (0.00000   )
34	-0.84106  	 (-0.00000  )
35	-1.35875  	 (0.00000   )
36	-1.19007  	 (0.00000   )
37	-2.32337  	 (0.00000   )
38	-1.59936  	 (-0.00000  )
39	-1.92778  	 (0.00000   )
40	-0.52322  	 (-0.00000  )
41	-1.34766  	 (0.00000   )
42	-1.20129  	 (-0.00000  )
43	-1.35981  	 (-0.00000  )
44	-0.87396  	 (0.00000   )
45	-0.63264  	 (-0.00000  )
46	-0.45047  	 (-0.00000  )
47	-1.30415  	 (-0.00000  )
48	-1.09908  	 (0.00000   )
49	-0.95294  	 (0.00000   )
50	-0.98035  	 (0.00000   )
51	-1.49378  	 (-0.00000  )
52	-1.21179  	 (0.00000   )
53	-2.35925  	 (-0.00000  )
54	-1.30020  	 (-0.00000  )
55	-1.48873  	 (0.00000   )
56	-1.67131  	 (-0.00000  )
57	-1.39502  	 (-0.00000  )
58	-1.81326  	 (-0.00000  )
59	-2.00212  	 (0.00000   )
60	-2.89361  	 (-0.00000  )
61	-1.55931  	 (0.00000   )
62	-1.26785  	 (-0.00000  )
63	-0.42995  	 (0.00000   )
64	-0.17371  	 (0.00000   )
65	-1.17584  	 (0.00000   )
66	-0.91461  	 (0.00000   )
67	-0.93221  	 (0.00000   )
68	-3.18615  	 (0.00000   )
69	-1.87971  	 (0.00000   )
70	-0.90667  	 (0.00000   )
71	-0.89556  	 (0.00000   )
72	-1.77197  	 (0.00000   )
73	-1.05772  	 (-0.00000  )
74	-1.18891  	 (0.00000   )
75	-0.31686  	 (-0.00000  )
76	-1.38287  	 (-0.00000  )
77	0.29143   	 (-0.00000  )
78	-1.14260  	 (0.00000   )
79	-0.49418  	 (0.00000   )
80	0.86657   	 (0.00000   )
81	0.85141   	 (-0.00000  )
82	0.24100   	 (-0.00000  )
83	-0.98301  	 (0.00000   )
84	-1.37898  	 (0.00000   )
85	-1.47148  	 (-0.00000  )
86	-2.93602  	 (-0.00000  )
87	-1.50189  	 (-0.00000  )
88	-2.27089  	 (0.00000   )
89	-1.89661  	 (0.00000   )
90	-2.05336  	 (0.00000   )
91	-2.10570  	 (-0.00000  )
92	-1.31105  	 (-0.00000  )
93	-1.72603  	 (0.00000   )
94	-2.20890  	 (0.00000   )
95	-1.24458  	 (-0.00000  )
96	-2.69279  	 (-0.00000  )
97	-1.24623  	 (-0.00000  )
98	-1.20875  	 (0.00000   )
99	-1.35488  	 (-0.00000  )
100	-0.92895  	 (-0.00000  )
101	-2.00635  	 (-0.00000  )
102	-0.45842  	 (-0.00000  )
103	-2.89881  	 (-0.00000  )
104	-1.50166  	 (-0.00000  )
105	-0.90659  	 (-0.00000  )
106	-2.41187  	 (-0.00000  )
107	-1.13690  	 (-0.00000  )
108	-1.12028  	 (-0.00000  )
109	-1.79765  	 (0.00000   )
110	-1.58739  	 (0.00000   )
111	-0.91175  	 (0.00000   )
112	-0.46637  	 (0.00000   )
113	-1.20159  	 (0.00000   )
114	-0.76193  	 (-0.00000  )
115	0.05782   	 (0.00000   )
116	-2.20168  	 (0.00000   )
117	-0.66556  	 (0.00000   )
118	-2.56971  	 (-0.00000  )
119	-0.85892  	 (0.00000   )
120	-1.73078  	 (0.00000   )
121	-0.76209  	 (0.00000   )
122	-2.28224  	 (-0.00000  )
123	-1.91815  	 (-0.00000  )
124	-2.16839  	 (0.00000   )
125	-1.55928  	 (-0.00000  )
126	-1.16226  	 (0.00000   )
127	-1.05878  	 (-0.00000  )
128	-1.32102  	 (-0.00000  )
129	-0.60095  	 (0.00000   )
130	-0.76112  	 (-0.00000  )
131	-0.82940  	 (-0.00000  )
132	-1.15638  	 (0.00000   )
133	-0.91210  	 (-0.00000  )
134	-0.96680  	 (0.00000   )
135	-0.50915  	 (-0.00000  )
136	-1.13979  	 (-0.00000  )
137	-0.97026  	 (0.00000   )
138	-1.77606  	 (0.00000   )
139	-0.89054  	 (-0.00000  )
140	-0.53732  	 (-0.00000  )
141	0.21812   	 (-0.00000  )
142	-0.33525  	 (-0.00000  )
143	-0.94381  	 (0.00000   )
144	-1.09770  	 (-0.00000  )
145	0.15443   	 (-0.00000  )
146	-3.01278  	 (0.00000   )
147	-0.36813  	 (0.00000   )
148	-1.99820  	 (0.00000   )
149	-0.67953  	 (0.00000   )
150	-1.00195  	 (0.00000   )
151	-0.15206  	 (-0.00000  )
152	-1.43548  	 (0.00000   )
153	-1.04405  	 (-0.00000  )
154	-0.17270  	 (0.00000   )
155	-1.15076  	 (0.00000   )
156	-0.62822  	 (0.00000   )
157	-0.60910  	 (0.00000   )
158	-0.94185  	 (0.00000   )
159	-1.09983  	 (-0.00000  )
160	-0.96750  	 (0.00000   )
161	-1.12139  	 (-0.00000  )
162	-0.49481  	 (-0.00000  )
163	-1.02495  	 (-0.00000  )
164	-0.97851  	 (0.00000   )
165	-1.83472  	 (0.00000   )
166	-2.02839  	 (0.00000   )
167	-2.23519  	 (-0.00000  )
168	-1.39715  	 (0.00000   )
169	-2.27040  	 (-0.00000  )
170	-0.87252  	 (-0.00000  )
171	-0.81864  	 (-0.00000  )
172	-1.71428  	 (0.00000   )
173	-2.40701  	 (0.00000   )
174	-1.48687  	 (0.00000   )
175	-0.97919  	 (0.00000   )
176	-0.89415  	 (0.00000   )
177	-1.30685  	 (0.00000   )
178	-0.95658  	 (-0.00000  )
179	-0.47762  	 (0.00000   )
180	-1.27665  	 (-0.00000  )
181	-1.12426  	 (0.00000   )
182	-0.39724  	 (-0.00000  )
183	-1.54584  	 (-0.00000  )
184	-1.31106  	 (0.00000   )
185	-0.57920  	 (0.00000   )
186	-1.99741  	 (0.00000   )
187	-1.44772  	 (0.00000   )
188	-1.21586  	 (0.00000   )
189	-0.89757  	 (0.00000   )
190	-1.28170  	 (-0.00000  )
191	-1.42418  	 (0.00000   )
192	-1.23145  	 (0.00000   )
193	-1.37634  	 (-0.00000  )
194	-1.88846  	 (-0.00000  )
195	-1.12852  	 (-0.00000  )
196	-1.47416  	 (-0.00000  )
197	-1.06287  	 (-0.00000  )
198	-1.41077  	 (0.00000   )
199	-1.00602  	 (-0.00000  )
200	-1.71954  	 (-0.00000  )
201	-1.41244  	 (-0.00000  )
202	-2.02260  	 (-0.00000  )
203	-1.97296  	 (0.00000   )
204	-1.68868  	 (0.00000   )
205	-1.17646  	 (0.00000   )
206	-0.93354  	 (-0.00000  )
207	-1.17488  	 (0.00000   )
208	-1.43940  	 (0.00000   )
209	-1.64875  	 (0.00000   )
210	-1.53892  	 (-0.00000  )
211	-0.94813  	 (-0.00000  )
212	-0.75536  	 (0.00000   )
213	-0.77990  	 (-0.00000  )
214	-0.77174  	 (-0.00000  )
215	-1.29096  	 (-0.00000  )
216	-1.68461  	 (0.00000   )
217	-1.21212  	 (0.00000   )
218	-1.18000  	 (0.00000   )
219	-1.32460  	 (0.00000   )
220	-0.98659  	 (-0.00000  )
221	-0.61111  	 (-0.00000  )
222	-1.19526  	 (0.00000   )
223	-1.54024  	 (-0.00000  )
224	-1.75788  	 (0.00000   )
225	-1.45445  	 (0.00000   )
226	-0.66031  	 (0.00000   )
227	-1.35984  	 (-0.00000  )
228	-1.55887  	 (-0.00000  )
229	-1.48735  	 (-0.00000  )
230	-0.86467  	 (-0.00000  )
231	-1.32649  	 (0.00000   )
232	-1.69365  	 (0.00000   )
233	-1.02981  	 (0.00000   )
234	-0.70527  	 (0.00000   )
235	-0.77299  	 (0.00000   )
236	-0.99892  	 (-0.00000  )
237	-0.71692  	 (0.00000   )
238	-1.26889  	 (-0.00000  )
239	-0.99195  	 (0.00000   )
240	-0.47604  	 (-0.00000  )
241	-0.66088  	 (-0.00000  )
242	-0.61939  	 (-0.00000  )
243	-0.43422  	 (-0.00000  )
244	0.22818   	 (-0.00000  )
245	-1.13086  	 (0.00000   )
246	-1.05511  	 (-0.00000  )
247	-0.47441  	 (0.00000   )
248	-1.29151  	 (0.00000   )
249	-0.33644  	 (0.00000   )
250	-1.38868  	 (-0.00000  )
251	-0.76743  	 (-0.00000  )
252	-2.37687  	 (0.00000   )
253	0.40966   	 (-0.00000  )
254	-0.95756  	 (0.00000   )
255	-0.25032  	 (0.00000   )
256	-0.20042  	 (0.00000   )
257	-1.16307  	 (0.00000   )
258	-0.69037  	 (0.00000   )
259	-1.40116  	 (0.00000   )
260	-2.03145  	 (-0.00000  )
261	-0.70538  	 (-0.00000  )
262	-1.37520  	 (-0.00000  )
263	-1.18773  	 (-0.00000  )
264	-0.24482  	 (0.00000   )
265	0.37406   	 (0.00000   )
266	-0.78735  	 (-0.00000  )
267	-1.62905  	 (0.00000   )
268	-0.53894  	 (-0.00000  )
269	-0.41947  	 (-0.00000  )
270	-1.10003  	 (0.00000   )
271	-0.39875  	 (-0.00000  )
272	-1.46224  	 (0.00000   )
273	-0.34149  	 (0.00000   )
274	-0.96406  	 (0.00000   )
275	-0.71205  	 (-0.00000  )
276	-2.59055  	 (-0.00000  )
277	0.46937   	 (-0.00000  )
278	-0.07909  	 (-0.00000  )
279	-0.26261  	 (-0.00000  )
280	-1.64912  	 (-0.00000  )
281	-0.81961  	 (-0.00000  )
282	-0.85535  	 (0.00000   )
283	-0.86330  	 (-0.00000  )
284	-1.41538  	 (0.00000   )
285	-0.81735  	 (-0.00000  )
286	-1.30350  	 (0.00000   )
287	-1.63611  	 (0.00000   )
288	-1.03081  	 (0.00000   )
289	-2.39993  	 (-0.00000  )
290	-0.49165  	 (0.00000   )
291	-0.91341  	 (-0.00000  )
292	-1.74395  	 (-0.00000  )
293	0.05100   	 (0.00000   )
294	-0.63423  	 (0.00000   )
295	-1.13319  	 (-0.00000  )
296	-1.72488  	 (-0.00000  )
297	-0.68934  	 (-0.00000  )
298	0.36076   	 (-0.00000  )
299	-0.92358  	 (0.00000   )
300	0.08462   	 (-0.00000  )
301	-1.86871  	 (-0.00000  )
302	-1.75209  	 (0.00000   )
303	-1.77178  	 (-0.00000  )
304	-1.94847  	 (-0.00000  )
305	-0.85755  	 (-0.00000  )
306	1.76275   	 (0.00000   )
307	1.38674   	 (0.00000   )
308	-1.84352  	 (0.00000   )
309	1.98873   	 (-0.00000  )
310	-1.84938  	 (-0.00000  )
311	-2.00313  	 (0.00000   )
312	1.91851   	 (0.00000   )
313	-0.18671  	 (-0.00000  )
314	2.61260   	 (0.00000   )
315	0.98838   	 (-0.00000  )
316	-1.63263  	 (0.00000   )
317	-0.91926  	 (-0.00000  )
318	-0.49857  	 (0.00000   )
319	-1.71333  	 (-0.00000  )
320	-1.53208  	 (-0.00000  )
321	-1.18966  	 (0.00000   )
322	-1.71239  	 (-0.00000  )
323	-0.91726  	 (-0.00000  )
324	-1.72332  	 (0.00000   )
325	-2.87760  	 (0.00000   )
326	-1.68101  	 (-0.00000  )
327	-1.30755  	 (-0.00000  )
328	-1.62440  	 (-0.00000  )
329	-1.32581  	 (0.00000   )
330	-2.23725  	 (-0.00000  )
331	-2.19192  	 (-0.00000  )
332	-1.84385  	 (-0.00000  )
333	-1.05675  	 (-0.00000  )
334	-1.13396  	 (0.00000   )
335	-1.41595  	 (0.00000   )
336	-1.20163  	 (0.00000   )
337	-1.13762  	 (0.00000   )
338	-1.07820  	 (0.00000   )
339	-0.78474  	 (-0.00000  )
340	-0.84774  	 (-0.00000  )
341	-0.43417  	 (-0.00000  )
342	-0.92045  	 (0.00000   )
343	-0.72268  	 (0.00000   )
344	-1.31556  	 (0.00000   )
345	-0.48230  	 (-0.00000  )
346	-1.43044  	 (-0.00000  )
347	-0.35221  	 (0.00000   )
348	-0.94302  	 (-0.00000  )
349	-0.48545  	 (-0.00000  )
350	-1.79200  	 (-0.00000  )
351	-0.12743  	 (0.00000   )
352	-0.31321  	 (0.00000   )
353	-1.57290  	 (0.00000   )
354	-0.25606  	 (-0.00000  )
355	-0.70537  	 (0.00000   )
356	-1.06086  	 (0.00000   )
357	-1.66907  	 (0.00000   )
358	-1.06718  	 (0.00000   )
359	-1.62450  	 (-0.00000  )
360	-2.57717  	 (0.00000   )
361	-0.82102  	 (-0.00000  )
362	-1.01254  	 (-0.00000  )
363	-1.89617  	 (-0.00000  )
364	-0.38097  	 (0.00000   )
365	-1.10269  	 (-0.00000  )
366	-1.06286  	 (0.00000   )
367	-0.65353  	 (0.00000   )
368	-1.34152  	 (-0.00000  )
369	-1.19547  	 (-0.00000  )
370	-1.29499  	 (-0.00000  )
371	-1.05432  	 (-0.00000  )
372	-0.81757  	 (0.00000   )
373	-0.67315  	 (-0.00000  )
374	-0.94504  	 (-0.00000  )
375	-1.03604  	 (-0.00000  )
376	-1.47633  	 (0.00000   )
377	-1.50319  	 (0.00000   )
378	-1.11522  	 (-0.00000  )
379	-1.30345  	 (-0.00000  )
380	-1.63678  	 (0.00000   )
381	-0.92412  	 (0.00000   )
382	-0.55241  	 (0.00000   )
383	-1.27191  	 (-0.00000  )
384	-1.34454  	 (-0.00000  )
385	-1.59696  	 (0.00000   )
386	-0.83335  	 (-0.00000  )
387	-1.36869  	 (-0.00000  )
388	-0.85881  	 (-0.00000  )
389	-1.59581  	 (0.00000   )
390	-1.24984  	 (-0.00000  )
391	-1.39267  	 (-0.00000  )
392	-1.13876  	 (0.00000   )
393	-1.12111  	 (0.00000   )
394	-0.63216  	 (-0.00000  )
395	-1.28961  	 (-0.00000  )
396	-1.14906  	 (0.00000   )
397	-1.49394  	 (-0.00000  )
398	-1.82860  	 (-0.00000  )
399	-1.68703  	 (0.00000   )
400	-1.28498  	 (0.00000   )
401	-0.94138  	 (-0.00000  )
402	-1.33899  	 (0.00000   )
403	-0.91150  	 (0.00000   )
404	-1.50331  	 (0.00000   )
405	-1.11505  	 (0.00000   )
406	-1.20211  	 (-0.00000  )
407	-1.01423  	 (0.00000   )
408	-1.37455  	 (0.00000   )
409	-0.84542  	 (-0.00000  )
410	-0.79779  	 (0.00000   )
411	-0.81660  	 (0.00000   )
412	-1.11308  	 (0.00000   )
413	-1.55704  	 (0.00000   )
414	-1.64458  	 (0.00000   )
415	-2.12346  	 (0.00000   )
416	-0.68490  	 (0.00000   )
417	-1.23554  	 (-0.00000  )
418	-1.29052  	 (0.00000   )
419	-1.51332  	 (0.00000   )
420	-1.73537  	 (-0.00000  )
421	-1.07510  	 (0.00000   )
422	-1.61239  	 (-0.00000  )
423	-1.55320  	 (0.00000   )
424	-1.13662  	 (-0.00000  )
425	-1.66702  	 (0.00000   )
426	-1.58258  	 (-0.00000  )
427	-1.28317  	 (0.00000   )
428	-1.55594  	 (0.00000   )
429	-1.10990  	 (0.00000   )
430	-0.89037  	 (-0.00000  )
431	-1.32603  	 (-0.00000  )
432	-1.40062  	 (0.00000   )
433	-1.37459  	 (-0.00000  )
434	-0.94389  	 (0.00000   )
435	-1.20056  	 (-0.00000  )
436	-0.34938  	 (-0.00000  )
437	-1.05764  	 (0.00000   )
438	-0.90019  	 (-0.00000  )
439	-1.23684  	 (0.00000   )
440	-0.60298  	 (0.00000   )
441	-1.16717  	 (0.00000   )
442	-1.25180  	 (-0.00000  )
443	-1.42617  	 (-0.00000  )
444	-1.63865  	 (0.00000   )
445	-1.30507  	 (-0.00000  )
446	-1.41498  	 (-0.00000  )
447	-1.52978  	 (-0.00000  )
448	-1.15808  	 (-0.00000  )
449	-1.31282  	 (0.00000   )
450	-1.78562  	 (0.00000   )
451	-1.21277  	 (-0.00000  )
452	-1.38667  	 (0.00000   )
453	-1.16373  	 (-0.00000  )
454	-1.83598  	 (0.00000   )
455	-1.49282  	 (0.00000   )
456	-1.38482  	 (-0.00000  )
457	-1.23824  	 (-0.00000  )
458	-0.98428  	 (-0.00000  )
459	-0.99504  	 (0.00000   )
460	-1.21252  	 (-0.00000  )
461	-1.67152  	 (0.00000   )
462	-1.35132  	 (0.00000   )
463	-1.59352  	 (-0.00000  )
464	-0.94636  	 (0.00000   )
465	-1.14984  	 (0.00000   )
466	-0.29732  	 (-0.00000  )
467	-0.72567  	 (0.00000   )
468	-0.95314  	 (0.00000   )
469	-1.39481  	 (-0.00000  )
470	-1.58065  	 (0.00000   )
471	-0.75340  	 (0.00000   )
472	-1.03932  	 (-0.00000  )
473	-0.77850  	 (-0.00000  )
474	-0.66986  	 (-0.00000  )
475	-1.00628  	 (0.00000   )
476	-0.80248  	 (-0.00000  )
477	-0.89110  	 (0.00000   )
478	-0.44516  	 (-0.00000  )
479	-0.61422  	 (0.00000   )
480	-0.63766  	 (0.00000   )
481	-0.82321  	 (-0.00000  )
482	-0.80157  	 (0.00000   )
483	-0.47101  	 (-0.00000  )
484	-0.59326  	 (-0.00000  )
485	-0.91549  	 (0.00000   )
486	-0.54145  	 (0.00000   )
487	-0.77786  	 (0.00000   )
488	-1.61815  	 (-0.00000  )
489	-0.71368  	 (0.00000   )
490	-0.72640  	 (0.00000   )
491	-0.70146  	 (0.00000   )
492	-1.42853  	 (-0.00000  )
493	-0.72133  	 (-0.00000  )
494	-0.80408  	 (-0.00000  )
495	-1.21768  	 (0.00000   )
496	-1.39359  	 (0.00000   )
497	0.39109   	 (-0.00000  )
498	0.47856   	 (0.00000   )
499	-0.10044  	 (-0.00000  )
500	-0.55262  	 (-0.00000  )
501	-0.70293  	 (0.00000   )
502	0.50402   	 (-0.00000  )
503	0.03438   	 (0.00000   )
504	-0.67284  	 (-0.00000  )
505	0.12730   	 (0.00000   )
506	0.01574   	 (-0.00000  )
507	-0.79541  	 (0.00000   )
508	-1.30777  	 (0.00000   )
509	-0.65627  	 (-0.00000  )
510	-0.53899  	 (-0.00000  )
511	0.50215   	 (-0.00000  )
512	-0.44625  	 (-0.00000  )
513	0.30212   	 (-0.00000  )
514	-1.49766  	 (-0.00000  )
515	-0.50736  	 (0.00000   )
516	-0.71258  	 (-0.00000  )
517	-0.25595  	 (-0.00000  )
518	0.47126   	 (-0.00000  )
519	-0.65975  	 (0.00000   )
520	-0.63847  	 (-0.00000  )
521	-1.33939  	 (0.00000   )
522	-1.02594  	 (0.00000   )
523	-0.60595  	 (0.00000   )
524	-1.44322  	 (0.00000   )
525	0.09113   	 (-0.00000  )
526	0.12299   	 (0.00000   )
527	-0.96737  	 (-0.00000  )
528	0.06051   	 (-0.00000  )
529	0.12291   	 (-0.00000  )
530	-0.23220  	 (-0.00000  )
531	-0.73206  	 (0.00000   )
532	-0.27332  	 (0.00000   )
533	-0.68335  	 (0.00000   )
534	-0.98586  	 (0.00000   )
535	-0.38346  	 (-0.00000  )
536	-0.50559  	 (-0.00000  )
537	-0.14327  	 (0.00000   )
538	0.06670   	 (-0.00000  )
539	0.49062   	 (-0.00000  )
540	0.55979   	 (-0.00000  )
541	-0.37914  	 (0.00000   )
542	-0.77253  	 (0.00000   )
543	-0.63816  	 (0.00000   )
544	-0.77496  	 (0.00000   )
545	-1.09152  	 (0.00000   )
546	-0.60015  	 (0.00000   )
547	0.14642   	 (-0.00000  )
548	-0.41664  	 (0.00000   )
549	-1.08252  	 (-0.00000  )
550	-0.68951  	 (-0.00000  )
551	-0.97281  	 (0.00000   )
552	-1.12059  	 (0.00000   )
553	-0.33696  	 (-0.00000  )
554	-0.41175  	 (-0.00000  )
555	0.67816   	 (-0.00000  )
556	-0.37872  	 (-0.00000  )
557	0.15926   	 (-0.00000  )
558	0.01361   	 (0.00000   )
559	0.38279   	 (-0.00000  )
560	0.13859   	 (-0.00000  )
561	-0.44714  	 (0.00000   )
562	0.28887   	 (-0.00000  )
563	-1.92351  	 (-0.00000  )
564	0.54110   	 (-0.00000  )
565	-0.17496  	 (0.00000   )
566	-0.19030  	 (0.00000   )
567	-0.02146  	 (0.00000   )
568	-1.20213  	 (0.00000   )
569	-0.66139  	 (-0.00000  )
570	0.05430   	 (0.00000   )
571	-0.03384  	 (0.00000   )
572	-1.84242  	 (0.00000   )
573	-1.80425  	 (-0.00000  )
574	0.68791   	 (-0.00000  )
575	2.70618   	 (-0.00000  )
576	-1.60866  	 (0.00000   )
577	2.42681   	 (0.00000   )
578	-0.97037  	 (-0.00000  )
579	-1.83346  	 (-0.00000  )
580	-0.84583  	 (-0.00000  )
581	-0.90127  	 (-0.00000  )
582	-0.49603  	 (0.00000   )
583	-1.16238  	 (0.00000   )
584	-0.70190  	 (-0.00000  )
585	0.04814   	 (0.00000   )
586	0.48809   	 (-0.00000  )
587	-1.66030  	 (-0.00000  )
588	1.03985   	 (-0.00000  )
589	3.40402   	 (-0.00000  )
590	1.68853   	 (-0.00000  )
591	2.11216   	 (-0.00000  )
592	0.55471   	 (-0.00000  )
593	1.49974   	 (0.00000   )
594	1.99578   	 (-0.00000  )
595	-2.22759  	 (0.00000   )
596	-0.47562  	 (0.00000   )
597	2.18986   	 (-0.00000  )
598	1.11733   	 (-0.00000  )
599	1.16902   	 (0.00000   )
600	1.55410   	 (0.00000   )
601	-1.85146  	 (0.00000   )
602	-1.29776  	 (-0.00000  )
603	-1.75359  	 (0.00000   )
604	-0.16041  	 (0.00000   )
605	-1.27936  	 (-0.00000  )
606	1.14933   	 (0.00000   )
607	0.95416   	 (-0.00000  )
608	-1.34057  	 (-0.00000  )
609	-0.94093  	 (-0.00000  )
610	1.48192   	 (-0.00000  )
611	2.45091   	 (0.00000   )
612	-0.84911  	 (-0.00000  )
613	-0.60611  	 (-0.00000  )
614	1.60421   	 (-0.00000  )
615	1.98563   	 (0.00000   )
616	-0.78486  	 (-0.00000  )
617	-1.53611  	 (0.00000   )
618	-1.62373  	 (0.00000   )
619	-1.54225  	 (0.00000   )
620	-1.18950  	 (-0.00000  )
621	-1.29513  	 (0.00000   )
622	-1.58478  	 (0.00000   )
623	-1.75024  	 (-0.00000  )
624	-2.29689  	 (0.00000   )
625	-1.58042  	 (-0.00000  )
626	-1.58058  	 (0.00000   )
627	-1.51844  	 (-0.00000  )
628	-1.83519  	 (0.00000   )
629	-0.73986  	 (-0.00000  )
630	-2.06692  	 (-0.00000  )
631	-1.20668  	 (-0.00000  )
632	-2.21584  	 (0.00000   )
633	-1.50644  	 (0.00000   )
634	-0.47471  	 (0.00000   )
635	-2.08556  	 (-0.00000  )
636	-2.75787  	 (0.00000   )
637	-0.29221  	 (0.00000   )
638	-1.57376  	 (-0.00000  )
639	-0.09406  	 (0.00000   )
640	-1.22763  	 (0.00000   )
641	0.30796   	 (0.00000   )
642	-1.05336  	 (0.00000   )
643	-1.47634  	 (-0.00000  )
644	-1.61705  	 (-0.00000  )
645	-1.71410  	 (-0.00000  )
646	-1.24137  	 (-0.00000  )
647	-2.79622  	 (-0.00000  )
648	-1.55139  	 (-0.00000  )
649	-1.86795  	 (-0.00000  )
650	-1.54507  	 (-0.00000  )
651	-1.24140  	 (0.00000   )
652	-2.15656  	 (0.00000   )
653	-1.77699  	 (-0.00000  )
654	-1.08733  	 (-0.00000  )
655	-0.95903  	 (-0.00000  )
656	-2.02765  	 (-0.00000  )
657	-1.27771  	 (-0.00000  )
658	-0.59321  	 (-0.00000  )
659	-1.67385  	 (-0.00000  )
660	-2.03423  	 (-0.00000  )
661	-0.88905  	 (0.00000   )
662	-1.64342  	 (0.00000   )
663	-2.06151  	 (0.00000   )
664	-2.22809  	 (0.00000   )
665	-2.47797  	 (0.00000   )
666	-1.15424  	 (0.00000   )
667	-1.29012  	 (-0.00000  )
668	-1.94560  	 (0.00000   )
669	-1.47390  	 (0.00000   )
670	-1.25785  	 (0.00000   )
671	-0.93207  	 (-0.00000  )
672	-1.31002  	 (0.00000   )
673	-0.96094  	 (-0.00000  )
674	-1.52706  	 (0.00000   )
675	-1.47646  	 (-0.00000  )
676	-1.55056  	 (0.00000   )
677	-1.29701  	 (0.00000   )
678	-1.01747  	 (-0.00000  )
679	-0.84529  	 (0.00000   )
680	-2.51932  	 (0.00000   )
681	-1.53846  	 (0.00000   )
682	-1.02200  	 (-0.00000  )
683	-1.76244  	 (0.00000   )
684	-2.59311  	 (0.00000   )
685	-2.17467  	 (-0.00000  )
686	-1.89515  	 (-0.00000  )
687	-2.23547  	 (-0.00000  )
688	-2.28698  	 (-0.00000  )
689	-0.88820  	 (-0.00000  )
690	-1.66549  	 (0.00000   )
691	-0.88394  	 (-0.00000  )
692	-2.21737  	 (0.00000   )
693	-1.35427  	 (0.00000   )
694	-1.78616  	 (0.00000   )
695	-1.68688  	 (0.00000   )
696	-1.58518  	 (0.00000   )
697	-0.94921  	 (-0.00000  )
698	-1.57813  	 (0.00000   )
699	-1.41261  	 (-0.00000  )
700	-0.92187  	 (-0.00000  )
701	-1.28704  	 (0.00000   )
702	-0.58822  	 (-0.00000  )
703	-1.36362  	 (0.00000   )
704	-1.89766  	 (0.00000   )
705	-1.78538  	 (0.00000   )
706	-0.60602  	 (-0.00000  )
707	-0.33745  	 (-0.00000  )
708	-1.41441  	 (0.00000   )
709	-1.37448  	 (-0.00000  )
710	-1.93873  	 (0.00000   )
711	-0.71640  	 (0.00000   )
712	-1.28715  	 (-0.00000  )
713	-0.44722  	 (0.00000   )
714	-0.50406  	 (-0.00000  )
715	-0.52296  	 (0.00000   )
716	-0.94447  	 (0.00000   )
717	-0.98948  	 (-0.00000  )
718	-0.75485  	 (0.00000   )
719	-1.01278  	 (-0.00000  )
720	-1.07535  	 (-0.00000  )
721	-1.98154  	 (-0.00000  )
722	-1.13595  	 (-0.00000  )
723	-1.77734  	 (0.00000   )
724	-1.25457  	 (-0.00000  )
725	-1.01893  	 (-0.00000  )
726	-1.04633  	 (-0.00000  )
727	-1.00797  	 (-0.00000  )
728	-1.48685  	 (0.00000   )
729	-0.71726  	 (0.00000   )
730	-1.37449  	 (-0.00000  )
731	-1.04955  	 (-0.00000  )
732	-1.17554  	 (0.00000   )
733	-1.31757  	 (0.00000   )
734	-1.29818  	 (-0.00000  )
735	-1.45420  	 (0.00000   )
736	-0.97833  	 (-0.00000  )
737	-1.42830  	 (-0.00000  )
738	-1.18403  	 (-0.00000  )
739	-0.90126  	 (0.00000   )
740	-1.13041  	 (-0.00000  )
741	-1.09935  	 (-0.00000  )
742	-1.06355  	 (0.00000   )
743	-1.31336  	 (-0.00000  )
744	-0.81294  	 (0.00000   )
745	-1.50055  	 (0.00000   )
746	-1.43423  	 (-0.00000  )
747	-1.66499  	 (-0.00000  )
748	-1.09419  	 (-0.00000  )
749	-0.79077  	 (-0.00000  )
750	-1.90593  	 (0.00000   )
751	-1.44325  	 (0.00000   )
752	-1.12404  	 (-0.00000  )
753	-1.40662  	 (-0.00000  )
754	-2.02922  	 (0.00000   )
755	-1.40156  	 (0.00000   )
756	-1.87240  	 (-0.00000  )
757	-1.15611  	 (-0.00000  )
758	-1.07315  	 (-0.00000  )
759	-1.04283  	 (0.00000   )
760	-1.56058  	 (0.00000   )
761	-0.72707  	 (0.00000   )
762	-1.65989  	 (0.00000   )
763	-0.42625  	 (0.00000   )
764	-1.00461  	 (0.00000   )
765	-1.33470  	 (-0.00000  )
766	-1.39591  	 (-0.00000  )
767	-0.40084  	 (0.00000   )
768	-0.27044  	 (-0.00000  )
769	-1.08861  	 (-0.00000  )
770	-0.38285  	 (-0.00000  )
771	-0.67944  	 (-0.00000  )
772	-1.69557  	 (-0.00000  )
773	-1.74873  	 (-0.00000  )
774	-1.90643  	 (0.00000   )
775	-1.25545  	 (-0.00000  )
776	-1.02515  	 (0.00000   )
777	-1.70607  	 (0.00000   )
778	-1.41578  	 (-0.00000  )
779	-1.96074  	 (-0.00000  )
780	-1.05796  	 (-0.00000  )
781	-1.06784  	 (-0.00000  )
782	-1.78965  	 (0.00000   )
783	-1.59944  	 (-0.00000  )
784	-0.36716  	 (-0.00000  )
785	-1.02567  	 (0.00000   )
786	-0.47107  	 (-0.00000  )
787	-1.26475  	 (0.00000   )
788	-1.27296  	 (0.00000   )
789	-2.33399  	 (-0.00000  )
790	-2.06099  	 (0.00000   )
791	-1.77128  	 (0.00000   )
792	-1.08821  	 (-0.00000  )
793	-2.21446  	 (0.00000   )
794	-1.22540  	 (0.00000   )
795	-2.13766  	 (-0.00000  )
796	-0.57558  	 (-0.00000  )
797	-1.72931  	 (0.00000   )
798	-1.01541  	 (-0.00000  )
799	-1.33507  	 (-0.00000  )
800	-1.05720  	 (0.00000   )
801	-0.75227  	 (-0.00000  )
802	-2.46598  	 (0.00000   )
803	-1.74000  	 (-0.00000  )
804	-2.31869  	 (0.00000   )
805	-1.70913  	 (-0.00000  )
806	-1.63044  	 (0.00000   )
807	-0.89826  	 (0.00000   )
808	-0.82693  	 (-0.00000  )
809	0.02604   	 (0.00000   )
810	-0.10824  	 (0.00000   )
811	-0.28956  	 (-0.00000  )
812	0.29082   	 (-0.00000  )
813	-0.62548  	 (0.00000   )
814	-0.62659  	 (-0.00000  )
815	-1.80385  	 (-0.00000  )
816	-2.40284  	 (-0.00000  )
817	-1.65843  	 (0.00000   )
818	-0.97735  	 (-0.00000  )
819	-0.36923  	 (0.00000   )
820	-0.55281  	 (-0.00000  )
821	-0.32806  	 (-0.00000  )
822	-0.89409  	 (-0.00000  )
823	-1.61804  	 (0.00000   )
824	-0.65537  	 (0.00000   )
825	-0.02092  	 (0.00000   )
826	-1.06887  	 (0.00000   )
827	-0.85296  	 (-0.00000  )
828	-1.66007  	 (-0.00000  )
829	-0.53621  	 (-0.00000  )
830	1.34659   	 (0.00000   )
831	0.16272   	 (-0.00000  )
832	0.79083   	 (-0.00000  )
833	-0.15425  	 (-0.00000  )
834	-0.74369  	 (0.00000   )
835	-1.36064  	 (0.00000   )
836	0.00326   	 (0.00000   )
837	1.30222   	 (0.00000   )
838	2.12301   	 (-0.00000  )
839	1.26026   	 (0.00000   )
840	0.69775   	 (0.00000   )
841	1.77248   	 (0.00000   )
842	0.11805   	 (0.00000   )
843	2.53710   	 (-0.00000  )
844	0.52378   	 (-0.00000  )
845	-0.02032  	 (0.00000   )
846	0.08463   	 (-0.00000  )
847	0.13834   	 (-0.00000  )
848	0.04889   	 (-0.00000  )
849	0.67015   	 (0.00000   )
850	0.10037   	 (-0.00000  )
851	0.45322   	 (0.00000   )
852	-0.13258  	 (-0.00000  )
853	2.40587   	 (0.00000   )
854	0.77515   	 (-0.00000  )
855	0.24588   	 (-0.00000  )
856	1.80863   	 (0.00000   )
857	0.72068   	 (0.00000   )
858	0.04287   	 (0.00000   )
859	-0.02032  	 (-0.00000  )
860	1.48035   	 (-0.00000  )
861	0.13701   	 (-0.00000  )
862	1.58821   	 (-0.00000  )
863	0.27667   	 (0.00000   )
864	1.74726   	 (0.00000   )
865	0.96685   	 (0.00000   )
866	1.27477   	 (-0.00000  )
867	1.24557   	 (0.00000   )
868	1.24645   	 (0.00000   )
869	1.97731   	 (-0.00000  )
870	2.35294   	 (0.00000   )
871	1.78132   	 (0.00000   )
872	2.31583   	 (-0.00000  )
873	1.69795   	 (-0.00000  )
874	0.26574   	 (0.00000   )
875	1.83999   	 (-0.00000  )
876	1.09928   	 (-0.00000  )
877	0.55300   	 (-0.00000  )
878	0.86380   	 (0.00000   )
879	1.38714   	 (0.00000   )
880	0.64420   	 (0.00000   )
881	1.73593   	 (-0.00000  )
882	0.34550   	 (-0.00000  )
883	2.89323   	 (0.00000   )
884	1.59133   	 (-0.00000  )
885	1.82276   	 (-0.00000  )
886	-0.81007  	 (-0.00000  )
887	0.96209   	 (-0.00000  )
888	0.33423   	 (-0.00000  )
889	-1.20813  	 (-0.00000  )
890	0.20386   	 (0.00000   )
891	2.18560   	 (0.00000   )
892	2.23667   	 (-0.00000  )
893	-1.37029  	 (-0.00000  )
894	2.74693   	 (0.00000   )
895	-0.66925  	 (0.00000   )
896	2.11723   	 (0.00000   )
897	1.77659   	 (0.00000   )
898	2.14374   	 (-0.00000  )
899	-1.42155  	 (-0.00000  )
900	1.15780   	 (-0.00000  )
901	-0.49884  	 (0.00000   )
902	-0.09323  	 (0.00000   )
903	0.62818   	 (-0.00000  )
904	-0.22161  	 (0.00000   )
905	1.23595   	 (-0.00000  )
906	-0.97234  	 (-0.00000  )
907	-0.36432  	 (-0.00000  )
908	-1.00987  	 (-0.00000  )
909	-0.01126  	 (-0.00000  )
910	-0.95694  	 (-0.00000  )
911	0.62632   	 (-0.00000  )
912	0.68317   	 (0.00000   )
913	-0.25776  	 (-0.00000  )
914	-0.66343  	 (-0.00000  )
915	-0.12385  	 (-0.00000  )
916	-0.82231  	 (-0.00000  )
917	-1.06756  	 (0.00000   )
918	-0.46347  	 (-0.00000  )
919	-0.26080  	 (-0.00000  )
920	0.31226   	 (-0.00000  )
921	-0.45725  	 (-0.00000  )
922	-0.89259  	 (0.00000   )
923	1.96040   	 (0.00000   )
924	0.63037   	 (-0.00000  )
925	0.44545   	 (-0.00000  )
926	0.91090   	 (-0.00000  )
927	1.63691   	 (-0.00000  )
928	2.08346   	 (-0.00000  )
929	-0.39822  	 (-0.00000  )
930	-0.25614  	 (-0.00000  )
931	2.33918   	 (0.00000   )
932	-1.02342  	 (-0.00000  )
933	-0.93315  	 (-0.00000  )
934	-0.41920  	 (0.00000   )
935	1.98768   	 (0.00000   )
936	1.29325   	 (-0.00000  )
937	0.23587   	 (0.00000   )
938	0.32261   	 (0.00000   )
939	-0.93518  	 (0.00000   )
940	-1.03634  	 (0.00000   )
941	0.11312   	 (-0.00000  )
942	-2.89817  	 (-0.00000  )
943	-3.46891  	 (-0.00000  )
944	-0.97447  	 (0.00000   )
945	-1.01268  	 (0.00000   )
946	-2.89229  	 (-0.00000  )
947	-2.81085  	 (-0.00000  )
948	-3.35274  	 (0.00000   )
949	-2.31567  	 (0.00000   )
950	-0.84849  	 (-0.00000  )
951	-0.97984  	 (0.00000   )
952	-0.83102  	 (0.00000   )
953	-0.88548  	 (0.00000   )
954	-2.38721  	 (-0.00000  )
955	-1.80111  	 (0.00000   )
956	-0.74397  	 (0.00000   )
957	-0.80428  	 (0.00000   )
958	-1.01542  	 (-0.00000  )
959	-1.15571  	 (-0.00000  )
960	-0.81097  	 (0.00000   )
961	0.47399   	 (0.00000   )
962	-0.01954  	 (0.00000   )
963	1.10115   	 (0.00000   )
964	1.06390   	 (-0.00000  )
965	-0.92403  	 (0.00000   )
966	0.02874   	 (0.00000   )
967	-0.99085  	 (-0.00000  )
968	0.44346   	 (0.00000   )
969	-0.91375  	 (0.00000   )
970	-0.36659  	 (0.00000   )
971	-3.32682  	 (-0.00000  )
972	0.77829   	 (0.00000   )
973	1.27203   	 (0.00000   )
974	-3.20908  	 (0.00000   )
975	-3.66447  	 (0.00000   )
976	0.65825   	 (0.00000   )
977	-4.26735  	 (-0.00000  )
978	-3.05129  	 (-0.00000  )
979	-3.70945  	 (-0.00000  )
980	-2.59001  	 (-0.00000  )
981	-2.23150  	 (-0.00000  )
982	-3.19533  	 (-0.00000  )
983	-2.48686  	 (0.00000   )
984	-2.95714  	 (0.00000   )
985	-2.44009  	 (-0.00000  )
986	-2.00602  	 (0.00000   )
987	-0.40851  	 (0.00000   )
988	-1.12713  	 (-0.00000  )
989	-0.58518  	 (0.00000   )
990	-0.97364  	 (-0.00000  )
991	-1.34245  	 (0.00000   )
992	-0.09881  	 (-0.00000  )
993	-1.16783  	 (0.00000   )
994	0.09281   	 (-0.00000  )
995	0.33305   	 (-0.00000  )
996	-1.28937  	 (-0.00000  )
997	-0.93252  	 (-0.00000  )
998	-0.76935  	 (-0.00000  )
999	-1.01873  	 (-0.00000  )
1000	1.15758   	 (-0.00000  )
1001	1.09825   	 (0.00000   )
1002	-1.83781  	 (0.00000   )
1003	-0.37493  	 (-0.00000  )
1004	1.06288   	 (-0.00000  )
1005	1.26620   	 (0.00000   )
1006	-2.02217  	 (-0.00000  )
1007	-1.54019  	 (-0.00000  )
1008	-1.18680  	 (0.00000   )
1009	-1.20878  	 (0.00000   )
1010	-1.17709  	 (0.00000   )
1011	0.28257   	 (0.00000   )
1012	-2.50665  	 (-0.00000  )
1013	-1.76846  	 (-0.00000  )
1014	-2.38651  	 (0.00000   )
1015	0.34882   	 (0.00000   )
1016	-1.81958  	 (0.00000   )
1017	-1.27555  	 (0.00000   )
1018	-2.34094  	 (-0.00000  )
1019	-1.76236  	 (-0.00000  )
1020	-0.92867  	 (-0.00000  )
1021	-2.09772  	 (-0.00000  )
1022	-0.83868  	 (-0.00000  )
1023	-2.23673  	 (0.00000   )
1024	-1.68573  	 (0.00000   )
1025	-3.17359  	 (-0.00000  )
1026	-3.73067  	 (-0.00000  )
1027	-4.62459  	 (-0.00000  )
1028	-3.90418  	 (0.00000   )
1029	-4.33890  	 (-0.00000  )
1030	-3.41550  	 (-0.00000  )
1031	-3.53959  	 (0.00000   )
1032	-1.95150  	 (0.00000   )
1033	-3.79541  	 (-0.00000  )
1034	-3.67021  	 (-0.00000  )
1035	-3.48993  	 (-0.00000  )
1036	-1.39860  	 (0.00000   )
1037	-3.79544  	 (-0.00000  )
1038	-1.15435  	 (0.00000   )
1039	-2.45954  	 (-0.00000  )
1040	-0.58404  	 (0.00000   )
1041	-2.43245  	 (-0.00000  )
1042	-3.22877  	 (-0.00000  )
1043	-2.71437  	 (-0.00000  )
1044	-2.34627  	 (-0.00000  )
1045	-2.08074  	 (0.00000   )
1046	-2.85839  	 (-0.00000  )
1047	-2.55082  	 (0.00000   )
1048	-2.34756  	 (-0.00000  )
1049	-1.56482  	 (0.00000   )
1050	-2.41736  	 (0.00000   )
1051	-1.59740  	 (0.00000   )
1052	0.77936   	 (0.00000   )
1053	1.69639   	 (-0.00000  )
1054	2.15818   	 (0.00000   )
1055	1.41009   	 (-0.00000  )
1056	2.89263   	 (-0.00000  )
1057	3.83885   	 (-0.00000  )
1058	2.15762   	 (0.00000   )
1059	1.67289   	 (-0.00000  )
1060	0.08322   	 (-0.00000  )
1061	0.36808   	 (0.00000   )
1062	0.21382   	 (0.00000   )
1063	0.21532   	 (-0.00000  )
1064	-2.17066  	 (0.00000   )
1065	-0.05350  	 (0.00000   )
1066	-1.89216  	 (0.00000   )
1067	0.46892   	 (0.00000   )
1068	0.49571   	 (-0.00000  )
1069	-1.41580  	 (-0.00000  )
1070	-0.03933  	 (0.00000   )
