0	-0.00286  	0.00805   	0.00751   	1379.94877	 (-0.00000  )
1	-0.00152  	-0.00359  	-0.08152  	1397.77187	 (-0.00000  )
2	0.00664   	-0.01228  	0.07959   	1396.86568	 (-0.00000  )
3	-0.00163  	0.00649   	-0.00556  	1403.20180	 (-0.00000  )
4	-0.00746  	0.00909   	0.00472   	1652.18614	 (0.00000   )
5	0.02599   	0.00466   	0.00127   	1637.69763	 (-0.00000  )
6	-0.01799  	-0.01225  	0.00197   	1646.05599	 (-0.00000  )
7	0.00327   	-0.00046  	-0.01001  	1648.50674	 (-0.00000  )
8	-0.00533  	0.00073   	0.01040   	1647.63945	 (-0.00000  )
9	-0.00099  	-0.00052  	-0.00105  	1647.11670	 (0.00000   )
10	-0.00016  	-0.00114  	0.00018   	1644.30417	 (0.00000   )
11	0.00476   	-0.00348  	0.00050   	1633.50176	 (-0.00000  )
12	0.00228   	0.01409   	0.01052   	1753.56827	 (-0.00000  )
13	-0.01995  	-0.00146  	-0.03722  	1751.68388	 (-0.00000  )
14	0.02781   	-0.02943  	0.02306   	1752.26793	 (-0.00000  )
15	-0.02124  	0.01236   	0.00240   	1683.72938	 (-0.00000  )
16	0.01417   	-0.00856  	0.00948   	1667.66551	 (-0.00000  )
17	-0.02977  	0.02429   	0.00657   	1712.62668	 (-0.00000  )
18	0.02591   	-0.02177  	-0.01157  	1672.09716	 (0.00000   )
19	0.00031   	-0.00326  	0.00047   	1676.02718	 (-0.00000  )
20	-0.00165  	0.02085   	0.00480   	1656.94060	 (-0.00000  )
21	0.01255   	-0.02766  	-0.00803  	1660.12421	 (0.00000   )
22	-0.02939  	0.00831   	0.00656   	1667.91057	 (-0.00000  )
23	0.02195   	0.00088   	-0.01755  	1706.24626	 (-0.00000  )
24	-0.00514  	0.00579   	-0.01049  	1890.49634	 (0.00000   )
25	0.12164   	0.12448   	0.24491   	1732.45641	 (0.00000   )
26	-0.32279  	0.19625   	0.36355   	1732.23043	 (-0.00000  )
27	-0.25946  	0.01663   	-1.03525  	1732.89805	 (0.00000   )
28	0.45900   	-0.33164  	0.42887   	1730.54598	 (-0.00000  )
29	0.01153   	-0.00528  	0.00586   	1884.61407	 (0.00000   )
30	-0.00234  	-0.00349  	-0.00814  	1861.38283	 (-0.00000  )
31	0.00377   	-0.00488  	-0.00165  	1788.09654	 (-0.00000  )
32	0.00441   	0.01031   	0.00612   	1831.46177	 (-0.00000  )
33	-0.00320  	-0.00686  	0.00572   	1876.26479	 (0.00000   )
34	0.00068   	-0.00174  	-0.00273  	1829.13238	 (-0.00000  )
35	0.00205   	-0.01207  	0.00312   	1823.13126	 (-0.00000  )
36	0.00210   	-0.00801  	0.01279   	1834.35949	 (0.00000   )
37	-0.03802  	0.05406   	0.02218   	1927.51127	 (-0.00000  )
38	-0.00032  	0.01892   	-0.03528  	1866.78495	 (0.00000   )
39	0.06845   	-0.05257  	0.03223   	1938.30204	 (-0.00000  )
40	-0.01198  	0.00043   	0.02629   	1807.29863	 (-0.00000  )
41	-0.02291  	-0.01905  	0.00103   	1914.11032	 (0.00000   )
42	0.00839   	-0.00465  	-0.00890  	1875.33034	 (-0.00000  )
43	-0.01213  	-0.00622  	-0.04856  	1955.46724	 (0.00000   )
44	0.02816   	-0.02105  	0.02023   	1953.86865	 (0.00000   )
45	-0.16246  	0.17795   	-0.06031  	1927.24865	 (-0.00000  )
46	0.15731   	-0.15197  	0.03843   	1920.15933	 (-0.00000  )
47	0.00041   	-0.00478  	0.06254   	1938.72879	 (-0.00000  )
48	0.02123   	-0.02007  	-0.00469  	1918.11077	 (-0.00000  )
49	-0.03607  	0.00033   	-0.04957  	1944.34365	 (-0.00000  )
50	0.04337   	-0.06503  	-0.02422  	1920.41437	 (0.00000   )
51	-0.21262  	0.22931   	0.05694   	1760.55180	 (0.00000   )
52	0.18073   	-0.18728  	-0.04002  	1830.02100	 (-0.00000  )
53	-0.01273  	0.02372   	-0.02383  	1890.80902	 (0.00000   )
54	0.01764   	-0.03369  	0.01907   	1890.78932	 (-0.00000  )
55	0.00966   	-0.01297  	0.00891   	1873.92607	 (0.00000   )
56	-0.02405  	0.03960   	0.01515   	1874.90517	 (-0.00000  )
57	0.00221   	-0.00525  	-0.00755  	1821.94460	 (0.00000   )
58	-0.00826  	-0.01349  	-0.01665  	1836.61008	 (-0.00000  )
59	0.01103   	-0.00682  	0.02731   	1885.24388	 (0.00000   )
60	-0.00709  	0.00089   	-0.02134  	1811.33165	 (0.00000   )
61	-0.00713  	0.01351   	0.02746   	1738.36738	 (0.00000   )
62	0.01103   	0.00567   	-0.03917  	1751.52136	 (-0.00000  )
63	-0.00475  	-0.01950  	-0.04732  	1764.19837	 (-0.00000  )
64	0.01902   	-0.01195  	0.06480   	1760.85249	 (-0.00000  )
65	0.00940   	0.00433   	0.00627   	1854.49305	 (-0.00000  )
66	0.05343   	-0.04224  	-0.00996  	1804.55870	 (-0.00000  )
67	-0.05877  	0.05925   	0.01430   	1846.32485	 (-0.00000  )
68	-0.35033  	0.33773   	-0.04153  	1941.83427	 (0.00000   )
69	0.34796   	-0.32970  	0.02888   	1946.31805	 (-0.00000  )
70	0.00253   	-0.00437  	0.00693   	1864.47477	 (-0.00000  )
71	-0.01976  	0.00479   	0.01843   	1848.06694	 (-0.00000  )
72	0.08912   	0.03983   	0.02399   	1934.13789	 (0.00000   )
73	-0.13003  	0.02787   	-0.18198  	1963.59975	 (0.00000   )
74	0.02276   	-0.09993  	0.11789   	1958.78976	 (-0.00000  )
75	0.01245   	-0.01409  	0.02259   	1934.25483	 (-0.00000  )
76	0.07217   	-0.06619  	0.04027   	1923.10309	 (0.00000   )
77	-0.07503  	0.07456   	-0.05208  	1902.28673	 (-0.00000  )
78	-0.13970  	0.20205   	-0.04601  	1879.64405	 (0.00000   )
79	0.09001   	-0.06827  	0.04233   	1878.97007	 (-0.00000  )
80	0.36548   	-0.40982  	-0.15454  	1897.07564	 (0.00000   )
81	-0.28310  	0.38657   	0.24530   	1900.52944	 (-0.00000  )
82	-0.05212  	-0.02067  	-0.04851  	1895.91838	 (-0.00000  )
83	0.03245   	-0.01963  	-0.05467  	1882.80844	 (0.00000   )
84	0.00057   	0.00170   	-0.00786  	1875.69214	 (0.00000   )
85	0.02269   	-0.01988  	0.04409   	1888.15233	 (0.00000   )
86	-0.02006  	-0.00952  	-0.02250  	1891.69304	 (-0.00000  )
87	0.01607   	-0.00354  	0.02507   	1898.61472	 (-0.00000  )
88	-0.11188  	0.03179   	0.02084   	1882.90297	 (-0.00000  )
89	-0.10565  	0.19309   	0.07768   	1911.15967	 (0.00000   )
90	0.13089   	-0.18343  	-0.07823  	1886.94892	 (0.00000   )
91	0.07403   	-0.03549  	-0.03356  	1879.41573	 (0.00000   )
92	-0.00768  	0.02937   	-0.02181  	1862.00787	 (0.00000   )
93	-0.07114  	0.02923   	-0.03297  	1902.52889	 (-0.00000  )
94	0.02983   	-0.05418  	0.05137   	1919.43576	 (-0.00000  )
95	0.03757   	0.00690   	-0.00569  	1889.84169	 (-0.00000  )
96	-0.04842  	0.04443   	-0.10756  	1996.66005	 (0.00000   )
97	-0.02521  	0.04708   	0.08023   	1910.90298	 (0.00000   )
98	0.08927   	-0.11116  	0.04571   	1811.15952	 (0.00000   )
99	0.01979   	0.00297   	-0.04495  	1877.53148	 (0.00000   )
100	-0.11113  	0.10681   	-0.01219  	1818.39230	 (0.00000   )
101	0.02709   	-0.02904  	-0.08289  	1895.88682	 (0.00000   )
102	-0.02301  	0.02297   	0.05113   	1934.15015	 (0.00000   )
103	0.07204   	-0.05652  	0.09832   	2029.29476	 (-0.00000  )
104	-0.06393  	0.05886   	-0.05226  	1973.12477	 (0.00000   )
105	0.06652   	-0.06570  	0.01684   	1992.96216	 (-0.00000  )
106	-0.05412  	0.06926   	-0.06468  	2030.28607	 (0.00000   )
107	-0.03091  	0.02513   	0.02492   	1955.63664	 (0.00000   )
108	0.01788   	0.00383   	-0.01848  	1947.50670	 (0.00000   )
109	-0.00400  	-0.01613  	-0.00437  	1956.84547	 (0.00000   )
110	0.03083   	-0.02712  	-0.01004  	1950.26265	 (-0.00000  )
111	-0.01965  	0.01681   	0.02694   	1948.52960	 (0.00000   )
112	0.03346   	-0.00955  	-0.02987  	1947.86875	 (-0.00000  )
113	-0.04940  	0.03410   	0.03565   	1945.07669	 (0.00000   )
114	0.03784   	-0.04348  	-0.03113  	1951.32972	 (-0.00000  )
115	0.00458   	-0.05708  	0.00451   	1973.38029	 (0.00000   )
116	-0.31330  	0.30529   	-0.06144  	2016.92895	 (0.00000   )
117	-0.09143  	0.10686   	0.05996   	1991.45362	 (-0.00000  )
118	0.39513   	-0.28070  	0.10577   	2030.43989	 (-0.00000  )
119	0.01491   	-0.02652  	-0.11806  	2008.65559	 (0.00000   )
120	0.14495   	-0.09593  	0.02051   	1966.12630	 (0.00000   )
121	0.03841   	-0.00832  	0.04873   	1969.87296	 (-0.00000  )
122	0.15144   	-0.16423  	0.15134   	2049.89461	 (-0.00000  )
123	-0.04743  	0.19274   	0.01748   	1932.50719	 (0.00000   )
124	-0.13921  	-0.18199  	-0.21416  	1951.18816	 (-0.00000  )
125	0.24771   	-0.24899  	0.12834   	1974.22486	 (0.00000   )
126	0.10566   	-0.15065  	-0.02142  	1947.84540	 (-0.00000  )
127	-0.00350  	0.15603   	0.00968   	2005.24064	 (-0.00000  )
128	-0.31946  	0.15281   	0.07837   	1956.64702	 (-0.00000  )
129	-0.01873  	0.01543   	-0.02713  	1902.21568	 (0.00000   )
130	-0.01708  	0.02897   	-0.02759  	1995.43807	 (-0.00000  )
131	-0.12652  	0.04306   	-0.14098  	2001.57173	 (-0.00000  )
132	0.00328   	0.01795   	0.01067   	1975.91951	 (0.00000   )
133	0.03502   	-0.05754  	0.12870   	1942.75843	 (-0.00000  )
134	0.14160   	-0.07537  	-0.04397  	2007.81766	 (0.00000   )
135	-0.03920  	-0.01652  	0.06673   	2042.14022	 (-0.00000  )
136	-0.07760  	0.03990   	-0.17706  	2024.08650	 (-0.00000  )
137	-0.02379  	-0.06230  	-0.00310  	2037.44446	 (-0.00000  )
138	0.02379   	0.03294   	0.01207   	2072.47750	 (0.00000   )
139	0.03011   	-0.00311  	-0.03307  	1971.39864	 (-0.00000  )
140	0.12435   	-0.14739  	0.01470   	2061.15616	 (-0.00000  )
141	-0.02815  	0.02290   	0.03387   	2029.37643	 (-0.00000  )
142	-0.11957  	0.11762   	0.14727   	2059.42770	 (0.00000   )
143	-0.06426  	0.06593   	-0.02720  	2073.75262	 (-0.00000  )
144	0.04501   	-0.08878  	-0.01163  	2077.17064	 (-0.00000  )
145	0.05854   	-0.07158  	-0.12035  	2083.40043	 (0.00000   )
146	-0.00863  	0.02773   	-0.19170  	1961.21748	 (-0.00000  )
147	0.06015   	-0.01262  	0.16260   	1990.91469	 (-0.00000  )
148	0.04623   	0.00502   	0.05258   	1991.20253	 (0.00000   )
149	0.04101   	-0.04908  	0.04034   	2040.28342	 (0.00000   )
150	0.06713   	-0.08652  	0.05098   	2019.75419	 (0.00000   )
151	-0.06360  	0.06095   	0.01895   	2027.31888	 (0.00000   )
152	0.00254   	0.01052   	-0.04717  	1973.06548	 (-0.00000  )
153	0.07313   	-0.08199  	0.05356   	2046.57471	 (0.00000   )
154	-0.04326  	-0.02685  	-0.02928  	2051.46834	 (-0.00000  )
155	0.06103   	-0.02433  	-0.01237  	1958.49394	 (-0.00000  )
156	-0.15321  	0.10841   	0.40763   	2025.55731	 (0.00000   )
157	-0.09463  	-0.01908  	-0.67317  	2007.55420	 (0.00000   )
158	0.05387   	0.28024   	-0.17251  	2032.41564	 (-0.00000  )
159	0.52881   	-0.47623  	0.96756   	2032.07157	 (0.00000   )
160	-0.55066  	0.44982   	-0.56357  	2028.51431	 (-0.00000  )
161	0.05020   	0.03155   	0.09080   	2042.03010	 (-0.00000  )
162	-0.31194  	0.23598   	0.03770   	2069.71596	 (0.00000   )
163	-0.18690  	0.06979   	-0.39644  	2018.32179	 (0.00000   )
164	-0.30004  	0.33638   	-0.10505  	2005.24523	 (-0.00000  )
165	0.79941   	-0.85189  	0.08091   	1993.33837	 (-0.00000  )
166	-0.05640  	-0.01214  	0.25942   	1934.21564	 (0.00000   )
167	0.15491   	-0.13043  	0.38308   	2013.49215	 (0.00000   )
168	-0.15207  	0.13877   	-0.25105  	1997.20883	 (0.00000   )
169	-0.01156  	-0.01817  	-0.02886  	2011.24529	 (0.00000   )
170	0.15517   	-0.08756  	-0.07037  	1986.71949	 (-0.00000  )
171	0.09491   	0.12818   	0.35994   	2014.58483	 (-0.00000  )
172	-0.20107  	0.08138   	-0.13675  	1970.45076	 (0.00000   )
173	-0.30801  	-0.16798  	0.05332   	1983.90225	 (-0.00000  )
174	-0.20032  	0.12583   	-0.07323  	1951.41163	 (-0.00000  )
175	0.35543   	-0.01841  	-0.07066  	1996.90488	 (0.00000   )
176	0.20238   	-0.28459  	0.04841   	2001.45041	 (-0.00000  )
177	-0.21603  	0.47889   	0.06103   	2010.22638	 (-0.00000  )
178	-0.20143  	0.23886   	0.03424   	2017.02513	 (0.00000   )
179	0.37722   	-0.01574  	0.07783   	2016.23215	 (-0.00000  )
180	-0.21854  	-0.17021  	-0.24941  	2015.08977	 (-0.00000  )
181	0.09749   	-0.13330  	0.32683   	2014.51241	 (0.00000   )
182	0.06542   	-0.23989  	0.30261   	2024.55061	 (-0.00000  )
183	-0.30705  	0.35456   	-0.81034  	2114.46842	 (0.00000   )
184	0.28080   	-0.07942  	0.35983   	2085.33573	 (-0.00000  )
185	0.09684   	-0.16420  	0.00552   	2071.87204	 (0.00000   )
186	0.14059   	0.05185   	0.12256   	2056.11540	 (0.00000   )
187	0.19912   	-0.31072  	-0.15717  	2072.83430	 (0.00000   )
188	-0.20026  	-0.03840  	0.02172   	2007.88644	 (0.00000   )
189	0.02830   	0.09985   	0.10424   	1957.83090	 (-0.00000  )
190	-0.15334  	0.07155   	-0.29061  	1967.97380	 (-0.00000  )
191	0.13784   	-0.09333  	-0.24669  	1990.62390	 (-0.00000  )
192	-0.11329  	0.16084   	0.13372   	1969.86528	 (0.00000   )
193	0.06824   	-0.21263  	-0.17534  	2008.41993	 (-0.00000  )
194	-0.12441  	0.08565   	0.12637   	2042.10747	 (-0.00000  )
195	-0.16237  	0.10264   	0.10152   	2029.80401	 (0.00000   )
196	-0.15307  	0.15111   	-0.17405  	2037.64518	 (-0.00000  )
197	0.00950   	0.12974   	-0.21827  	2052.91095	 (-0.00000  )
198	0.26535   	0.35804   	0.48806   	2094.79209	 (-0.00000  )
199	-0.29395  	-0.01614  	0.00407   	2072.77087	 (0.00000   )
200	0.16488   	-0.26810  	0.05404   	2069.06624	 (0.00000   )
201	-0.00402  	-0.21019  	0.37222   	2064.44998	 (-0.00000  )
202	0.29434   	-0.37387  	0.09234   	2051.89511	 (0.00000   )
203	-0.01769  	-0.28754  	0.02212   	2056.92027	 (-0.00000  )
204	0.40780   	-0.15815  	0.11902   	2043.52800	 (0.00000   )
205	-0.08436  	0.17821   	-0.62533  	2050.14363	 (-0.00000  )
206	-0.00400  	-0.27768  	0.10887   	2045.16435	 (-0.00000  )
207	-0.49743  	0.13241   	-0.04073  	2063.71101	 (0.00000   )
208	0.31389   	0.29454   	0.07652   	2048.74774	 (-0.00000  )
209	0.45182   	-0.26427  	-0.15950  	2059.55548	 (-0.00000  )
210	-0.42920  	0.30258   	-0.05719  	2064.78071	 (0.00000   )
211	-0.03378  	-0.29267  	0.04778   	2030.00137	 (-0.00000  )
212	0.05607   	-0.19961  	-0.01964  	2015.32038	 (-0.00000  )
213	0.14961   	0.03656   	0.36690   	2025.79119	 (-0.00000  )
214	-0.19859  	0.39707   	-0.61169  	1989.11851	 (0.00000   )
215	0.01331   	0.12907   	0.07077   	2040.22286	 (0.00000   )
216	-0.22867  	-0.14312  	-0.21709  	2013.56795	 (-0.00000  )
217	0.10783   	-0.16425  	0.30449   	1993.77211	 (-0.00000  )
218	-0.11686  	0.07033   	0.27498   	1987.80423	 (0.00000   )
219	-0.08366  	-0.07379  	0.43865   	1984.11581	 (-0.00000  )
220	0.36518   	-0.03078  	-0.56916  	1995.55592	 (0.00000   )
221	0.09488   	-0.25610  	-0.17930  	2006.94954	 (-0.00000  )
222	0.06210   	0.05460   	-0.04288  	1958.16301	 (-0.00000  )
223	0.75527   	-0.20729  	-0.04329  	1975.27861	 (-0.00000  )
224	-0.55642  	0.20638   	0.47438   	2025.63421	 (0.00000   )
225	-0.22462  	0.11633   	-0.18164  	1992.79719	 (0.00000   )
226	0.03976   	0.02929   	0.09542   	1984.42893	 (-0.00000  )
227	0.04816   	0.00896   	-0.53776  	2052.30224	 (-0.00000  )
228	0.63121   	-0.90606  	-0.12541  	2077.86481	 (-0.00000  )
229	-0.82162  	1.15382   	0.26353   	2073.72229	 (0.00000   )
230	0.10299   	0.11786   	0.29796   	2098.80694	 (-0.00000  )
231	0.03194   	-0.13120  	-0.09405  	2063.60301	 (-0.00000  )
232	-0.21461  	0.22300   	-0.11569  	2075.51662	 (0.00000   )
233	-0.13806  	0.08864   	0.05722   	2065.78808	 (-0.00000  )
234	-0.02141  	0.19457   	0.06837   	2079.81269	 (-0.00000  )
235	-0.14107  	-0.07750  	0.09952   	2079.84065	 (0.00000   )
236	-0.32087  	0.31845   	0.30786   	2094.34505	 (-0.00000  )
237	0.32655   	-1.08877  	0.06895   	2102.50270	 (-0.00000  )
238	0.20520   	0.00558   	-0.19186  	2103.28498	 (0.00000   )
239	-0.79065  	0.35657   	0.03594   	2093.53138	 (0.00000   )
240	0.32683   	-0.06941  	-0.17512  	2056.98234	 (-0.00000  )
241	0.41257   	-0.04810  	-0.24150  	2083.23131	 (-0.00000  )
242	0.48527   	-0.01351  	-0.02391  	2055.32563	 (0.00000   )
243	-0.13990  	-0.12233  	-0.28320  	2064.06527	 (-0.00000  )
244	0.03112   	0.06110   	-0.10472  	2070.76340	 (0.00000   )
245	-0.50904  	0.11423   	0.45283   	2055.46314	 (0.00000   )
246	-0.28783  	0.08360   	0.20999   	2050.32925	 (0.00000   )
247	0.28491   	0.37610   	0.66268   	2030.71839	 (0.00000   )
248	0.35714   	-0.18235  	-0.14297  	2006.06487	 (-0.00000  )
249	0.21108   	-0.29739  	-0.34055  	2070.13397	 (-0.00000  )
250	-0.24663  	0.10554   	-0.19208  	2086.23461	 (0.00000   )
251	-0.04015  	-0.13532  	0.05769   	2109.06414	 (0.00000   )
252	0.03512   	-0.04380  	-0.22323  	1889.78746	 (-0.00000  )
253	0.08902   	-0.01189  	-0.14657  	2150.88045	 (-0.00000  )
254	0.12333   	-0.19241  	0.04900   	2124.50591	 (0.00000   )
255	-0.16598  	0.17572   	-0.05441  	2115.74661	 (-0.00000  )
256	0.36124   	-0.31636  	0.11601   	2123.64956	 (-0.00000  )
257	-0.13458  	0.05467   	0.05013   	2092.90015	 (0.00000   )
258	-0.08950  	0.10591   	-0.09448  	2069.06195	 (-0.00000  )
259	-0.00859  	-0.01213  	0.03078   	2034.00562	 (0.00000   )
260	-0.00911  	0.04209   	-0.09282  	1897.12110	 (0.00000   )
261	-0.00038  	0.01395   	0.07374   	1989.07794	 (-0.00000  )
262	0.07015   	-0.06095  	-0.04964  	1989.50405	 (0.00000   )
263	-0.02742  	-0.00315  	0.12750   	2036.39236	 (0.00000   )
264	0.00791   	0.01174   	-0.02169  	2094.67784	 (0.00000   )
265	-0.12033  	0.00679   	0.10432   	2094.27228	 (0.00000   )
266	0.12019   	-0.02578  	-0.05119  	2060.96401	 (-0.00000  )
267	0.01574   	-0.01450  	-0.04146  	1891.09777	 (0.00000   )
268	-0.03438  	-0.03447  	-0.18287  	2060.90990	 (-0.00000  )
269	0.14215   	-0.09388  	0.01996   	2042.90091	 (-0.00000  )
270	-0.11217  	0.06239   	0.10199   	2024.87883	 (0.00000   )
271	0.00608   	-0.00334  	-0.06020  	2089.80939	 (0.00000   )
272	-0.06210  	0.15075   	0.06209   	1858.81274	 (0.00000   )
273	-0.06434  	0.04906   	0.01084   	2151.75375	 (0.00000   )
274	-0.03538  	0.03923   	0.01250   	1845.14136	 (-0.00000  )
275	0.01949   	-0.00199  	-0.07169  	2136.62356	 (0.00000   )
276	-0.60745  	0.68233   	0.01902   	2095.63509	 (-0.00000  )
277	0.01202   	-0.01230  	0.03818   	2108.07775	 (-0.00000  )
278	0.02497   	0.00238   	-0.00105  	2100.76507	 (-0.00000  )
279	-0.01742  	0.04664   	0.01472   	2123.53067	 (-0.00000  )
280	-0.12832  	0.14029   	-0.10655  	1893.09823	 (0.00000   )
281	0.10839   	-0.05754  	0.04206   	1863.53241	 (0.00000   )
282	0.36059   	-0.33086  	0.45384   	2127.52522	 (-0.00000  )
283	-0.39044  	0.32005   	-0.42703  	2130.54039	 (0.00000   )
284	-0.04740  	0.05497   	-0.05544  	2135.18423	 (-0.00000  )
285	-0.02935  	-0.00462  	-0.07845  	1846.38548	 (-0.00000  )
286	0.03893   	-0.04536  	0.01543   	2148.42392	 (0.00000   )
287	-0.03610  	0.05925   	0.02331   	2164.08680	 (0.00000   )
288	0.04497   	-0.05182  	-0.02853  	2143.44931	 (0.00000   )
289	0.81147   	-0.89887  	0.30704   	2105.79060	 (-0.00000  )
290	-0.03793  	0.05889   	-0.00460  	2128.67742	 (0.00000   )
291	0.03528   	-0.05332  	0.01245   	2129.94673	 (0.00000   )
292	-0.00878  	0.02825   	0.05172   	2072.32198	 (0.00000   )
293	0.01683   	-0.01887  	-0.05396  	2064.33651	 (-0.00000  )
294	-0.02540  	0.00602   	0.01177   	2073.19625	 (0.00000   )
295	0.01789   	-0.01454  	-0.01459  	2076.04934	 (0.00000   )
296	-0.12983  	0.13685   	-0.11853  	1971.19775	 (0.00000   )
297	0.00755   	0.00914   	0.07824   	1995.36157	 (-0.00000  )
298	0.01169   	-0.01450  	-0.02811  	1996.32062	 (-0.00000  )
299	-0.07693  	0.06510   	-0.08332  	1989.81453	 (0.00000   )
300	0.06026   	-0.06657  	0.03566   	1988.19622	 (-0.00000  )
301	0.18416   	-0.05331  	0.14737   	2028.48692	 (-0.00000  )
302	-0.27774  	0.02711   	-0.14132  	2049.45433	 (-0.00000  )
303	0.52854   	-0.76971  	0.32823   	2113.40612	 (0.00000   )
304	0.27753   	-0.56436  	-0.27863  	2066.47675	 (0.00000   )
305	-0.07408  	0.10309   	0.10761   	1939.22844	 (0.00000   )
306	0.00105   	-0.11737  	-0.11343  	1942.08448	 (-0.00000  )
307	0.12596   	-0.03004  	-0.09737  	1942.65099	 (0.00000   )
308	-0.51682  	0.54603   	-0.04028  	2074.01324	 (-0.00000  )
309	-0.04132  	0.04343   	0.10229   	1940.62678	 (-0.00000  )
310	0.24609   	0.23373   	-0.01557  	2082.59900	 (0.00000   )
311	0.08160   	-0.26561  	0.04353   	2106.96250	 (0.00000   )
312	-0.31039  	0.60389   	0.35910   	1945.65332	 (0.00000   )
313	0.36313   	-0.55778  	-0.32587  	1939.85923	 (-0.00000  )
314	0.04105   	-0.10410  	-0.17520  	1944.30634	 (0.00000   )
315	-0.09927  	0.06354   	0.14847   	1955.10338	 (-0.00000  )
316	-0.28830  	0.06464   	0.10061   	2083.04511	 (-0.00000  )
317	0.84265   	-0.73860  	0.34679   	2116.39390	 (0.00000   )
318	-0.74260  	0.53327   	0.21331   	2107.98912	 (-0.00000  )
319	0.22704   	-0.21240  	-0.17685  	2125.47816	 (0.00000   )
320	-0.14912  	-0.14608  	-0.23421  	2111.51982	 (0.00000   )
321	-0.17977  	0.16403   	-0.26525  	2106.82826	 (-0.00000  )
322	-0.10794  	0.42616   	-0.18828  	2125.73642	 (0.00000   )
323	0.26289   	-0.48381  	0.43158   	2137.26669	 (0.00000   )
324	0.34997   	-0.24013  	0.58352   	2107.34188	 (0.00000   )
325	0.99479   	-0.75885  	0.67071   	2157.97110	 (-0.00000  )
326	-0.30540  	0.04704   	-0.28863  	2110.91438	 (-0.00000  )
327	-0.18376  	0.05244   	-0.96617  	2140.27224	 (-0.00000  )
328	-0.91924  	0.73371   	-0.68529  	2106.51941	 (-0.00000  )
329	-0.46386  	0.33313   	-0.26100  	2098.07442	 (-0.00000  )
330	0.15171   	0.02632   	-0.48890  	2105.61454	 (0.00000   )
331	0.19894   	-0.44771  	-0.86333  	2107.97963	 (-0.00000  )
332	0.09452   	-0.13610  	1.69313   	2096.07313	 (0.00000   )
333	-0.04298  	-0.34024  	-0.37738  	2138.92991	 (0.00000   )
334	0.03319   	-0.26106  	0.38152   	2104.95167	 (-0.00000  )
335	-0.11844  	-0.01042  	0.29757   	2105.94445	 (0.00000   )
336	-0.01004  	-0.01425  	-0.00944  	1683.63698	 (0.00000   )
337	0.13984   	0.32604   	0.58647   	2090.73033	 (-0.00000  )
338	-0.29348  	0.25460   	0.25507   	2101.55357	 (-0.00000  )
339	-0.10524  	0.01330   	0.24619   	2085.37816	 (-0.00000  )
340	0.10305   	0.14288   	-0.50844  	2088.68148	 (0.00000   )
341	0.22401   	-0.10866  	-0.56622  	2064.40761	 (0.00000   )
342	-0.02394  	-0.01205  	0.06827   	1674.28908	 (0.00000   )
343	0.02956   	0.02082   	-0.06638  	1672.63720	 (-0.00000  )
344	-0.14496  	0.28647   	-0.22377  	2105.56983	 (-0.00000  )
345	0.27292   	-0.83503  	0.69160   	2121.51134	 (0.00000   )
346	-0.08944  	0.09202   	-0.15948  	2110.70757	 (-0.00000  )
347	-0.00083  	0.00237   	0.00505   	1668.79341	 (0.00000   )
348	-0.14770  	0.35418   	0.02206   	2113.38706	 (0.00000   )
349	0.12730   	-0.26617  	-0.36363  	2120.78163	 (0.00000   )
350	0.13314   	-0.07607  	0.58509   	2087.09214	 (-0.00000  )
351	-0.38512  	-0.20346  	0.47967   	2145.38478	 (-0.00000  )
352	0.26685   	-0.12706  	0.55252   	2139.08836	 (-0.00000  )
353	0.19733   	0.24817   	0.21644   	2129.77217	 (-0.00000  )
354	0.17590   	0.05556   	-1.12412  	2121.35330	 (0.00000   )
355	-0.18514  	0.02746   	-1.13379  	2115.07746	 (-0.00000  )
356	-0.10588  	0.14504   	-0.01192  	2116.06858	 (-0.00000  )
357	0.12212   	-0.09481  	0.18780   	2095.54520	 (0.00000   )
358	-0.14202  	0.32130   	0.42702   	2105.73606	 (-0.00000  )
359	-0.10281  	-0.59529  	-0.27599  	2115.56108	 (-0.00000  )
360	-0.03112  	0.17176   	0.90744   	2082.61933	 (-0.00000  )
361	-0.21055  	-0.10884  	0.69827   	2102.66478	 (-0.00000  )
362	0.33384   	-0.04674  	0.20450   	2079.86887	 (0.00000   )
363	0.13270   	-0.29016  	-0.51919  	2103.75693	 (0.00000   )
364	0.36262   	-0.04403  	-1.02235  	2114.63541	 (-0.00000  )
365	-0.14554  	0.32596   	-0.23331  	2122.77089	 (-0.00000  )
366	-0.13348  	-0.51510  	0.17093   	2095.98142	 (-0.00000  )
367	0.05570   	0.04792   	-0.40612  	2098.79139	 (-0.00000  )
368	-0.01614  	-0.32967  	0.06016   	2089.95747	 (-0.00000  )
369	-0.16764  	0.27292   	0.18838   	2098.08997	 (0.00000   )
370	0.52298   	0.02133   	0.56605   	2105.84134	 (0.00000   )
371	0.24725   	0.39548   	-0.04170  	2128.43715	 (0.00000   )
372	-0.66802  	-0.06340  	-0.02092  	2128.94457	 (0.00000   )
373	0.35981   	0.01106   	-0.07334  	2090.49684	 (-0.00000  )
374	0.14585   	-0.30740  	-0.11875  	2103.60494	 (0.00000   )
375	-0.22314  	-0.06128  	0.16105   	2065.35609	 (-0.00000  )
376	0.20068   	-0.26209  	-0.42667  	2084.24799	 (-0.00000  )
377	-0.22646  	-0.22299  	0.26997   	2129.39342	 (-0.00000  )
378	-0.00771  	0.46974   	0.67034   	2116.60496	 (-0.00000  )
379	-0.16330  	0.15156   	0.25595   	2152.25850	 (-0.00000  )
380	0.42938   	-0.39017  	0.10305   	2173.12915	 (0.00000   )
381	-0.00270  	-0.19945  	0.20772   	2128.46017	 (-0.00000  )
382	-0.13643  	-0.15809  	-0.30927  	2132.14576	 (0.00000   )
383	-0.41350  	0.38108   	0.08100   	2118.61767	 (-0.00000  )
384	0.20070   	-0.20639  	-0.43736  	2101.10731	 (-0.00000  )
385	0.47060   	0.28034   	0.32882   	2134.60571	 (0.00000   )
386	-0.24843  	-0.24069  	0.02623   	2130.83758	 (-0.00000  )
387	-0.11551  	-0.27882  	-0.27114  	2115.99166	 (-0.00000  )
388	0.23083   	0.28086   	0.12000   	2126.02610	 (0.00000   )
389	-0.15450  	0.18593   	0.38146   	2092.42179	 (0.00000   )
390	-0.17984  	-0.18495  	0.06290   	2118.58964	 (-0.00000  )
391	0.30274   	-0.13396  	0.12479   	2131.34931	 (-0.00000  )
392	0.39267   	-0.27911  	0.24783   	2163.85907	 (-0.00000  )
393	-0.01610  	0.19169   	0.03484   	2140.34882	 (0.00000   )
394	-0.15879  	0.03961   	-0.62878  	2130.16678	 (0.00000   )
395	-0.16732  	0.28071   	-0.10957  	2115.69143	 (0.00000   )
396	-0.08142  	-0.06712  	-0.17028  	2123.04016	 (-0.00000  )
397	-0.37503  	0.47312   	-0.05544  	2103.50312	 (-0.00000  )
398	0.14212   	0.07540   	-0.39370  	2135.13704	 (-0.00000  )
399	-0.16315  	-0.09631  	0.73995   	2146.97958	 (-0.00000  )
400	-0.23775  	-0.54623  	0.50018   	2143.23769	 (-0.00000  )
401	-0.06004  	-0.19936  	-0.07677  	2138.19566	 (0.00000   )
402	-0.27189  	0.20315   	-0.24211  	2146.30378	 (-0.00000  )
403	0.22087   	0.21392   	-0.43397  	2129.90517	 (0.00000   )
404	-0.06358  	-0.11542  	-0.00132  	2172.35427	 (-0.00000  )
405	0.34755   	-0.10696  	-0.00975  	2147.69213	 (0.00000   )
406	0.26504   	-0.47794  	0.13413   	2163.69604	 (0.00000   )
407	0.10985   	0.05717   	0.02041   	2162.80902	 (0.00000   )
408	-0.42288  	0.43216   	0.19114   	2193.28692	 (0.00000   )
409	-0.42128  	-0.02720  	-0.09822  	2132.39506	 (-0.00000  )
410	0.12928   	0.02999   	-0.43291  	2152.09269	 (-0.00000  )
411	0.50059   	0.25105   	0.22714   	2159.34944	 (0.00000   )
412	-0.05459  	-0.39658  	-0.20132  	2156.15380	 (-0.00000  )
413	-0.06125  	0.03446   	0.01045   	2158.51148	 (0.00000   )
414	0.11468   	-0.10512  	0.32867   	2153.35613	 (-0.00000  )
415	0.10788   	-0.00818  	0.09397   	2137.79196	 (-0.00000  )
416	0.00966   	-0.22687  	-0.19979  	2158.06488	 (0.00000   )
417	0.10645   	0.20054   	-0.12036  	2161.33218	 (0.00000   )
418	0.22062   	0.20574   	-0.28686  	2142.11060	 (-0.00000  )
419	-0.04328  	-0.15538  	-0.00517  	2149.83306	 (-0.00000  )
420	-0.06168  	-0.18064  	0.36051   	2183.17885	 (-0.00000  )
421	-0.40475  	-0.21036  	0.17224   	2156.75299	 (0.00000   )
422	0.14079   	-0.14260  	-0.37082  	2157.68597	 (-0.00000  )
423	-0.22522  	-0.15785  	-0.77608  	2176.33639	 (-0.00000  )
424	0.03722   	-0.12721  	0.13690   	2125.87487	 (0.00000   )
425	-0.06600  	0.06518   	0.19770   	2136.75797	 (0.00000   )
426	-0.16517  	-0.05549  	-0.21602  	2136.30025	 (-0.00000  )
427	0.28087   	0.12456   	0.02624   	2112.34117	 (-0.00000  )
428	0.17356   	-0.09086  	0.00763   	2120.35910	 (-0.00000  )
429	0.01795   	-0.38608  	0.17164   	2110.03121	 (-0.00000  )
430	-0.19535  	-0.00440  	-0.37835  	2108.47615	 (0.00000   )
431	0.23197   	-0.01381  	-0.03829  	2119.94011	 (0.00000   )
432	0.36300   	0.02935   	0.25974   	2128.96062	 (-0.00000  )
433	0.10313   	0.01271   	0.04344   	2120.61002	 (0.00000   )
434	0.22013   	-0.29686  	-0.34193  	2142.51032	 (-0.00000  )
435	0.13637   	0.52942   	0.14899   	2160.56792	 (-0.00000  )
436	-0.25176  	0.04022   	0.05941   	2180.85181	 (0.00000   )
437	0.11303   	-0.14446  	0.23983   	2158.11058	 (-0.00000  )
438	-0.19598  	0.14911   	0.39133   	2177.58829	 (-0.00000  )
439	-0.21682  	-0.03583  	-0.00948  	2191.80494	 (0.00000   )
440	0.18422   	-0.03417  	-0.22394  	2168.61920	 (0.00000   )
441	-0.05823  	0.02504   	-0.04111  	2102.91517	 (0.00000   )
442	-0.17306  	-0.11336  	-0.19159  	2134.91529	 (0.00000   )
443	0.29026   	0.62437   	-0.14852  	2116.83689	 (0.00000   )
444	-0.29599  	-0.30510  	0.39265   	2163.37012	 (0.00000   )
445	0.64745   	0.49949   	-0.24167  	2156.43730	 (0.00000   )
446	-0.24014  	-0.04789  	0.01206   	2128.20850	 (-0.00000  )
447	0.10061   	0.29653   	-0.20692  	2145.79045	 (-0.00000  )
448	0.07988   	0.04502   	-0.22241  	2138.48772	 (0.00000   )
449	-0.04603  	-0.37703  	0.02461   	2121.97140	 (0.00000   )
450	-0.08548  	0.15108   	-0.21417  	2176.41632	 (0.00000   )
451	0.25111   	-0.03003  	0.12985   	2155.83202	 (-0.00000  )
452	-0.02346  	-0.24240  	-0.23494  	2168.85349	 (-0.00000  )
453	0.00032   	-0.13792  	-0.11988  	2198.91307	 (0.00000   )
454	-0.23133  	0.02675   	-0.39462  	2166.79629	 (-0.00000  )
455	0.52889   	0.04848   	-0.04655  	2159.86216	 (-0.00000  )
456	-0.38021  	-0.04514  	0.01116   	2199.51242	 (0.00000   )
457	-0.31522  	-0.17457  	-0.27760  	2192.54595	 (0.00000   )
458	-0.16026  	0.10489   	-0.06072  	2168.93995	 (-0.00000  )
459	0.27203   	-0.01730  	-0.05106  	2188.43968	 (0.00000   )
460	-0.36354  	-0.42841  	0.29090   	2185.60149	 (0.00000   )
461	0.36661   	0.34480   	0.00344   	2200.05641	 (-0.00000  )
462	0.09009   	-0.12708  	0.06947   	2167.50060	 (0.00000   )
463	-0.22894  	-0.57125  	0.00840   	2178.94938	 (-0.00000  )
464	0.31067   	0.08058   	0.17270   	2164.37493	 (0.00000   )
465	-0.04709  	0.18822   	0.25278   	2164.31668	 (0.00000   )
466	0.07741   	-0.18434  	0.18754   	2208.16415	 (0.00000   )
467	0.27750   	0.05993   	0.27739   	2181.45068	 (-0.00000  )
468	-0.92018  	-0.00638  	-0.04328  	2187.67890	 (-0.00000  )
469	0.26196   	-0.17941  	-0.21777  	2168.87503	 (0.00000   )
470	0.17512   	-0.20764  	0.44575   	2169.01577	 (0.00000   )
471	-0.21672  	0.34379   	-0.04102  	2174.74429	 (-0.00000  )
472	0.16481   	0.19638   	-0.08225  	2175.66565	 (-0.00000  )
473	-0.15129  	-0.27978  	-0.27042  	2194.88427	 (-0.00000  )
474	0.13108   	0.00069   	0.14468   	2174.04652	 (0.00000   )
475	0.22351   	0.00474   	-0.20145  	2177.71867	 (-0.00000  )
476	-0.08245  	-0.03354  	-0.18819  	2174.25797	 (-0.00000  )
477	-0.07262  	-0.13338  	0.07768   	2167.67582	 (0.00000   )
478	-0.15583  	0.10909   	-0.10168  	2195.50626	 (-0.00000  )
479	-0.31740  	-0.20920  	0.27847   	2198.10137	 (0.00000   )
480	0.67248   	0.04967   	-0.41359  	2194.75388	 (-0.00000  )
481	-0.25056  	-0.38810  	0.43569   	2194.44664	 (0.00000   )
482	0.34644   	0.41897   	-0.17313  	2180.36224	 (0.00000   )
483	0.19144   	-0.88813  	-0.04649  	2191.12586	 (0.00000   )
484	0.06559   	-0.03549  	-0.49508  	2186.70711	 (0.00000   )
485	-0.18514  	-0.30742  	0.05655   	2179.09107	 (-0.00000  )
486	-0.22611  	0.35420   	0.25151   	2194.90070	 (0.00000   )
487	0.02892   	0.29664   	0.50737   	2201.38447	 (-0.00000  )
488	0.55820   	-0.31660  	0.09252   	2199.66450	 (-0.00000  )
489	0.33369   	0.26885   	-0.28734  	2202.67009	 (0.00000   )
490	-0.40590  	0.27408   	-0.62671  	2217.32635	 (0.00000   )
491	-0.49157  	0.09801   	0.23416   	2228.09761	 (0.00000   )
492	0.14217   	0.02694   	-0.02638  	2211.86415	 (0.00000   )
493	0.09145   	0.11526   	0.26166   	2259.69368	 (0.00000   )
494	-0.04922  	-0.15157  	-0.72761  	2215.33981	 (0.00000   )
495	-0.12042  	0.11444   	0.51797   	2211.23789	 (0.00000   )
496	-0.01224  	0.12777   	-0.21654  	2238.77657	 (-0.00000  )
497	-0.01094  	-0.09042  	-0.15965  	2227.72917	 (0.00000   )
498	0.06389   	-0.00260  	0.17325   	2248.69737	 (-0.00000  )
499	0.00372   	0.18582   	-0.01268  	2238.37614	 (-0.00000  )
500	-0.01760  	-0.21611  	0.30914   	2242.55090	 (-0.00000  )
501	0.18445   	0.00346   	0.07406   	2249.99625	 (0.00000   )
502	-0.31474  	-0.29543  	-0.07815  	2230.47347	 (0.00000   )
503	-0.11525  	-0.05187  	0.13921   	2211.05394	 (0.00000   )
504	0.20786   	0.41197   	-0.04728  	2210.27005	 (0.00000   )
505	0.08762   	-0.09575  	0.20493   	2233.21629	 (-0.00000  )
506	-0.17263  	-0.13607  	0.69934   	2268.21329	 (-0.00000  )
507	-0.24140  	0.23131   	-0.22844  	2235.68288	 (-0.00000  )
508	-0.11606  	0.02026   	-0.39012  	2210.79452	 (0.00000   )
509	0.28430   	0.21251   	0.81669   	2203.58265	 (-0.00000  )
510	-0.27033  	-0.04901  	0.18117   	2223.88716	 (-0.00000  )
511	0.16092   	0.00987   	0.27864   	2217.36928	 (0.00000   )
512	0.08920   	-0.39525  	-0.84651  	2218.54038	 (-0.00000  )
513	0.11203   	-0.17528  	-0.50812  	2200.31565	 (-0.00000  )
514	0.31703   	-0.31010  	0.25251   	2245.90165	 (0.00000   )
515	-0.35295  	0.58288   	-0.11366  	2254.22338	 (0.00000   )
516	0.39572   	-0.25753  	0.24453   	2247.72651	 (0.00000   )
517	-0.09526  	-0.06472  	0.09911   	2259.88154	 (0.00000   )
518	-0.28705  	0.42314   	-0.71525  	2236.24874	 (-0.00000  )
519	0.19744   	0.04727   	-0.12963  	2261.26654	 (0.00000   )
520	0.21448   	-0.61349  	0.22384   	2242.85512	 (-0.00000  )
521	0.00432   	-0.01208  	-0.01705  	1974.19086	 (-0.00000  )
522	0.55628   	-0.79348  	0.06691   	2225.61970	 (-0.00000  )
523	-0.39829  	0.49196   	0.11215   	2238.25247	 (-0.00000  )
524	-0.02259  	0.09692   	0.06714   	2245.41827	 (0.00000   )
525	0.01187   	0.13514   	-0.07995  	2229.95779	 (0.00000   )
526	0.04308   	-0.04561  	-0.02579  	2207.87600	 (0.00000   )
527	-0.16493  	0.04957   	-0.10618  	2222.54480	 (-0.00000  )
528	-0.01484  	0.00360   	-0.11428  	2195.17875	 (0.00000   )
529	-0.02286  	-0.03459  	0.14084   	2207.08667	 (-0.00000  )
530	-0.02947  	0.04748   	0.09578   	2204.65815	 (-0.00000  )
531	0.00737   	-0.01302  	-0.02169  	1978.07660	 (0.00000   )
532	0.10706   	-0.13784  	-0.07091  	2228.19339	 (-0.00000  )
533	0.03682   	-0.00173  	0.00146   	1980.62414	 (-0.00000  )
534	-0.31295  	0.34441   	-0.27112  	2191.51542	 (0.00000   )
535	0.01574   	-0.49486  	0.09452   	2201.10352	 (0.00000   )
536	0.31635   	0.26664   	0.07455   	2234.20154	 (-0.00000  )
537	0.00378   	0.00806   	-0.01026  	1978.53706	 (0.00000   )
538	-0.29148  	0.07947   	0.10588   	2226.84801	 (-0.00000  )
539	-0.00567  	-0.08487  	0.11857   	2209.26129	 (-0.00000  )
540	0.10159   	-0.04113  	0.21685   	2221.29814	 (-0.00000  )
541	0.03417   	-0.04525  	-0.34791  	2211.30685	 (0.00000   )
542	0.43624   	-0.21254  	0.01847   	2199.41456	 (-0.00000  )
543	-0.29722  	0.16094   	-0.05470  	2215.64684	 (0.00000   )
544	0.27680   	-0.65006  	-0.15219  	2231.43276	 (-0.00000  )
545	-0.31236  	0.53195   	-0.23294  	2212.71755	 (0.00000   )
546	-0.04141  	0.15976   	0.41831   	2215.33593	 (-0.00000  )
547	0.02936   	-0.05245  	0.15757   	2219.34555	 (0.00000   )
548	-0.00952  	0.06544   	-0.07285  	2225.98027	 (0.00000   )
549	-0.04423  	0.02383   	0.05540   	2236.94359	 (0.00000   )
550	0.07549   	0.09253   	-0.00944  	2221.80978	 (0.00000   )
551	-0.11371  	-0.01907  	0.05329   	2224.63806	 (-0.00000  )
552	-0.00095  	-0.01503  	0.00340   	1974.53858	 (0.00000   )
553	0.06119   	-0.01469  	0.00343   	2220.11021	 (0.00000   )
554	-0.02541  	-0.01985  	-0.01358  	2209.81539	 (0.00000   )
555	-0.00239  	0.01655   	0.06820   	2215.64158	 (0.00000   )
556	-0.13570  	0.10294   	-0.22102  	1993.97218	 (-0.00000  )
557	0.15668   	-0.06930  	-0.09501  	1988.53757	 (0.00000   )
558	-0.10898  	0.09588   	-0.18232  	2219.87427	 (-0.00000  )
559	0.09577   	-0.07745  	0.07932   	2206.26740	 (0.00000   )
560	-0.00304  	-0.02681  	0.21013   	1981.76447	 (-0.00000  )
561	0.01038   	-0.03625  	0.01071   	2219.18472	 (0.00000   )
562	0.00009   	0.00541   	-0.00114  	2187.26540	 (0.00000   )
563	0.00028   	-0.03603  	-0.42752  	2021.44612	 (-0.00000  )
564	0.02843   	-0.00268  	-0.00350  	2186.76964	 (-0.00000  )
565	-0.00999  	0.02543   	-0.00719  	2208.79367	 (0.00000   )
566	-0.00995  	-0.01074  	-0.10274  	2196.45896	 (0.00000   )
567	-0.00368  	-0.01244  	0.07658   	2188.09165	 (-0.00000  )
568	0.05053   	0.08319   	0.20112   	2034.42423	 (0.00000   )
569	-0.01325  	0.02190   	0.03839   	2216.76073	 (0.00000   )
570	0.01352   	0.00034   	-0.09946  	2209.67796	 (0.00000   )
571	0.00161   	0.00274   	0.05710   	2201.16054	 (0.00000   )
572	0.16296   	-0.08067  	0.37743   	2034.94255	 (-0.00000  )
573	-0.59599  	0.73690   	-0.15288  	2136.81077	 (-0.00000  )
574	-0.03086  	0.01875   	0.00037   	2214.72171	 (0.00000   )
575	0.03995   	-0.03330  	-0.06599  	2216.78716	 (0.00000   )
576	-0.55583  	0.53013   	0.04647   	2126.97746	 (0.00000   )
577	-0.05103  	0.04887   	0.09023   	2218.00723	 (0.00000   )
578	0.04812   	-0.03488  	0.00363   	2220.23589	 (0.00000   )
579	-0.17161  	0.01173   	-0.19004  	2011.59578	 (-0.00000  )
580	0.16981   	-0.00395  	0.03817   	2013.78827	 (0.00000   )
581	-0.15887  	0.04155   	0.29804   	2016.62293	 (-0.00000  )
582	-0.03417  	0.01146   	-0.23767  	2227.57028	 (-0.00000  )
583	0.10308   	-0.08990  	0.23511   	2237.70811	 (-0.00000  )
584	0.07068   	0.00745   	-0.03459  	2042.76532	 (0.00000   )
585	-0.09600  	0.07216   	-0.06930  	2240.80581	 (0.00000   )
586	0.00825   	-0.02331  	0.04789   	2226.15374	 (-0.00000  )
587	1.09312   	-1.19834  	0.27254   	2220.39635	 (0.00000   )
588	-0.02421  	0.00650   	-0.01081  	2185.38136	 (0.00000   )
589	0.00388   	-0.01072  	0.00403   	2188.11964	 (-0.00000  )
590	-0.02888  	0.04114   	-0.01109  	2187.54486	 (0.00000   )
591	0.02812   	-0.03867  	0.00592   	2180.68095	 (0.00000   )
592	0.00870   	0.01078   	-0.00033  	2188.21672	 (0.00000   )
593	-0.03601  	0.00319   	-0.00595  	2187.14484	 (0.00000   )
594	0.01710   	0.00048   	0.02382   	2186.58310	 (0.00000   )
595	-0.43504  	0.41159   	0.10024   	2112.18833	 (0.00000   )
596	-0.02624  	-0.03025  	-0.05400  	2187.07100	 (0.00000   )
597	-0.04732  	0.01256   	0.02329   	2185.17589	 (-0.00000  )
598	0.07187   	-0.00135  	0.02051   	2185.05045	 (0.00000   )
599	0.01488   	0.00551   	0.00748   	2169.96723	 (0.00000   )
600	-0.00273  	0.00507   	-0.00552  	2183.86425	 (0.00000   )
601	0.19097   	-0.62687  	0.00656   	2119.89765	 (-0.00000  )
602	0.07812   	-0.17271  	-0.03210  	2108.70559	 (0.00000   )
603	-0.10555  	0.01656   	0.05627   	2104.68825	 (0.00000   )
604	0.00931   	0.00388   	-0.01926  	2217.92681	 (0.00000   )
605	0.25892   	-0.11959  	-0.02605  	2113.58694	 (0.00000   )
606	0.05754   	-0.01922  	0.00385   	2208.25869	 (0.00000   )
607	-0.05203  	0.04141   	-0.00579  	2197.28060	 (0.00000   )
608	0.07773   	-0.02901  	-0.02353  	2116.63210	 (0.00000   )
609	0.12075   	-0.14937  	-0.11822  	2114.81233	 (-0.00000  )
610	-0.00908  	-0.02921  	0.02013   	2241.75827	 (0.00000   )
611	0.05162   	-0.05001  	-0.01238  	2254.75360	 (-0.00000  )
612	0.10186   	-0.33142  	0.02166   	2131.65180	 (-0.00000  )
613	-0.08050  	0.05534   	0.01155   	2210.65730	 (-0.00000  )
614	0.03542   	0.03502   	0.03549   	2240.71882	 (-0.00000  )
615	-0.00971  	-0.03014  	-0.03211  	2230.48067	 (0.00000   )
616	0.37270   	-0.15124  	-0.31863  	2145.46545	 (-0.00000  )
617	-0.07341  	-0.00867  	0.03098   	2168.81033	 (0.00000   )
618	-0.16304  	0.08308   	0.23259   	2182.10138	 (0.00000   )
619	-0.44096  	0.57191   	0.36835   	2197.97487	 (-0.00000  )
620	0.15028   	-0.27500  	-0.07880  	2165.68331	 (-0.00000  )
621	0.40461   	-0.22765  	-0.13563  	2174.53459	 (0.00000   )
622	0.64993   	-0.57338  	0.00838   	2166.18774	 (-0.00000  )
623	-0.43875  	0.31445   	-0.62242  	2162.64149	 (-0.00000  )
624	0.07271   	-0.10024  	0.25809   	2156.02307	 (0.00000   )
625	-0.30745  	0.10885   	-0.43791  	2158.56075	 (-0.00000  )
626	-0.05420  	0.32582   	0.52281   	2169.23244	 (0.00000   )
627	0.24904   	0.08155   	-0.19119  	2196.35445	 (-0.00000  )
628	-0.29326  	-0.15895  	0.06861   	2193.13018	 (-0.00000  )
629	0.55080   	-0.65270  	-0.04117  	2206.59359	 (0.00000   )
630	0.33624   	0.22140   	0.01877   	2174.92027	 (-0.00000  )
631	-0.44107  	0.09447   	0.71800   	2212.69989	 (-0.00000  )
632	-0.12406  	0.07063   	-0.66106  	2168.13106	 (0.00000   )
633	-0.76409  	-0.60926  	-0.35078  	2185.43985	 (0.00000   )
634	0.00560   	0.00031   	0.00543   	1885.72596	 (-0.00000  )
635	-0.15841  	0.44715   	-0.33067  	2206.42521	 (0.00000   )
636	0.56555   	-0.32069  	0.03522   	2203.75271	 (-0.00000  )
637	0.02365   	-0.00734  	0.03170   	1883.79804	 (0.00000   )
638	-0.23791  	-0.23342  	0.59525   	2206.69156	 (0.00000   )
639	-0.01888  	-0.00331  	-0.01860  	1885.19227	 (-0.00000  )
640	-1.04855  	0.33604   	-0.28185  	2227.46575	 (0.00000   )
641	0.00024   	-0.00920  	0.01781   	1886.90159	 (-0.00000  )
642	0.46840   	0.08418   	-0.35242  	2214.10598	 (-0.00000  )
643	0.13595   	-0.35474  	0.30717   	2207.05976	 (-0.00000  )
644	0.20069   	0.20037   	0.13148   	2228.37961	 (0.00000   )
645	0.60317   	-0.84628  	-0.07279  	2224.12130	 (-0.00000  )
646	0.12632   	0.17093   	0.50897   	2220.76502	 (0.00000   )
647	-0.15917  	0.34362   	-0.44676  	2213.73406	 (-0.00000  )
648	0.04125   	0.52128   	0.26674   	2213.98865	 (-0.00000  )
649	0.16430   	0.24187   	0.27881   	2222.00237	 (0.00000   )
650	-0.01061  	-0.00114  	-0.03286  	1892.86622	 (-0.00000  )
651	0.47761   	-0.25846  	-0.37863  	2220.47083	 (-0.00000  )
652	-0.45382  	0.34195   	-0.90827  	2197.57405	 (0.00000   )
653	-0.04655  	-0.06053  	0.19411   	2231.61407	 (0.00000   )
654	-0.01581  	-0.04391  	0.12234   	1893.98377	 (0.00000   )
655	0.02688   	0.04524   	-0.14126  	1894.13648	 (-0.00000  )
656	0.10182   	-0.70764  	-0.62586  	2209.01533	 (0.00000   )
657	0.94134   	-0.31807  	0.76467   	2208.03197	 (0.00000   )
658	-0.00220  	0.00043   	0.00316   	1892.44547	 (0.00000   )
659	-0.08360  	-0.77179  	-0.79148  	2213.75344	 (-0.00000  )
660	-0.62228  	-0.45721  	-0.20892  	2225.09578	 (-0.00000  )
661	-0.59810  	-1.32108  	0.32897   	2209.98747	 (0.00000   )
662	0.07536   	0.15678   	-0.21262  	2233.22501	 (-0.00000  )
663	0.11794   	-0.39264  	0.03053   	2219.82080	 (-0.00000  )
664	0.25420   	-0.84849  	-0.27777  	2220.96632	 (0.00000   )
665	0.09052   	0.10786   	-0.66670  	2179.65858	 (0.00000   )
666	0.29108   	0.20636   	0.14361   	2194.22378	 (0.00000   )
667	0.92946   	-0.04050  	0.17216   	2190.79527	 (0.00000   )
668	-0.61499  	-0.21330  	-1.16639  	2210.33672	 (-0.00000  )
669	0.18257   	-0.31532  	-0.41229  	2175.80098	 (0.00000   )
670	-0.30051  	-0.11864  	0.29645   	2199.53223	 (0.00000   )
671	0.32814   	0.15253   	0.02938   	2204.91465	 (0.00000   )
672	-0.32220  	-0.07945  	-0.47360  	2182.08033	 (-0.00000  )
673	0.13051   	-0.77487  	0.96508   	2188.79746	 (-0.00000  )
674	-0.45106  	0.16485   	-0.37065  	2186.12831	 (0.00000   )
675	-0.27385  	0.01355   	0.28064   	2197.94563	 (-0.00000  )
676	-0.13138  	-0.09701  	-0.47349  	2205.10516	 (0.00000   )
677	-0.27879  	0.08561   	1.06184   	2187.53122	 (0.00000   )
678	0.05500   	-0.17420  	0.00509   	2184.67746	 (0.00000   )
679	-0.54575  	0.44418   	-0.27672  	2176.22000	 (-0.00000  )
680	0.53717   	-0.26777  	0.44550   	2199.32925	 (-0.00000  )
681	-0.01190  	-0.40202  	0.40896   	2198.14831	 (-0.00000  )
682	0.20511   	-0.42741  	-0.26240  	2192.60492	 (0.00000   )
683	0.04441   	-0.15677  	0.23385   	2184.57459	 (0.00000   )
684	0.69183   	-0.35029  	0.69646   	2198.29802	 (0.00000   )
685	-0.02523  	0.15226   	0.49311   	2195.20403	 (0.00000   )
686	0.20175   	0.06608   	0.18899   	2196.44555	 (0.00000   )
687	0.36811   	0.15417   	0.04657   	2184.11108	 (0.00000   )
688	0.08738   	-0.14157  	-0.20957  	2206.68840	 (-0.00000  )
689	0.26217   	0.02266   	0.84981   	2199.70321	 (0.00000   )
690	-0.12740  	-0.07447  	0.12845   	2195.94312	 (-0.00000  )
691	0.05052   	-0.26178  	-0.32305  	2187.30162	 (-0.00000  )
692	0.05251   	0.33294   	0.27221   	2205.84157	 (-0.00000  )
693	-0.18851  	0.32687   	0.05073   	1967.81318	 (0.00000   )
694	0.31940   	-0.30840  	0.04596   	2214.18468	 (-0.00000  )
695	-0.19168  	0.63566   	-0.24831  	2198.43811	 (-0.00000  )
696	0.52274   	0.22693   	0.02070   	2199.55641	 (-0.00000  )
697	-0.04239  	-0.27539  	0.33338   	1966.31892	 (-0.00000  )
698	-0.19646  	0.27077   	0.31649   	2189.69936	 (-0.00000  )
699	-0.31407  	-0.07629  	0.55375   	2188.97310	 (0.00000   )
700	0.18217   	-0.04235  	-0.35280  	1973.39677	 (0.00000   )
701	0.06171   	-0.20037  	-0.09334  	2199.16278	 (-0.00000  )
702	0.14700   	-0.32927  	-0.10429  	2208.73074	 (-0.00000  )
703	-0.72565  	-0.05510  	-0.19557  	2194.31421	 (-0.00000  )
704	-0.25902  	0.62185   	-0.16074  	2202.86571	 (-0.00000  )
705	0.27230   	0.34762   	-0.40337  	2211.69453	 (-0.00000  )
706	0.39824   	-0.21603  	-0.02967  	2210.98017	 (0.00000   )
707	0.02600   	-0.00472  	-0.02817  	1969.30235	 (-0.00000  )
708	-0.55562  	0.47479   	0.39886   	2194.49018	 (-0.00000  )
709	-0.42061  	0.74546   	-0.22022  	2202.92478	 (-0.00000  )
710	0.19811   	-0.00759  	-0.39877  	2203.62731	 (-0.00000  )
711	0.49095   	-0.86719  	0.02201   	2204.07908	 (0.00000   )
712	-0.21096  	-0.49691  	0.10234   	2192.54413	 (-0.00000  )
713	0.29658   	-0.31990  	-0.22187  	2196.82628	 (-0.00000  )
714	-0.23209  	-0.59446  	0.44064   	2199.28122	 (0.00000   )
715	-0.28868  	0.27552   	0.24617   	2208.57431	 (0.00000   )
716	0.07559   	0.06235   	0.01029   	2193.91976	 (-0.00000  )
717	-0.64175  	0.30011   	0.39593   	2194.13789	 (-0.00000  )
718	-0.18180  	0.18203   	-0.02017  	2186.02522	 (-0.00000  )
719	0.36723   	-0.57945  	0.88350   	2202.61501	 (-0.00000  )
720	0.28404   	0.29765   	0.22223   	2206.40160	 (0.00000   )
721	0.07811   	-0.62619  	0.08304   	2218.07624	 (-0.00000  )
722	0.03449   	-0.30068  	-0.38683  	2189.48001	 (0.00000   )
723	0.14503   	0.27888   	0.02893   	2206.26780	 (0.00000   )
724	-0.26021  	0.17901   	0.04553   	2209.51051	 (-0.00000  )
725	-0.39822  	-0.43079  	-0.28870  	2211.57733	 (-0.00000  )
726	0.05939   	-0.50640  	-0.43023  	2214.29353	 (0.00000   )
727	0.08118   	0.63604   	-0.41387  	2219.87568	 (0.00000   )
728	-0.54582  	-0.17750  	-0.61185  	2201.57578	 (0.00000   )
729	0.00629   	0.15382   	-0.33685  	2192.96652	 (-0.00000  )
730	-0.59342  	0.22860   	-0.26508  	2228.59485	 (0.00000   )
731	0.08972   	0.10160   	-0.06725  	2204.39136	 (-0.00000  )
732	0.46278   	0.16228   	0.11169   	2227.28827	 (-0.00000  )
733	-0.03519  	-0.13216  	0.23923   	2203.26904	 (0.00000   )
734	0.28582   	-0.15522  	-0.22164  	2222.24049	 (-0.00000  )
735	-0.18057  	-0.12266  	-0.30992  	2205.83915	 (-0.00000  )
736	0.53251   	-0.22788  	0.05785   	2218.39726	 (-0.00000  )
737	-0.17513  	-0.38210  	-0.17342  	2234.84130	 (0.00000   )
738	0.13478   	-0.29692  	0.27112   	2245.28132	 (-0.00000  )
739	-0.12429  	-0.49458  	-0.37207  	2192.76474	 (0.00000   )
740	-0.25843  	-0.30237  	0.15281   	2223.33223	 (-0.00000  )
741	-0.33595  	-0.11165  	-0.32891  	2242.79664	 (-0.00000  )
742	0.02385   	0.01601   	0.25460   	2214.19403	 (0.00000   )
743	0.40926   	-0.13123  	0.00298   	2196.07544	 (0.00000   )
744	0.12898   	0.14979   	-0.61070  	2226.32940	 (-0.00000  )
745	0.03241   	-0.56866  	-0.29498  	2218.77382	 (-0.00000  )
746	0.00117   	0.00242   	-0.30404  	2194.32011	 (0.00000   )
747	-0.07675  	-0.34507  	-0.17831  	2222.00838	 (-0.00000  )
748	0.29182   	-0.14636  	0.08891   	2260.29636	 (-0.00000  )
749	0.14914   	-0.08513  	-0.13039  	2216.16768	 (0.00000   )
750	0.29756   	-0.02000  	0.49988   	2224.62961	 (0.00000   )
751	0.13458   	-0.46631  	0.52030   	2244.57715	 (0.00000   )
752	0.53047   	-0.07889  	0.07637   	2217.41659	 (-0.00000  )
753	-0.26705  	0.11755   	-0.39337  	2226.38337	 (0.00000   )
754	0.31124   	-0.20199  	-0.09445  	2236.75563	 (0.00000   )
755	0.07830   	0.22637   	-0.23808  	2251.87061	 (-0.00000  )
756	0.53821   	-0.05258  	0.11181   	2231.69359	 (-0.00000  )
757	-0.52678  	-0.02560  	-0.38931  	2243.38084	 (-0.00000  )
758	0.36823   	0.37383   	0.34617   	2242.62637	 (0.00000   )
759	-0.06100  	0.16865   	0.02902   	2222.13166	 (-0.00000  )
760	0.15623   	-0.39825  	0.47942   	2259.44151	 (-0.00000  )
761	0.04629   	0.12809   	-0.07331  	2274.66076	 (0.00000   )
762	0.35139   	0.20286   	-0.02730  	2262.85593	 (-0.00000  )
763	-0.46691  	0.37931   	0.09210   	2304.51900	 (-0.00000  )
764	-0.24336  	0.35625   	0.21793   	2280.89029	 (-0.00000  )
765	-0.49895  	-0.33847  	-0.60661  	2291.38205	 (-0.00000  )
766	0.33608   	0.09064   	0.89011   	2241.76356	 (0.00000   )
767	-0.25747  	0.23559   	-0.05028  	2286.19201	 (-0.00000  )
768	-0.44374  	-0.92687  	-0.16263  	2280.24075	 (0.00000   )
769	0.41252   	0.36448   	0.38433   	2299.99669	 (-0.00000  )
770	0.14363   	0.40784   	-0.07571  	2264.18984	 (0.00000   )
771	0.22812   	-0.07416  	0.40658   	2280.47915	 (0.00000   )
772	-0.01620  	-0.00428  	0.31079   	2232.75026	 (-0.00000  )
773	0.33232   	-0.51661  	-0.03437  	2269.11655	 (0.00000   )
774	-0.21674  	-0.66425  	-0.05528  	2266.61122	 (-0.00000  )
775	0.10269   	-0.15770  	0.07664   	2308.53509	 (-0.00000  )
776	-0.63818  	0.65492   	-0.05852  	2287.87190	 (0.00000   )
777	0.59618   	-0.01815  	0.84975   	2313.16437	 (0.00000   )
778	0.45735   	-0.57547  	-0.86462  	2303.15154	 (0.00000   )
779	0.39885   	0.18804   	-0.40982  	2325.79643	 (0.00000   )
780	-0.72520  	0.43806   	-1.06815  	2331.21151	 (-0.00000  )
781	-0.18369  	0.29665   	0.01795   	2320.77670	 (0.00000   )
782	-0.25215  	-0.41842  	-0.90984  	2313.48832	 (0.00000   )
783	0.27058   	-0.23036  	-0.54302  	2294.97504	 (0.00000   )
784	-0.32275  	-0.17389  	-0.23725  	2307.26415	 (0.00000   )
785	0.55733   	-0.00576  	-0.02145  	2331.24136	 (0.00000   )
786	-0.05735  	0.36082   	0.98656   	2347.67971	 (-0.00000  )
787	0.40397   	-0.36328  	-0.71855  	2331.00731	 (0.00000   )
788	-0.11403  	0.26911   	0.52705   	2349.98158	 (0.00000   )
789	0.52012   	-0.31567  	-0.22068  	2349.64851	 (0.00000   )
790	0.27825   	-0.18420  	0.07066   	2359.95216	 (-0.00000  )
791	-0.26599  	-0.03955  	-0.03798  	2390.24633	 (0.00000   )
792	-0.21847  	0.12629   	0.56532   	2353.68126	 (0.00000   )
793	-0.21554  	-0.21394  	-0.00600  	2371.17958	 (-0.00000  )
794	0.29287   	-0.32401  	0.20069   	2323.22648	 (0.00000   )
795	-0.40126  	0.54284   	-0.26555  	2345.59791	 (-0.00000  )
796	0.22671   	-0.13702  	0.12298   	2361.89059	 (0.00000   )
797	0.13226   	-0.25528  	0.18817   	2319.44431	 (0.00000   )
798	-0.10318  	0.23541   	0.13698   	2342.01238	 (0.00000   )
799	0.02959   	-0.13042  	-0.10994  	2338.31428	 (0.00000   )
800	0.05818   	-0.09444  	0.68109   	2342.77064	 (-0.00000  )
801	0.17290   	0.22154   	-0.41250  	2358.88254	 (-0.00000  )
802	-0.14824  	-0.19298  	-0.28662  	2349.64428	 (0.00000   )
803	0.54129   	-0.07960  	-0.49462  	2357.80840	 (0.00000   )
804	-0.82555  	0.64612   	-0.52675  	2334.78824	 (-0.00000  )
805	-0.23289  	-0.47096  	-0.25796  	2327.03842	 (0.00000   )
806	0.40381   	0.12712   	-0.29091  	2332.18495	 (0.00000   )
807	-0.02192  	0.02235   	0.40514   	2330.54716	 (-0.00000  )
808	-0.06217  	-0.00459  	-0.28496  	2325.71239	 (0.00000   )
809	0.17284   	-0.44601  	-0.13335  	2352.43262	 (0.00000   )
810	0.21091   	0.35788   	0.65545   	2383.19538	 (0.00000   )
811	-0.33370  	0.22998   	0.08631   	2366.56557	 (0.00000   )
812	0.00584   	-0.48091  	0.00109   	2361.39351	 (-0.00000  )
813	0.46384   	0.11669   	-0.26466  	2361.60449	 (0.00000   )
814	0.30020   	-1.18940  	0.05809   	2350.95594	 (-0.00000  )
815	0.68761   	0.03047   	0.37727   	2336.50678	 (-0.00000  )
816	-0.90475  	0.51822   	0.20548   	2327.71254	 (0.00000   )
817	-0.47385  	0.33319   	0.34297   	2326.81497	 (0.00000   )
818	-0.04086  	0.28843   	-0.09654  	2332.27069	 (0.00000   )
819	-0.64066  	-0.00557  	0.32089   	2341.80029	 (-0.00000  )
820	-0.21667  	-0.48619  	0.20836   	2342.61215	 (-0.00000  )
821	0.67514   	0.07874   	-0.22965  	2343.20225	 (-0.00000  )
822	0.47921   	-0.43104  	-0.18714  	2354.20055	 (0.00000   )
823	0.47319   	-0.32148  	0.00878   	2381.51301	 (0.00000   )
824	0.22701   	-0.00742  	0.06389   	2357.25682	 (-0.00000  )
825	-0.73867  	0.01339   	0.16167   	2388.15734	 (-0.00000  )
826	0.03652   	0.63653   	0.16115   	2385.79524	 (-0.00000  )
827	-0.07558  	0.28079   	0.63005   	2340.47069	 (-0.00000  )
828	-0.40261  	0.09044   	-0.77079  	2356.96673	 (-0.00000  )
829	-0.06064  	-0.26974  	-0.63657  	2360.14834	 (-0.00000  )
830	-0.94481  	0.81217   	-0.36563  	2366.85526	 (-0.00000  )
831	0.82510   	-0.52420  	0.72228   	2378.61823	 (0.00000   )
832	0.12957   	0.08066   	-0.10379  	2368.26275	 (0.00000   )
833	0.13967   	-0.19113  	-0.61694  	2378.93757	 (0.00000   )
834	0.64868   	-0.95525  	-0.65751  	2384.86459	 (0.00000   )
835	-0.36087  	0.74592   	1.00511   	2353.64119	 (-0.00000  )
836	-0.25454  	0.28474   	-0.17882  	2355.77063	 (-0.00000  )
837	0.36583   	0.10805   	1.71193   	2346.73494	 (-0.00000  )
838	0.03861   	-0.48527  	-1.60911  	2346.96323	 (0.00000   )
839	0.07487   	0.15727   	0.05966   	2388.68666	 (-0.00000  )
840	-0.08754  	0.12240   	-0.00569  	2390.35528	 (0.00000   )
841	0.04530   	-0.02884  	0.34102   	2397.24205	 (0.00000   )
842	0.30596   	-0.12375  	-0.08995  	2380.37429	 (0.00000   )
843	0.10544   	-0.40739  	-0.02903  	2379.16078	 (-0.00000  )
844	0.56378   	-0.32025  	0.82312   	2333.19597	 (0.00000   )
845	-0.62637  	0.37161   	-1.03161  	2330.55174	 (0.00000   )
846	0.20328   	-0.16691  	-0.65851  	2353.65043	 (-0.00000  )
847	-0.45626  	0.23810   	0.01669   	2349.87842	 (-0.00000  )
848	0.10792   	-0.12604  	0.11036   	2322.73367	 (0.00000   )
849	-0.38998  	0.15271   	0.37824   	2352.29331	 (-0.00000  )
850	0.34128   	-1.00990  	0.46923   	2339.58458	 (0.00000   )
851	0.33782   	0.39559   	-0.01909  	2338.07003	 (-0.00000  )
852	-0.21112  	0.34390   	-0.95450  	2316.32473	 (-0.00000  )
853	-0.49177  	0.52753   	0.16236   	2364.66527	 (-0.00000  )
854	0.25896   	0.15226   	0.16112   	2371.63401	 (0.00000   )
855	-0.06324  	-0.13521  	0.74118   	2357.00048	 (-0.00000  )
856	0.11411   	-0.18000  	-0.70627  	2350.27994	 (0.00000   )
857	-0.57658  	0.18583   	-0.06261  	2326.75255	 (-0.00000  )
858	0.05026   	-0.06910  	0.01153   	2120.93395	 (-0.00000  )
859	0.14631   	0.11919   	-0.42195  	2349.74087	 (0.00000   )
860	-0.20204  	0.00372   	0.46790   	2350.60007	 (0.00000   )
861	0.05583   	0.21684   	-0.05335  	2356.82369	 (0.00000   )
862	0.35559   	-0.38998  	0.36531   	2333.97636	 (-0.00000  )
863	0.10754   	-0.08366  	-0.01113  	2131.85888	 (-0.00000  )
864	-0.53468  	0.35741   	0.07885   	2326.67811	 (0.00000   )
865	-0.03286  	0.06046   	0.01304   	2143.04568	 (-0.00000  )
866	0.25216   	0.40668   	-0.25318  	2335.89940	 (0.00000   )
867	0.80720   	0.18473   	-0.28184  	2353.34062	 (-0.00000  )
868	-0.01692  	-0.00869  	-0.10332  	2144.43071	 (0.00000   )
869	-0.48350  	-0.07417  	0.34465   	2340.89012	 (-0.00000  )
870	-0.70877  	-0.49528  	0.35408   	2321.53749	 (0.00000   )
871	0.18744   	0.00767   	0.78334   	2300.48794	 (0.00000   )
872	-0.40427  	-1.04376  	-1.18463  	2326.83315	 (0.00000   )
873	0.25378   	0.34149   	0.23983   	2315.60774	 (0.00000   )
874	0.02480   	-0.07588  	0.03268   	2123.87428	 (0.00000   )
875	0.16346   	0.31483   	0.00513   	2305.89297	 (-0.00000  )
876	1.17551   	-0.65942  	-0.14096  	2341.49669	 (-0.00000  )
877	-0.67597  	1.09277   	-0.02501  	2330.67986	 (0.00000   )
878	0.02115   	0.02610   	-0.00281  	2162.72653	 (-0.00000  )
879	0.55418   	-0.50769  	0.60711   	2340.44484	 (-0.00000  )
880	-0.00032  	0.04911   	-0.03311  	2173.54866	 (0.00000   )
881	-1.03497  	0.50651   	-1.31871  	2356.03586	 (-0.00000  )
882	0.00194   	-0.02894  	-0.03286  	2156.74725	 (-0.00000  )
883	0.38830   	0.62258   	0.38102   	2335.12233	 (-0.00000  )
884	0.09070   	-0.67685  	0.13184   	2351.81514	 (0.00000   )
885	-0.74280  	0.66261   	0.05110   	2342.56179	 (-0.00000  )
886	0.04670   	-0.02742  	0.10374   	2159.93010	 (0.00000   )
887	0.36509   	-1.22781  	-0.12231  	2339.07570	 (0.00000   )
888	-0.14771  	0.51921   	-0.29353  	2337.12328	 (0.00000   )
889	0.01743   	-0.01746  	0.01023   	2144.68985	 (-0.00000  )
890	-0.44550  	0.16529   	0.19604   	2346.38387	 (-0.00000  )
891	-0.35734  	-0.13584  	-0.20197  	2344.04755	 (0.00000   )
892	0.97495   	-0.31269  	0.40404   	2340.01201	 (0.00000   )
893	0.00654   	-0.01032  	0.03575   	2101.24130	 (-0.00000  )
894	0.76827   	-0.31333  	0.53284   	2323.52404	 (-0.00000  )
895	-0.01096  	0.02381   	0.04160   	2122.56700	 (-0.00000  )
896	0.14487   	0.45509   	-0.08222  	2325.80045	 (-0.00000  )
897	-0.73091  	-0.78947  	-0.13867  	2323.41322	 (0.00000   )
898	-0.20865  	0.17760   	0.14568   	2315.53248	 (-0.00000  )
899	-0.01713  	0.02940   	-0.02484  	2123.15890	 (-0.00000  )
900	0.25492   	0.26502   	-0.12583  	2331.13947	 (-0.00000  )
901	-0.40052  	0.25371   	-0.07769  	2214.58265	 (0.00000   )
902	0.56914   	-0.14335  	-0.49906  	2160.44984	 (0.00000   )
903	0.27522   	-1.21011  	0.20611   	2329.08521	 (0.00000   )
904	-0.47700  	0.18360   	0.56948   	2156.59721	 (-0.00000  )
905	-0.29257  	0.59978   	-0.01431  	2318.78712	 (-0.00000  )
906	0.00650   	0.04427   	-0.02291  	2198.08733	 (0.00000   )
907	-0.12471  	-0.18239  	-0.03258  	2313.30936	 (0.00000   )
908	-0.46490  	-0.31049  	-0.30263  	2157.98575	 (0.00000   )
909	1.07559   	0.30452   	0.87406   	2290.64191	 (0.00000   )
910	0.45246   	-0.17869  	0.41711   	2204.28931	 (-0.00000  )
911	-0.55594  	0.10589   	-1.03796  	2255.82245	 (-0.00000  )
912	0.23452   	-0.27899  	0.16911   	2278.71833	 (-0.00000  )
913	0.84442   	-0.68430  	-0.77871  	2308.00777	 (0.00000   )
914	-0.80506  	0.70314   	0.53267   	2281.69718	 (-0.00000  )
915	0.05655   	0.19257   	0.01231   	2225.49925	 (0.00000   )
916	-0.42776  	0.49664   	0.06279   	2226.62666	 (-0.00000  )
917	1.30760   	-1.25990  	-0.37793  	2373.27618	 (0.00000   )
918	-1.58398  	1.64157   	0.32242   	2386.19748	 (0.00000   )
919	-0.06008  	-0.06213  	-0.33287  	2219.53475	 (0.00000   )
920	-0.11195  	-0.09787  	0.16009   	2355.68107	 (-0.00000  )
921	-0.02507  	-0.13360  	0.45954   	2222.61934	 (0.00000   )
922	-0.46456  	0.36533   	0.58463   	2219.17895	 (0.00000   )
923	-0.21313  	0.26778   	0.05512   	2347.18682	 (0.00000   )
924	-0.07565  	-0.02528  	0.05120   	2261.03750	 (-0.00000  )
925	-0.03001  	-0.04021  	0.07423   	2220.41310	 (0.00000   )
926	0.33649   	-0.12037  	-0.06199  	2268.33457	 (0.00000   )
927	-0.15721  	-0.00943  	-0.07445  	2264.82400	 (-0.00000  )
928	-0.08666  	0.03815   	0.01022   	2257.34594	 (0.00000   )
929	0.81482   	0.66558   	-0.07196  	2191.49710	 (-0.00000  )
930	-0.21343  	0.05405   	-0.24385  	2186.77082	 (0.00000   )
931	0.00769   	0.08937   	0.00489   	2246.71809	 (-0.00000  )
932	0.27982   	-0.02311  	0.29600   	2192.77497	 (-0.00000  )
933	-0.81514  	-2.17923  	-0.05688  	2201.79223	 (0.00000   )
934	1.18664   	0.39530   	-0.13324  	2208.52978	 (-0.00000  )
935	-0.19324  	0.15297   	0.11684   	2221.71717	 (-0.00000  )
936	0.18761   	-0.22815  	-0.11185  	2225.06895	 (0.00000   )
937	-0.23889  	0.02220   	0.03425   	2190.21027	 (-0.00000  )
938	0.04311   	0.09054   	-0.10447  	2195.04666	 (-0.00000  )
939	1.54294   	0.23791   	-0.07663  	2196.23937	 (-0.00000  )
940	-1.41681  	-0.41737  	0.18191   	2205.42824	 (-0.00000  )
941	0.00714   	0.00957   	0.00423   	2200.63954	 (0.00000   )
942	-0.02458  	-0.32724  	-0.01819  	2190.11995	 (0.00000   )
943	0.00688   	0.30775   	-0.05059  	2193.60016	 (0.00000   )
944	0.21646   	1.58940   	0.08828   	2183.43430	 (-0.00000  )
945	-0.25590  	-1.49369  	-0.07030  	2193.84955	 (0.00000   )
946	0.26660   	0.39856   	0.03526   	2183.43756	 (0.00000   )
947	-1.12502  	0.19269   	0.05444   	2201.98849	 (0.00000   )
948	0.78204   	-0.07171  	-0.07625  	2192.18730	 (0.00000   )
949	0.07153   	-0.55090  	0.00771   	2194.67626	 (0.00000   )
950	-0.73224  	-0.05542  	0.03095   	2179.64184	 (0.00000   )
951	0.60287   	-0.02159  	-0.01974  	2193.79836	 (0.00000   )
952	-0.09763  	0.05333   	0.00856   	2177.96519	 (0.00000   )
953	0.18132   	-0.21531  	0.02556   	2182.38339	 (-0.00000  )
954	-0.08137  	0.14494   	-0.03848  	2205.19343	 (0.00000   )
955	0.18413   	-0.08845  	0.04830   	2189.42869	 (0.00000   )
956	0.03556   	0.10411   	0.00877   	2179.75177	 (-0.00000  )
957	0.22557   	-0.36492  	-0.07264  	2181.41666	 (0.00000   )
958	-0.13576  	-0.62825  	-0.23703  	2248.64944	 (0.00000   )
959	0.52203   	-0.36995  	0.44025   	2248.11767	 (0.00000   )
960	0.49804   	-0.39228  	-0.33313  	2236.13802	 (-0.00000  )
961	-2.11595  	2.01665   	0.35381   	2248.21151	 (-0.00000  )
962	-0.80845  	1.02369   	-0.43280  	2255.99207	 (0.00000   )
963	2.04061   	-1.93711  	-0.60930  	2273.00122	 (0.00000   )
964	0.43829   	-0.05718  	-0.49298  	2257.21930	 (-0.00000  )
965	2.10972   	-0.16324  	1.22135   	2249.52660	 (-0.00000  )
966	-0.14446  	-2.18832  	0.50756   	2255.27663	 (0.00000   )
967	-0.29314  	0.91229   	0.05739   	2234.21960	 (-0.00000  )
968	0.02110   	-0.00874  	-0.01909  	2069.00556	 (0.00000   )
969	-0.51890  	0.20413   	-0.28645  	2244.39442	 (0.00000   )
970	-0.79148  	0.44599   	0.87474   	2244.91618	 (0.00000   )
971	-0.07998  	-0.65057  	-0.24115  	2257.80157	 (-0.00000  )
972	0.08261   	-0.09313  	-0.00321  	2069.71910	 (0.00000   )
973	-0.05453  	0.06256   	0.14557   	2070.30960	 (-0.00000  )
974	0.29967   	-0.93280  	0.79894   	2247.79540	 (0.00000   )
975	0.34511   	0.05258   	-0.32517  	2254.40849	 (0.00000   )
976	-0.02251  	0.00070   	-0.12345  	2069.31173	 (0.00000   )
977	0.67067   	-1.65738  	-0.08315  	2291.09103	 (-0.00000  )
978	-1.44792  	1.20218   	-0.37844  	2261.55376	 (0.00000   )
979	-0.13307  	0.06967   	-0.52408  	2246.25969	 (-0.00000  )
980	0.59843   	-0.21784  	-0.01100  	2176.95872	 (-0.00000  )
981	-0.16369  	-0.59773  	0.15723   	2229.25631	 (0.00000   )
982	0.09028   	-0.10329  	0.09126   	2210.78290	 (-0.00000  )
983	0.45882   	0.03950   	-0.29683  	2215.00742	 (-0.00000  )
984	-1.25100  	0.79947   	0.08956   	2240.19563	 (-0.00000  )
985	0.15600   	-0.32124  	0.12437   	2234.02220	 (0.00000   )
986	0.21673   	-0.33493  	0.17352   	2268.26612	 (-0.00000  )
987	-0.35059  	0.02437   	-0.88661  	2306.61658	 (0.00000   )
988	-0.24136  	-0.03198  	0.96203   	2270.21693	 (0.00000   )
989	0.23492   	-0.21210  	-1.00363  	2280.74536	 (-0.00000  )
990	0.07612   	0.04047   	0.03069   	1980.02534	 (-0.00000  )
991	1.02785   	-0.75581  	0.28431   	2275.15995	 (0.00000   )
992	0.01125   	0.04569   	-0.05209  	1992.78621	 (-0.00000  )
993	-0.02219  	0.02290   	-0.33543  	2320.77026	 (-0.00000  )
994	-0.11825  	-0.07126  	0.06333   	1987.36474	 (-0.00000  )
995	0.16460   	0.01329   	0.00578   	1990.43785	 (0.00000   )
996	-0.84686  	0.32227   	-0.40896  	2336.86798	 (-0.00000  )
997	0.33418   	-0.55222  	0.20623   	2189.71868	 (-0.00000  )
998	0.67283   	-0.66015  	0.19382   	2254.95236	 (0.00000   )
999	-0.09115  	-0.07410  	0.12843   	2257.44317	 (-0.00000  )
1000	0.68879   	-0.41997  	-0.07188  	2078.46102	 (-0.00000  )
1001	-0.84614  	0.49568   	-0.42095  	2093.19140	 (0.00000   )
1002	-0.14283  	0.04259   	-0.05177  	2217.17273	 (-0.00000  )
1003	-0.38661  	-0.49021  	-0.67308  	2324.24815	 (0.00000   )
1004	0.97438   	-0.57346  	0.25138   	2097.78393	 (-0.00000  )
1005	-1.04928  	0.37895   	0.11246   	2074.19994	 (0.00000   )
1006	-0.18783  	-0.19480  	-0.85752  	2266.87687	 (0.00000   )
1007	0.13226   	-0.25687  	-0.22162  	2286.06005	 (0.00000   )
1008	-0.06794  	-0.58266  	-0.27583  	2311.09295	 (-0.00000  )
1009	0.16752   	0.02211   	0.12073   	2291.86832	 (-0.00000  )
1010	0.72676   	0.72766   	-0.05143  	2370.20688	 (-0.00000  )
1011	0.49294   	-0.28042  	0.54400   	2413.44780	 (0.00000   )
1012	-1.04490  	-0.00640  	-0.14643  	2104.48752	 (-0.00000  )
1013	0.74076   	0.31029   	1.03786   	2099.08826	 (-0.00000  )
1014	0.00591   	-0.27357  	-0.69227  	2099.63484	 (0.00000   )
1015	-0.18555  	0.47387   	0.03391   	2314.51682	 (-0.00000  )
1016	0.19675   	0.39521   	0.04583   	2092.36908	 (-0.00000  )
1017	-1.13496  	-0.29379  	-0.92498  	2372.68080	 (-0.00000  )
1018	0.15961   	0.39013   	-0.01027  	2081.96206	 (0.00000   )
1019	-0.01720  	-0.61585  	-0.09548  	2050.68665	 (0.00000   )
1020	0.05633   	0.33655   	0.04256   	2045.52197	 (0.00000   )
1021	0.13224   	0.26468   	-0.56731  	2403.02169	 (-0.00000  )
1022	-0.09998  	-0.38360  	-0.08299  	2090.11465	 (0.00000   )
1023	-1.22261  	-0.89076  	-0.76142  	2386.92262	 (-0.00000  )
1024	1.01388   	-0.31564  	1.19011   	2412.22665	 (0.00000   )
1025	0.86577   	-1.27869  	0.79016   	2397.33583	 (0.00000   )
1026	-0.08187  	-1.31183  	1.34841   	2425.95162	 (-0.00000  )
1027	-1.32636  	0.87327   	-1.56570  	2428.65446	 (0.00000   )
1028	0.68069   	-0.03459  	-0.23284  	2402.48805	 (0.00000   )
1029	0.53868   	-1.42523  	-1.73066  	2397.85940	 (0.00000   )
1030	-0.00641  	-0.40702  	-0.10397  	2370.82985	 (0.00000   )
1031	1.10176   	0.06038   	0.15463   	2384.67382	 (-0.00000  )
1032	-0.04368  	0.07833   	-0.00017  	2091.98968	 (0.00000   )
1033	1.42136   	-0.56768  	0.26279   	2362.79064	 (0.00000   )
1034	-1.16359  	0.00430   	-0.72080  	2384.46798	 (-0.00000  )
1035	-0.39102  	-1.08389  	-0.82635  	2374.01828	 (0.00000   )
1036	0.04946   	-0.11472  	0.02380   	2080.61692	 (0.00000   )
1037	0.53041   	-1.06348  	-1.37387  	2389.05457	 (0.00000   )
1038	-0.03252  	0.04538   	-0.04708  	2087.22541	 (0.00000   )
1039	0.25726   	0.04727   	-0.55499  	2366.30560	 (-0.00000  )
1040	0.03864   	-0.04110  	-0.02334  	2078.11991	 (0.00000   )
1041	-0.56845  	-0.25744  	0.52817   	2338.80650	 (0.00000   )
1042	0.70358   	-2.22663  	-0.62727  	2325.28434	 (0.00000   )
1043	-0.57511  	0.87638   	0.71653   	2357.86060	 (0.00000   )
1044	0.33775   	-0.64588  	0.80870   	2312.67936	 (0.00000   )
1045	0.46132   	0.07251   	-0.17142  	2323.50076	 (-0.00000  )
1046	0.99323   	-0.31642  	0.20523   	2313.71381	 (0.00000   )
1047	-0.40279  	0.15131   	-0.82574  	2322.34411	 (-0.00000  )
1048	0.09117   	-0.85017  	0.38088   	2321.50257	 (-0.00000  )
1049	-0.52605  	0.03040   	-0.65227  	2316.38491	 (0.00000   )
1050	0.55079   	-1.27900  	-0.43952  	2297.88183	 (0.00000   )
1051	-0.15699  	-0.45368  	-0.28300  	2298.05595	 (-0.00000  )
1052	0.44069   	-0.17336  	1.87713   	2334.48084	 (0.00000   )
1053	0.16577   	-0.89224  	-1.71435  	2337.48093	 (-0.00000  )
1054	-0.07927  	-1.31363  	-0.54646  	2317.60548	 (-0.00000  )
1055	0.58216   	0.21845   	0.82467   	2313.46146	 (0.00000   )
1056	0.50690   	-0.59698  	1.64959   	2336.88305	 (0.00000   )
1057	0.19635   	-0.91910  	-1.36774  	2341.99837	 (0.00000   )
1058	-0.33195  	-1.21059  	0.33402   	2270.85796	 (-0.00000  )
1059	0.72248   	0.52247   	0.07430   	2268.28379	 (0.00000   )
1060	0.08388   	0.20967   	0.27760   	2183.19309	 (0.00000   )
1061	0.43049   	-1.31364  	0.06353   	2183.86707	 (0.00000   )
1062	0.05383   	-0.33306  	0.03537   	2182.31293	 (0.00000   )
1063	0.55148   	-0.77724  	0.34652   	2181.54219	 (0.00000   )
1064	-1.63589  	1.69538   	0.39464   	2185.26350	 (0.00000   )
1065	2.03166   	-2.74331  	0.03728   	2180.93104	 (-0.00000  )
1066	0.48937   	-1.65617  	2.04125   	2395.13080	 (0.00000   )
1067	0.15517   	-0.23153  	0.19895   	2072.41044	 (0.00000   )
1068	0.40912   	-0.88486  	0.13758   	2071.30615	 (0.00000   )
1069	0.28113   	0.03601   	-1.55540  	2385.24233	 (-0.00000  )
1070	0.33003   	-1.20898  	-0.89504  	2303.85068	 (0.00000   )
