0	0.00176   	-0.00460  	-0.00386  	1.94294   	 (0.00000   )
1	-0.00059  	0.00478   	-0.06179  	1.37136   	 (-0.00000  )
2	-0.00001  	-0.00424  	0.06176   	1.38960   	 (0.00000   )
3	-0.00111  	0.00391   	0.00380   	1.30140   	 (-0.00000  )
4	0.00444   	-0.00571  	-0.00284  	1.93934   	 (0.00000   )
5	-0.01729  	-0.00921  	-0.00058  	1.33933   	 (0.00000   )
6	0.01412   	0.00907   	-0.00080  	1.93733   	 (0.00000   )
7	0.00206   	-0.00180  	0.00057   	1.26290   	 (-0.00000  )
8	0.00036   	-0.00206  	-0.00360  	1.26957   	 (-0.00000  )
9	0.00021   	0.00231   	0.00297   	1.34573   	 (0.00000   )
10	-0.00288  	0.00309   	0.00071   	1.53049   	 (0.00000   )
11	0.00002   	0.00047   	0.00576   	1.45650   	 (-0.00000  )
12	0.00286   	-0.01298  	-0.00940  	1.85256   	 (0.00000   )
13	0.00819   	0.00416   	-0.01865  	1.34423   	 (0.00000   )
14	-0.01133  	0.00966   	0.02141   	1.36055   	 (-0.00000  )
15	0.00706   	-0.00485  	0.00406   	1.79151   	 (0.00000   )
16	-0.01703  	0.01738   	0.00141   	1.38217   	 (0.00000   )
17	0.00625   	-0.01122  	-0.00616  	1.52151   	 (-0.00000  )
18	0.00252   	-0.00066  	0.00099   	1.30143   	 (-0.00000  )
19	0.00021   	0.00171   	0.00137   	1.38457   	 (-0.00000  )
20	0.00239   	-0.01257  	-0.00418  	1.92836   	 (0.00000   )
21	0.00752   	-0.01124  	-0.01364  	1.31499   	 (-0.00000  )
22	-0.00344  	0.01335   	0.01893   	1.39041   	 (0.00000   )
23	-0.00628  	0.01068   	0.00111   	1.35701   	 (0.00000   )
24	0.00401   	-0.00430  	0.00375   	1.92912   	 (0.00000   )
25	0.05246   	-0.21579  	-0.11242  	1.38186   	 (0.00000   )
26	0.00846   	-0.16503  	-0.41728  	1.45303   	 (0.00000   )
27	0.21663   	-0.00643  	0.55724   	1.70595   	 (0.00000   )
28	-0.27739  	0.38716   	-0.02751  	1.45640   	 (-0.00000  )
29	-0.00084  	0.00183   	-0.00713  	1.40442   	 (0.00000   )
30	-0.00002  	-0.00466  	0.00107   	1.35454   	 (0.00000   )
31	-0.00031  	0.00163   	0.00157   	1.82169   	 (0.00000   )
32	-0.00168  	-0.01265  	-0.00384  	1.89072   	 (-0.00000  )
33	-0.00082  	-0.00145  	-0.00096  	1.42549   	 (-0.00000  )
34	0.00434   	-0.00023  	-0.00561  	1.34776   	 (-0.00000  )
35	0.00519   	0.00133   	-0.00226  	1.35408   	 (0.00000   )
36	0.00346   	-0.00375  	0.00634   	1.57877   	 (0.00000   )
37	0.01668   	-0.02717  	-0.00494  	1.74174   	 (0.00000   )
38	0.00048   	-0.00838  	-0.01500  	1.61728   	 (0.00000   )
39	-0.02671  	0.01391   	-0.02297  	1.46078   	 (-0.00000  )
40	-0.00726  	0.00160   	0.01488   	1.25421   	 (-0.00000  )
41	0.00732   	0.00379   	0.00065   	1.63402   	 (-0.00000  )
42	-0.00211  	0.00983   	0.00248   	1.39611   	 (-0.00000  )
43	0.01562   	-0.00449  	-0.04273  	1.39127   	 (0.00000   )
44	0.00903   	-0.00798  	0.04564   	1.68403   	 (0.00000   )
45	-0.02731  	0.00352   	-0.01168  	1.34299   	 (-0.00000  )
46	-0.00328  	-0.00993  	-0.01746  	1.33093   	 (-0.00000  )
47	0.02463   	-0.00385  	0.00984   	1.53637   	 (-0.00000  )
48	-0.00302  	0.01284   	0.00619   	1.38219   	 (-0.00000  )
49	-0.02716  	0.02909   	0.02047   	1.35763   	 (0.00000   )
50	0.02312   	-0.01346  	0.01414   	1.35460   	 (0.00000   )
51	0.06990   	-0.06808  	0.03951   	1.79726   	 (0.00000   )
52	-0.07912  	0.07641   	-0.04712  	1.44828   	 (0.00000   )
53	0.00844   	-0.01477  	0.01237   	1.90781   	 (0.00000   )
54	-0.01923  	0.00824   	-0.02553  	1.42422   	 (-0.00000  )
55	0.02894   	-0.01104  	0.02292   	1.40741   	 (0.00000   )
56	-0.01877  	0.01709   	-0.00789  	1.32676   	 (0.00000   )
57	0.00592   	-0.00025  	-0.00254  	1.37694   	 (-0.00000  )
58	-0.00882  	0.00259   	0.00503   	1.38653   	 (0.00000   )
59	0.00157   	0.01000   	0.00328   	1.42832   	 (-0.00000  )
60	0.00065   	0.00421   	0.00370   	1.74288   	 (-0.00000  )
61	0.00583   	-0.00946  	-0.01140  	1.49503   	 (-0.00000  )
62	-0.00974  	-0.03323  	-0.00024  	1.44964   	 (0.00000   )
63	0.01523   	0.02337   	-0.02869  	1.72750   	 (0.00000   )
64	-0.01451  	0.01775   	0.04029   	1.41544   	 (-0.00000  )
65	0.00441   	-0.01199  	-0.00752  	1.42932   	 (0.00000   )
66	0.01433   	-0.01430  	-0.06919  	1.45558   	 (0.00000   )
67	-0.01682  	-0.01264  	0.05696   	1.36510   	 (-0.00000  )
68	0.11893   	-0.10573  	-0.00828  	1.77677   	 (0.00000   )
69	-0.11613  	0.12051   	0.01434   	1.44702   	 (-0.00000  )
70	0.00079   	0.00748   	0.00021   	1.44560   	 (0.00000   )
71	-0.00180  	0.00602   	0.00565   	1.29377   	 (-0.00000  )
72	-0.02218  	-0.05488  	-0.04965  	1.77237   	 (-0.00000  )
73	0.15247   	-0.08035  	-0.07849  	1.35882   	 (0.00000   )
74	-0.11502  	0.09104   	0.10837   	1.38797   	 (-0.00000  )
75	-0.01402  	0.04217   	0.02130   	1.37559   	 (-0.00000  )
76	0.04938   	-0.07434  	-0.03719  	1.81724   	 (0.00000   )
77	-0.06930  	0.02993   	-0.03879  	1.49437   	 (-0.00000  )
78	0.09414   	-0.05321  	0.08733   	1.37498   	 (0.00000   )
79	-0.07510  	0.09887   	-0.01330  	1.39845   	 (0.00000   )
80	0.01323   	0.02389   	-0.10758  	1.55723   	 (-0.00000  )
81	-0.00640  	-0.04617  	0.11712   	1.49407   	 (0.00000   )
82	0.00747   	0.00391   	-0.00789  	1.57224   	 (0.00000   )
83	-0.00728  	0.00377   	-0.00716  	1.49793   	 (0.00000   )
84	0.00315   	-0.00580  	0.00029   	1.49704   	 (-0.00000  )
85	-0.00762  	0.00595   	-0.00321  	1.49096   	 (-0.00000  )
86	0.00115   	0.00692   	0.00269   	1.50834   	 (0.00000   )
87	-0.00393  	0.00093   	-0.00282  	1.39310   	 (0.00000   )
88	0.00932   	-0.02578  	0.00156   	1.48655   	 (0.00000   )
89	0.03026   	-0.00849  	-0.03361  	1.40858   	 (-0.00000  )
90	-0.04029  	0.01355   	0.03125   	1.41032   	 (0.00000   )
91	-0.00359  	0.03388   	0.01040   	1.61263   	 (0.00000   )
92	0.00771   	-0.01180  	-0.00787  	1.55906   	 (0.00000   )
93	0.01141   	-0.01957  	0.01173   	1.42789   	 (-0.00000  )
94	-0.00848  	0.01159   	-0.01095  	1.43456   	 (-0.00000  )
95	-0.00962  	0.02027   	0.00738   	1.58274   	 (-0.00000  )
96	0.01876   	-0.01497  	0.03144   	1.86422   	 (0.00000   )
97	0.04473   	-0.09557  	-0.01945  	1.83294   	 (0.00000   )
98	0.07051   	-0.06331  	-0.06477  	1.37617   	 (0.00000   )
99	-0.09163  	0.03549   	0.01180   	1.43085   	 (-0.00000  )
100	-0.03037  	0.10018   	0.02207   	1.35623   	 (-0.00000  )
101	0.05348   	-0.05190  	0.03230   	1.83914   	 (0.00000   )
102	-0.02997  	0.01540   	-0.03069  	1.43173   	 (-0.00000  )
103	-0.02149  	0.02071   	-0.03785  	1.69547   	 (0.00000   )
104	0.00240   	0.02359   	0.05477   	1.39910   	 (0.00000   )
105	-0.01995  	0.03664   	-0.00422  	1.33297   	 (0.00000   )
106	0.01115   	-0.03564  	0.00084   	1.69363   	 (0.00000   )
107	0.01169   	-0.01302  	0.00205   	1.45288   	 (0.00000   )
108	-0.00628  	-0.01469  	-0.01834  	1.36787   	 (-0.00000  )
109	0.00613   	0.01528   	0.01352   	1.62687   	 (-0.00000  )
110	-0.01091  	0.01467   	0.00902   	1.52618   	 (-0.00000  )
111	0.01698   	-0.02434  	-0.03069  	1.39268   	 (-0.00000  )
112	-0.03570  	0.00830   	0.02890   	1.34393   	 (0.00000   )
113	0.05309   	-0.02621  	-0.02288  	1.76279   	 (0.00000   )
114	-0.03394  	0.04273   	0.02528   	1.48723   	 (-0.00000  )
115	-0.00430  	0.00203   	-0.01931  	1.38178   	 (-0.00000  )
116	0.16795   	-0.20354  	-0.00469  	1.58733   	 (0.00000   )
117	0.03128   	-0.03724  	0.02479   	1.34177   	 (-0.00000  )
118	-0.14196  	0.12839   	-0.14474  	1.50882   	 (-0.00000  )
119	-0.03593  	0.01828   	0.00163   	1.47210   	 (-0.00000  )
120	-0.00057  	0.00025   	0.06198   	1.50900   	 (-0.00000  )
121	-0.03693  	0.01403   	-0.07211  	1.48785   	 (0.00000   )
122	-0.04782  	0.00497   	-0.06611  	1.78099   	 (-0.00000  )
123	0.03462   	-0.08649  	0.05298   	1.72220   	 (-0.00000  )
124	0.04920   	0.02708   	-0.00555  	1.75250   	 (-0.00000  )
125	0.06959   	-0.01485  	0.07987   	1.51756   	 (0.00000   )
126	0.02838   	-0.04021  	-0.02728  	1.50492   	 (-0.00000  )
127	-0.02248  	-0.00616  	0.03070   	1.53680   	 (0.00000   )
128	-0.06270  	0.02126   	0.00803   	1.48415   	 (0.00000   )
129	0.07725   	0.04084   	-0.04337  	1.36904   	 (0.00000   )
130	-0.01454  	0.00105   	-0.01699  	1.43043   	 (0.00000   )
131	-0.03253  	0.00907   	0.02271   	1.52074   	 (0.00000   )
132	0.00946   	-0.00396  	0.00286   	1.38923   	 (0.00000   )
133	-0.01081  	0.02296   	0.02516   	1.53166   	 (0.00000   )
134	0.01351   	-0.00605  	0.01343   	1.57558   	 (0.00000   )
135	-0.00904  	-0.00077  	0.04137   	1.39959   	 (0.00000   )
136	-0.07490  	-0.02797  	-0.02827  	1.40690   	 (0.00000   )
137	0.04893   	0.08977   	0.02257   	1.36518   	 (-0.00000  )
138	-0.00236  	-0.03447  	-0.01532  	1.68418   	 (-0.00000  )
139	-0.00595  	-0.00955  	0.03487   	1.48006   	 (0.00000   )
140	0.04499   	-0.01717  	-0.05027  	1.40795   	 (0.00000   )
141	-0.00025  	0.02561   	-0.00150  	1.32382   	 (-0.00000  )
142	0.00296   	-0.00478  	-0.00544  	1.71176   	 (0.00000   )
143	-0.04991  	0.02134   	0.00578   	1.57645   	 (-0.00000  )
144	-0.01878  	0.01489   	0.00606   	1.42520   	 (-0.00000  )
145	0.00103   	0.00588   	-0.02605  	1.42785   	 (0.00000   )
146	0.01389   	-0.00922  	0.03774   	1.58472   	 (0.00000   )
147	-0.01342  	0.02183   	0.02178   	1.53268   	 (0.00000   )
148	0.00636   	-0.02120  	-0.01366  	1.60056   	 (-0.00000  )
149	0.00987   	0.00628   	-0.00136  	1.42361   	 (0.00000   )
150	-0.03085  	0.04081   	-0.01093  	1.45259   	 (-0.00000  )
151	0.02516   	-0.01980  	0.01200   	1.60106   	 (0.00000   )
152	0.01036   	-0.00998  	-0.02651  	1.44898   	 (-0.00000  )
153	0.01678   	0.00889   	-0.04658  	1.39935   	 (0.00000   )
154	-0.01114  	-0.02162  	-0.01135  	1.44582   	 (-0.00000  )
155	-0.00672  	-0.01938  	0.00941   	1.59547   	 (-0.00000  )
156	0.05101   	-0.05087  	-0.02651  	1.46543   	 (0.00000   )
157	-0.03022  	-0.08502  	-0.12824  	1.47600   	 (0.00000   )
158	0.01314   	0.02863   	0.07802   	1.44531   	 (-0.00000  )
159	-0.01691  	-0.11406  	-0.00237  	1.52410   	 (0.00000   )
160	0.07220   	0.03287   	0.01820   	1.44851   	 (0.00000   )
161	-0.06925  	-0.00951  	-0.03144  	1.51466   	 (-0.00000  )
162	0.04066   	-0.04762  	0.02261   	1.43435   	 (0.00000   )
163	0.08167   	-0.03632  	-0.12850  	1.48323   	 (0.00000   )
164	-0.01826  	0.05630   	0.02811   	1.41214   	 (0.00000   )
165	-0.12770  	0.14478   	0.29552   	1.52503   	 (-0.00000  )
166	-0.01884  	0.03243   	-0.04423  	1.46951   	 (-0.00000  )
167	0.02036   	0.02144   	-0.05127  	1.48892   	 (0.00000   )
168	-0.00470  	0.02207   	0.04897   	1.40321   	 (-0.00000  )
169	0.01928   	-0.01098  	-0.00849  	1.47994   	 (0.00000   )
170	0.00511   	-0.03879  	-0.00779  	1.53445   	 (-0.00000  )
171	-0.00224  	-0.07947  	-0.02796  	1.45193   	 (-0.00000  )
172	-0.00258  	0.08719   	-0.01959  	1.47616   	 (-0.00000  )
173	0.08260   	0.03295   	0.01679   	1.61475   	 (-0.00000  )
174	0.02264   	-0.09395  	0.12008   	1.51290   	 (0.00000   )
175	0.00542   	-0.13074  	-0.20215  	1.47519   	 (-0.00000  )
176	0.00966   	-0.03451  	-0.03053  	1.46380   	 (-0.00000  )
177	-0.04940  	0.07457   	-0.18832  	1.56460   	 (-0.00000  )
178	-0.06914  	-0.06361  	-0.09153  	1.52169   	 (-0.00000  )
179	0.06578   	0.14858   	0.16373   	1.47759   	 (-0.00000  )
180	-0.08383  	-0.01997  	0.11972   	1.53152   	 (0.00000   )
181	0.08529   	-0.16273  	-0.18867  	1.51154   	 (-0.00000  )
182	0.05404   	-0.08310  	0.00607   	1.40786   	 (0.00000   )
183	0.30952   	-0.23294  	0.18946   	1.52036   	 (-0.00000  )
184	-0.28521  	0.34593   	0.17331   	1.62628   	 (0.00000   )
185	-0.04753  	-0.07766  	-0.33239  	1.42050   	 (-0.00000  )
186	-0.00137  	-0.03458  	-0.04066  	1.50594   	 (0.00000   )
187	-0.02697  	-0.04243  	-0.10840  	1.41483   	 (0.00000   )
188	0.01302   	-0.07372  	0.01046   	1.38063   	 (0.00000   )
189	-0.05319  	0.07667   	-0.02332  	1.48888   	 (-0.00000  )
190	0.19211   	-0.07179  	0.14536   	1.65756   	 (-0.00000  )
191	-0.18881  	0.01015   	0.08324   	1.52472   	 (0.00000   )
192	0.19067   	-0.10320  	-0.14081  	1.38478   	 (0.00000   )
193	-0.07316  	0.10252   	0.07298   	1.48957   	 (0.00000   )
194	-0.05814  	0.07076   	-0.03599  	1.65201   	 (-0.00000  )
195	0.18225   	-0.16422  	0.01232   	1.62980   	 (-0.00000  )
196	-0.08432  	0.13744   	0.09445   	1.48236   	 (-0.00000  )
197	-0.04636  	0.14960   	0.22783   	1.44954   	 (-0.00000  )
198	-0.00944  	0.04123   	-0.04009  	1.43286   	 (-0.00000  )
199	0.04328   	-0.05768  	-0.04229  	1.46077   	 (-0.00000  )
200	-0.10395  	0.02754   	-0.17347  	1.50347   	 (-0.00000  )
201	0.01694   	-0.00200  	0.07318   	1.45738   	 (0.00000   )
202	-0.02920  	0.02698   	-0.04096  	1.53966   	 (0.00000   )
203	-0.03740  	0.04055   	-0.00211  	1.50826   	 (0.00000   )
204	0.05965   	-0.02803  	-0.02481  	1.53592   	 (0.00000   )
205	-0.09664  	0.11422   	0.02907   	1.42049   	 (0.00000   )
206	-0.09311  	0.08083   	0.08962   	1.41768   	 (-0.00000  )
207	0.08042   	-0.21277  	-0.06311  	1.44814   	 (-0.00000  )
208	0.09461   	0.09673   	-0.03370  	1.40316   	 (-0.00000  )
209	-0.17266  	0.08863   	-0.06525  	1.54532   	 (-0.00000  )
210	0.04565   	0.00602   	0.18191   	1.49613   	 (-0.00000  )
211	0.08327   	0.00204   	0.18846   	1.56519   	 (-0.00000  )
212	-0.04542  	0.00527   	-0.06452  	1.52403   	 (-0.00000  )
213	-0.06588  	-0.08244  	-0.01602  	1.49236   	 (-0.00000  )
214	0.17970   	-0.16712  	-0.13689  	1.59914   	 (0.00000   )
215	0.09449   	-0.05040  	-0.05475  	1.42805   	 (-0.00000  )
216	-0.02434  	0.11923   	0.11102   	1.46399   	 (0.00000   )
217	-0.22631  	0.13993   	-0.09147  	1.54435   	 (-0.00000  )
218	0.00666   	-0.08039  	0.01079   	1.47832   	 (0.00000   )
219	0.05495   	0.03819   	-0.03499  	1.45651   	 (0.00000   )
220	0.17882   	-0.15110  	0.06375   	1.45403   	 (-0.00000  )
221	0.05089   	-0.03478  	-0.10277  	1.48318   	 (-0.00000  )
222	0.01585   	-0.02789  	-0.00944  	1.44080   	 (-0.00000  )
223	-0.22030  	0.20344   	0.03197   	1.51957   	 (0.00000   )
224	0.14050   	-0.18850  	-0.07378  	1.58670   	 (-0.00000  )
225	-0.00106  	-0.15104  	-0.14326  	1.56750   	 (0.00000   )
226	0.01621   	0.02357   	0.07482   	1.34036   	 (0.00000   )
227	-0.00727  	-0.05532  	0.01492   	1.46800   	 (0.00000   )
228	-0.26486  	0.23698   	0.01453   	1.53418   	 (-0.00000  )
229	0.29351   	-0.31794  	-0.10219  	1.52272   	 (0.00000   )
230	-0.02613  	0.05653   	0.03573   	1.56796   	 (0.00000   )
231	-0.05722  	0.06725   	0.15985   	1.64199   	 (-0.00000  )
232	0.08026   	-0.07698  	-0.12973  	1.46691   	 (0.00000   )
233	-0.00224  	-0.02180  	0.02533   	1.52434   	 (-0.00000  )
234	-0.17729  	0.31023   	-0.02170  	1.53422   	 (-0.00000  )
235	0.02631   	-0.07330  	0.09061   	1.49729   	 (0.00000   )
236	0.05031   	0.04257   	-0.16731  	1.50176   	 (-0.00000  )
237	-0.06018  	-0.04464  	0.17116   	1.51814   	 (-0.00000  )
238	0.06454   	0.00294   	0.08519   	1.44583   	 (0.00000   )
239	0.01862   	0.06423   	-0.02355  	1.47662   	 (0.00000   )
240	0.01905   	0.11740   	0.11949   	1.41927   	 (-0.00000  )
241	-0.08466  	0.09914   	0.02963   	1.47883   	 (0.00000   )
242	-0.00606  	-0.06936  	-0.04203  	1.53730   	 (0.00000   )
243	-0.02569  	-0.03803  	-0.02349  	1.46349   	 (-0.00000  )
244	-0.04407  	-0.02729  	0.00491   	1.50927   	 (0.00000   )
245	0.15533   	0.00828   	-0.09058  	1.59447   	 (-0.00000  )
246	-0.03782  	-0.10842  	-0.02878  	1.41623   	 (-0.00000  )
247	0.13963   	-0.15305  	-0.26475  	1.50060   	 (0.00000   )
248	-0.06383  	0.04690   	0.16325   	1.38449   	 (-0.00000  )
249	-0.09041  	-0.03578  	0.01842   	1.58999   	 (0.00000   )
250	0.05673   	-0.03264  	-0.05545  	1.52059   	 (0.00000   )
251	0.06251   	-0.05465  	0.01583   	1.44297   	 (-0.00000  )
252	-0.01334  	0.04198   	0.06216   	1.85672   	 (-0.00000  )
253	-0.01888  	0.02456   	0.02859   	1.36275   	 (0.00000   )
254	0.03328   	-0.01441  	-0.07094  	1.45278   	 (0.00000   )
255	-0.04967  	0.02126   	0.01214   	1.46181   	 (0.00000   )
256	-0.05196  	0.00338   	-0.02239  	1.63482   	 (-0.00000  )
257	0.07502   	-0.10336  	-0.01431  	1.47606   	 (-0.00000  )
258	-0.02533  	0.04891   	0.01382   	1.54757   	 (-0.00000  )
259	0.04567   	-0.04254  	0.00128   	1.44250   	 (-0.00000  )
260	0.00914   	-0.02280  	-0.00465  	1.78242   	 (0.00000   )
261	-0.09146  	0.05246   	-0.00473  	1.43104   	 (0.00000   )
262	0.08981   	-0.06665  	-0.01011  	1.46197   	 (0.00000   )
263	-0.02547  	0.03058   	0.00748   	1.69431   	 (0.00000   )
264	0.00519   	0.00112   	0.00517   	1.43053   	 (-0.00000  )
265	0.03419   	-0.03130  	0.08480   	1.56711   	 (-0.00000  )
266	-0.09847  	0.05373   	-0.06256  	1.50059   	 (-0.00000  )
267	0.01093   	-0.02752  	-0.06163  	1.47200   	 (-0.00000  )
268	0.04735   	0.01532   	-0.01642  	1.61111   	 (0.00000   )
269	-0.00219  	0.06912   	0.02313   	1.42444   	 (-0.00000  )
270	0.02990   	-0.09431  	-0.01936  	1.49169   	 (-0.00000  )
271	-0.00302  	-0.02951  	-0.03218  	1.38188   	 (-0.00000  )
272	0.04236   	-0.06700  	-0.03491  	1.60193   	 (0.00000   )
273	0.00459   	-0.01109  	-0.00195  	1.38152   	 (0.00000   )
274	0.00249   	0.00879   	0.03569   	1.36890   	 (0.00000   )
275	0.00556   	-0.00987  	0.01904   	1.46713   	 (0.00000   )
276	0.13591   	-0.19833  	0.00785   	1.64168   	 (0.00000   )
277	0.00574   	-0.00645  	0.00779   	1.39538   	 (0.00000   )
278	-0.00354  	0.00479   	-0.00180  	1.36417   	 (-0.00000  )
279	-0.01034  	0.01254   	-0.01089  	1.70211   	 (-0.00000  )
280	0.04980   	-0.04368  	-0.00982  	1.68488   	 (0.00000   )
281	0.00998   	0.00952   	-0.02412  	1.20164   	 (0.00000   )
282	-0.17783  	0.18073   	-0.16347  	1.50605   	 (-0.00000  )
283	0.18057   	-0.18299  	0.14736   	1.56936   	 (-0.00000  )
284	0.01283   	-0.01631  	0.00465   	1.53001   	 (0.00000   )
285	-0.03107  	-0.01346  	0.04559   	1.28262   	 (-0.00000  )
286	-0.01228  	0.00956   	-0.00609  	1.37677   	 (0.00000   )
287	0.00810   	-0.00843  	0.00221   	1.42638   	 (-0.00000  )
288	-0.01098  	0.00581   	-0.00349  	1.35707   	 (0.00000   )
289	-0.21424  	0.19028   	-0.20683  	1.57075   	 (0.00000   )
290	0.03374   	-0.03089  	-0.00261  	1.60880   	 (0.00000   )
291	-0.02990  	0.03312   	0.00792   	1.61675   	 (-0.00000  )
292	0.02699   	-0.04031  	-0.01234  	1.69413   	 (-0.00000  )
293	-0.03683  	0.03354   	-0.00673  	1.46360   	 (-0.00000  )
294	0.01857   	-0.00909  	0.01213   	1.35396   	 (0.00000   )
295	-0.00896  	0.01615   	0.00714   	1.45551   	 (0.00000   )
296	0.10102   	-0.06539  	0.13396   	1.62732   	 (-0.00000  )
297	0.02508   	-0.03716  	-0.01987  	1.44479   	 (-0.00000  )
298	-0.03030  	0.02725   	-0.00826  	1.57725   	 (-0.00000  )
299	0.03094   	-0.02793  	0.02617   	1.51705   	 (0.00000   )
300	-0.02545  	0.03835   	0.00226   	1.45941   	 (0.00000   )
301	-0.14702  	-0.01189  	-0.01569  	1.65476   	 (-0.00000  )
302	-0.00365  	0.10221   	-0.23195  	1.55260   	 (-0.00000  )
303	0.11815   	-0.09460  	0.01213   	1.51089   	 (0.00000   )
304	0.07606   	-0.08665  	-0.11243  	1.50312   	 (0.00000   )
305	0.01912   	-0.02477  	-0.01520  	1.56539   	 (-0.00000  )
306	-0.05559  	-0.00729  	0.00429   	1.38226   	 (0.00000   )
307	0.07074   	-0.00748  	-0.01757  	1.47635   	 (0.00000   )
308	-0.05579  	0.27323   	0.14608   	1.49004   	 (-0.00000  )
309	-0.03418  	0.03935   	0.02850   	1.57518   	 (-0.00000  )
310	0.17073   	0.06646   	0.02012   	1.42638   	 (0.00000   )
311	-0.10350  	-0.12952  	0.00505   	1.44682   	 (0.00000   )
312	0.19045   	-0.19802  	-0.00465  	1.53895   	 (0.00000   )
313	-0.20883  	0.18666   	-0.02460  	1.54369   	 (0.00000   )
314	0.06172   	-0.05579  	-0.00235  	1.51559   	 (-0.00000  )
315	-0.04344  	0.06726   	0.03171   	1.41140   	 (-0.00000  )
316	0.01254   	-0.03883  	0.03887   	1.47083   	 (0.00000   )
317	-0.05835  	-0.11016  	0.27936   	1.43584   	 (-0.00000  )
318	-0.04898  	0.22163   	-0.06408  	1.46049   	 (-0.00000  )
319	-0.03911  	-0.02729  	-0.08919  	1.58504   	 (0.00000   )
320	0.05591   	-0.06098  	-0.28907  	1.49828   	 (-0.00000  )
321	-0.04148  	-0.02803  	0.13408   	1.53768   	 (-0.00000  )
322	-0.00225  	-0.26764  	-0.05318  	1.47171   	 (0.00000   )
323	0.12295   	-0.22351  	-0.03285  	1.53210   	 (0.00000   )
324	0.05359   	-0.07105  	-0.10093  	1.60385   	 (-0.00000  )
325	-0.07441  	0.25826   	0.01181   	1.53297   	 (-0.00000  )
326	-0.05196  	0.01130   	0.13039   	1.60876   	 (-0.00000  )
327	0.03848   	-0.02315  	-0.01400  	1.67505   	 (0.00000   )
328	-0.07033  	0.19699   	0.13895   	1.55712   	 (-0.00000  )
329	0.06130   	0.07626   	0.01128   	1.52960   	 (-0.00000  )
330	-0.10285  	-0.05521  	-0.09332  	1.59185   	 (-0.00000  )
331	-0.00155  	0.21557   	-0.00788  	1.58717   	 (0.00000   )
332	0.05652   	-0.15206  	0.14387   	1.56193   	 (-0.00000  )
333	0.00866   	-0.07609  	-0.13952  	1.44013   	 (0.00000   )
334	-0.06472  	-0.04847  	-0.04003  	1.43769   	 (-0.00000  )
335	0.12733   	-0.10732  	-0.14128  	1.51632   	 (0.00000   )
336	0.00802   	0.01129   	0.01050   	1.87411   	 (-0.00000  )
337	0.03606   	0.03701   	0.03296   	1.52971   	 (0.00000   )
338	-0.03098  	0.05423   	-0.00571  	1.46675   	 (-0.00000  )
339	0.00193   	-0.03513  	-0.07668  	1.47358   	 (0.00000   )
340	0.10711   	-0.29799  	-0.00561  	1.48231   	 (-0.00000  )
341	-0.00405  	-0.05477  	-0.15255  	1.40766   	 (0.00000   )
342	0.00458   	-0.00369  	-0.09758  	1.58039   	 (-0.00000  )
343	-0.01724  	-0.01815  	0.09539   	1.44503   	 (0.00000   )
344	-0.11263  	-0.00760  	0.07215   	1.56037   	 (0.00000   )
345	0.01523   	-0.13530  	-0.15872  	1.48158   	 (0.00000   )
346	0.17861   	0.05829   	0.04478   	1.57700   	 (0.00000   )
347	0.00458   	0.01159   	-0.00843  	1.09885   	 (0.00000   )
348	0.13089   	-0.21014  	0.02689   	1.52191   	 (-0.00000  )
349	0.14191   	-0.19810  	-0.13475  	1.44486   	 (0.00000   )
350	-0.10278  	0.00283   	-0.06769  	1.49807   	 (0.00000   )
351	-0.03051  	0.00551   	0.00907   	1.42254   	 (-0.00000  )
352	-0.07808  	0.07350   	0.10352   	1.51065   	 (0.00000   )
353	0.00341   	0.02363   	-0.00902  	1.49352   	 (-0.00000  )
354	-0.07970  	-0.01202  	-0.04927  	1.49731   	 (-0.00000  )
355	0.02563   	0.02165   	-0.00384  	1.53027   	 (0.00000   )
356	0.06564   	-0.05769  	-0.06750  	1.58579   	 (-0.00000  )
357	0.00915   	0.03905   	0.06755   	1.44518   	 (0.00000   )
358	-0.10880  	0.03510   	0.05322   	1.47878   	 (0.00000   )
359	0.08813   	0.08133   	0.08626   	1.47902   	 (0.00000   )
360	0.04845   	0.09656   	-0.16381  	1.61116   	 (-0.00000  )
361	0.02394   	-0.08696  	0.08089   	1.46313   	 (-0.00000  )
362	-0.04338  	-0.17098  	0.07372   	1.57695   	 (-0.00000  )
363	-0.07962  	-0.06704  	-0.05430  	1.52851   	 (-0.00000  )
364	0.02019   	0.13861   	-0.09048  	1.48256   	 (-0.00000  )
365	-0.15590  	0.10700   	0.01498   	1.50134   	 (-0.00000  )
366	-0.10448  	0.05713   	0.02717   	1.50915   	 (-0.00000  )
367	0.14098   	0.00322   	0.05998   	1.57218   	 (-0.00000  )
368	0.05414   	-0.00522  	0.04967   	1.48163   	 (0.00000   )
369	0.15758   	-0.04020  	-0.04546  	1.46843   	 (0.00000   )
370	-0.08774  	-0.11157  	-0.11553  	1.51154   	 (0.00000   )
371	-0.02303  	-0.07338  	-0.06946  	1.54514   	 (-0.00000  )
372	-0.00668  	-0.04794  	-0.04345  	1.46588   	 (-0.00000  )
373	0.08793   	-0.00181  	-0.04792  	1.46381   	 (0.00000   )
374	0.02323   	-0.09165  	-0.04264  	1.36271   	 (0.00000   )
375	-0.04536  	0.04519   	-0.00370  	1.63869   	 (0.00000   )
376	0.00475   	0.00201   	0.00658   	1.49642   	 (0.00000   )
377	0.08318   	0.08565   	-0.00946  	1.51438   	 (0.00000   )
378	0.04143   	-0.16422  	0.08700   	1.56211   	 (-0.00000  )
379	-0.08628  	-0.02355  	0.03850   	1.50805   	 (0.00000   )
380	-0.12833  	0.01230   	-0.07896  	1.46983   	 (0.00000   )
381	0.02713   	0.03975   	-0.04214  	1.56229   	 (0.00000   )
382	0.05163   	-0.05730  	0.03882   	1.50110   	 (-0.00000  )
383	0.14533   	-0.01592  	0.08676   	1.49918   	 (-0.00000  )
384	-0.05198  	0.03129   	-0.01588  	1.47122   	 (-0.00000  )
385	0.03227   	-0.09719  	-0.07122  	1.47387   	 (-0.00000  )
386	-0.05349  	0.09934   	0.00964   	1.43648   	 (0.00000   )
387	0.01476   	0.20220   	0.07514   	1.49386   	 (-0.00000  )
388	-0.04985  	-0.09786  	0.03992   	1.44121   	 (-0.00000  )
389	0.11575   	-0.15690  	-0.06568  	1.49737   	 (0.00000   )
390	-0.13851  	0.03372   	-0.09490  	1.41806   	 (0.00000   )
391	0.00174   	0.01893   	-0.10823  	1.47745   	 (0.00000   )
392	-0.09556  	-0.10585  	-0.06884  	1.46961   	 (0.00000   )
393	0.16204   	-0.08149  	-0.03130  	1.52022   	 (-0.00000  )
394	-0.00894  	-0.06152  	0.00055   	1.45476   	 (0.00000   )
395	0.07049   	-0.11906  	0.08466   	1.51678   	 (0.00000   )
396	-0.05621  	0.03055   	0.02209   	1.52190   	 (-0.00000  )
397	0.01930   	0.02835   	-0.03379  	1.47700   	 (-0.00000  )
398	0.06066   	0.04788   	0.08095   	1.53552   	 (-0.00000  )
399	0.00987   	0.07457   	-0.08135  	1.58561   	 (0.00000   )
400	-0.00907  	0.19364   	0.07973   	1.53084   	 (0.00000   )
401	-0.00117  	-0.07971  	-0.06612  	1.47053   	 (0.00000   )
402	0.00142   	0.08807   	0.17957   	1.48073   	 (0.00000   )
403	0.02653   	-0.07397  	-0.18692  	1.52117   	 (0.00000   )
404	-0.06339  	0.07509   	0.11530   	1.60518   	 (0.00000   )
405	0.00553   	-0.09554  	-0.05801  	1.54238   	 (0.00000   )
406	-0.04375  	0.05301   	0.06997   	1.46213   	 (0.00000   )
407	0.06787   	0.00510   	-0.05140  	1.44195   	 (-0.00000  )
408	0.01983   	-0.11082  	-0.03755  	1.48991   	 (-0.00000  )
409	-0.04696  	0.05866   	-0.10138  	1.46389   	 (-0.00000  )
410	-0.01716  	0.15141   	0.12570   	1.43641   	 (-0.00000  )
411	0.02003   	0.01400   	-0.03841  	1.42306   	 (0.00000   )
412	-0.06981  	-0.06747  	0.13269   	1.51243   	 (0.00000   )
413	0.05582   	-0.08630  	0.01334   	1.46679   	 (-0.00000  )
414	0.16746   	-0.08114  	-0.13130  	1.49285   	 (-0.00000  )
415	-0.12115  	0.01028   	-0.07776  	1.57106   	 (0.00000   )
416	0.03666   	-0.00056  	0.06141   	1.46687   	 (0.00000   )
417	0.00122   	-0.03323  	0.09322   	1.51018   	 (-0.00000  )
418	-0.21590  	0.05187   	0.09783   	1.47507   	 (0.00000   )
419	0.11932   	-0.02914  	0.01077   	1.52231   	 (-0.00000  )
420	-0.03315  	0.11154   	-0.15847  	1.52179   	 (-0.00000  )
421	-0.00770  	-0.09881  	-0.01808  	1.50359   	 (0.00000   )
422	0.02988   	0.07855   	0.02621   	1.48836   	 (0.00000   )
423	-0.01807  	0.18534   	0.07502   	1.54940   	 (0.00000   )
424	-0.08937  	0.03468   	-0.06165  	1.49618   	 (-0.00000  )
425	0.08991   	-0.05557  	0.08418   	1.50458   	 (-0.00000  )
426	-0.09274  	0.12882   	-0.07700  	1.47816   	 (0.00000   )
427	0.08186   	-0.16584  	-0.00015  	1.49397   	 (-0.00000  )
428	-0.05939  	0.06117   	0.23504   	1.51711   	 (0.00000   )
429	-0.01094  	0.21687   	-0.10924  	1.50466   	 (0.00000   )
430	-0.01536  	-0.17742  	-0.04360  	1.46140   	 (-0.00000  )
431	0.04784   	-0.14863  	-0.01524  	1.44650   	 (-0.00000  )
432	-0.03973  	-0.01633  	-0.09435  	1.44212   	 (0.00000   )
433	0.06201   	-0.04936  	0.08033   	1.46257   	 (0.00000   )
434	0.02108   	0.11228   	0.01307   	1.50047   	 (-0.00000  )
435	0.03692   	-0.14486  	-0.01343  	1.45789   	 (0.00000   )
436	0.12897   	-0.07096  	-0.00005  	1.49308   	 (-0.00000  )
437	-0.17049  	0.17301   	0.11093   	1.48607   	 (-0.00000  )
438	-0.15549  	0.14029   	-0.04707  	1.44750   	 (0.00000   )
439	0.14152   	-0.15239  	0.03035   	1.47239   	 (0.00000   )
440	-0.00320  	-0.04141  	-0.04138  	1.46251   	 (0.00000   )
441	0.08254   	0.06575   	-0.18910  	1.58352   	 (0.00000   )
442	0.07238   	-0.00079  	-0.03028  	1.47347   	 (-0.00000  )
443	-0.08078  	-0.17480  	0.07736   	1.44535   	 (-0.00000  )
444	0.12021   	-0.14577  	-0.16682  	1.55101   	 (-0.00000  )
445	-0.08663  	-0.07987  	-0.09620  	1.59819   	 (0.00000   )
446	0.01908   	0.03216   	0.03586   	1.47101   	 (0.00000   )
447	-0.07488  	-0.02275  	0.10928   	1.46483   	 (0.00000   )
448	0.00970   	-0.00353  	-0.13146  	1.46225   	 (-0.00000  )
449	0.06230   	0.02237   	-0.10389  	1.44602   	 (0.00000   )
450	0.04779   	-0.09603  	0.05654   	1.48563   	 (-0.00000  )
451	-0.07139  	-0.00503  	-0.01068  	1.49018   	 (0.00000   )
452	-0.01887  	0.03760   	-0.02496  	1.53261   	 (0.00000   )
453	0.09234   	-0.01511  	0.02520   	1.50042   	 (-0.00000  )
454	0.06639   	0.07135   	0.15230   	1.49357   	 (0.00000   )
455	-0.06898  	0.12276   	0.02954   	1.49981   	 (-0.00000  )
456	-0.01763  	0.07172   	0.02005   	1.50371   	 (0.00000   )
457	0.03033   	-0.11653  	0.01765   	1.43696   	 (-0.00000  )
458	0.06697   	-0.07568  	-0.03121  	1.49910   	 (-0.00000  )
459	-0.09183  	0.02835   	-0.13975  	1.51303   	 (0.00000   )
460	0.16890   	-0.14762  	0.17348   	1.51061   	 (-0.00000  )
461	-0.12890  	-0.02770  	-0.22674  	1.48938   	 (-0.00000  )
462	-0.12121  	0.15217   	0.20346   	1.46868   	 (-0.00000  )
463	0.04516   	0.25558   	0.06596   	1.51339   	 (-0.00000  )
464	-0.12881  	-0.03391  	-0.14922  	1.44475   	 (0.00000   )
465	0.08962   	-0.10274  	-0.05843  	1.50588   	 (0.00000   )
466	0.01970   	-0.05672  	-0.01707  	1.49493   	 (0.00000   )
467	-0.05035  	0.07818   	0.08840   	1.51395   	 (0.00000   )
468	0.06644   	-0.00408  	0.09861   	1.52172   	 (-0.00000  )
469	0.11818   	-0.04192  	0.09433   	1.49586   	 (-0.00000  )
470	0.02061   	-0.01265  	-0.21825  	1.55649   	 (-0.00000  )
471	-0.06743  	0.22556   	0.01772   	1.52104   	 (0.00000   )
472	-0.03467  	-0.15783  	-0.07175  	1.53723   	 (0.00000   )
473	0.03135   	-0.04236  	0.16238   	1.48790   	 (0.00000   )
474	0.05284   	-0.12425  	-0.14463  	1.54755   	 (-0.00000  )
475	0.00643   	0.20447   	0.03631   	1.52991   	 (-0.00000  )
476	-0.13935  	0.12526   	0.06326   	1.47262   	 (0.00000   )
477	-0.04458  	-0.03436  	0.11955   	1.48039   	 (-0.00000  )
478	-0.15418  	0.14526   	-0.05157  	1.49752   	 (0.00000   )
479	0.09553   	-0.11291  	-0.16173  	1.45444   	 (-0.00000  )
480	0.13028   	0.14870   	0.15434   	1.47000   	 (-0.00000  )
481	-0.10241  	-0.07764  	-0.13297  	1.52673   	 (0.00000   )
482	-0.09264  	-0.13047  	-0.00552  	1.50222   	 (-0.00000  )
483	0.03297   	-0.03581  	0.07159   	1.47122   	 (0.00000   )
484	0.19132   	-0.14020  	-0.03091  	1.43158   	 (0.00000   )
485	-0.06130  	0.13144   	-0.01125  	1.39949   	 (0.00000   )
486	0.16763   	-0.13982  	0.08801   	1.48770   	 (-0.00000  )
487	-0.03049  	-0.03263  	-0.10199  	1.48413   	 (0.00000   )
488	-0.13754  	0.07075   	0.00975   	1.49802   	 (0.00000   )
489	-0.02874  	-0.06506  	-0.10740  	1.48072   	 (0.00000   )
490	0.11969   	-0.11347  	0.04744   	1.46948   	 (0.00000   )
491	-0.06879  	0.09434   	-0.08172  	1.56538   	 (0.00000   )
492	-0.02037  	-0.09815  	0.01604   	1.54485   	 (-0.00000  )
493	0.12497   	-0.11056  	-0.02021  	1.45651   	 (-0.00000  )
494	-0.06813  	0.11450   	0.12398   	1.54430   	 (0.00000   )
495	0.14044   	-0.09190  	-0.14615  	1.51283   	 (-0.00000  )
496	-0.04160  	0.04275   	0.04963   	1.61106   	 (0.00000   )
497	-0.01581  	-0.00374  	-0.01047  	1.58617   	 (-0.00000  )
498	0.05426   	-0.01008  	0.01724   	1.43041   	 (-0.00000  )
499	-0.12274  	0.04791   	0.01177   	1.49104   	 (-0.00000  )
500	-0.09150  	0.08560   	0.04322   	1.48061   	 (0.00000   )
501	-0.01811  	0.10403   	0.00640   	1.53206   	 (-0.00000  )
502	0.06712   	-0.07217  	-0.04690  	1.48779   	 (0.00000   )
503	0.16453   	-0.07362  	0.00079   	1.45291   	 (0.00000   )
504	-0.06262  	-0.04209  	-0.08168  	1.45231   	 (-0.00000  )
505	-0.02255  	0.01231   	0.05113   	1.47444   	 (-0.00000  )
506	-0.04745  	0.09310   	-0.05957  	1.43385   	 (0.00000   )
507	0.04462   	-0.06746  	0.03764   	1.54907   	 (0.00000   )
508	-0.02279  	0.02719   	0.07767   	1.46199   	 (-0.00000  )
509	-0.08072  	0.11947   	-0.03319  	1.47385   	 (0.00000   )
510	0.06217   	0.01022   	0.09351   	1.49218   	 (-0.00000  )
511	0.04717   	-0.09792  	-0.12427  	1.48475   	 (0.00000   )
512	0.01905   	0.11048   	-0.05183  	1.48773   	 (0.00000   )
513	-0.04338  	-0.06619  	0.22080   	1.41122   	 (-0.00000  )
514	0.01520   	-0.08024  	-0.15366  	1.45399   	 (-0.00000  )
515	0.02896   	-0.06243  	-0.09396  	1.47523   	 (0.00000   )
516	0.01182   	-0.05103  	0.02016   	1.53322   	 (0.00000   )
517	0.01333   	-0.05186  	0.01100   	1.45526   	 (-0.00000  )
518	-0.13960  	0.15297   	0.00637   	1.58122   	 (0.00000   )
519	-0.00090  	-0.00339  	-0.01819  	1.50631   	 (-0.00000  )
520	0.14605   	-0.10362  	-0.00147  	1.51045   	 (0.00000   )
521	0.01176   	0.00110   	0.01468   	1.88142   	 (-0.00000  )
522	-0.11703  	0.09853   	0.00611   	1.48740   	 (-0.00000  )
523	0.05504   	-0.07086  	0.00441   	1.50241   	 (0.00000   )
524	-0.01040  	-0.01540  	-0.03467  	1.52653   	 (0.00000   )
525	0.04017   	-0.05464  	-0.01960  	1.45107   	 (-0.00000  )
526	-0.03371  	0.01210   	-0.01247  	1.48653   	 (-0.00000  )
527	0.03643   	0.01494   	-0.00545  	1.51740   	 (0.00000   )
528	-0.08367  	0.03426   	-0.02600  	1.62155   	 (-0.00000  )
529	0.05635   	-0.02934  	0.08733   	1.52990   	 (-0.00000  )
530	0.03189   	-0.01918  	-0.02402  	1.41273   	 (-0.00000  )
531	0.00836   	0.00037   	-0.03132  	1.60390   	 (0.00000   )
532	-0.01070  	0.03136   	0.00724   	1.56012   	 (0.00000   )
533	-0.03384  	-0.00610  	0.02140   	1.47199   	 (-0.00000  )
534	0.07710   	-0.14422  	0.05417   	1.41084   	 (-0.00000  )
535	-0.06217  	0.08233   	-0.09628  	1.42807   	 (0.00000   )
536	-0.03295  	0.00905   	-0.00022  	1.44161   	 (-0.00000  )
537	0.01264   	0.00005   	-0.00761  	1.22996   	 (0.00000   )
538	0.02867   	-0.01246  	0.00753   	1.50667   	 (-0.00000  )
539	0.01505   	0.03789   	0.03586   	1.58927   	 (0.00000   )
540	-0.05861  	0.12516   	0.12563   	1.52773   	 (0.00000   )
541	0.05782   	-0.10614  	-0.14913  	1.54594   	 (-0.00000  )
542	-0.02340  	0.05121   	-0.03371  	1.44709   	 (0.00000   )
543	0.06193   	-0.04009  	0.03623   	1.50878   	 (0.00000   )
544	-0.11647  	0.06039   	0.02106   	1.49118   	 (0.00000   )
545	0.10342   	-0.14783  	-0.00328  	1.43029   	 (-0.00000  )
546	-0.01080  	0.00603   	-0.01936  	1.41120   	 (-0.00000  )
547	0.00456   	0.00727   	0.02506   	1.44146   	 (-0.00000  )
548	-0.02213  	0.00368   	-0.05462  	1.41818   	 (0.00000   )
549	0.01742   	-0.03095  	-0.00665  	1.45395   	 (-0.00000  )
550	-0.04250  	-0.00577  	0.00431   	1.51261   	 (0.00000   )
551	0.02649   	0.02211   	0.01904   	1.54086   	 (-0.00000  )
552	0.01468   	0.00560   	0.02886   	1.84036   	 (-0.00000  )
553	0.03338   	0.00355   	-0.00917  	1.47118   	 (-0.00000  )
554	-0.02661  	-0.01636  	-0.01512  	1.46608   	 (-0.00000  )
555	0.01175   	-0.00334  	-0.00059  	1.38079   	 (0.00000   )
556	-0.03400  	0.07214   	-0.13447  	1.45641   	 (-0.00000  )
557	0.07482   	-0.05197  	-0.08236  	1.36137   	 (-0.00000  )
558	-0.05504  	0.05335   	0.06679   	1.52862   	 (0.00000   )
559	0.05168   	-0.06599  	-0.06299  	1.52602   	 (0.00000   )
560	-0.03882  	-0.00532  	0.21095   	1.41902   	 (0.00000   )
561	-0.00219  	0.00893   	-0.00169  	1.54070   	 (-0.00000  )
562	-0.00143  	0.00307   	0.00220   	1.48506   	 (-0.00000  )
563	-0.01364  	0.07809   	0.13369   	1.60807   	 (0.00000   )
564	-0.02066  	-0.01942  	-0.00292  	1.43578   	 (-0.00000  )
565	0.00488   	0.00982   	0.00711   	1.52426   	 (0.00000   )
566	0.04743   	-0.00638  	0.02311   	1.51248   	 (0.00000   )
567	-0.03242  	0.01521   	-0.02888  	1.52063   	 (0.00000   )
568	0.09577   	-0.17730  	-0.17197  	1.36645   	 (0.00000   )
569	0.00481   	-0.00851  	-0.00681  	1.54608   	 (-0.00000  )
570	0.00693   	-0.00426  	-0.01319  	1.51400   	 (-0.00000  )
571	-0.00558  	0.00708   	0.02037   	1.48685   	 (0.00000   )
572	-0.19127  	0.10221   	-0.20369  	1.64950   	 (-0.00000  )
573	0.17647   	-0.20644  	0.13728   	1.56308   	 (0.00000   )
574	-0.01158  	0.01009   	-0.00075  	1.46094   	 (0.00000   )
575	0.01366   	-0.01250  	-0.00349  	1.51328   	 (-0.00000  )
576	0.21857   	-0.19725  	0.04383   	1.56688   	 (0.00000   )
577	0.00886   	-0.00602  	0.01355   	1.47755   	 (0.00000   )
578	-0.01097  	0.00896   	-0.00955  	1.51716   	 (-0.00000  )
579	0.01434   	0.03419   	0.10186   	1.69188   	 (0.00000   )
580	0.05741   	-0.22803  	-0.10892  	1.40188   	 (-0.00000  )
581	-0.12516  	0.22889   	-0.08436  	1.27841   	 (-0.00000  )
582	-0.01698  	0.03624   	0.04269   	1.57400   	 (0.00000   )
583	0.00700   	0.00679   	-0.05274  	1.48598   	 (-0.00000  )
584	0.02088   	-0.06593  	0.07467   	1.27529   	 (0.00000   )
585	0.00748   	-0.04030  	-0.00500  	1.52785   	 (-0.00000  )
586	0.00349   	-0.00519  	0.01855   	1.42517   	 (0.00000   )
587	-0.23916  	0.10582   	-0.30254  	1.57964   	 (0.00000   )
588	0.00412   	-0.00170  	0.00816   	1.50461   	 (-0.00000  )
589	-0.00241  	0.00010   	-0.00823  	1.52583   	 (0.00000   )
590	-0.00146  	-0.00148  	-0.01026  	1.45951   	 (-0.00000  )
591	-0.00171  	0.00488   	0.00815   	1.45120   	 (0.00000   )
592	-0.00816  	0.00612   	-0.01054  	1.55407   	 (0.00000   )
593	0.00160   	0.00423   	0.02304   	1.49485   	 (-0.00000  )
594	0.00693   	-0.01407  	-0.01604  	1.53595   	 (0.00000   )
595	0.15240   	-0.27113  	-0.06472  	1.77842   	 (-0.00000  )
596	0.00398   	0.00419   	0.01054   	1.47581   	 (-0.00000  )
597	-0.02236  	0.01792   	-0.00762  	1.47375   	 (-0.00000  )
598	0.02001   	-0.01709  	0.00000   	1.40525   	 (0.00000   )
599	-0.00464  	-0.00072  	-0.00027  	1.48737   	 (0.00000   )
600	0.00292   	-0.00234  	0.00085   	1.52102   	 (-0.00000  )
601	-0.09613  	0.16395   	-0.21473  	1.63005   	 (-0.00000  )
602	0.08099   	-0.00209  	0.20125   	1.60014   	 (0.00000   )
603	0.06593   	-0.03105  	-0.11800  	1.72099   	 (0.00000   )
604	-0.00482  	-0.00160  	0.00203   	1.56745   	 (0.00000   )
605	-0.17715  	-0.08114  	-0.09992  	1.46002   	 (-0.00000  )
606	-0.00361  	0.00919   	0.01313   	1.40573   	 (-0.00000  )
607	0.00950   	-0.00026  	-0.01126  	1.58654   	 (0.00000   )
608	0.06519   	-0.03031  	0.07527   	1.52639   	 (0.00000   )
609	-0.02583  	0.03248   	0.07756   	1.30781   	 (-0.00000  )
610	-0.00084  	-0.00662  	-0.00284  	1.40908   	 (-0.00000  )
611	-0.01397  	0.01674   	0.00772   	1.53146   	 (0.00000   )
612	0.01801   	0.10642   	-0.01099  	1.30384   	 (0.00000   )
613	0.02082   	-0.01110  	0.00683   	1.53358   	 (-0.00000  )
614	-0.01922  	0.00948   	0.00039   	1.45231   	 (0.00000   )
615	0.01213   	-0.01633  	-0.01490  	1.48050   	 (-0.00000  )
616	0.00803   	-0.06608  	-0.08126  	1.39441   	 (-0.00000  )
617	0.08559   	-0.05289  	-0.05029  	1.48310   	 (-0.00000  )
618	0.14716   	-0.16107  	0.23793   	1.52086   	 (-0.00000  )
619	-0.14630  	0.19717   	0.02539   	1.44567   	 (0.00000   )
620	0.00879   	-0.09743  	0.09103   	1.59299   	 (0.00000   )
621	0.01869   	-0.07065  	-0.07970  	1.55176   	 (-0.00000  )
622	0.05849   	0.13340   	0.14606   	1.52164   	 (0.00000   )
623	-0.13598  	0.12841   	0.08881   	1.47422   	 (0.00000   )
624	0.02916   	-0.14643  	-0.08327  	1.48212   	 (-0.00000  )
625	-0.06925  	0.15984   	0.01416   	1.49330   	 (0.00000   )
626	-0.04720  	-0.09848  	-0.21457  	1.50478   	 (0.00000   )
627	0.12086   	0.06462   	-0.02586  	1.54639   	 (0.00000   )
628	-0.10528  	0.20132   	0.00404   	1.47547   	 (-0.00000  )
629	0.14760   	-0.16124  	-0.01012  	1.44018   	 (-0.00000  )
630	-0.11420  	0.08637   	-0.15090  	1.55262   	 (-0.00000  )
631	0.02494   	-0.06041  	-0.02544  	1.50253   	 (-0.00000  )
632	0.17674   	-0.10441  	0.20019   	1.48576   	 (0.00000   )
633	0.02190   	0.07536   	-0.02240  	1.43597   	 (-0.00000  )
634	-0.00302  	-0.00412  	-0.00215  	1.85953   	 (-0.00000  )
635	-0.00897  	-0.14142  	-0.11809  	1.55242   	 (0.00000   )
636	-0.11893  	0.16513   	0.01656   	1.51322   	 (-0.00000  )
637	0.00086   	0.00031   	0.04817   	1.56137   	 (-0.00000  )
638	0.10476   	-0.03474  	-0.05051  	1.50585   	 (0.00000   )
639	0.01153   	0.00473   	-0.04402  	1.45807   	 (-0.00000  )
640	-0.07104  	-0.10218  	-0.07329  	1.49013   	 (-0.00000  )
641	-0.00889  	-0.00209  	-0.00357  	1.13408   	 (0.00000   )
642	-0.12817  	-0.16438  	-0.11015  	1.49049   	 (-0.00000  )
643	0.08607   	-0.07774  	0.06299   	1.46389   	 (0.00000   )
644	0.12304   	0.16287   	0.12013   	1.51485   	 (0.00000   )
645	-0.01045  	0.03307   	0.01539   	1.51786   	 (-0.00000  )
646	0.00822   	0.01443   	-0.02758  	1.51410   	 (-0.00000  )
647	0.06152   	-0.04152  	0.02835   	1.61102   	 (0.00000   )
648	-0.14064  	0.11011   	0.10105   	1.52158   	 (0.00000   )
649	0.17605   	-0.17482  	-0.20314  	1.54415   	 (-0.00000  )
650	0.00659   	0.00139   	0.00955   	1.84732   	 (-0.00000  )
651	-0.16534  	0.06247   	-0.05036  	1.51399   	 (0.00000   )
652	0.01795   	-0.15299  	-0.06952  	1.51388   	 (0.00000   )
653	-0.05646  	-0.07415  	-0.22286  	1.49096   	 (-0.00000  )
654	0.02243   	0.00154   	-0.09598  	1.57471   	 (-0.00000  )
655	-0.03863  	-0.01551  	0.08919   	1.38855   	 (-0.00000  )
656	0.15677   	-0.14150  	-0.00303  	1.47731   	 (0.00000   )
657	0.23087   	-0.09985  	0.10747   	1.51451   	 (0.00000   )
658	0.00899   	0.01353   	-0.00138  	1.17822   	 (0.00000   )
659	-0.04183  	0.08810   	-0.12289  	1.49664   	 (-0.00000  )
660	0.03136   	0.01146   	0.06113   	1.49880   	 (-0.00000  )
661	-0.04411  	0.05332   	-0.13987  	1.48887   	 (-0.00000  )
662	0.03379   	-0.25447  	-0.05392  	1.49262   	 (0.00000   )
663	-0.16579  	0.06011   	0.05728   	1.50084   	 (0.00000   )
664	-0.03492  	0.06574   	-0.10791  	1.50050   	 (-0.00000  )
665	-0.08444  	0.06097   	0.04284   	1.60257   	 (-0.00000  )
666	0.10033   	0.02427   	-0.17112  	1.50038   	 (-0.00000  )
667	0.03915   	-0.11698  	0.11268   	1.55692   	 (0.00000   )
668	-0.10459  	0.06229   	0.12013   	1.51204   	 (0.00000   )
669	0.14968   	-0.16106  	-0.00009  	1.39877   	 (-0.00000  )
670	-0.08292  	-0.20477  	-0.03650  	1.54463   	 (0.00000   )
671	0.21407   	-0.14997  	-0.09187  	1.50113   	 (-0.00000  )
672	0.04203   	-0.00916  	-0.09133  	1.50225   	 (0.00000   )
673	-0.03984  	0.17873   	0.03115   	1.50251   	 (-0.00000  )
674	-0.00450  	0.00239   	0.04718   	1.49306   	 (0.00000   )
675	-0.07771  	0.16813   	0.04644   	1.48281   	 (-0.00000  )
676	0.13151   	-0.14074  	-0.05938  	1.45613   	 (0.00000   )
677	0.03827   	-0.08244  	0.00650   	1.52932   	 (-0.00000  )
678	0.00324   	-0.10399  	0.04374   	1.50613   	 (-0.00000  )
679	-0.11948  	0.07623   	-0.05838  	1.51669   	 (-0.00000  )
680	-0.18898  	0.09477   	-0.01620  	1.54165   	 (0.00000   )
681	0.01277   	0.03754   	0.04580   	1.47243   	 (-0.00000  )
682	0.14629   	-0.11971  	0.00922   	1.45733   	 (-0.00000  )
683	0.05087   	0.04948   	-0.04363  	1.55691   	 (0.00000   )
684	-0.06685  	-0.10913  	-0.22023  	1.59064   	 (0.00000   )
685	0.00668   	-0.08292  	-0.13330  	1.50992   	 (-0.00000  )
686	0.13647   	-0.11154  	-0.02208  	1.46838   	 (0.00000   )
687	-0.11792  	0.09162   	0.00840   	1.47543   	 (0.00000   )
688	0.14182   	-0.09285  	0.17150   	1.55390   	 (0.00000   )
689	0.10921   	-0.11337  	-0.00653  	1.59278   	 (0.00000   )
690	0.02639   	-0.16674  	-0.04741  	1.53248   	 (0.00000   )
691	0.07344   	-0.00121  	-0.24048  	1.51666   	 (0.00000   )
692	0.09378   	-0.04671  	0.20733   	1.55080   	 (0.00000   )
693	0.07368   	-0.25812  	-0.03766  	1.86722   	 (0.00000   )
694	-0.08497  	0.17109   	-0.06180  	1.50980   	 (0.00000   )
695	-0.02451  	0.17012   	-0.02023  	1.49455   	 (-0.00000  )
696	-0.10411  	0.11050   	0.03381   	1.56418   	 (-0.00000  )
697	0.04034   	0.16678   	-0.43813  	1.54056   	 (0.00000   )
698	0.08517   	-0.09026  	-0.06301  	1.48358   	 (0.00000   )
699	-0.21184  	0.06200   	-0.15261  	1.47151   	 (0.00000   )
700	-0.09719  	0.05045   	0.44320   	1.48687   	 (-0.00000  )
701	0.10054   	0.01269   	-0.10486  	1.48038   	 (-0.00000  )
702	-0.05664  	-0.08621  	-0.09910  	1.50599   	 (0.00000   )
703	0.00230   	-0.09840  	0.06164   	1.50681   	 (-0.00000  )
704	0.07700   	-0.12819  	-0.01972  	1.46897   	 (0.00000   )
705	-0.04489  	0.04400   	0.11755   	1.49325   	 (0.00000   )
706	0.01121   	-0.09920  	0.11425   	1.58421   	 (-0.00000  )
707	-0.01691  	0.04178   	0.03205   	1.10342   	 (-0.00000  )
708	0.01294   	-0.11485  	0.01153   	1.50302   	 (-0.00000  )
709	-0.08002  	-0.05886  	-0.03224  	1.49330   	 (0.00000   )
710	-0.03851  	-0.03361  	0.08668   	1.52098   	 (0.00000   )
711	0.08486   	-0.15659  	-0.07115  	1.43246   	 (0.00000   )
712	0.09105   	-0.02893  	0.02954   	1.52333   	 (-0.00000  )
713	-0.15258  	-0.09693  	-0.03936  	1.53024   	 (-0.00000  )
714	0.00390   	-0.06997  	0.06325   	1.44701   	 (-0.00000  )
715	0.10394   	-0.06484  	-0.03349  	1.47003   	 (-0.00000  )
716	-0.11036  	0.06622   	-0.12747  	1.51889   	 (-0.00000  )
717	0.01947   	0.09811   	-0.03301  	1.43598   	 (0.00000   )
718	0.07008   	-0.04301  	-0.08936  	1.53949   	 (-0.00000  )
719	-0.03149  	-0.09332  	0.04286   	1.47975   	 (0.00000   )
720	0.02824   	-0.05486  	-0.08228  	1.51761   	 (0.00000   )
721	-0.01262  	0.01145   	-0.05098  	1.52691   	 (-0.00000  )
722	0.13190   	-0.06627  	-0.00579  	1.51398   	 (-0.00000  )
723	0.02722   	-0.14208  	0.07203   	1.52879   	 (0.00000   )
724	0.10487   	-0.03118  	0.02389   	1.55191   	 (0.00000   )
725	-0.04650  	0.03496   	-0.00610  	1.46272   	 (-0.00000  )
726	-0.00503  	0.17691   	0.00611   	1.51936   	 (0.00000   )
727	-0.00790  	0.04463   	-0.00930  	1.47313   	 (0.00000   )
728	-0.00191  	0.06808   	0.04185   	1.51630   	 (0.00000   )
729	-0.07185  	-0.00005  	-0.05106  	1.47856   	 (0.00000   )
730	0.07107   	-0.12810  	-0.05480  	1.53632   	 (0.00000   )
731	0.14403   	-0.13707  	-0.00356  	1.52331   	 (0.00000   )
732	0.07598   	0.06237   	0.01451   	1.57445   	 (0.00000   )
733	-0.12144  	0.15624   	-0.11022  	1.52422   	 (0.00000   )
734	-0.16774  	0.08242   	0.06192   	1.49286   	 (-0.00000  )
735	0.01183   	-0.01524  	0.07947   	1.51179   	 (0.00000   )
736	0.12784   	-0.16427  	-0.08642  	1.45913   	 (0.00000   )
737	0.05073   	-0.12746  	0.08887   	1.52262   	 (-0.00000  )
738	-0.08035  	0.13226   	0.04998   	1.49451   	 (-0.00000  )
739	-0.05790  	-0.02292  	-0.16487  	1.49414   	 (-0.00000  )
740	0.12585   	0.05085   	-0.10749  	1.43138   	 (0.00000   )
741	0.03088   	-0.09640  	0.05182   	1.43667   	 (0.00000   )
742	0.05099   	0.09424   	-0.05909  	1.43503   	 (0.00000   )
743	-0.00169  	-0.11195  	-0.16113  	1.51007   	 (0.00000   )
744	-0.01749  	-0.00148  	0.08183   	1.44170   	 (0.00000   )
745	-0.00742  	0.08994   	0.02256   	1.52288   	 (0.00000   )
746	0.11268   	-0.16248  	0.04263   	1.52852   	 (-0.00000  )
747	-0.16961  	0.08286   	0.01926   	1.47147   	 (-0.00000  )
748	-0.06264  	0.08620   	0.00497   	1.48221   	 (0.00000   )
749	0.01669   	-0.01866  	-0.06313  	1.41149   	 (0.00000   )
750	0.03417   	-0.11896  	-0.04846  	1.50593   	 (-0.00000  )
751	0.09787   	-0.02983  	0.20253   	1.46495   	 (-0.00000  )
752	-0.05322  	0.12101   	-0.06517  	1.45911   	 (0.00000   )
753	0.13377   	-0.18848  	-0.09712  	1.54047   	 (-0.00000  )
754	-0.04030  	0.00961   	-0.09331  	1.51759   	 (-0.00000  )
755	-0.07166  	-0.06260  	0.01850   	1.54511   	 (-0.00000  )
756	-0.19628  	0.14322   	-0.00224  	1.53309   	 (-0.00000  )
757	0.11581   	0.10720   	-0.01922  	1.46702   	 (0.00000   )
758	0.00933   	-0.18584  	-0.17550  	1.43937   	 (-0.00000  )
759	0.02496   	-0.09802  	-0.08483  	1.44013   	 (-0.00000  )
760	0.02680   	-0.00685  	0.08672   	1.52549   	 (0.00000   )
761	0.01259   	-0.10542  	0.05577   	1.48811   	 (-0.00000  )
762	-0.02057  	0.04940   	-0.04144  	1.50788   	 (0.00000   )
763	-0.02003  	0.15481   	0.13508   	1.49210   	 (-0.00000  )
764	0.25976   	-0.15832  	-0.01495  	1.56276   	 (0.00000   )
765	0.04529   	-0.07853  	0.01429   	1.52875   	 (0.00000   )
766	-0.16879  	0.09528   	-0.12000  	1.46613   	 (0.00000   )
767	-0.05765  	-0.05226  	-0.03311  	1.47474   	 (-0.00000  )
768	-0.01001  	-0.04742  	-0.03060  	1.43069   	 (0.00000   )
769	0.10785   	-0.09237  	-0.03427  	1.48607   	 (0.00000   )
770	0.02253   	-0.10702  	-0.06672  	1.39088   	 (-0.00000  )
771	-0.15146  	0.02002   	0.00237   	1.50583   	 (0.00000   )
772	-0.00513  	-0.07126  	-0.09501  	1.65022   	 (-0.00000  )
773	0.19538   	0.00847   	-0.00945  	1.41242   	 (-0.00000  )
774	-0.01727  	0.15286   	0.00790   	1.49437   	 (-0.00000  )
775	-0.01760  	0.11571   	-0.06066  	1.50041   	 (-0.00000  )
776	0.03639   	-0.13363  	-0.03451  	1.47377   	 (0.00000   )
777	-0.07854  	-0.00445  	0.02845   	1.52297   	 (0.00000   )
778	0.10801   	-0.11776  	0.04228   	1.54267   	 (0.00000   )
779	0.01079   	-0.09426  	-0.03362  	1.57005   	 (0.00000   )
780	-0.09231  	0.13643   	-0.05059  	1.48702   	 (0.00000   )
781	0.02350   	0.01436   	-0.01054  	1.53463   	 (0.00000   )
782	0.12365   	-0.00932  	-0.03752  	1.45534   	 (0.00000   )
783	-0.08873  	-0.04808  	-0.01318  	1.48135   	 (0.00000   )
784	0.09057   	0.01191   	-0.06357  	1.41930   	 (-0.00000  )
785	0.02446   	-0.00989  	0.02644   	1.53421   	 (-0.00000  )
786	-0.02660  	0.06148   	0.05665   	1.56161   	 (-0.00000  )
787	-0.05385  	0.10774   	0.10885   	1.54429   	 (-0.00000  )
788	-0.01160  	-0.05295  	0.01126   	1.50694   	 (-0.00000  )
789	-0.10708  	-0.03092  	0.01161   	1.57254   	 (0.00000   )
790	-0.01153  	0.06545   	-0.00621  	1.55177   	 (0.00000   )
791	0.03657   	-0.02711  	-0.02785  	1.44143   	 (-0.00000  )
792	0.12771   	-0.10795  	-0.00799  	1.48454   	 (0.00000   )
793	-0.06213  	0.14623   	-0.13559  	1.52156   	 (0.00000   )
794	-0.02395  	-0.06780  	0.00599   	1.46349   	 (-0.00000  )
795	0.03298   	-0.07386  	0.06220   	1.50117   	 (0.00000   )
796	-0.03818  	0.07797   	0.04638   	1.59572   	 (0.00000   )
797	-0.02651  	0.02596   	0.00502   	1.45187   	 (-0.00000  )
798	0.05726   	-0.07735  	-0.02921  	1.51467   	 (0.00000   )
799	0.03996   	-0.01369  	-0.07942  	1.46245   	 (-0.00000  )
800	-0.08855  	-0.05384  	0.16441   	1.49329   	 (-0.00000  )
801	0.08811   	0.10718   	-0.20958  	1.47389   	 (-0.00000  )
802	0.02688   	-0.02046  	0.00402   	1.53457   	 (0.00000   )
803	-0.02812  	-0.01606  	0.05003   	1.53350   	 (-0.00000  )
804	-0.01945  	-0.01586  	0.11754   	1.52135   	 (0.00000   )
805	0.06825   	0.03867   	-0.05441  	1.53324   	 (0.00000   )
806	-0.07878  	0.04562   	-0.02942  	1.52553   	 (0.00000   )
807	-0.02771  	-0.02638  	0.04456   	1.54122   	 (-0.00000  )
808	0.10453   	-0.03342  	-0.06721  	1.38126   	 (-0.00000  )
809	0.09165   	-0.07037  	0.02862   	1.49443   	 (0.00000   )
810	-0.17435  	0.05065   	-0.03828  	1.54064   	 (0.00000   )
811	0.07524   	-0.01754  	0.07919   	1.47914   	 (-0.00000  )
812	-0.00064  	0.00480   	-0.01874  	1.48298   	 (0.00000   )
813	-0.02289  	0.01363   	-0.01772  	1.49048   	 (0.00000   )
814	-0.13553  	0.03795   	-0.03316  	1.54919   	 (-0.00000  )
815	-0.08238  	0.10910   	-0.01042  	1.51972   	 (-0.00000  )
816	0.17324   	-0.14560  	0.02826   	1.50891   	 (0.00000   )
817	0.02679   	0.07399   	0.00482   	1.42535   	 (-0.00000  )
818	0.05206   	0.08895   	0.05216   	1.50199   	 (0.00000   )
819	-0.08974  	-0.07135  	0.22108   	1.46444   	 (0.00000   )
820	0.06609   	-0.01220  	-0.17774  	1.47413   	 (0.00000   )
821	0.04276   	-0.14870  	-0.13327  	1.45641   	 (0.00000   )
822	-0.17332  	0.14274   	0.01553   	1.43589   	 (0.00000   )
823	-0.07699  	0.11445   	0.03502   	1.50617   	 (0.00000   )
824	0.10268   	-0.14755  	-0.05750  	1.54567   	 (0.00000   )
825	0.05862   	-0.09244  	0.02060   	1.47514   	 (-0.00000  )
826	-0.07170  	-0.02330  	-0.01132  	1.48391   	 (-0.00000  )
827	0.02275   	0.08041   	-0.01639  	1.51107   	 (0.00000   )
828	0.03192   	-0.02516  	0.01747   	1.53692   	 (-0.00000  )
829	0.12522   	-0.07253  	0.03429   	1.49981   	 (0.00000   )
830	-0.16905  	0.27702   	-0.00164  	1.46938   	 (0.00000   )
831	0.10574   	-0.03233  	0.28345   	1.54494   	 (0.00000   )
832	-0.13546  	0.01969   	-0.27444  	1.49692   	 (0.00000   )
833	0.11799   	-0.19272  	-0.05207  	1.48752   	 (-0.00000  )
834	-0.10007  	0.03639   	-0.06302  	1.49804   	 (-0.00000  )
835	0.08430   	-0.07032  	-0.02793  	1.52245   	 (-0.00000  )
836	0.03841   	0.05447   	-0.00752  	1.50669   	 (0.00000   )
837	-0.05113  	0.06964   	0.28439   	1.45441   	 (-0.00000  )
838	-0.00066  	-0.11410  	-0.25609  	1.46242   	 (-0.00000  )
839	-0.06335  	0.10264   	0.02429   	1.49330   	 (0.00000   )
840	0.08159   	-0.05078  	0.14489   	1.47369   	 (-0.00000  )
841	-0.01375  	-0.01906  	-0.06133  	1.48477   	 (0.00000   )
842	0.03853   	-0.03362  	-0.01424  	1.56932   	 (0.00000   )
843	0.02602   	-0.04605  	-0.01034  	1.51684   	 (0.00000   )
844	-0.17093  	0.15589   	0.02685   	1.46792   	 (-0.00000  )
845	0.12674   	-0.09575  	-0.08133  	1.51585   	 (0.00000   )
846	-0.06617  	0.06987   	0.00148   	1.48591   	 (0.00000   )
847	0.12175   	-0.16452  	0.05670   	1.49071   	 (0.00000   )
848	-0.07784  	0.10273   	0.00041   	1.53226   	 (-0.00000  )
849	-0.05952  	0.10657   	0.17600   	1.48005   	 (-0.00000  )
850	-0.03699  	0.24098   	-0.16645  	1.46593   	 (-0.00000  )
851	0.01939   	-0.15658  	0.07404   	1.49180   	 (0.00000   )
852	0.11001   	-0.12851  	-0.04624  	1.48657   	 (-0.00000  )
853	-0.06930  	0.06870   	0.08975   	1.50051   	 (-0.00000  )
854	-0.02895  	0.00754   	0.02667   	1.46930   	 (0.00000   )
855	-0.01090  	0.04505   	-0.14713  	1.49736   	 (-0.00000  )
856	0.10272   	-0.04768  	0.05191   	1.46782   	 (0.00000   )
857	-0.09295  	0.00911   	-0.01964  	1.50304   	 (0.00000   )
858	0.01922   	-0.00354  	0.01023   	1.85415   	 (0.00000   )
859	-0.08531  	-0.00454  	-0.03020  	1.46764   	 (-0.00000  )
860	0.08606   	-0.12884  	-0.08372  	1.46404   	 (-0.00000  )
861	0.07310   	0.00287   	0.01033   	1.50611   	 (-0.00000  )
862	0.05660   	-0.08089  	0.17264   	1.46145   	 (0.00000   )
863	0.02456   	-0.01156  	-0.00552  	1.73606   	 (0.00000   )
864	-0.04862  	0.04344   	-0.19916  	1.52540   	 (-0.00000  )
865	-0.03451  	0.00703   	-0.00113  	1.43845   	 (-0.00000  )
866	0.00916   	-0.11490  	-0.02352  	1.47490   	 (-0.00000  )
867	-0.07049  	0.12169   	0.19124   	1.47609   	 (0.00000   )
868	-0.00832  	-0.01112  	-0.02153  	1.36676   	 (-0.00000  )
869	-0.08855  	0.24780   	0.01090   	1.49374   	 (-0.00000  )
870	-0.02865  	0.16378   	-0.00633  	1.46926   	 (0.00000   )
871	0.13786   	-0.09646  	0.14079   	1.50680   	 (0.00000   )
872	0.08710   	-0.06610  	0.05031   	1.49615   	 (0.00000   )
873	-0.01450  	-0.12365  	-0.03766  	1.47967   	 (-0.00000  )
874	0.03085   	-0.00866  	0.00522   	1.81682   	 (0.00000   )
875	-0.05280  	0.05315   	0.01069   	1.49623   	 (-0.00000  )
876	-0.18787  	0.17798   	-0.21621  	1.51153   	 (0.00000   )
877	0.21590   	-0.18112  	0.04651   	1.52936   	 (0.00000   )
878	-0.03482  	-0.00570  	-0.00414  	1.49806   	 (-0.00000  )
879	-0.15771  	0.04483   	0.14097   	1.47393   	 (-0.00000  )
880	0.00564   	-0.00739  	0.00570   	1.49928   	 (-0.00000  )
881	0.12974   	-0.20559  	-0.25248  	1.47802   	 (-0.00000  )
882	-0.00812  	0.01408   	-0.00771  	1.50970   	 (0.00000   )
883	-0.03905  	0.12260   	0.01866   	1.51994   	 (0.00000   )
884	-0.02951  	0.08342   	0.02722   	1.50997   	 (-0.00000  )
885	-0.04833  	0.07531   	0.01110   	1.47521   	 (-0.00000  )
886	0.00650   	-0.00012  	-0.00419  	1.48323   	 (0.00000   )
887	-0.09154  	0.10154   	0.03353   	1.47460   	 (0.00000   )
888	0.02957   	-0.09458  	-0.05854  	1.48974   	 (-0.00000  )
889	0.00172   	-0.00044  	-0.00963  	1.66780   	 (-0.00000  )
890	0.18939   	-0.20226  	0.07006   	1.52795   	 (0.00000   )
891	0.04152   	-0.02776  	-0.10704  	1.48887   	 (0.00000   )
892	-0.00421  	-0.15344  	-0.05283  	1.43506   	 (0.00000   )
893	-0.00023  	0.00189   	0.00420   	1.47557   	 (0.00000   )
894	-0.04491  	0.16536   	0.22013   	1.47892   	 (-0.00000  )
895	0.01671   	0.00164   	0.00080   	1.47823   	 (0.00000   )
896	-0.05370  	0.20783   	-0.15108  	1.47153   	 (0.00000   )
897	0.03879   	-0.18808  	0.10134   	1.49206   	 (-0.00000  )
898	-0.00109  	-0.03593  	0.05808   	1.47354   	 (0.00000   )
899	0.00503   	-0.00148  	-0.00320  	1.50422   	 (-0.00000  )
900	-0.04245  	0.01251   	-0.03063  	1.49006   	 (-0.00000  )
901	0.05235   	-0.15422  	-0.03720  	1.59532   	 (0.00000   )
902	0.15840   	-0.06334  	-0.04759  	1.36313   	 (-0.00000  )
903	0.12586   	-0.06314  	-0.04574  	1.51075   	 (-0.00000  )
904	-0.16702  	0.05313   	-0.00488  	1.28250   	 (-0.00000  )
905	-0.04244  	-0.02905  	-0.06817  	1.47341   	 (0.00000   )
906	-0.01666  	-0.08194  	-0.16121  	1.46910   	 (0.00000   )
907	0.04280   	-0.02838  	-0.02138  	1.45667   	 (0.00000   )
908	0.08208   	0.10466   	-0.02264  	1.44704   	 (0.00000   )
909	-0.14835  	0.08618   	0.00335   	1.51395   	 (0.00000   )
910	-0.08844  	0.08249   	0.22909   	1.48462   	 (0.00000   )
911	0.17369   	-0.12384  	-0.00110  	1.50180   	 (0.00000   )
912	-0.00954  	-0.07149  	-0.07355  	1.40966   	 (-0.00000  )
913	-0.08329  	0.08411   	0.02413   	1.48400   	 (-0.00000  )
914	0.09267   	-0.09256  	-0.01460  	1.44981   	 (0.00000   )
915	-0.02607  	-0.00435  	0.02129   	1.35028   	 (-0.00000  )
916	0.11465   	-0.24554  	-0.10147  	1.61924   	 (0.00000   )
917	-0.19396  	0.16215   	-0.09278  	1.54168   	 (0.00000   )
918	0.17852   	-0.24546  	-0.00017  	1.56103   	 (0.00000   )
919	-0.12226  	0.01420   	-0.12587  	1.59867   	 (0.00000   )
920	-0.04951  	0.09753   	0.03842   	1.43975   	 (0.00000   )
921	0.13422   	0.17501   	0.02677   	1.52170   	 (0.00000   )
922	0.06051   	-0.33779  	-0.13341  	1.53940   	 (0.00000   )
923	0.05672   	-0.04543  	0.00357   	1.40883   	 (-0.00000  )
924	0.00341   	0.01330   	-0.02449  	1.51168   	 (0.00000   )
925	-0.00417  	0.00913   	0.05378   	1.33585   	 (-0.00000  )
926	-0.05583  	0.06100   	0.01395   	1.48167   	 (-0.00000  )
927	0.04654   	-0.05358  	0.01557   	1.48069   	 (0.00000   )
928	-0.00139  	-0.02127  	-0.00953  	1.47617   	 (-0.00000  )
929	-0.08968  	0.07470   	-0.06060  	1.63539   	 (0.00000   )
930	0.04799   	-0.00239  	0.01575   	1.63089   	 (0.00000   )
931	0.00117   	0.01496   	-0.00004  	1.49867   	 (-0.00000  )
932	-0.01067  	-0.07639  	0.00651   	1.35213   	 (-0.00000  )
933	0.14565   	-0.02658  	-0.01189  	1.33853   	 (-0.00000  )
934	0.00992   	-0.17255  	-0.12573  	1.42291   	 (-0.00000  )
935	-0.00483  	-0.01206  	0.18569   	1.49669   	 (-0.00000  )
936	0.00752   	0.00003   	-0.18366  	1.53086   	 (0.00000   )
937	-0.05724  	-0.00538  	0.01103   	1.73836   	 (-0.00000  )
938	0.00130   	-0.01776  	-0.01341  	1.61003   	 (-0.00000  )
939	-0.01935  	-0.07668  	0.00605   	1.23990   	 (0.00000   )
940	0.00925   	0.07891   	-0.00985  	1.28831   	 (0.00000   )
941	0.00176   	-0.00533  	-0.00470  	1.36352   	 (0.00000   )
942	-0.02806  	0.06655   	-0.01506  	1.79130   	 (0.00000   )
943	0.02522   	-0.05843  	0.00488   	1.77942   	 (0.00000   )
944	0.17247   	-0.03414  	0.04125   	1.22271   	 (-0.00000  )
945	-0.15121  	0.03195   	-0.03859  	1.24807   	 (0.00000   )
946	-0.04393  	-0.12051  	-0.01465  	1.77532   	 (0.00000   )
947	0.25954   	-0.13751  	-0.01040  	1.78773   	 (-0.00000  )
948	-0.19885  	0.04765   	-0.01233  	1.76079   	 (-0.00000  )
949	0.01000   	0.21269   	-0.04125  	1.72581   	 (-0.00000  )
950	0.01214   	-0.05611  	0.02780   	1.22498   	 (-0.00000  )
951	-0.02807  	0.07168   	-0.00576  	1.27553   	 (-0.00000  )
952	0.09474   	-0.07525  	0.03924   	1.23127   	 (0.00000   )
953	-0.09025  	0.07599   	0.01835   	1.24900   	 (-0.00000  )
954	0.08772   	-0.08874  	-0.02170  	1.76170   	 (0.00000   )
955	-0.12016  	-0.05469  	-0.03403  	1.64131   	 (0.00000   )
956	0.05765   	0.02591   	0.04717   	1.23223   	 (0.00000   )
957	-0.05251  	0.12310   	-0.00164  	1.17645   	 (-0.00000  )
958	0.17018   	-0.27816  	-0.19163  	1.49476   	 (0.00000   )
959	0.03684   	-0.34641  	-0.23161  	1.52858   	 (-0.00000  )
960	-0.15614  	0.21717   	0.11046   	1.57293   	 (-0.00000  )
961	0.03641   	0.11876   	0.11452   	1.48908   	 (0.00000   )
962	0.03251   	-0.19122  	-0.22004  	1.57710   	 (-0.00000  )
963	0.11616   	-0.23002  	-0.07807  	1.47058   	 (-0.00000  )
964	0.04771   	-0.04573  	0.07459   	1.55281   	 (0.00000   )
965	0.01161   	0.14882   	0.05347   	1.48814   	 (-0.00000  )
966	-0.11197  	-0.03593  	-0.12633  	1.52272   	 (0.00000   )
967	0.02305   	-0.03758  	-0.03980  	1.51017   	 (-0.00000  )
968	0.00066   	-0.01514  	-0.00643  	1.85700   	 (0.00000   )
969	0.02852   	-0.12094  	-0.08716  	1.44695   	 (0.00000   )
970	0.03840   	-0.02451  	0.12184   	1.54845   	 (0.00000   )
971	-0.02028  	-0.04781  	-0.04825  	1.52069   	 (0.00000   )
972	0.04808   	-0.00066  	-0.01117  	1.44463   	 (-0.00000  )
973	-0.03571  	0.02359   	0.06940   	1.33798   	 (0.00000   )
974	0.13254   	-0.07872  	-0.09085  	1.49604   	 (0.00000   )
975	0.09943   	-0.11028  	0.07152   	1.55102   	 (-0.00000  )
976	-0.01443  	-0.01047  	-0.05568  	1.38924   	 (-0.00000  )
977	-0.05422  	0.10799   	-0.03450  	1.64443   	 (0.00000   )
978	0.16781   	-0.21954  	0.03392   	1.47396   	 (-0.00000  )
979	-0.16493  	0.17043   	0.01606   	1.47090   	 (-0.00000  )
980	0.06319   	-0.06289  	0.01185   	1.50752   	 (0.00000   )
981	-0.15747  	0.08249   	-0.15279  	1.45599   	 (0.00000   )
982	-0.01655  	-0.05926  	-0.00751  	1.49321   	 (0.00000   )
983	-0.11046  	0.15510   	0.02028   	1.41006   	 (-0.00000  )
984	0.05229   	-0.04468  	-0.03019  	1.51622   	 (0.00000   )
985	0.17133   	-0.19350  	-0.09174  	1.48831   	 (-0.00000  )
986	-0.14497  	0.08249   	0.00473   	1.47146   	 (0.00000   )
987	0.21149   	-0.17933  	-0.27450  	1.49160   	 (-0.00000  )
988	0.15415   	-0.33172  	-0.07667  	1.53942   	 (-0.00000  )
989	-0.05010  	-0.08190  	-0.20853  	1.54380   	 (0.00000   )
990	-0.01328  	-0.02931  	-0.01188  	1.82862   	 (-0.00000  )
991	-0.09816  	-0.09946  	-0.07958  	1.56005   	 (-0.00000  )
992	-0.00218  	0.03079   	0.04939   	1.57695   	 (0.00000   )
993	0.12028   	0.09653   	-0.16776  	1.49230   	 (-0.00000  )
994	0.02020   	0.01308   	-0.02323  	1.31742   	 (0.00000   )
995	0.00954   	-0.01658  	-0.02299  	1.32699   	 (-0.00000  )
996	0.04010   	0.06602   	0.09489   	1.50488   	 (0.00000   )
997	0.05730   	-0.16732  	-0.05462  	1.55801   	 (-0.00000  )
998	-0.01451  	-0.06339  	-0.09282  	1.42969   	 (-0.00000  )
999	-0.11080  	0.18597   	0.10708   	1.50431   	 (-0.00000  )
1000	0.28322   	-0.28483  	0.00768   	1.64217   	 (-0.00000  )
1001	-0.32936  	0.28040   	-0.01195  	1.66209   	 (0.00000   )
1002	0.06052   	0.01355   	0.05606   	1.41940   	 (0.00000   )
1003	0.11974   	-0.24537  	-0.05805  	1.51148   	 (-0.00000  )
1004	0.08854   	-0.05835  	0.01843   	1.38985   	 (-0.00000  )
1005	-0.05805  	0.02239   	-0.04096  	1.44645   	 (-0.00000  )
1006	0.13136   	0.20578   	0.02915   	1.52910   	 (-0.00000  )
1007	-0.01367  	-0.24151  	-0.01797  	1.49132   	 (-0.00000  )
1008	-0.01495  	-0.08851  	-0.14114  	1.53352   	 (0.00000   )
1009	0.07718   	-0.13762  	-0.13317  	1.50723   	 (-0.00000  )
1010	-0.14228  	0.28059   	0.03284   	1.52706   	 (-0.00000  )
1011	-0.08586  	0.04131   	-0.01940  	1.39580   	 (0.00000   )
1012	0.09723   	-0.21719  	0.01873   	1.68456   	 (0.00000   )
1013	-0.09792  	0.14344   	-0.16215  	1.53289   	 (0.00000   )
1014	0.03247   	0.05462   	0.10826   	1.51292   	 (-0.00000  )
1015	-0.09017  	0.27426   	-0.10871  	1.53397   	 (-0.00000  )
1016	0.02948   	-0.04746  	0.00368   	1.43721   	 (-0.00000  )
1017	-0.03630  	0.02377   	0.09857   	1.49727   	 (-0.00000  )
1018	-0.02738  	-0.07615  	0.04667   	1.63532   	 (0.00000   )
1019	-0.03984  	0.15119   	-0.01210  	1.51358   	 (-0.00000  )
1020	0.03205   	-0.01580  	0.02467   	1.30453   	 (-0.00000  )
1021	0.00148   	-0.07666  	0.04691   	1.47426   	 (-0.00000  )
1022	-0.02050  	0.04357   	0.00788   	1.21618   	 (0.00000   )
1023	0.04159   	-0.03412  	-0.01556  	1.47595   	 (0.00000   )
1024	-0.02655  	-0.01151  	0.08787   	1.46249   	 (0.00000   )
1025	-0.08722  	0.15780   	0.03426   	1.50415   	 (-0.00000  )
1026	-0.01554  	0.05558   	-0.12880  	1.51808   	 (0.00000   )
1027	0.22667   	-0.02087  	0.13623   	1.55949   	 (-0.00000  )
1028	0.06647   	-0.04437  	0.01560   	1.47568   	 (0.00000   )
1029	-0.07361  	0.21367   	0.08712   	1.49016   	 (0.00000   )
1030	-0.04065  	0.08189   	-0.01798  	1.51718   	 (0.00000   )
1031	0.00221   	-0.01911  	-0.07567  	1.45438   	 (0.00000   )
1032	0.01045   	-0.04477  	-0.00469  	1.84127   	 (0.00000   )
1033	-0.10854  	0.00478   	-0.12009  	1.47409   	 (-0.00000  )
1034	0.16286   	-0.21028  	0.03661   	1.45370   	 (-0.00000  )
1035	0.04614   	0.05349   	-0.04527  	1.47511   	 (-0.00000  )
1036	-0.02504  	0.03550   	-0.03671  	1.49747   	 (-0.00000  )
1037	-0.11590  	0.04373   	0.01619   	1.44792   	 (0.00000   )
1038	0.02142   	-0.00038  	0.03866   	1.47838   	 (0.00000   )
1039	0.05457   	-0.24744  	-0.16396  	1.43632   	 (-0.00000  )
1040	-0.00883  	0.01221   	0.00310   	1.12069   	 (-0.00000  )
1041	0.13267   	-0.22943  	-0.15091  	1.47003   	 (-0.00000  )
1042	-0.15178  	0.33098   	-0.14072  	1.55864   	 (0.00000   )
1043	0.17594   	-0.24425  	-0.06882  	1.42132   	 (-0.00000  )
1044	-0.05251  	-0.33314  	-0.30008  	1.55646   	 (0.00000   )
1045	0.24170   	-0.23151  	-0.10244  	1.53661   	 (-0.00000  )
1046	-0.16591  	0.10122   	0.15674   	1.54540   	 (-0.00000  )
1047	0.27150   	-0.09983  	0.00173   	1.51907   	 (-0.00000  )
1048	0.15209   	0.03787   	-0.11817  	1.54735   	 (0.00000   )
1049	-0.21647  	-0.09606  	-0.14925  	1.34694   	 (0.00000   )
1050	-0.21530  	0.45380   	0.04927   	1.54089   	 (-0.00000  )
1051	0.19738   	-0.29478  	-0.08387  	1.40549   	 (0.00000   )
1052	0.16182   	-0.37298  	-0.26705  	1.53799   	 (-0.00000  )
1053	0.08503   	-0.31325  	-0.22049  	1.45387   	 (-0.00000  )
1054	0.11065   	-0.32132  	-0.24128  	1.47406   	 (-0.00000  )
1055	0.13682   	-0.37349  	-0.24578  	1.51984   	 (0.00000   )
1056	0.07259   	-0.34121  	-0.24445  	1.48011   	 (-0.00000  )
1057	0.17362   	-0.34474  	-0.24860  	1.51052   	 (0.00000   )
1058	0.13434   	-0.43612  	-0.20706  	1.54306   	 (-0.00000  )
1059	0.11731   	-0.27261  	-0.27053  	1.45540   	 (0.00000   )
1060	0.13362   	-0.67087  	-0.24519  	1.72655   	 (0.00000   )
1061	0.13364   	-0.02917  	-0.24743  	1.27792   	 (0.00000   )
1062	0.21998   	-0.42324  	-0.24402  	1.57386   	 (0.00000   )
1063	0.01119   	-0.27832  	-0.24827  	1.42247   	 (-0.00000  )
1064	0.15150   	-0.37982  	-0.18791  	1.49859   	 (0.00000   )
1065	0.10214   	-0.32401  	-0.32942  	1.51692   	 (-0.00000  )
1066	0.12060   	-0.30250  	-0.36683  	1.52491   	 (-0.00000  )
1067	0.14957   	-0.56307  	-0.25154  	1.65780   	 (0.00000   )
1068	0.09991   	-0.13780  	-0.24115  	1.34223   	 (-0.00000  )
1069	0.12206   	-0.38982  	-0.09807  	1.45430   	 (0.00000   )
1070	0.11556   	-0.23881  	-0.28185  	1.43682   	 (0.00000   )
