0 -0.25144668172727 7.37995e-06
1 -0.251446681682988 4.3427e-06
2 -0.249758525652043 1.51006e-06
3 -0.249758525644195 1.03181e-06
4 -0.249565015135977 1.10753e-06
5 -0.249565015132438 7.53076e-07
6 -0.248315398953064 3.47692e-07
7 -0.248315398952236 1.99225e-07
8 -0.248244412104382 4.44661e-07
9 -0.248244412104081 2.93708e-07
10 -0.248015765536207 1.98474e-07
11 -0.248015765536068 1.36851e-07
12 -0.246425787792886 7.12203e-08
13 -0.246425787792858 1.666e-08
14 -0.246116397113203 6.91942e-08
15 -0.246116397113194 1.06024e-07
16 -0.244549657853887 1.14821e-08
17 -0.244549657853882 1.02462e-07
18 -0.244313537713318 2.78775e-08
19 -0.244313537713304 9.80679e-08
20 -0.243576509990489 3.00343e-08
21 -0.243576509990472 4.75613e-08
22 -0.24017631424098 5.03259e-08
23 -0.240176314240898 9.58131e-08
24 -0.239278109854047 3.79907e-08
25 -0.239278109854019 6.22803e-08
26 -0.239063200967889 7.04366e-08
27 -0.239063200967808 5.8725e-08
28 -0.234249007645255 4.4392e-08
29 -0.234249007645081 6.91942e-08
30 -0.153533541421519 4.2434e-08
31 -0.153533541421504 6.96938e-09
32 -0.148483093863983 6.31104e-08
33 -0.148483093863963 2.8371e-08
34 -0.148089916375108 2.9333e-08
35 -0.148089916375075 2.13189e-08
36 -0.146372474702913 4.78522e-08
37 -0.146372474702899 2.09081e-08
38 -0.142760242553984 6.05001e-08
39 -0.142760242553975 5.8902e-08
40 -0.142620424307947 4.0209e-08
41 -0.142620424307928 3.41428e-08
42 -0.142295908307629 4.55492e-08
43 -0.142295908307625 2.06577e-08
44 -0.139265166112024 4.81774e-08
45 -0.139265166112016 2.81253e-08
46 -0.138616556026042 1.35603e-08
47 -0.138616556026031 2.56071e-08
48 -0.138116175063153 3.75313e-08
49 -0.138116175063147 2.80636e-08
50 -0.13806539664787 3.41936e-08
51 -0.138065396647867 4.82493e-08
52 -0.137700558401757 3.17743e-08
53 -0.137700558401753 5.67114e-08
54 -0.136181324991946 3.70662e-08
55 -0.136181324991942 2.80636e-08
56 -0.136010727823169 1.0861e-08
57 -0.136010727823166 3.49463e-08
58 -0.134771044096787 1.74732e-08
59 -0.134771044096782 3.98188e-08
60 -0.134612020618066 4.99105e-08
61 -0.13461202061806 6.88927e-08
62 -0.133092185820892 8.06119e-08
63 -0.13309218582088 6.71586e-08
64 -0.132969517855535 8.07624e-08
65 -0.132969517855533 1.53032e-07
66 -0.132843702498276 7.47847e-08
67 -0.13284370249827 1.08274e-07
68 -0.13204173018432 1.23946e-07
69 -0.132041730184309 1.51574e-07
70 -0.131908257571606 1.20526e-07
71 -0.131908257571591 3.41159e-07
72 -0.131792659943919 1.46215e-07
73 -0.131792659943899 1.69797e-07
74 -0.131286452688605 2.79936e-07
75 -0.131286452688592 2.94928e-07
76 -0.130607522331967 3.40859e-07
77 -0.130607522331859 5.63209e-07
78 -0.129926898911143 4.42228e-07
79 -0.129926898910984 7.33828e-07
80 -0.129320063562789 7.39906e-07
81 -0.129320063561317 1.78642e-06
82 -0.12778296190294 2.96528e-06
83 -0.127782961887289 2.99863e-06
84 -0.127632167081653 2.60083e-06
85 -0.127632167078553 3.33658e-06
86 -0.127553024559014 3.38788e-06
87 -0.127553024557164 2.99889e-06
88 -0.127366104794077 2.16761e-06
89 -0.127366104787983 3.25038e-06
