0 -0.297721805736861 7.29296e-06
1 -0.293656839782807 7.60686e-06
2 -0.291159963563039 9.97285e-06
3 -0.291159582909238 6.42473e-06
4 -0.288769314993934 8.3979e-06
5 -0.288768883654355 5.06265e-06
6 -0.288353051004346 7.62023e-06
7 -0.288353002910858 8.80831e-06
8 -0.288336210122684 8.56731e-06
9 -0.287917717784474 3.35385e-06
10 -0.287629491768741 5.56491e-06
11 -0.287628735159717 2.1608e-06
12 -0.287304035481002 3.72329e-06
13 -0.287181666646781 2.00094e-06
14 -0.287180972646683 1.41369e-06
15 -0.287180972645532 9.12476e-06
16 -0.285907150418565 9.62683e-07
17 -0.285907150418426 2.25565e-06
18 -0.285655697673151 1.70759e-06
19 -0.285655697672914 2.0947e-06
20 -0.284319102955941 3.17743e-07
21 -0.284319102955853 1.33648e-06
22 -0.284318885607242 2.29431e-07
23 -0.284318885607203 9.19196e-07
24 -0.283746043238428 2.3958e-07
25 -0.283746043238337 1.15715e-06
26 -0.283745457369287 1.87896e-07
27 -0.283745457369278 5.32273e-07
28 -0.281425380358647 9.95427e-08
29 -0.281425380358645 6.20012e-08
30 -0.281425016825407 9.98906e-08
31 -0.281425016825404 1.2031e-07
32 -0.280953166372017 1.07454e-07
33 -0.280953166372013 9.65706e-08
34 -0.279181383855671 3.00343e-08
35 -0.279181383855666 3.83542e-08
36 -0.279180828024674 7.81423e-08
37 -0.279180828024673 4.89985e-08
38 -0.278223507950906 2.23517e-08
39 -0.278223507950902 3.18289e-08
40 -0.267740987402767 6.65358e-08
41 -0.267740987402763 4.19819e-08
42 -0.266080496096353 2.23517e-08
43 -0.266080496096351 5.4113e-08
44 -0.266079836005 9.85619e-09
45 -0.266079836004997 1.86265e-08
46 -0.258565676872202 5.43688e-08
47 -0.258565676872197 5.84289e-08
48 -0.258565377642059 5.25517e-08
49 -0.258565377642052 4.66778e-08
50 -0.258045607505316 5.55056e-08
51 -0.25804560750531 3.04928e-08
52 -0.252247934466664 3.04928e-08
53 -0.252247934466638 2.04043e-08
54 -0.124003394867808 1.84392e-08
55 -0.124003394867803 2.17619e-08
56 -0.114824029582064 3.48469e-09
57 -0.114824029582061 2.58096e-08
58 -0.114823036612482 2.04043e-08
59 -0.11482303661248 1.95356e-08
60 -0.107658559231658 1.64504e-08
61 -0.107658559231656 1.07808e-08
62 -0.105826395136564 2.06157e-08
63 -0.105826395136562 1.79627e-08
64 -0.0952149412922672 2.18415e-08
65 -0.0952149412922643 2.43928e-08
66 -0.0952140927612806 8.22522e-09
67 -0.0952140927612784 7.45058e-09
68 -0.0789834150122708 9.45189e-09
69 -0.0789834150122678 1.01168e-08
70 -0.0699922111281457 1.02445e-08
71 -0.0699922111281446 9.67859e-09
72 -0.0699908591692788 9.58855e-09
73 -0.0699908591692761 1.29383e-08
74 -0.069209489737557 1.8083e-08
75 -0.0692094897375543 1.41549e-08
76 -0.0618974443986498 7.792e-09
77 -0.0618974443986485 3.607e-09
78 -0.06189553364458 9.17246e-09
79 -0.0618955336445786 1.1098e-08
80 -0.0465676973964989 1.0861e-08
81 -0.0465676973964966 8.30393e-09
82 -0.0370448319998208 2.34555e-07
83 -0.0370448319998142 7.13633e-08
84 -0.037043201525477 8.66218e-08
85 -0.037043201525469 1.5503e-07
86 -0.0370110167759508 7.94345e-08
87 -0.0370110167759454 2.91796e-07
88 -0.0370105175195799 1.26069e-07
89 -0.0370105175195781 8.15958e-08
