0 -0.279760722898844 5.33786e-06
1 -0.279760722898539 2.98837e-06
2 -0.27976072289844 5.89077e-06
3 -0.277932964550042 3.10072e-06
4 -0.277932964549999 1.09503e-06
5 -0.273476201309049 8.41289e-08
6 -0.273476201309046 1.71161e-07
7 -0.273476201309045 1.6945e-07
8 -0.273476201309043 1.02496e-07
9 -0.273108686241304 9.03335e-08
10 -0.273108686241303 1.48499e-07
11 -0.272283302186308 3.69011e-07
12 -0.272283302186305 3.25041e-07
13 -0.270703488885836 7.92008e-08
14 -0.270703488885835 9.32812e-08
15 -0.270703488885834 5.5255e-08
16 -0.270703488885832 6.8691e-08
17 -0.264943773758899 1.58051e-08
18 -0.264943773758896 3.68785e-08
19 -0.264943773758894 3.99493e-08
20 -0.264943773758892 6.28901e-08
21 -0.264818859764275 2.98023e-08
22 -0.264818859764274 6.85899e-08
23 -0.264514491159913 5.30772e-08
24 -0.264514491159909 4.3444e-08
25 -0.263329043506823 3.65002e-08
26 -0.263329043506821 6.25583e-08
27 -0.263329043506819 5.39846e-08
28 -0.263329043506817 2.10734e-08
29 -0.262829708370733 6.91942e-08
30 -0.26282970837073 7.70694e-08
31 -0.256826519803975 3.90712e-08
32 -0.256826519803974 4.4548e-08
33 -0.25682651980397 8.69678e-08
34 -0.256826519803968 1.82501e-08
35 -0.255714812792162 7.13663e-08
36 -0.255714812792161 5.94881e-08
37 -0.255320897304536 3.70662e-08
38 -0.255320897304533 2.35608e-08
39 -0.255320897304532 5.32078e-08
40 -0.255320897304528 5.831e-08
41 -0.255120938910949 6.45239e-08
42 -0.255120938910946 3.57317e-08
43 -0.248537634044355 3.5537e-08
44 -0.248537634044351 5.76518e-08
45 -0.247258438664338 4.0467e-08
46 -0.24725843866433 2.04043e-08
47 -0.247258438664326 1.14821e-08
48 -0.247258438664324 3.84446e-08
49 -0.239028673923056 5.8902e-09
50 -0.239028673923026 1.36876e-08
51 -0.1414619048121 3.24229e-08
52 -0.141461904812094 2.0825e-08
53 -0.132244707396899 2.70565e-08
54 -0.132244707396898 6.45239e-09
55 -0.131287949345637 3.98188e-08
56 -0.131287949345634 1.05367e-08
57 -0.131287949345633 2.56071e-08
58 -0.131287949345632 2.05736e-08
59 -0.125261483840806 1.95356e-08
60 -0.125261483840804 1.38137e-08
61 -0.125190867481264 1.10196e-08
62 -0.125190867481263 1.52464e-08
63 -0.125190867481262 1.88118e-08
64 -0.12519086748126 1.59144e-08
65 -0.120569388017527 2.6669e-08
66 -0.120569388017526 4.74883e-09
67 -0.120569388017525 1.77685e-08
68 -0.120569388017523 2.07415e-08
69 -0.119394851713416 2.03617e-08
70 -0.119394851713413 8.8353e-09
71 -0.113374453969103 2.69279e-08
72 -0.113374453969102 1.88118e-08
73 -0.113374453969099 2.47108e-08
74 -0.113374453969098 5.74106e-09
75 -0.113218551732046 2.86751e-08
76 -0.113218551732044 1.34317e-08
77 -0.112608040854625 1.97563e-08
78 -0.112608040854624 7.21399e-09
79 -0.112394454602334 9.12506e-09
80 -0.112394454602332 1.95799e-08
81 -0.112394454602331 1.71222e-08
82 -0.11239445460233 9.31323e-09
83 -0.105183602387361 2.74701e-08
84 -0.10518360238736 2.80327e-08
85 -0.105118720729405 1.34317e-08
86 -0.105118720729404 2.64732e-08
87 -0.105118720729402 1.32366e-08
88 -0.1051187207294 2.37442e-08
89 -0.104861379925825 1.02021e-08
90 -0.104861379925825 8.01154e-09
91 -0.0952931375490158 1.96683e-08
92 -0.0952931375490122 8.53571e-09
93 -0.0945689831003942 1.2285e-08
94 -0.0945689831003923 9.02951e-09
95 -0.0945689831003899 1.00307e-08
96 -0.0945689831003879 2.59102e-08
97 -0.0830562735441192 1.62598e-07
98 -0.0830562735441176 2.77372e-08
99 -0.0830562735441123 4.36928e-08
100 -0.083056273544108 1.12702e-07
101 -0.0826605221736326 6.70746e-08
102 -0.0826605221736283 1.59813e-07
103 -0.0826605221736273 1.36724e-07
104 -0.0826605221736241 8.74948e-08
105 -0.0816769168479272 5.66575e-07
106 -0.0816769168479226 1.23445e-07
107 -0.0797169931816322 9.86894e-08
108 -0.0797169931816272 7.65882e-07
109 -0.0797169931816158 1.28641e-06
110 -0.0782393921514563 5.47014e-07
