0	-1.48504  	 (-0.00000  )
1	-0.57026  	 (0.00000   )
2	-0.56897  	 (0.00000   )
3	-0.57061  	 (0.00000   )
4	-0.97916  	 (0.00000   )
5	-0.97973  	 (0.00000   )
6	-0.97837  	 (-0.00000  )
7	-0.04731  	 (-0.00000  )
8	-0.04730  	 (0.00000   )
9	-0.04226  	 (0.00000   )
10	-0.77469  	 (0.00000   )
11	-0.77326  	 (-0.00000  )
12	-0.77629  	 (0.00000   )
13	-0.83066  	 (-0.00000  )
14	-0.83115  	 (0.00000   )
15	-0.26956  	 (0.00000   )
16	-0.62437  	 (0.00000   )
17	-0.62434  	 (0.00000   )
18	-0.67600  	 (-0.00000  )
19	0.00661   	 (-0.00000  )
20	0.00701   	 (0.00000   )
21	0.00627   	 (-0.00000  )
22	-0.68121  	 (-0.00000  )
23	-0.68096  	 (0.00000   )
24	0.47010   	 (-0.00000  )
25	-0.29625  	 (-0.00000  )
26	-0.57798  	 (0.00000   )
27	-0.57652  	 (-0.00000  )
28	-0.29147  	 (-0.00000  )
29	-0.57827  	 (-0.00000  )
30	-0.29203  	 (-0.00000  )
31	-0.96441  	 (0.00000   )
32	-0.96457  	 (0.00000   )
33	-0.96459  	 (-0.00000  )
34	-0.53424  	 (0.00000   )
35	-0.53435  	 (0.00000   )
36	-0.53415  	 (0.00000   )
37	-0.11329  	 (0.00000   )
38	-0.11593  	 (0.00000   )
39	-0.11807  	 (0.00000   )
40	-0.00377  	 (-0.00000  )
41	-0.00175  	 (0.00000   )
42	-0.00704  	 (0.00000   )
43	-0.80328  	 (0.00000   )
44	-0.03679  	 (-0.00000  )
45	-0.03717  	 (-0.00000  )
46	-0.78547  	 (0.00000   )
47	-0.78214  	 (-0.00000  )
48	-0.78218  	 (0.00000   )
49	-0.34931  	 (0.00000   )
50	-0.35119  	 (-0.00000  )
51	-0.35097  	 (0.00000   )
52	-0.65840  	 (0.00000   )
53	-0.67782  	 (0.00000   )
54	-0.97721  	 (0.00000   )
55	-0.67100  	 (0.00000   )
56	-0.36125  	 (0.00000   )
57	-0.36269  	 (-0.00000  )
58	-0.36341  	 (-0.00000  )
59	-0.59202  	 (-0.00000  )
60	-0.59285  	 (0.00000   )
61	-0.18308  	 (0.00000   )
62	-0.17865  	 (0.00000   )
63	-0.17553  	 (0.00000   )
64	-0.09440  	 (-0.00000  )
65	-0.09700  	 (0.00000   )
66	-0.09717  	 (0.00000   )
67	-0.83799  	 (-0.00000  )
68	-0.25098  	 (0.00000   )
69	-0.24933  	 (0.00000   )
70	-0.24773  	 (0.00000   )
71	-0.30041  	 (0.00000   )
72	-0.29118  	 (0.00000   )
73	-0.30024  	 (0.00000   )
74	-0.34450  	 (-0.00000  )
75	-0.52956  	 (-0.00000  )
76	-0.52738  	 (-0.00000  )
77	-0.52692  	 (-0.00000  )
78	0.57699   	 (-0.00000  )
79	0.57676   	 (-0.00000  )
80	-0.78123  	 (0.00000   )
81	-0.77887  	 (0.00000   )
82	-0.77895  	 (0.00000   )
83	-0.76251  	 (-0.00000  )
84	-0.76253  	 (0.00000   )
85	-0.76241  	 (0.00000   )
86	0.45325   	 (0.00000   )
87	-1.68375  	 (0.00000   )
88	-1.68381  	 (-0.00000  )
89	0.14537   	 (-0.00000  )
90	0.14765   	 (-0.00000  )
91	0.15055   	 (0.00000   )
92	-0.53656  	 (-0.00000  )
93	-0.54046  	 (-0.00000  )
94	-0.54604  	 (-0.00000  )
95	-0.48100  	 (-0.00000  )
96	0.67327   	 (-0.00000  )
97	0.67017   	 (0.00000   )
98	0.65892   	 (-0.00000  )
99	0.64932   	 (0.00000   )
100	0.64895   	 (0.00000   )
101	0.64840   	 (0.00000   )
102	0.72014   	 (-0.00000  )
103	0.71989   	 (0.00000   )
104	0.07624   	 (0.00000   )
105	0.07873   	 (0.00000   )
106	0.07788   	 (0.00000   )
107	-0.35039  	 (-0.00000  )
108	-0.35133  	 (0.00000   )
109	-0.34436  	 (-0.00000  )
110	-0.48370  	 (0.00000   )
111	-0.48258  	 (0.00000   )
112	-0.48269  	 (-0.00000  )
113	-0.26513  	 (0.00000   )
114	-0.27333  	 (0.00000   )
115	-0.27601  	 (0.00000   )
116	-0.11584  	 (0.00000   )
117	-0.11547  	 (0.00000   )
118	-0.13091  	 (-0.00000  )
119	0.95225   	 (0.00000   )
120	0.95329   	 (0.00000   )
121	0.95541   	 (-0.00000  )
122	0.12400   	 (0.00000   )
123	0.12641   	 (0.00000   )
124	0.12299   	 (-0.00000  )
125	-0.16080  	 (0.00000   )
126	-0.01942  	 (-0.00000  )
127	-0.02051  	 (0.00000   )
128	-0.02198  	 (0.00000   )
129	-0.40096  	 (0.00000   )
130	-0.40097  	 (-0.00000  )
131	0.01420   	 (0.00000   )
132	-0.00118  	 (0.00000   )
133	-0.12821  	 (0.00000   )
134	-0.11703  	 (-0.00000  )
135	-0.11755  	 (0.00000   )
136	-1.91079  	 (0.00000   )
137	-1.92315  	 (0.00000   )
138	-1.92368  	 (-0.00000  )
139	-0.73149  	 (0.00000   )
140	-0.73344  	 (0.00000   )
141	-0.23097  	 (-0.00000  )
142	-0.21157  	 (0.00000   )
143	-0.20882  	 (-0.00000  )
144	-0.64943  	 (0.00000   )
145	-0.20421  	 (0.00000   )
146	0.06076   	 (0.00000   )
147	0.01370   	 (-0.00000  )
148	-0.42622  	 (0.00000   )
149	-0.07496  	 (0.00000   )
150	-0.34328  	 (0.00000   )
151	-0.93659  	 (0.00000   )
152	-0.92906  	 (0.00000   )
153	-0.92011  	 (-0.00000  )
154	-0.26737  	 (0.00000   )
155	-0.28538  	 (0.00000   )
156	-0.44528  	 (0.00000   )
157	-0.46489  	 (-0.00000  )
158	-0.50461  	 (0.00000   )
159	-1.00983  	 (-0.00000  )
160	-0.99198  	 (-0.00000  )
161	-0.98373  	 (-0.00000  )
162	-0.67698  	 (-0.00000  )
163	-0.63343  	 (0.00000   )
164	-0.59852  	 (-0.00000  )
165	-0.13704  	 (0.00000   )
166	-0.13806  	 (0.00000   )
167	0.63208   	 (0.00000   )
168	0.60534   	 (0.00000   )
169	0.56073   	 (0.00000   )
170	0.44700   	 (-0.00000  )
171	0.44831   	 (0.00000   )
172	0.45456   	 (-0.00000  )
173	0.38583   	 (0.00000   )
174	0.38511   	 (-0.00000  )
175	0.38730   	 (-0.00000  )
176	0.39640   	 (0.00000   )
177	0.39947   	 (0.00000   )
178	0.40845   	 (0.00000   )
179	0.49873   	 (-0.00000  )
180	0.49809   	 (-0.00000  )
181	0.48652   	 (-0.00000  )
182	-0.52691  	 (-0.00000  )
183	-0.47914  	 (-0.00000  )
184	-0.37981  	 (0.00000   )
185	-0.33643  	 (0.00000   )
186	-0.33969  	 (-0.00000  )
187	-0.38433  	 (0.00000   )
188	-0.49607  	 (0.00000   )
189	-0.50274  	 (-0.00000  )
190	-0.51715  	 (-0.00000  )
191	-1.13635  	 (0.00000   )
192	-1.13374  	 (0.00000   )
193	-1.13152  	 (-0.00000  )
194	-1.22264  	 (0.00000   )
195	-0.28053  	 (0.00000   )
196	-0.28064  	 (0.00000   )
197	0.36832   	 (0.00000   )
198	0.36629   	 (0.00000   )
199	0.36238   	 (-0.00000  )
200	0.13930   	 (0.00000   )
201	-0.33589  	 (-0.00000  )
202	-0.34018  	 (0.00000   )
203	-0.11123  	 (-0.00000  )
204	-0.11192  	 (-0.00000  )
205	-0.11365  	 (-0.00000  )
206	-0.50415  	 (-0.00000  )
207	-0.50386  	 (0.00000   )
208	-0.49681  	 (0.00000   )
209	0.03509   	 (0.00000   )
210	-0.03635  	 (-0.00000  )
211	-0.04118  	 (0.00000   )
212	-0.03391  	 (-0.00000  )
213	-0.38202  	 (0.00000   )
214	-0.38094  	 (0.00000   )
215	-0.61783  	 (-0.00000  )
216	-0.62267  	 (-0.00000  )
217	-0.62651  	 (-0.00000  )
218	0.74635   	 (-0.00000  )
219	0.76516   	 (0.00000   )
220	0.74916   	 (-0.00000  )
221	0.05121   	 (-0.00000  )
222	0.03549   	 (-0.00000  )
223	0.02020   	 (-0.00000  )
224	-1.09449  	 (0.00000   )
225	-1.09475  	 (0.00000   )
226	-1.10332  	 (0.00000   )
227	-0.18934  	 (0.00000   )
228	-0.82127  	 (-0.00000  )
229	-0.81959  	 (0.00000   )
230	-0.51028  	 (0.00000   )
231	-0.50786  	 (-0.00000  )
232	-0.51432  	 (0.00000   )
233	0.47057   	 (0.00000   )
234	0.62694   	 (-0.00000  )
235	0.62789   	 (-0.00000  )
236	0.63025   	 (-0.00000  )
237	0.60524   	 (-0.00000  )
238	0.60630   	 (0.00000   )
239	0.60333   	 (-0.00000  )
240	-0.16891  	 (0.00000   )
241	-0.16692  	 (0.00000   )
242	-0.16502  	 (0.00000   )
243	0.47960   	 (0.00000   )
244	0.47905   	 (0.00000   )
245	0.48212   	 (-0.00000  )
246	-0.15139  	 (0.00000   )
247	-0.14915  	 (0.00000   )
248	-0.15039  	 (0.00000   )
249	0.75178   	 (-0.00000  )
250	0.75293   	 (-0.00000  )
251	0.75424   	 (-0.00000  )
252	0.19069   	 (-0.00000  )
253	0.18813   	 (0.00000   )
254	0.56113   	 (-0.00000  )
255	0.56031   	 (-0.00000  )
256	0.55395   	 (0.00000   )
257	-0.02313  	 (0.00000   )
258	1.15112   	 (-0.00000  )
259	1.14212   	 (-0.00000  )
260	1.23373   	 (-0.00000  )
261	1.23629   	 (-0.00000  )
262	1.24203   	 (-0.00000  )
263	-0.14059  	 (-0.00000  )
264	-0.14136  	 (-0.00000  )
265	-0.14033  	 (0.00000   )
266	0.04434   	 (0.00000   )
267	0.28507   	 (0.00000   )
268	-0.01373  	 (0.00000   )
269	-0.32960  	 (0.00000   )
270	-0.31624  	 (0.00000   )
271	-0.29959  	 (0.00000   )
272	0.27454   	 (-0.00000  )
273	0.27279   	 (-0.00000  )
274	0.27184   	 (0.00000   )
275	0.01381   	 (0.00000   )
276	0.01288   	 (0.00000   )
277	-0.19337  	 (0.00000   )
278	-0.53999  	 (-0.00000  )
279	-0.53746  	 (0.00000   )
280	-0.40466  	 (0.00000   )
281	-1.09133  	 (0.00000   )
282	-1.07667  	 (-0.00000  )
283	-0.96147  	 (0.00000   )
284	-0.27308  	 (0.00000   )
285	-0.53538  	 (-0.00000  )
286	-0.53397  	 (0.00000   )
287	-0.53941  	 (-0.00000  )
288	0.42614   	 (0.00000   )
289	0.42745   	 (0.00000   )
290	-0.47279  	 (0.00000   )
291	-0.32070  	 (0.00000   )
292	-0.31991  	 (-0.00000  )
293	-0.32361  	 (0.00000   )
294	-0.46233  	 (-0.00000  )
295	-0.28378  	 (0.00000   )
296	0.39739   	 (-0.00000  )
297	0.59588   	 (-0.00000  )
298	0.59841   	 (-0.00000  )
299	0.60556   	 (-0.00000  )
300	-0.70966  	 (-0.00000  )
301	-0.71141  	 (0.00000   )
302	-0.71125  	 (-0.00000  )
303	0.72575   	 (-0.00000  )
304	0.69125   	 (-0.00000  )
305	0.71124   	 (0.00000   )
306	-0.04278  	 (0.00000   )
307	-0.24928  	 (0.00000   )
308	-0.26117  	 (0.00000   )
309	-0.20446  	 (0.00000   )
310	-0.20671  	 (-0.00000  )
311	-0.20101  	 (-0.00000  )
312	0.05625   	 (0.00000   )
313	0.04965   	 (0.00000   )
314	0.04844   	 (0.00000   )
315	-0.23473  	 (0.00000   )
316	-0.23623  	 (0.00000   )
317	-0.23452  	 (0.00000   )
318	-0.48528  	 (0.00000   )
319	-0.81292  	 (0.00000   )
320	-0.81400  	 (0.00000   )
321	0.11957   	 (0.00000   )
322	0.11385   	 (0.00000   )
323	0.11151   	 (0.00000   )
324	0.11253   	 (0.00000   )
325	-0.86396  	 (0.00000   )
326	-0.84934  	 (-0.00000  )
327	-0.83593  	 (0.00000   )
328	-0.29130  	 (0.00000   )
329	-0.28573  	 (-0.00000  )
330	-0.28795  	 (0.00000   )
331	-0.40608  	 (0.00000   )
332	-0.42044  	 (0.00000   )
333	-0.43362  	 (-0.00000  )
334	-1.39149  	 (0.00000   )
335	-1.38760  	 (-0.00000  )
336	-1.36762  	 (0.00000   )
337	-0.48047  	 (-0.00000  )
338	-0.47614  	 (-0.00000  )
339	2.80271   	 (0.00000   )
340	2.76953   	 (0.00000   )
341	0.44504   	 (0.00000   )
342	0.44014   	 (-0.00000  )
343	0.40080   	 (-0.00000  )
344	-0.29143  	 (-0.00000  )
345	-0.44988  	 (0.00000   )
346	-0.45556  	 (0.00000   )
347	-0.45161  	 (-0.00000  )
348	-2.17860  	 (-0.00000  )
349	-2.15253  	 (0.00000   )
350	-0.00881  	 (0.00000   )
351	-0.00249  	 (0.00000   )
352	-0.00174  	 (0.00000   )
353	-0.39698  	 (0.00000   )
354	-0.39921  	 (0.00000   )
355	-0.40089  	 (0.00000   )
356	0.42356   	 (-0.00000  )
357	0.42712   	 (0.00000   )
358	0.30469   	 (0.00000   )
359	0.29820   	 (0.00000   )
360	0.29680   	 (0.00000   )
361	-0.84680  	 (-0.00000  )
362	-0.84611  	 (0.00000   )
363	-0.76420  	 (-0.00000  )
364	-0.76100  	 (-0.00000  )
365	-0.76524  	 (0.00000   )
366	-0.35043  	 (-0.00000  )
367	-0.35109  	 (-0.00000  )
368	-0.34865  	 (-0.00000  )
369	0.60338   	 (0.00000   )
370	0.01770   	 (0.00000   )
371	0.01810   	 (-0.00000  )
372	0.01545   	 (-0.00000  )
373	-0.71090  	 (0.00000   )
374	-0.70811  	 (-0.00000  )
375	0.41076   	 (-0.00000  )
376	0.40836   	 (0.00000   )
377	0.40502   	 (0.00000   )
378	-0.20079  	 (-0.00000  )
379	0.38478   	 (-0.00000  )
380	0.38003   	 (-0.00000  )
381	-0.40446  	 (0.00000   )
382	-0.38564  	 (0.00000   )
383	-0.39038  	 (0.00000   )
384	-0.30764  	 (-0.00000  )
385	-0.30618  	 (-0.00000  )
386	-0.31282  	 (0.00000   )
387	-0.23902  	 (-0.00000  )
388	0.15098   	 (0.00000   )
389	0.16738   	 (-0.00000  )
390	0.16560   	 (0.00000   )
391	0.16894   	 (-0.00000  )
392	0.45059   	 (-0.00000  )
393	0.47258   	 (-0.00000  )
394	0.46577   	 (0.00000   )
395	0.13101   	 (0.00000   )
396	0.05447   	 (-0.00000  )
397	-0.01706  	 (0.00000   )
398	0.30809   	 (0.00000   )
399	0.29865   	 (0.00000   )
400	0.27593   	 (-0.00000  )
401	0.20750   	 (-0.00000  )
402	0.21933   	 (0.00000   )
403	0.22955   	 (0.00000   )
404	0.16611   	 (-0.00000  )
405	0.18357   	 (0.00000   )
406	0.19680   	 (0.00000   )
407	0.33122   	 (-0.00000  )
408	0.34245   	 (-0.00000  )
409	-0.15867  	 (-0.00000  )
410	0.27277   	 (-0.00000  )
411	0.26761   	 (0.00000   )
412	0.26321   	 (-0.00000  )
413	0.72286   	 (-0.00000  )
414	0.72088   	 (-0.00000  )
415	0.71602   	 (-0.00000  )
416	-0.25715  	 (0.00000   )
417	-0.24595  	 (0.00000   )
418	-0.23935  	 (-0.00000  )
419	-0.15890  	 (-0.00000  )
420	-0.15109  	 (-0.00000  )
421	-0.17682  	 (0.00000   )
422	-0.17836  	 (0.00000   )
423	-0.18234  	 (-0.00000  )
424	-0.06966  	 (-0.00000  )
425	-0.06066  	 (0.00000   )
426	-0.05482  	 (0.00000   )
427	0.35014   	 (0.00000   )
428	-0.31300  	 (-0.00000  )
429	-1.50371  	 (0.00000   )
430	-1.49797  	 (-0.00000  )
431	-1.50888  	 (0.00000   )
432	0.72995   	 (-0.00000  )
433	0.72755   	 (0.00000   )
434	-1.68657  	 (-0.00000  )
435	-1.68942  	 (0.00000   )
436	-1.68432  	 (0.00000   )
437	-0.08120  	 (0.00000   )
438	-0.07948  	 (-0.00000  )
439	-0.14182  	 (-0.00000  )
440	-0.14578  	 (0.00000   )
441	-0.14086  	 (0.00000   )
442	-0.22759  	 (-0.00000  )
443	-0.23746  	 (0.00000   )
444	-0.22226  	 (0.00000   )
445	-0.66549  	 (0.00000   )
446	0.28985   	 (-0.00000  )
447	-0.40510  	 (0.00000   )
448	-0.40970  	 (0.00000   )
449	-0.41763  	 (-0.00000  )
450	-0.03597  	 (0.00000   )
451	-0.05180  	 (-0.00000  )
452	-0.06286  	 (0.00000   )
453	-0.05451  	 (-0.00000  )
454	-0.05002  	 (-0.00000  )
455	0.46118   	 (-0.00000  )
456	0.45271   	 (-0.00000  )
457	0.45346   	 (-0.00000  )
458	-0.03458  	 (0.00000   )
459	-0.04243  	 (-0.00000  )
460	-0.01921  	 (-0.00000  )
461	0.34609   	 (-0.00000  )
462	0.34554   	 (-0.00000  )
463	0.34624   	 (-0.00000  )
464	0.45519   	 (0.00000   )
465	0.46075   	 (-0.00000  )
466	0.46870   	 (-0.00000  )
467	1.41766   	 (-0.00000  )
468	1.43249   	 (-0.00000  )
469	1.40472   	 (-0.00000  )
470	0.22563   	 (-0.00000  )
471	0.22635   	 (-0.00000  )
472	0.21556   	 (-0.00000  )
473	0.37385   	 (0.00000   )
474	0.01220   	 (-0.00000  )
475	0.01526   	 (-0.00000  )
476	0.48664   	 (-0.00000  )
477	0.49050   	 (-0.00000  )
478	0.48664   	 (-0.00000  )
479	-0.71358  	 (0.00000   )
480	-0.07787  	 (0.00000   )
481	-0.11990  	 (0.00000   )
482	-0.07207  	 (0.00000   )
483	0.31792   	 (-0.00000  )
484	0.01847   	 (-0.00000  )
485	0.01684   	 (0.00000   )
486	0.57248   	 (-0.00000  )
487	0.57157   	 (-0.00000  )
488	0.55508   	 (-0.00000  )
489	0.29790   	 (0.00000   )
490	0.30308   	 (0.00000   )
491	0.30748   	 (-0.00000  )
492	1.60215   	 (-0.00000  )
493	0.10970   	 (0.00000   )
494	0.11442   	 (0.00000   )
495	0.10906   	 (0.00000   )
496	0.79607   	 (0.00000   )
497	0.79342   	 (0.00000   )
498	0.80171   	 (0.00000   )
499	-0.47631  	 (0.00000   )
500	-0.75788  	 (-0.00000  )
501	-0.45362  	 (0.00000   )
502	0.72016   	 (-0.00000  )
503	0.71727   	 (-0.00000  )
504	0.01259   	 (-0.00000  )
505	-0.44695  	 (-0.00000  )
506	0.22927   	 (0.00000   )
507	0.22790   	 (-0.00000  )
508	0.23657   	 (0.00000   )
509	0.24361   	 (0.00000   )
510	0.23702   	 (-0.00000  )
511	0.73294   	 (-0.00000  )
512	0.73296   	 (-0.00000  )
513	0.73347   	 (-0.00000  )
514	-0.30257  	 (0.00000   )
515	-0.34459  	 (0.00000   )
516	0.42379   	 (0.00000   )
517	0.42492   	 (0.00000   )
518	0.43117   	 (-0.00000  )
519	-1.23083  	 (0.00000   )
520	-1.22944  	 (0.00000   )
521	0.33063   	 (0.00000   )
522	-0.04669  	 (-0.00000  )
523	-0.08700  	 (-0.00000  )
524	-0.07809  	 (-0.00000  )
525	-0.53010  	 (0.00000   )
526	-0.53263  	 (0.00000   )
527	-0.54062  	 (0.00000   )
528	-0.12488  	 (0.00000   )
529	-0.12752  	 (-0.00000  )
530	0.01934   	 (-0.00000  )
531	0.02468   	 (-0.00000  )
532	0.01308   	 (-0.00000  )
533	-0.22690  	 (0.00000   )
534	-0.20992  	 (0.00000   )
535	-0.18541  	 (0.00000   )
536	-0.45205  	 (0.00000   )
537	-0.28912  	 (0.00000   )
538	-0.29036  	 (0.00000   )
539	-0.29172  	 (0.00000   )
540	-1.16359  	 (0.00000   )
541	0.19561   	 (-0.00000  )
542	0.19902   	 (-0.00000  )
543	0.19857   	 (-0.00000  )
544	-0.14086  	 (-0.00000  )
545	-0.13767  	 (-0.00000  )
546	-0.19344  	 (0.00000   )
547	-0.19077  	 (-0.00000  )
548	-0.18701  	 (0.00000   )
549	0.37103   	 (0.00000   )
550	0.37513   	 (-0.00000  )
551	0.37088   	 (-0.00000  )
552	-0.67272  	 (0.00000   )
553	-0.67835  	 (-0.00000  )
554	-0.66595  	 (-0.00000  )
555	-0.20345  	 (0.00000   )
556	-0.20042  	 (-0.00000  )
557	-0.19629  	 (0.00000   )
558	0.07351   	 (0.00000   )
559	0.04003   	 (-0.00000  )
560	0.01698   	 (0.00000   )
561	0.87971   	 (0.00000   )
562	0.87038   	 (0.00000   )
563	0.87290   	 (0.00000   )
564	1.16490   	 (-0.00000  )
565	1.16494   	 (-0.00000  )
566	-0.09587  	 (0.00000   )
567	-0.11121  	 (0.00000   )
568	-0.07173  	 (-0.00000  )
569	0.25768   	 (-0.00000  )
570	1.00762   	 (-0.00000  )
571	0.70734   	 (-0.00000  )
572	0.71465   	 (-0.00000  )
573	0.71182   	 (0.00000   )
574	-0.06100  	 (-0.00000  )
575	-1.34750  	 (0.00000   )
576	0.86664   	 (0.00000   )
577	0.85931   	 (0.00000   )
578	0.85081   	 (0.00000   )
579	0.82562   	 (0.00000   )
580	0.81398   	 (0.00000   )
581	0.80938   	 (0.00000   )
582	0.08367   	 (0.00000   )
583	0.09245   	 (0.00000   )
584	0.08997   	 (0.00000   )
585	-0.12670  	 (0.00000   )
586	-0.40848  	 (0.00000   )
587	-0.40198  	 (0.00000   )
588	-0.40365  	 (0.00000   )
589	-0.19597  	 (0.00000   )
590	-0.19742  	 (-0.00000  )
591	-0.20080  	 (0.00000   )
592	0.09700   	 (-0.00000  )
593	-0.40771  	 (-0.00000  )
594	-0.40779  	 (-0.00000  )
595	-0.92492  	 (-0.00000  )
596	-0.52451  	 (-0.00000  )
597	-0.51849  	 (-0.00000  )
598	-0.51437  	 (-0.00000  )
599	0.16400   	 (-0.00000  )
600	0.16909   	 (-0.00000  )
601	-0.71868  	 (0.00000   )
602	-0.69081  	 (0.00000   )
603	-0.70718  	 (-0.00000  )
604	-0.63601  	 (0.00000   )
605	0.06184   	 (-0.00000  )
606	0.07113   	 (-0.00000  )
607	0.32696   	 (0.00000   )
608	0.32536   	 (0.00000   )
609	0.31822   	 (0.00000   )
610	-0.71675  	 (-0.00000  )
611	-0.71267  	 (-0.00000  )
612	-0.70392  	 (-0.00000  )
613	1.13774   	 (0.00000   )
614	1.13839   	 (0.00000   )
615	1.13479   	 (-0.00000  )
616	0.32035   	 (0.00000   )
617	0.63993   	 (-0.00000  )
618	0.64470   	 (-0.00000  )
619	0.62307   	 (-0.00000  )
620	-0.39898  	 (-0.00000  )
621	-0.61196  	 (0.00000   )
622	-0.61672  	 (-0.00000  )
623	-0.44668  	 (-0.00000  )
624	-0.61811  	 (-0.00000  )
625	-0.25257  	 (-0.00000  )
626	-0.25652  	 (-0.00000  )
627	-0.21934  	 (0.00000   )
628	-0.27719  	 (-0.00000  )
629	0.23102   	 (-0.00000  )
630	0.26388   	 (0.00000   )
631	0.24727   	 (0.00000   )
632	-0.22643  	 (-0.00000  )
633	-0.52658  	 (-0.00000  )
634	-0.54303  	 (-0.00000  )
635	-0.56751  	 (-0.00000  )
636	-0.26885  	 (-0.00000  )
637	0.64841   	 (0.00000   )
638	0.64206   	 (-0.00000  )
639	0.63573   	 (-0.00000  )
640	-0.16896  	 (0.00000   )
641	0.66748   	 (0.00000   )
642	-0.54342  	 (-0.00000  )
643	-0.51055  	 (0.00000   )
644	-0.40681  	 (-0.00000  )
645	-2.61330  	 (-0.00000  )
646	-0.35577  	 (0.00000   )
647	-0.35583  	 (0.00000   )
648	-1.30871  	 (0.00000   )
649	-1.30643  	 (0.00000   )
650	-1.30777  	 (-0.00000  )
651	-1.30665  	 (-0.00000  )
652	-1.30275  	 (-0.00000  )
653	-1.30063  	 (-0.00000  )
654	-0.33784  	 (-0.00000  )
655	-0.30768  	 (0.00000   )
656	-0.24503  	 (-0.00000  )
657	-0.09005  	 (0.00000   )
658	-0.11375  	 (0.00000   )
659	-0.05326  	 (-0.00000  )
660	-0.22751  	 (0.00000   )
661	0.35597   	 (0.00000   )
662	0.32359   	 (0.00000   )
663	0.40414   	 (0.00000   )
664	0.36873   	 (-0.00000  )
665	-1.16425  	 (0.00000   )
666	-1.18391  	 (-0.00000  )
667	-1.18633  	 (0.00000   )
668	0.40769   	 (-0.00000  )
669	1.78675   	 (-0.00000  )
670	0.45751   	 (0.00000   )
671	0.46185   	 (0.00000   )
672	1.96268   	 (-0.00000  )
673	1.96565   	 (0.00000   )
674	1.99428   	 (0.00000   )
675	0.44885   	 (-0.00000  )
676	0.17824   	 (-0.00000  )
677	0.13786   	 (0.00000   )
678	1.38099   	 (0.00000   )
679	1.38865   	 (0.00000   )
680	1.38873   	 (0.00000   )
681	-0.36818  	 (-0.00000  )
682	-1.52359  	 (0.00000   )
683	-1.52998  	 (0.00000   )
684	-1.53962  	 (0.00000   )
685	-0.06045  	 (0.00000   )
686	0.16382   	 (0.00000   )
687	0.16440   	 (-0.00000  )
688	0.08667   	 (-0.00000  )
689	0.30999   	 (0.00000   )
690	0.18525   	 (-0.00000  )
691	0.29217   	 (0.00000   )
692	1.24744   	 (0.00000   )
693	1.24607   	 (-0.00000  )
694	0.04796   	 (0.00000   )
695	0.31506   	 (0.00000   )
696	0.17670   	 (0.00000   )
697	0.19640   	 (0.00000   )
698	0.73862   	 (0.00000   )
699	0.72790   	 (-0.00000  )
700	0.70819   	 (0.00000   )
701	0.05979   	 (-0.00000  )
702	0.27694   	 (-0.00000  )
703	0.41077   	 (0.00000   )
704	0.40825   	 (0.00000   )
705	0.41008   	 (-0.00000  )
706	0.42956   	 (-0.00000  )
707	0.48888   	 (-0.00000  )
708	0.61018   	 (0.00000   )
709	0.59254   	 (0.00000   )
710	0.66059   	 (0.00000   )
711	0.79203   	 (-0.00000  )
712	0.79711   	 (0.00000   )
713	0.77174   	 (0.00000   )
714	-0.12186  	 (-0.00000  )
715	-0.10475  	 (0.00000   )
716	0.77812   	 (-0.00000  )
717	0.87341   	 (-0.00000  )
718	0.70928   	 (-0.00000  )
719	0.63692   	 (-0.00000  )
720	0.56340   	 (-0.00000  )
721	0.54992   	 (-0.00000  )
722	0.55031   	 (-0.00000  )
723	0.54297   	 (0.00000   )
724	0.54909   	 (-0.00000  )
725	0.13287   	 (0.00000   )
726	0.09605   	 (-0.00000  )
727	0.14063   	 (-0.00000  )
728	0.02221   	 (0.00000   )
729	0.01523   	 (0.00000   )
730	0.02555   	 (0.00000   )
731	0.27484   	 (0.00000   )
732	-0.08851  	 (-0.00000  )
733	0.33078   	 (0.00000   )
734	0.33108   	 (-0.00000  )
735	0.32983   	 (0.00000   )
736	-0.14315  	 (0.00000   )
737	-0.14341  	 (-0.00000  )
738	0.04575   	 (0.00000   )
739	0.02426   	 (0.00000   )
740	-0.05820  	 (-0.00000  )
741	-0.04131  	 (0.00000   )
742	-0.36450  	 (0.00000   )
743	-1.15177  	 (0.00000   )
744	-1.25580  	 (0.00000   )
745	-1.33478  	 (0.00000   )
746	-0.97788  	 (-0.00000  )
747	-0.88627  	 (-0.00000  )
748	-0.81585  	 (0.00000   )
749	-0.30947  	 (-0.00000  )
750	-0.09634  	 (-0.00000  )
751	-0.49048  	 (0.00000   )
752	-0.47571  	 (0.00000   )
753	-0.54816  	 (0.00000   )
754	-0.37825  	 (-0.00000  )
755	-0.31361  	 (0.00000   )
756	-0.07189  	 (0.00000   )
757	-0.24709  	 (-0.00000  )
758	0.05922   	 (-0.00000  )
759	-1.61781  	 (0.00000   )
760	0.79988   	 (-0.00000  )
761	0.74995   	 (-0.00000  )
762	0.72442   	 (-0.00000  )
763	0.66832   	 (-0.00000  )
764	0.00851   	 (0.00000   )
765	-0.10105  	 (0.00000   )
766	-0.38132  	 (-0.00000  )
767	-0.25224  	 (-0.00000  )
768	-0.20184  	 (-0.00000  )
769	0.18102   	 (-0.00000  )
770	-0.01523  	 (0.00000   )
771	-0.05457  	 (-0.00000  )
772	-0.32372  	 (0.00000   )
773	-0.32399  	 (-0.00000  )
774	-0.08036  	 (0.00000   )
775	0.16648   	 (0.00000   )
776	0.26405   	 (0.00000   )
777	0.16467   	 (-0.00000  )
778	-0.92731  	 (0.00000   )
779	0.05107   	 (-0.00000  )
780	0.03941   	 (-0.00000  )
781	-0.42615  	 (0.00000   )
782	-0.31715  	 (0.00000   )
783	-0.67794  	 (0.00000   )
784	0.00858   	 (0.00000   )
785	0.35469   	 (0.00000   )
786	0.59601   	 (0.00000   )
787	-0.17316  	 (0.00000   )
788	-0.06613  	 (0.00000   )
789	-0.09100  	 (0.00000   )
790	-0.13816  	 (-0.00000  )
791	-0.16308  	 (0.00000   )
792	0.58224   	 (0.00000   )
793	0.55899   	 (0.00000   )
794	0.51593   	 (-0.00000  )
795	0.19487   	 (-0.00000  )
796	0.70010   	 (0.00000   )
797	0.67729   	 (0.00000   )
798	0.66002   	 (-0.00000  )
799	0.45892   	 (-0.00000  )
800	0.43696   	 (-0.00000  )
801	0.39072   	 (0.00000   )
802	-0.32228  	 (0.00000   )
803	-0.28781  	 (-0.00000  )
804	0.42081   	 (-0.00000  )
805	1.16769   	 (-0.00000  )
806	1.31479   	 (0.00000   )
807	1.22501   	 (-0.00000  )
808	1.63087   	 (-0.00000  )
809	0.66740   	 (-0.00000  )
810	0.67701   	 (-0.00000  )
811	0.67149   	 (-0.00000  )
812	0.08846   	 (0.00000   )
813	0.07992   	 (0.00000   )
814	0.07818   	 (0.00000   )
815	0.38669   	 (-0.00000  )
816	0.37415   	 (-0.00000  )
817	0.35381   	 (-0.00000  )
818	0.42465   	 (0.00000   )
819	0.16802   	 (-0.00000  )
820	0.40903   	 (-0.00000  )
821	0.63217   	 (0.00000   )
822	0.68050   	 (0.00000   )
823	0.67821   	 (0.00000   )
824	0.95607   	 (0.00000   )
825	0.88504   	 (-0.00000  )
826	0.89125   	 (-0.00000  )
827	0.70677   	 (0.00000   )
828	0.71003   	 (0.00000   )
829	0.71662   	 (0.00000   )
830	-0.11195  	 (-0.00000  )
831	0.49904   	 (0.00000   )
832	0.50065   	 (0.00000   )
833	0.50243   	 (-0.00000  )
834	1.20117   	 (0.00000   )
835	1.15872   	 (0.00000   )
836	0.97744   	 (0.00000   )
837	0.23122   	 (-0.00000  )
838	0.95784   	 (0.00000   )
839	-0.84067  	 (0.00000   )
840	0.91999   	 (0.00000   )
841	-0.86431  	 (-0.00000  )
842	-0.94892  	 (-0.00000  )
843	0.27087   	 (-0.00000  )
844	0.28061   	 (-0.00000  )
845	0.25629   	 (0.00000   )
846	0.17885   	 (-0.00000  )
847	0.17861   	 (-0.00000  )
848	0.17522   	 (-0.00000  )
849	0.15762   	 (0.00000   )
850	0.13077   	 (0.00000   )
851	0.12191   	 (-0.00000  )
852	0.05330   	 (0.00000   )
853	0.05806   	 (-0.00000  )
854	0.11692   	 (-0.00000  )
855	-0.08163  	 (0.00000   )
856	-0.08414  	 (-0.00000  )
857	-0.06110  	 (0.00000   )
858	-0.01313  	 (0.00000   )
859	-0.01102  	 (0.00000   )
860	-0.03414  	 (0.00000   )
861	-0.09528  	 (-0.00000  )
862	-0.11168  	 (-0.00000  )
863	-0.70690  	 (0.00000   )
864	-0.69748  	 (0.00000   )
865	-0.69722  	 (0.00000   )
866	0.13095   	 (0.00000   )
867	0.13888   	 (0.00000   )
868	0.14465   	 (-0.00000  )
869	0.14595   	 (0.00000   )
870	0.13805   	 (-0.00000  )
871	0.53367   	 (0.00000   )
872	-0.23096  	 (0.00000   )
873	-0.41856  	 (-0.00000  )
874	-0.42138  	 (0.00000   )
875	-0.44014  	 (-0.00000  )
876	-0.33502  	 (0.00000   )
877	-0.31121  	 (0.00000   )
878	-0.01940  	 (0.00000   )
879	-0.00972  	 (0.00000   )
880	-0.01196  	 (-0.00000  )
881	0.07820   	 (0.00000   )
882	0.18549   	 (-0.00000  )
883	0.17810   	 (-0.00000  )
884	0.17815   	 (0.00000   )
885	0.06781   	 (0.00000   )
886	-0.13133  	 (-0.00000  )
887	-0.12806  	 (-0.00000  )
888	-0.12770  	 (-0.00000  )
889	-0.07053  	 (0.00000   )
890	-0.06815  	 (-0.00000  )
891	-0.07957  	 (-0.00000  )
892	-0.09890  	 (-0.00000  )
893	-0.04894  	 (0.00000   )
894	-0.01734  	 (0.00000   )
895	-0.08902  	 (0.00000   )
896	-0.10088  	 (0.00000   )
897	-0.32499  	 (-0.00000  )
898	-0.73666  	 (-0.00000  )
899	-0.74001  	 (0.00000   )
900	-0.37223  	 (-0.00000  )
901	-0.38019  	 (0.00000   )
902	-0.11582  	 (0.00000   )
903	-0.74785  	 (-0.00000  )
904	-0.90406  	 (-0.00000  )
905	-0.95257  	 (-0.00000  )
906	-0.35248  	 (0.00000   )
907	0.42665   	 (-0.00000  )
908	-0.28960  	 (0.00000   )
909	-0.25141  	 (0.00000   )
910	-0.16549  	 (0.00000   )
911	-0.15996  	 (-0.00000  )
912	-1.31868  	 (0.00000   )
913	-1.30908  	 (-0.00000  )
914	-1.30957  	 (0.00000   )
915	-0.06682  	 (-0.00000  )
916	-0.08357  	 (-0.00000  )
917	0.33715   	 (0.00000   )
918	-0.64083  	 (-0.00000  )
919	-0.63900  	 (-0.00000  )
920	-0.63626  	 (0.00000   )
921	-0.62334  	 (-0.00000  )
922	-0.62502  	 (0.00000   )
923	-0.62414  	 (-0.00000  )
924	-0.64646  	 (-0.00000  )
925	-0.64847  	 (-0.00000  )
926	-0.66377  	 (-0.00000  )
927	-0.74257  	 (0.00000   )
928	-0.76004  	 (-0.00000  )
929	0.67402   	 (0.00000   )
930	-0.86013  	 (0.00000   )
931	0.20756   	 (0.00000   )
932	-0.00653  	 (-0.00000  )
933	-0.09432  	 (-0.00000  )
934	-0.02567  	 (0.00000   )
935	-0.18621  	 (-0.00000  )
936	0.43479   	 (0.00000   )
937	0.42997   	 (-0.00000  )
938	0.42370   	 (0.00000   )
939	0.56119   	 (-0.00000  )
940	0.56328   	 (-0.00000  )
941	0.56049   	 (-0.00000  )
942	-0.17104  	 (-0.00000  )
943	-0.14568  	 (0.00000   )
944	-0.15222  	 (-0.00000  )
945	-0.13469  	 (-0.00000  )
946	-0.20951  	 (-0.00000  )
947	0.09874   	 (-0.00000  )
948	0.13172   	 (0.00000   )
949	0.14025   	 (0.00000   )
950	0.10865   	 (-0.00000  )
951	0.09822   	 (-0.00000  )
952	0.09950   	 (0.00000   )
953	-0.25587  	 (0.00000   )
954	-0.17780  	 (0.00000   )
955	-0.17201  	 (0.00000   )
956	-0.17187  	 (0.00000   )
957	1.80395   	 (0.00000   )
958	1.79896   	 (-0.00000  )
959	0.83547   	 (0.00000   )
960	0.93928   	 (-0.00000  )
961	1.03844   	 (-0.00000  )
962	-0.48483  	 (-0.00000  )
963	0.17516   	 (0.00000   )
964	0.96790   	 (0.00000   )
965	0.93637   	 (-0.00000  )
966	0.33206   	 (-0.00000  )
967	0.34524   	 (-0.00000  )
968	0.67583   	 (0.00000   )
969	0.27862   	 (0.00000   )
970	0.18834   	 (0.00000   )
971	0.59096   	 (0.00000   )
972	0.59209   	 (0.00000   )
973	-0.04782  	 (-0.00000  )
974	0.08574   	 (0.00000   )
975	0.59222   	 (0.00000   )
976	0.60442   	 (0.00000   )
977	0.59762   	 (0.00000   )
978	0.16251   	 (-0.00000  )
979	0.16193   	 (0.00000   )
980	0.16456   	 (0.00000   )
981	0.15940   	 (-0.00000  )
982	0.16847   	 (0.00000   )
983	0.15082   	 (-0.00000  )
984	0.14663   	 (-0.00000  )
985	-0.02345  	 (0.00000   )
986	0.85322   	 (0.00000   )
987	0.84492   	 (-0.00000  )
988	0.85770   	 (0.00000   )
989	0.58247   	 (-0.00000  )
990	0.55466   	 (-0.00000  )
991	0.52823   	 (0.00000   )
992	-0.41381  	 (0.00000   )
993	-0.42419  	 (0.00000   )
994	-0.38432  	 (-0.00000  )
995	0.39588   	 (0.00000   )
996	0.38383   	 (0.00000   )
997	0.38622   	 (-0.00000  )
998	0.00001   	 (-0.00000  )
999	0.25666   	 (0.00000   )
1000	0.24509   	 (0.00000   )
1001	0.24813   	 (0.00000   )
1002	-0.32996  	 (0.00000   )
1003	-0.31358  	 (-0.00000  )
1004	-0.42585  	 (0.00000   )
1005	-0.60421  	 (-0.00000  )
1006	-0.42268  	 (-0.00000  )
1007	-0.40508  	 (0.00000   )
1008	0.20069   	 (-0.00000  )
1009	0.20708   	 (0.00000   )
1010	-0.80908  	 (-0.00000  )
1011	-0.80942  	 (0.00000   )
1012	-0.80871  	 (-0.00000  )
1013	0.46168   	 (0.00000   )
1014	-0.35385  	 (0.00000   )
1015	-0.29665  	 (0.00000   )
1016	0.30870   	 (-0.00000  )
1017	0.31318   	 (-0.00000  )
1018	0.31979   	 (-0.00000  )
1019	-0.11020  	 (-0.00000  )
1020	-0.10452  	 (0.00000   )
1021	-0.10810  	 (-0.00000  )
1022	-0.43996  	 (0.00000   )
1023	-0.16888  	 (0.00000   )
1024	0.31834   	 (0.00000   )
1025	0.75203   	 (0.00000   )
1026	0.74775   	 (0.00000   )
1027	0.76374   	 (-0.00000  )
1028	0.90832   	 (0.00000   )
1029	0.91539   	 (-0.00000  )
1030	0.91574   	 (-0.00000  )
1031	0.84470   	 (0.00000   )
1032	0.84198   	 (0.00000   )
1033	1.45181   	 (0.00000   )
1034	0.51997   	 (-0.00000  )
1035	0.54874   	 (-0.00000  )
1036	1.13681   	 (-0.00000  )
1037	1.13366   	 (0.00000   )
1038	1.14306   	 (0.00000   )
1039	0.68045   	 (0.00000   )
1040	1.26780   	 (-0.00000  )
1041	1.27390   	 (0.00000   )
1042	1.27153   	 (0.00000   )
1043	-0.25497  	 (0.00000   )
1044	-0.25060  	 (-0.00000  )
1045	-0.24579  	 (-0.00000  )
1046	-0.08751  	 (0.00000   )
1047	-1.30874  	 (-0.00000  )
1048	-1.33150  	 (-0.00000  )
1049	-1.97659  	 (-0.00000  )
1050	-1.97360  	 (0.00000   )
1051	-1.96116  	 (-0.00000  )
1052	-0.01907  	 (-0.00000  )
1053	-0.09410  	 (-0.00000  )
1054	-0.10438  	 (0.00000   )
1055	-0.14178  	 (0.00000   )
1056	0.00672   	 (-0.00000  )
1057	0.00693   	 (-0.00000  )
1058	0.08420   	 (0.00000   )
1059	-0.11297  	 (-0.00000  )
1060	-0.10090  	 (0.00000   )
1061	-0.11420  	 (-0.00000  )
1062	-0.10900  	 (-0.00000  )
1063	-0.09343  	 (0.00000   )
1064	-0.08216  	 (0.00000   )
1065	0.20685   	 (-0.00000  )
1066	0.30728   	 (0.00000   )
1067	0.09227   	 (-0.00000  )
1068	0.08493   	 (-0.00000  )
1069	-0.37942  	 (-0.00000  )
1070	-0.37955  	 (0.00000   )
1071	-0.38790  	 (-0.00000  )
1072	-0.03794  	 (0.00000   )
1073	0.00905   	 (0.00000   )
1074	0.33681   	 (-0.00000  )
1075	0.32479   	 (0.00000   )
1076	0.32510   	 (0.00000   )
1077	-0.00256  	 (-0.00000  )
1078	1.66722   	 (0.00000   )
1079	-0.11583  	 (0.00000   )
1080	-0.11358  	 (-0.00000  )
1081	-0.08097  	 (0.00000   )
1082	-1.05852  	 (-0.00000  )
1083	-0.52601  	 (0.00000   )
1084	0.93757   	 (-0.00000  )
1085	-0.51380  	 (0.00000   )
1086	0.94141   	 (0.00000   )
1087	1.26870   	 (-0.00000  )
1088	1.02768   	 (-0.00000  )
1089	1.19601   	 (-0.00000  )
1090	-0.53329  	 (0.00000   )
1091	0.46924   	 (-0.00000  )
1092	0.33170   	 (-0.00000  )
1093	0.34813   	 (0.00000   )
1094	0.36547   	 (0.00000   )
1095	0.41187   	 (-0.00000  )
1096	2.47122   	 (-0.00000  )
1097	2.46767   	 (0.00000   )
1098	2.46493   	 (0.00000   )
1099	1.06863   	 (-0.00000  )
1100	1.06047   	 (-0.00000  )
1101	0.11881   	 (-0.00000  )
1102	0.05977   	 (0.00000   )
1103	1.65355   	 (-0.00000  )
1104	1.00443   	 (-0.00000  )
1105	0.64064   	 (-0.00000  )
1106	0.09007   	 (0.00000   )
1107	0.59410   	 (-0.00000  )
1108	0.60528   	 (-0.00000  )
1109	0.60032   	 (-0.00000  )
1110	0.59705   	 (-0.00000  )
1111	0.24112   	 (-0.00000  )
1112	0.25407   	 (0.00000   )
1113	0.38364   	 (-0.00000  )
1114	0.32771   	 (0.00000   )
1115	0.30462   	 (-0.00000  )
1116	0.26672   	 (-0.00000  )
1117	1.19081   	 (0.00000   )
1118	1.18451   	 (0.00000   )
1119	1.19178   	 (-0.00000  )
1120	0.12420   	 (0.00000   )
1121	0.26193   	 (0.00000   )
1122	0.31516   	 (0.00000   )
1123	0.42869   	 (-0.00000  )
1124	0.44061   	 (-0.00000  )
1125	0.28300   	 (0.00000   )
1126	0.19632   	 (0.00000   )
1127	0.18604   	 (0.00000   )
1128	0.25240   	 (0.00000   )
1129	0.14963   	 (0.00000   )
1130	-1.00806  	 (-0.00000  )
1131	0.20909   	 (0.00000   )
1132	0.11030   	 (-0.00000  )
1133	0.27059   	 (0.00000   )
1134	-0.15465  	 (-0.00000  )
1135	-0.15399  	 (0.00000   )
1136	-0.15833  	 (-0.00000  )
1137	0.56872   	 (0.00000   )
1138	0.14098   	 (0.00000   )
1139	0.04904   	 (-0.00000  )
1140	0.17492   	 (0.00000   )
1141	0.12059   	 (-0.00000  )
1142	0.09484   	 (0.00000   )
1143	0.11110   	 (-0.00000  )
1144	0.09730   	 (0.00000   )
1145	0.05434   	 (-0.00000  )
1146	0.75436   	 (-0.00000  )
1147	0.74976   	 (0.00000   )
1148	0.16823   	 (-0.00000  )
1149	0.73419   	 (0.00000   )
1150	0.01171   	 (0.00000   )
1151	0.16964   	 (0.00000   )
1152	-0.00376  	 (0.00000   )
1153	-0.01997  	 (-0.00000  )
1154	0.01756   	 (0.00000   )
1155	0.03461   	 (0.00000   )
1156	-0.04667  	 (-0.00000  )
1157	0.11042   	 (0.00000   )
1158	-0.01528  	 (0.00000   )
1159	-0.50500  	 (-0.00000  )
1160	0.03970   	 (0.00000   )
1161	0.04602   	 (0.00000   )
1162	0.04608   	 (0.00000   )
1163	-0.04844  	 (0.00000   )
1164	-0.09037  	 (0.00000   )
1165	0.30248   	 (-0.00000  )
1166	0.34763   	 (0.00000   )
1167	0.17209   	 (-0.00000  )
1168	0.38245   	 (-0.00000  )
1169	0.15815   	 (-0.00000  )
1170	0.15828   	 (-0.00000  )
1171	0.23086   	 (-0.00000  )
1172	0.25046   	 (-0.00000  )
1173	0.36344   	 (-0.00000  )
1174	0.36316   	 (-0.00000  )
1175	0.28597   	 (-0.00000  )
1176	-1.00515  	 (0.00000   )
1177	-0.96057  	 (-0.00000  )
1178	-0.94040  	 (0.00000   )
1179	-0.32879  	 (0.00000   )
1180	-0.18574  	 (-0.00000  )
1181	-0.11429  	 (0.00000   )
1182	0.76052   	 (0.00000   )
1183	0.23802   	 (-0.00000  )
1184	0.23885   	 (-0.00000  )
1185	0.20238   	 (-0.00000  )
1186	0.13193   	 (0.00000   )
1187	-0.89125  	 (-0.00000  )
1188	-0.83525  	 (0.00000   )
1189	-0.82973  	 (-0.00000  )
1190	0.67646   	 (0.00000   )
1191	0.19001   	 (0.00000   )
1192	0.08922   	 (0.00000   )
1193	0.00516   	 (-0.00000  )
1194	-0.06296  	 (0.00000   )
1195	0.40414   	 (0.00000   )
1196	0.57217   	 (-0.00000  )
1197	0.39540   	 (-0.00000  )
1198	0.17872   	 (-0.00000  )
1199	0.47070   	 (0.00000   )
1200	0.48163   	 (-0.00000  )
1201	0.39177   	 (0.00000   )
1202	0.48193   	 (0.00000   )
1203	0.30543   	 (0.00000   )
1204	0.25420   	 (0.00000   )
1205	0.21683   	 (0.00000   )
1206	-0.32466  	 (0.00000   )
1207	-0.13497  	 (-0.00000  )
1208	0.00399   	 (0.00000   )
1209	-0.02745  	 (-0.00000  )
1210	-0.02064  	 (-0.00000  )
1211	-0.00564  	 (-0.00000  )
1212	0.13140   	 (0.00000   )
1213	0.10359   	 (-0.00000  )
1214	0.13314   	 (0.00000   )
1215	0.02665   	 (0.00000   )
1216	0.20872   	 (-0.00000  )
1217	0.14252   	 (0.00000   )
1218	0.11919   	 (-0.00000  )
1219	0.13575   	 (0.00000   )
1220	0.13179   	 (0.00000   )
1221	0.10264   	 (-0.00000  )
1222	0.04592   	 (0.00000   )
1223	0.09184   	 (-0.00000  )
1224	0.13022   	 (-0.00000  )
1225	0.10080   	 (-0.00000  )
1226	0.05397   	 (-0.00000  )
1227	0.22559   	 (-0.00000  )
1228	0.21764   	 (-0.00000  )
1229	0.15880   	 (0.00000   )
1230	0.16076   	 (-0.00000  )
1231	0.30637   	 (0.00000   )
1232	0.42642   	 (0.00000   )
1233	0.29342   	 (-0.00000  )
1234	0.14711   	 (0.00000   )
1235	0.04277   	 (0.00000   )
1236	0.12604   	 (0.00000   )
1237	-0.06545  	 (-0.00000  )
1238	0.18064   	 (-0.00000  )
1239	-0.13855  	 (0.00000   )
1240	-0.37958  	 (-0.00000  )
1241	-0.37892  	 (-0.00000  )
1242	-0.32534  	 (-0.00000  )
1243	0.36522   	 (-0.00000  )
1244	0.31451   	 (-0.00000  )
1245	0.27760   	 (-0.00000  )
1246	0.43652   	 (-0.00000  )
1247	0.43304   	 (0.00000   )
1248	0.51896   	 (-0.00000  )
1249	0.87934   	 (-0.00000  )
1250	0.86641   	 (0.00000   )
1251	0.92586   	 (-0.00000  )
1252	1.27897   	 (-0.00000  )
1253	1.23376   	 (-0.00000  )
1254	-1.41551  	 (-0.00000  )
1255	-1.41616  	 (-0.00000  )
1256	-1.42826  	 (-0.00000  )
1257	-0.14611  	 (0.00000   )
1258	-0.12449  	 (-0.00000  )
1259	-0.10775  	 (0.00000   )
1260	-0.24369  	 (-0.00000  )
1261	0.36268   	 (0.00000   )
1262	0.36314   	 (0.00000   )
1263	0.35804   	 (-0.00000  )
1264	0.12991   	 (-0.00000  )
1265	1.26396   	 (-0.00000  )
1266	0.21406   	 (0.00000   )
1267	0.05202   	 (-0.00000  )
1268	0.00865   	 (0.00000   )
1269	-0.01176  	 (0.00000   )
1270	0.14040   	 (-0.00000  )
1271	0.46793   	 (-0.00000  )
1272	0.51617   	 (0.00000   )
1273	0.49842   	 (-0.00000  )
1274	0.08103   	 (0.00000   )
1275	0.55083   	 (-0.00000  )
1276	1.13387   	 (0.00000   )
1277	1.11968   	 (0.00000   )
1278	0.24074   	 (-0.00000  )
1279	0.06428   	 (0.00000   )
1280	0.05380   	 (-0.00000  )
1281	0.06160   	 (0.00000   )
1282	-0.21498  	 (-0.00000  )
1283	-0.19907  	 (-0.00000  )
1284	-0.15210  	 (-0.00000  )
1285	-0.03976  	 (0.00000   )
1286	-0.03506  	 (0.00000   )
1287	-0.63720  	 (-0.00000  )
1288	-0.61357  	 (-0.00000  )
1289	-0.60748  	 (-0.00000  )
1290	-0.23958  	 (0.00000   )
1291	-0.23497  	 (-0.00000  )
1292	-0.21723  	 (0.00000   )
1293	-0.19995  	 (0.00000   )
1294	-0.19092  	 (0.00000   )
1295	-0.16669  	 (0.00000   )
1296	-0.01913  	 (0.00000   )
1297	-0.96323  	 (-0.00000  )
1298	-0.47095  	 (-0.00000  )
1299	-0.45165  	 (0.00000   )
1300	-0.49580  	 (-0.00000  )
1301	-0.10515  	 (-0.00000  )
1302	-0.62033  	 (-0.00000  )
1303	-0.09942  	 (0.00000   )
1304	-0.62715  	 (-0.00000  )
1305	-0.62692  	 (0.00000   )
1306	0.23639   	 (0.00000   )
1307	0.26106   	 (0.00000   )
1308	0.27352   	 (0.00000   )
1309	-0.08689  	 (-0.00000  )
1310	-0.05744  	 (0.00000   )
1311	-0.03204  	 (0.00000   )
1312	-0.41269  	 (-0.00000  )
1313	0.00371   	 (-0.00000  )
1314	-0.10101  	 (0.00000   )
1315	-0.22331  	 (0.00000   )
1316	-0.33136  	 (-0.00000  )
1317	-0.41471  	 (-0.00000  )
1318	-0.26342  	 (-0.00000  )
1319	-0.26130  	 (-0.00000  )
1320	-0.56244  	 (-0.00000  )
1321	0.24355   	 (-0.00000  )
1322	-0.61509  	 (-0.00000  )
1323	-0.61366  	 (-0.00000  )
1324	-0.61609  	 (0.00000   )
1325	-0.64507  	 (0.00000   )
1326	1.13029   	 (-0.00000  )
1327	1.17620   	 (-0.00000  )
1328	1.17721   	 (0.00000   )
1329	-1.59432  	 (-0.00000  )
1330	-1.59586  	 (-0.00000  )
1331	-0.43684  	 (-0.00000  )
1332	-0.41890  	 (-0.00000  )
1333	-0.42521  	 (0.00000   )
1334	0.10599   	 (0.00000   )
1335	0.22706   	 (-0.00000  )
1336	0.25472   	 (-0.00000  )
1337	-1.16699  	 (-0.00000  )
1338	-1.25538  	 (-0.00000  )
1339	0.45476   	 (0.00000   )
1340	0.32960   	 (-0.00000  )
1341	0.37801   	 (0.00000   )
1342	0.33978   	 (-0.00000  )
1343	0.04595   	 (-0.00000  )
1344	0.02870   	 (0.00000   )
1345	0.03146   	 (-0.00000  )
1346	-0.24628  	 (0.00000   )
1347	-0.25722  	 (0.00000   )
1348	-0.01413  	 (-0.00000  )
1349	-0.33305  	 (0.00000   )
1350	-0.69984  	 (0.00000   )
1351	-1.07923  	 (-0.00000  )
1352	0.02764   	 (0.00000   )
1353	-0.25207  	 (-0.00000  )
1354	-0.02003  	 (0.00000   )
1355	0.04559   	 (-0.00000  )
1356	0.04142   	 (0.00000   )
1357	-0.80834  	 (-0.00000  )
1358	-0.79409  	 (0.00000   )
1359	-0.80712  	 (-0.00000  )
1360	-0.48604  	 (0.00000   )
1361	-0.48096  	 (0.00000   )
1362	-0.46172  	 (0.00000   )
1363	-0.00704  	 (-0.00000  )
1364	0.02988   	 (-0.00000  )
1365	-0.24713  	 (-0.00000  )
1366	-0.25769  	 (0.00000   )
1367	-0.27370  	 (-0.00000  )
1368	0.45103   	 (-0.00000  )
1369	0.43844   	 (-0.00000  )
1370	0.45725   	 (0.00000   )
1371	0.20392   	 (0.00000   )
1372	0.61559   	 (0.00000   )
1373	0.62158   	 (-0.00000  )
1374	0.55957   	 (-0.00000  )
1375	0.12615   	 (0.00000   )
1376	0.11038   	 (0.00000   )
1377	0.51381   	 (0.00000   )
1378	0.51641   	 (0.00000   )
1379	0.46599   	 (-0.00000  )
1380	-0.56552  	 (-0.00000  )
1381	0.44462   	 (-0.00000  )
1382	0.84726   	 (0.00000   )
1383	0.84937   	 (0.00000   )
1384	1.30562   	 (0.00000   )
1385	0.82186   	 (0.00000   )
1386	1.17974   	 (0.00000   )
1387	0.76491   	 (-0.00000  )
1388	0.73179   	 (0.00000   )
1389	0.58150   	 (0.00000   )
1390	0.48506   	 (-0.00000  )
1391	0.45530   	 (0.00000   )
1392	0.80396   	 (0.00000   )
1393	0.78361   	 (-0.00000  )
1394	0.76655   	 (-0.00000  )
1395	1.83255   	 (-0.00000  )
1396	1.04913   	 (0.00000   )
1397	1.00829   	 (0.00000   )
1398	0.41839   	 (0.00000   )
1399	0.42963   	 (0.00000   )
1400	-0.23986  	 (0.00000   )
1401	0.05650   	 (-0.00000  )
1402	-0.15130  	 (0.00000   )
1403	-0.02068  	 (0.00000   )
1404	-0.16799  	 (0.00000   )
1405	-0.10632  	 (-0.00000  )
1406	-0.20154  	 (0.00000   )
1407	-0.23123  	 (0.00000   )
1408	-0.30295  	 (0.00000   )
1409	-0.07187  	 (-0.00000  )
1410	-0.08359  	 (0.00000   )
1411	-0.11105  	 (0.00000   )
1412	0.21571   	 (-0.00000  )
1413	0.17587   	 (-0.00000  )
1414	0.13398   	 (0.00000   )
1415	0.21404   	 (0.00000   )
1416	0.27100   	 (-0.00000  )
1417	-0.19846  	 (0.00000   )
1418	-0.70922  	 (-0.00000  )
1419	-0.28444  	 (-0.00000  )
1420	-0.61874  	 (-0.00000  )
1421	-0.02726  	 (-0.00000  )
1422	0.16096   	 (0.00000   )
1423	0.15050   	 (0.00000   )
1424	0.16913   	 (-0.00000  )
1425	0.28329   	 (0.00000   )
1426	0.26561   	 (-0.00000  )
1427	0.16570   	 (0.00000   )
1428	0.24307   	 (-0.00000  )
1429	0.48022   	 (-0.00000  )
1430	0.46389   	 (-0.00000  )
1431	0.44203   	 (-0.00000  )
1432	-0.26893  	 (-0.00000  )
1433	-0.27609  	 (0.00000   )
1434	0.73307   	 (-0.00000  )
1435	0.43784   	 (-0.00000  )
1436	0.36610   	 (-0.00000  )
1437	0.87850   	 (-0.00000  )
1438	0.68110   	 (-0.00000  )
1439	1.09224   	 (-0.00000  )
1440	0.76494   	 (-0.00000  )
1441	0.81623   	 (0.00000   )
1442	0.80087   	 (0.00000   )
1443	0.76856   	 (-0.00000  )
1444	0.78978   	 (0.00000   )
1445	0.42245   	 (-0.00000  )
1446	0.80691   	 (0.00000   )
1447	0.30756   	 (0.00000   )
1448	1.12022   	 (-0.00000  )
1449	1.08408   	 (-0.00000  )
1450	1.06533   	 (0.00000   )
1451	0.26774   	 (-0.00000  )
1452	0.26285   	 (-0.00000  )
1453	0.68719   	 (-0.00000  )
1454	0.49740   	 (-0.00000  )
1455	0.25492   	 (0.00000   )
1456	-0.05651  	 (0.00000   )
1457	-0.39383  	 (-0.00000  )
1458	-0.08204  	 (-0.00000  )
1459	0.52684   	 (0.00000   )
1460	0.41007   	 (-0.00000  )
1461	-0.07634  	 (-0.00000  )
1462	0.41774   	 (0.00000   )
1463	0.60180   	 (-0.00000  )
1464	0.65481   	 (-0.00000  )
1465	0.76864   	 (-0.00000  )
1466	0.64344   	 (-0.00000  )
1467	0.60192   	 (0.00000   )
1468	0.60320   	 (0.00000   )
1469	0.00335   	 (-0.00000  )
1470	0.51068   	 (-0.00000  )
1471	0.47347   	 (-0.00000  )
1472	-1.09246  	 (0.00000   )
1473	-1.00742  	 (-0.00000  )
1474	-1.16242  	 (0.00000   )
1475	0.65710   	 (0.00000   )
1476	0.72971   	 (-0.00000  )
1477	-0.09815  	 (0.00000   )
1478	-0.19314  	 (0.00000   )
1479	-0.21098  	 (0.00000   )
1480	-0.23102  	 (0.00000   )
1481	-0.41684  	 (0.00000   )
1482	-0.15326  	 (-0.00000  )
1483	0.51881   	 (0.00000   )
1484	0.46076   	 (-0.00000  )
1485	-0.10751  	 (-0.00000  )
1486	-0.07819  	 (-0.00000  )
1487	-0.58314  	 (-0.00000  )
1488	-0.40029  	 (-0.00000  )
1489	-0.37253  	 (0.00000   )
1490	1.15435   	 (0.00000   )
1491	1.16260   	 (-0.00000  )
1492	1.16811   	 (-0.00000  )
1493	-0.63143  	 (-0.00000  )
1494	0.83053   	 (-0.00000  )
1495	0.78704   	 (-0.00000  )
1496	0.77591   	 (0.00000   )
1497	-0.49012  	 (-0.00000  )
1498	-0.16915  	 (0.00000   )
1499	0.57271   	 (-0.00000  )
1500	1.47831   	 (0.00000   )
1501	1.44434   	 (-0.00000  )
1502	1.45121   	 (-0.00000  )
1503	0.16534   	 (-0.00000  )
1504	0.15352   	 (0.00000   )
1505	1.43647   	 (-0.00000  )
1506	1.42178   	 (0.00000   )
1507	1.43700   	 (-0.00000  )
1508	-0.14968  	 (0.00000   )
1509	-2.48197  	 (0.00000   )
1510	-0.32156  	 (-0.00000  )
1511	-0.11526  	 (0.00000   )
1512	0.01674   	 (0.00000   )
1513	-0.10306  	 (0.00000   )
1514	1.49531   	 (-0.00000  )
1515	1.50880   	 (0.00000   )
1516	1.50480   	 (-0.00000  )
1517	0.02148   	 (0.00000   )
1518	-0.00036  	 (-0.00000  )
1519	0.34626   	 (0.00000   )
1520	0.34649   	 (0.00000   )
1521	0.34790   	 (-0.00000  )
1522	0.21525   	 (-0.00000  )
1523	0.15499   	 (-0.00000  )
1524	0.15432   	 (-0.00000  )
1525	-0.51020  	 (0.00000   )
1526	0.41669   	 (0.00000   )
1527	0.41209   	 (-0.00000  )
1528	-0.25999  	 (-0.00000  )
1529	0.43209   	 (-0.00000  )
1530	-0.32997  	 (-0.00000  )
1531	-0.27882  	 (-0.00000  )
1532	-0.14444  	 (-0.00000  )
1533	-0.01607  	 (0.00000   )
1534	-0.03394  	 (-0.00000  )
1535	0.50044   	 (0.00000   )
1536	0.40966   	 (-0.00000  )
1537	2.13785   	 (-0.00000  )
1538	1.66000   	 (-0.00000  )
1539	0.17174   	 (-0.00000  )
1540	1.66353   	 (-0.00000  )
1541	1.39194   	 (0.00000   )
1542	1.42949   	 (-0.00000  )
1543	1.40746   	 (-0.00000  )
1544	0.58751   	 (-0.00000  )
1545	0.00838   	 (-0.00000  )
1546	0.56811   	 (0.00000   )
1547	0.58153   	 (-0.00000  )
1548	-0.25127  	 (-0.00000  )
1549	0.07987   	 (-0.00000  )
1550	-0.21695  	 (-0.00000  )
1551	0.60638   	 (-0.00000  )
1552	0.15484   	 (0.00000   )
1553	0.45959   	 (0.00000   )
1554	0.41436   	 (-0.00000  )
1555	0.11880   	 (0.00000   )
1556	1.75338   	 (-0.00000  )
1557	1.69019   	 (0.00000   )
1558	1.85832   	 (0.00000   )
1559	0.07930   	 (0.00000   )
1560	2.01925   	 (-0.00000  )
1561	2.02802   	 (-0.00000  )
1562	2.03926   	 (-0.00000  )
1563	0.12566   	 (-0.00000  )
1564	0.09784   	 (0.00000   )
1565	0.10297   	 (-0.00000  )
1566	0.38554   	 (0.00000   )
1567	-0.58013  	 (0.00000   )
1568	0.40269   	 (0.00000   )
1569	0.49221   	 (0.00000   )
1570	0.46636   	 (0.00000   )
1571	0.48588   	 (-0.00000  )
1572	-0.36183  	 (-0.00000  )
1573	0.37208   	 (0.00000   )
1574	0.34384   	 (0.00000   )
1575	0.32926   	 (-0.00000  )
1576	-0.00419  	 (0.00000   )
1577	1.03326   	 (-0.00000  )
1578	-0.01995  	 (-0.00000  )
1579	1.04856   	 (0.00000   )
1580	1.11150   	 (-0.00000  )
1581	-0.02421  	 (0.00000   )
1582	0.60863   	 (0.00000   )
1583	-0.30735  	 (-0.00000  )
1584	-0.28458  	 (0.00000   )
1585	-0.31546  	 (-0.00000  )
1586	0.30165   	 (0.00000   )
1587	-0.13314  	 (0.00000   )
1588	-0.66298  	 (0.00000   )
1589	-0.66551  	 (0.00000   )
1590	-0.59446  	 (-0.00000  )
1591	0.39277   	 (0.00000   )
1592	0.29919   	 (0.00000   )
1593	0.43933   	 (0.00000   )
1594	0.43109   	 (0.00000   )
1595	0.26305   	 (-0.00000  )
1596	0.39437   	 (0.00000   )
1597	0.41998   	 (0.00000   )
1598	0.32856   	 (-0.00000  )
1599	0.28880   	 (-0.00000  )
1600	-0.02333  	 (0.00000   )
1601	-0.30207  	 (0.00000   )
1602	-0.25006  	 (0.00000   )
1603	-0.25958  	 (0.00000   )
1604	-0.30138  	 (-0.00000  )
1605	-0.28314  	 (0.00000   )
1606	0.46823   	 (-0.00000  )
1607	0.46043   	 (-0.00000  )
1608	0.15882   	 (0.00000   )
1609	-0.44091  	 (0.00000   )
1610	-0.44731  	 (-0.00000  )
1611	-0.44594  	 (0.00000   )
1612	0.08468   	 (0.00000   )
1613	0.12279   	 (-0.00000  )
1614	0.10524   	 (0.00000   )
1615	0.11060   	 (0.00000   )
1616	0.13479   	 (0.00000   )
1617	0.07275   	 (0.00000   )
1618	-0.03213  	 (-0.00000  )
1619	0.25226   	 (0.00000   )
1620	0.14256   	 (0.00000   )
1621	-0.44535  	 (-0.00000  )
1622	-0.80041  	 (-0.00000  )
1623	-0.08956  	 (-0.00000  )
1624	-0.22742  	 (0.00000   )
1625	-0.16657  	 (0.00000   )
1626	0.03524   	 (0.00000   )
1627	0.37824   	 (0.00000   )
1628	-0.28999  	 (-0.00000  )
1629	-1.49333  	 (-0.00000  )
1630	-0.26790  	 (-0.00000  )
1631	-0.26792  	 (0.00000   )
1632	-0.74654  	 (0.00000   )
1633	-0.74625  	 (0.00000   )
1634	-0.51746  	 (-0.00000  )
1635	-0.62037  	 (-0.00000  )
1636	-0.70400  	 (0.00000   )
1637	0.74998   	 (0.00000   )
1638	0.03884   	 (0.00000   )
1639	-0.32564  	 (-0.00000  )
1640	-0.77272  	 (0.00000   )
1641	-0.33728  	 (0.00000   )
1642	-0.30724  	 (0.00000   )
1643	0.68141   	 (0.00000   )
1644	0.55242   	 (0.00000   )
1645	0.02189   	 (-0.00000  )
1646	0.08065   	 (0.00000   )
1647	0.14203   	 (0.00000   )
1648	-0.13025  	 (0.00000   )
1649	-0.13314  	 (-0.00000  )
1650	-0.13759  	 (0.00000   )
1651	-0.14914  	 (-0.00000  )
1652	-0.01222  	 (-0.00000  )
1653	-0.01805  	 (-0.00000  )
1654	0.04423   	 (-0.00000  )
1655	-0.23216  	 (0.00000   )
1656	-0.00432  	 (-0.00000  )
1657	0.43806   	 (-0.00000  )
1658	0.50542   	 (-0.00000  )
1659	0.44679   	 (0.00000   )
1660	0.86848   	 (-0.00000  )
1661	0.82959   	 (-0.00000  )
1662	0.63219   	 (0.00000   )
1663	0.32202   	 (0.00000   )
1664	0.74153   	 (-0.00000  )
1665	0.59506   	 (-0.00000  )
1666	0.32716   	 (-0.00000  )
1667	0.64598   	 (0.00000   )
1668	0.41285   	 (-0.00000  )
1669	0.48829   	 (-0.00000  )
1670	0.18501   	 (-0.00000  )
1671	0.28260   	 (-0.00000  )
1672	0.30080   	 (-0.00000  )
1673	0.47191   	 (-0.00000  )
1674	0.61772   	 (-0.00000  )
1675	-0.12538  	 (0.00000   )
1676	0.33206   	 (-0.00000  )
1677	0.38093   	 (-0.00000  )
1678	0.37761   	 (-0.00000  )
1679	0.36582   	 (0.00000   )
1680	0.36203   	 (-0.00000  )
1681	-0.09811  	 (0.00000   )
1682	-0.12291  	 (-0.00000  )
1683	-0.10697  	 (-0.00000  )
1684	-0.01025  	 (0.00000   )
1685	-0.00631  	 (0.00000   )
1686	-0.07525  	 (-0.00000  )
1687	0.02160   	 (0.00000   )
1688	0.05111   	 (-0.00000  )
1689	0.11961   	 (0.00000   )
1690	-1.30817  	 (-0.00000  )
1691	-1.31098  	 (-0.00000  )
1692	-1.31504  	 (-0.00000  )
1693	-1.49124  	 (-0.00000  )
1694	-1.48951  	 (-0.00000  )
1695	-1.48658  	 (0.00000   )
1696	-0.00339  	 (-0.00000  )
1697	0.89912   	 (0.00000   )
1698	0.75635   	 (-0.00000  )
1699	0.69488   	 (-0.00000  )
1700	0.21991   	 (-0.00000  )
1701	-0.09340  	 (-0.00000  )
1702	0.38851   	 (-0.00000  )
1703	0.52091   	 (-0.00000  )
1704	0.22216   	 (0.00000   )
1705	-0.05283  	 (0.00000   )
1706	-0.09443  	 (-0.00000  )
1707	-0.55775  	 (-0.00000  )
1708	-0.55030  	 (-0.00000  )
1709	-0.57554  	 (0.00000   )
1710	-0.55603  	 (0.00000   )
1711	-0.49651  	 (0.00000   )
1712	-0.44614  	 (-0.00000  )
1713	-0.26259  	 (-0.00000  )
1714	0.06687   	 (-0.00000  )
1715	0.10144   	 (-0.00000  )
1716	0.18009   	 (0.00000   )
1717	0.21169   	 (-0.00000  )
1718	-0.10171  	 (-0.00000  )
1719	-0.15258  	 (-0.00000  )
1720	-0.07963  	 (-0.00000  )
1721	-0.14427  	 (0.00000   )
1722	-0.05075  	 (0.00000   )
1723	-0.69926  	 (0.00000   )
1724	-0.69862  	 (0.00000   )
1725	-0.12607  	 (-0.00000  )
1726	0.17853   	 (-0.00000  )
1727	0.44010   	 (-0.00000  )
1728	0.13034   	 (0.00000   )
1729	0.05148   	 (0.00000   )
1730	-0.27553  	 (-0.00000  )
1731	0.03134   	 (-0.00000  )
1732	0.76997   	 (-0.00000  )
1733	0.54651   	 (-0.00000  )
1734	-0.62888  	 (-0.00000  )
1735	-0.67656  	 (-0.00000  )
1736	-0.48040  	 (0.00000   )
1737	-0.46941  	 (0.00000   )
1738	-0.84289  	 (0.00000   )
1739	-0.76088  	 (0.00000   )
1740	-0.65082  	 (-0.00000  )
1741	0.18898   	 (0.00000   )
1742	0.11100   	 (-0.00000  )
1743	0.08353   	 (-0.00000  )
1744	0.05689   	 (-0.00000  )
1745	0.00985   	 (-0.00000  )
1746	-0.09849  	 (0.00000   )
1747	-0.17514  	 (0.00000   )
1748	0.41451   	 (0.00000   )
1749	-0.15776  	 (-0.00000  )
1750	-0.22402  	 (-0.00000  )
1751	-0.19297  	 (-0.00000  )
1752	-0.24551  	 (0.00000   )
1753	-0.66418  	 (0.00000   )
1754	-0.65657  	 (-0.00000  )
1755	-0.65337  	 (0.00000   )
1756	0.20439   	 (0.00000   )
1757	-0.04842  	 (0.00000   )
1758	-0.16959  	 (0.00000   )
1759	-0.13593  	 (-0.00000  )
1760	-0.13565  	 (0.00000   )
1761	-0.13392  	 (-0.00000  )
1762	-0.52021  	 (-0.00000  )
1763	0.42770   	 (0.00000   )
1764	0.13168   	 (0.00000   )
1765	0.13182   	 (-0.00000  )
1766	0.19419   	 (-0.00000  )
1767	-0.05899  	 (0.00000   )
1768	-0.02031  	 (-0.00000  )
1769	-0.05795  	 (0.00000   )
1770	-0.07112  	 (0.00000   )
1771	0.45607   	 (0.00000   )
1772	0.65572   	 (0.00000   )
1773	0.67199   	 (-0.00000  )
1774	0.86774   	 (0.00000   )
1775	0.70272   	 (0.00000   )
1776	0.52631   	 (0.00000   )
1777	0.35953   	 (0.00000   )
1778	0.14544   	 (0.00000   )
1779	0.15743   	 (0.00000   )
1780	0.08974   	 (-0.00000  )
1781	0.41418   	 (0.00000   )
1782	0.39125   	 (0.00000   )
1783	-0.28664  	 (0.00000   )
1784	-0.26966  	 (0.00000   )
1785	0.04844   	 (-0.00000  )
1786	-0.19523  	 (0.00000   )
1787	0.40964   	 (0.00000   )
1788	0.50220   	 (-0.00000  )
1789	0.48346   	 (-0.00000  )
1790	0.61611   	 (0.00000   )
1791	0.24191   	 (-0.00000  )
1792	0.49902   	 (-0.00000  )
1793	0.49654   	 (0.00000   )
1794	0.00805   	 (0.00000   )
1795	0.01232   	 (0.00000   )
1796	0.06643   	 (-0.00000  )
1797	0.41600   	 (0.00000   )
1798	0.47788   	 (-0.00000  )
1799	0.56741   	 (0.00000   )
1800	0.44385   	 (-0.00000  )
1801	0.48791   	 (0.00000   )
1802	0.78564   	 (-0.00000  )
1803	0.57848   	 (-0.00000  )
1804	0.53011   	 (0.00000   )
1805	0.63510   	 (0.00000   )
1806	0.69223   	 (0.00000   )
1807	0.76064   	 (-0.00000  )
1808	0.91722   	 (-0.00000  )
1809	-0.07136  	 (0.00000   )
1810	0.95603   	 (-0.00000  )
1811	1.16054   	 (-0.00000  )
1812	1.06682   	 (-0.00000  )
1813	0.01534   	 (0.00000   )
1814	1.13752   	 (-0.00000  )
1815	-0.30905  	 (0.00000   )
1816	0.78550   	 (-0.00000  )
1817	0.81409   	 (-0.00000  )
1818	0.85919   	 (0.00000   )
1819	0.39365   	 (-0.00000  )
1820	-0.34098  	 (0.00000   )
1821	-0.36582  	 (0.00000   )
1822	0.38952   	 (0.00000   )
1823	0.38182   	 (0.00000   )
1824	0.28901   	 (-0.00000  )
1825	0.09957   	 (-0.00000  )
1826	0.10997   	 (0.00000   )
1827	0.12490   	 (0.00000   )
1828	0.07584   	 (0.00000   )
1829	-0.98511  	 (-0.00000  )
1830	0.32778   	 (0.00000   )
1831	0.47281   	 (0.00000   )
1832	1.24437   	 (-0.00000  )
1833	1.03888   	 (0.00000   )
1834	1.28651   	 (-0.00000  )
1835	0.86289   	 (-0.00000  )
1836	1.27321   	 (0.00000   )
1837	0.55107   	 (0.00000   )
1838	1.26076   	 (-0.00000  )
1839	0.37517   	 (0.00000   )
1840	0.52984   	 (0.00000   )
1841	0.72825   	 (0.00000   )
1842	-0.71690  	 (0.00000   )
1843	0.29412   	 (-0.00000  )
1844	-0.73068  	 (-0.00000  )
1845	0.16699   	 (-0.00000  )
1846	-0.89941  	 (0.00000   )
1847	-0.90664  	 (0.00000   )
1848	-0.92106  	 (0.00000   )
1849	0.18119   	 (0.00000   )
1850	0.04740   	 (-0.00000  )
1851	0.12102   	 (0.00000   )
1852	0.05704   	 (-0.00000  )
1853	-0.32215  	 (0.00000   )
1854	0.38055   	 (-0.00000  )
1855	0.42765   	 (-0.00000  )
1856	0.14538   	 (-0.00000  )
1857	0.46005   	 (-0.00000  )
1858	-0.14713  	 (0.00000   )
1859	0.03101   	 (0.00000   )
1860	0.18515   	 (-0.00000  )
1861	0.44827   	 (0.00000   )
1862	0.46233   	 (0.00000   )
1863	0.42602   	 (0.00000   )
1864	0.58544   	 (0.00000   )
1865	0.74598   	 (-0.00000  )
1866	0.58821   	 (-0.00000  )
1867	0.76686   	 (-0.00000  )
1868	0.60011   	 (0.00000   )
1869	0.78148   	 (-0.00000  )
1870	0.71039   	 (-0.00000  )
1871	0.77163   	 (0.00000   )
1872	0.83672   	 (-0.00000  )
1873	0.88904   	 (-0.00000  )
1874	-0.01113  	 (-0.00000  )
1875	-0.01974  	 (0.00000   )
1876	-0.02728  	 (0.00000   )
1877	0.78997   	 (0.00000   )
1878	1.40236   	 (-0.00000  )
1879	-0.22949  	 (0.00000   )
1880	0.45973   	 (-0.00000  )
1881	0.39230   	 (-0.00000  )
1882	0.43605   	 (-0.00000  )
1883	0.22743   	 (-0.00000  )
1884	0.23033   	 (-0.00000  )
1885	0.25555   	 (-0.00000  )
1886	0.41727   	 (-0.00000  )
1887	0.34335   	 (-0.00000  )
1888	0.29765   	 (0.00000   )
1889	0.40289   	 (0.00000   )
1890	0.50121   	 (0.00000   )
1891	0.60882   	 (-0.00000  )
1892	0.49075   	 (-0.00000  )
1893	0.47590   	 (0.00000   )
1894	0.77985   	 (-0.00000  )
1895	0.70241   	 (0.00000   )
1896	0.98612   	 (0.00000   )
1897	0.63631   	 (-0.00000  )
1898	-1.68732  	 (-0.00000  )
1899	-1.69005  	 (-0.00000  )
1900	-1.69332  	 (-0.00000  )
1901	0.71329   	 (-0.00000  )
1902	0.85774   	 (0.00000   )
1903	0.68400   	 (-0.00000  )
1904	0.76633   	 (-0.00000  )
1905	0.91246   	 (0.00000   )
1906	0.83675   	 (0.00000   )
1907	-1.63636  	 (-0.00000  )
1908	-1.64093  	 (0.00000   )
1909	-1.65709  	 (-0.00000  )
1910	0.92578   	 (-0.00000  )
1911	0.88712   	 (0.00000   )
1912	0.29773   	 (-0.00000  )
1913	0.28328   	 (-0.00000  )
1914	0.86892   	 (-0.00000  )
1915	0.28936   	 (-0.00000  )
1916	0.94795   	 (-0.00000  )
1917	0.90321   	 (-0.00000  )
1918	0.91477   	 (0.00000   )
1919	-0.88242  	 (0.00000   )
1920	0.75958   	 (-0.00000  )
1921	-0.16938  	 (0.00000   )
1922	0.69290   	 (-0.00000  )
1923	0.65398   	 (0.00000   )
1924	-0.60622  	 (0.00000   )
1925	-0.61162  	 (0.00000   )
1926	0.79688   	 (0.00000   )
1927	0.87383   	 (-0.00000  )
1928	-0.12967  	 (-0.00000  )
1929	-0.13525  	 (-0.00000  )
1930	-0.12136  	 (0.00000   )
1931	0.86044   	 (-0.00000  )
1932	0.98047   	 (0.00000   )
1933	-0.36345  	 (0.00000   )
1934	-0.34375  	 (0.00000   )
1935	-0.36328  	 (0.00000   )
1936	0.94273   	 (-0.00000  )
1937	0.88086   	 (0.00000   )
1938	0.79908   	 (0.00000   )
1939	0.84040   	 (0.00000   )
1940	0.61398   	 (0.00000   )
1941	0.35511   	 (-0.00000  )
1942	0.27805   	 (0.00000   )
1943	0.18468   	 (-0.00000  )
1944	0.11565   	 (0.00000   )
1945	-0.79433  	 (0.00000   )
1946	-0.80422  	 (-0.00000  )
1947	-0.80679  	 (0.00000   )
1948	-0.05275  	 (-0.00000  )
1949	-0.05665  	 (0.00000   )
1950	-0.01669  	 (-0.00000  )
1951	-1.22633  	 (0.00000   )
1952	-1.23177  	 (-0.00000  )
1953	-1.24201  	 (-0.00000  )
1954	0.00667   	 (-0.00000  )
1955	-0.01042  	 (-0.00000  )
1956	-0.01472  	 (0.00000   )
1957	1.15288   	 (0.00000   )
1958	1.22209   	 (-0.00000  )
1959	-0.23493  	 (-0.00000  )
1960	-0.19823  	 (0.00000   )
1961	-0.08963  	 (0.00000   )
1962	0.19584   	 (0.00000   )
1963	-0.37271  	 (-0.00000  )
1964	-0.38974  	 (0.00000   )
1965	-0.13485  	 (0.00000   )
1966	0.00973   	 (0.00000   )
1967	0.09373   	 (0.00000   )
1968	1.52188   	 (0.00000   )
1969	1.51506   	 (-0.00000  )
1970	1.51004   	 (-0.00000  )
1971	-0.00360  	 (-0.00000  )
1972	0.43743   	 (0.00000   )
1973	1.17320   	 (0.00000   )
1974	1.17383   	 (0.00000   )
1975	1.15888   	 (-0.00000  )
1976	0.64110   	 (-0.00000  )
1977	0.64054   	 (-0.00000  )
1978	0.64222   	 (-0.00000  )
1979	0.56154   	 (-0.00000  )
1980	0.24388   	 (0.00000   )
1981	1.10985   	 (0.00000   )
1982	1.09206   	 (0.00000   )
1983	1.10224   	 (0.00000   )
1984	0.70042   	 (-0.00000  )
1985	0.64832   	 (-0.00000  )
1986	0.39708   	 (0.00000   )
1987	0.13999   	 (0.00000   )
1988	0.12707   	 (0.00000   )
1989	0.07757   	 (0.00000   )
1990	-0.75832  	 (-0.00000  )
1991	-0.73775  	 (0.00000   )
1992	0.67701   	 (0.00000   )
1993	-0.71325  	 (0.00000   )
1994	0.68579   	 (-0.00000  )
1995	0.24611   	 (-0.00000  )
1996	0.25733   	 (-0.00000  )
1997	0.22963   	 (-0.00000  )
1998	-0.68807  	 (0.00000   )
1999	0.41801   	 (0.00000   )
2000	0.53772   	 (-0.00000  )
2001	0.48430   	 (-0.00000  )
2002	-0.71104  	 (-0.00000  )
2003	1.06575   	 (-0.00000  )
2004	1.04013   	 (-0.00000  )
2005	1.04656   	 (0.00000   )
2006	0.26188   	 (-0.00000  )
2007	0.41889   	 (-0.00000  )
2008	0.42022   	 (0.00000   )
2009	0.42163   	 (0.00000   )
2010	0.47509   	 (-0.00000  )
2011	0.16936   	 (-0.00000  )
2012	-0.02063  	 (0.00000   )
2013	0.00015   	 (-0.00000  )
2014	0.53232   	 (-0.00000  )
2015	-0.06605  	 (0.00000   )
2016	-1.06936  	 (0.00000   )
2017	-1.10192  	 (0.00000   )
2018	-0.90900  	 (0.00000   )
2019	-0.96844  	 (-0.00000  )
2020	0.62717   	 (-0.00000  )
2021	0.69651   	 (-0.00000  )
2022	0.78439   	 (-0.00000  )
2023	-0.93955  	 (0.00000   )
2024	-0.88689  	 (-0.00000  )
2025	-1.40839  	 (0.00000   )
2026	-0.31572  	 (-0.00000  )
2027	-0.29496  	 (-0.00000  )
2028	1.83837   	 (0.00000   )
2029	0.40736   	 (0.00000   )
2030	-0.02366  	 (0.00000   )
2031	-0.25552  	 (0.00000   )
2032	-0.78903  	 (0.00000   )
2033	-0.03956  	 (0.00000   )
2034	0.35161   	 (0.00000   )
2035	-0.11609  	 (0.00000   )
2036	0.26802   	 (0.00000   )
2037	0.37035   	 (-0.00000  )
2038	-0.49456  	 (0.00000   )
2039	-0.62676  	 (-0.00000  )
2040	-0.69252  	 (-0.00000  )
2041	0.34936   	 (-0.00000  )
2042	0.17978   	 (0.00000   )
2043	0.38832   	 (0.00000   )
2044	-0.13046  	 (0.00000   )
2045	-0.11592  	 (-0.00000  )
2046	-0.28022  	 (0.00000   )
2047	-0.16429  	 (0.00000   )
2048	0.45809   	 (0.00000   )
2049	0.34925   	 (-0.00000  )
2050	0.87755   	 (0.00000   )
2051	0.69254   	 (0.00000   )
2052	0.49268   	 (-0.00000  )
2053	0.54297   	 (-0.00000  )
2054	0.48571   	 (-0.00000  )
2055	0.62916   	 (-0.00000  )
2056	0.64226   	 (0.00000   )
2057	-0.25767  	 (-0.00000  )
2058	0.75198   	 (0.00000   )
2059	0.82222   	 (-0.00000  )
2060	0.71463   	 (-0.00000  )
2061	0.79416   	 (-0.00000  )
2062	-0.13162  	 (-0.00000  )
2063	-0.94853  	 (-0.00000  )
2064	0.47587   	 (0.00000   )
2065	-0.96092  	 (-0.00000  )
2066	-0.07408  	 (-0.00000  )
2067	0.12365   	 (-0.00000  )
2068	-0.39721  	 (-0.00000  )
2069	-0.37464  	 (0.00000   )
2070	-0.34023  	 (-0.00000  )
2071	-0.03625  	 (-0.00000  )
2072	0.09402   	 (-0.00000  )
2073	0.07325   	 (-0.00000  )
2074	-0.06410  	 (-0.00000  )
2075	0.15985   	 (-0.00000  )
2076	0.12692   	 (0.00000   )
2077	0.17649   	 (0.00000   )
2078	-0.01071  	 (0.00000   )
2079	-1.09892  	 (0.00000   )
2080	-1.00316  	 (0.00000   )
2081	-0.64864  	 (-0.00000  )
2082	-0.32860  	 (-0.00000  )
2083	0.27504   	 (-0.00000  )
2084	-0.07741  	 (0.00000   )
2085	-0.11642  	 (-0.00000  )
2086	0.26240   	 (-0.00000  )
2087	-0.18775  	 (0.00000   )
2088	-0.41969  	 (0.00000   )
2089	-0.10858  	 (-0.00000  )
2090	-0.39618  	 (-0.00000  )
2091	-0.16553  	 (-0.00000  )
2092	0.57634   	 (0.00000   )
2093	0.29858   	 (0.00000   )
2094	0.33457   	 (-0.00000  )
2095	0.01454   	 (0.00000   )
2096	-0.01420  	 (-0.00000  )
2097	0.06343   	 (-0.00000  )
2098	0.03467   	 (0.00000   )
2099	0.18911   	 (-0.00000  )
2100	0.03692   	 (0.00000   )
2101	0.23675   	 (-0.00000  )
2102	0.13572   	 (-0.00000  )
2103	0.22981   	 (-0.00000  )
2104	0.00619   	 (0.00000   )
2105	0.15453   	 (0.00000   )
2106	0.01249   	 (-0.00000  )
2107	0.22182   	 (0.00000   )
2108	0.08000   	 (-0.00000  )
2109	-0.06429  	 (0.00000   )
2110	-0.05693  	 (0.00000   )
2111	0.28437   	 (-0.00000  )
2112	-0.17729  	 (0.00000   )
2113	-0.11874  	 (0.00000   )
2114	-0.01564  	 (-0.00000  )
2115	0.31599   	 (0.00000   )
2116	0.28913   	 (-0.00000  )
2117	-0.06383  	 (-0.00000  )
2118	-0.41749  	 (0.00000   )
2119	-0.34200  	 (0.00000   )
2120	-0.28320  	 (0.00000   )
2121	-0.03647  	 (0.00000   )
2122	-0.03301  	 (-0.00000  )
2123	-0.25739  	 (-0.00000  )
2124	0.00756   	 (0.00000   )
2125	-0.18947  	 (0.00000   )
2126	0.23012   	 (0.00000   )
2127	-0.20203  	 (-0.00000  )
2128	-0.05402  	 (-0.00000  )
2129	0.03204   	 (-0.00000  )
2130	0.18435   	 (0.00000   )
2131	0.00225   	 (0.00000   )
2132	0.16353   	 (0.00000   )
2133	-0.31913  	 (0.00000   )
2134	-0.09505  	 (-0.00000  )
2135	-0.04172  	 (0.00000   )
2136	-0.01666  	 (0.00000   )
2137	-0.12456  	 (0.00000   )
2138	-0.33617  	 (0.00000   )
2139	-0.02991  	 (-0.00000  )
2140	0.03634   	 (0.00000   )
2141	0.27443   	 (-0.00000  )
2142	0.50268   	 (-0.00000  )
2143	0.26398   	 (-0.00000  )
2144	0.70406   	 (-0.00000  )
2145	0.56321   	 (0.00000   )
2146	0.54580   	 (0.00000   )
2147	0.41220   	 (0.00000   )
2148	-0.82074  	 (-0.00000  )
2149	0.47014   	 (-0.00000  )
2150	0.32413   	 (0.00000   )
2151	0.25160   	 (0.00000   )
2152	0.22330   	 (-0.00000  )
2153	0.34114   	 (-0.00000  )
2154	0.33340   	 (0.00000   )
2155	0.39744   	 (-0.00000  )
2156	0.26191   	 (0.00000   )
2157	0.30543   	 (-0.00000  )
2158	0.32381   	 (0.00000   )
2159	0.22002   	 (0.00000   )
2160	0.27900   	 (-0.00000  )
2161	0.11991   	 (-0.00000  )
2162	0.16265   	 (-0.00000  )
2163	0.11067   	 (-0.00000  )
2164	0.23288   	 (0.00000   )
2165	-0.98011  	 (0.00000   )
2166	-0.96877  	 (0.00000   )
2167	0.26287   	 (-0.00000  )
2168	-0.96737  	 (0.00000   )
2169	0.31762   	 (0.00000   )
2170	0.38155   	 (0.00000   )
2171	0.58765   	 (0.00000   )
2172	0.43711   	 (-0.00000  )
2173	0.75307   	 (0.00000   )
2174	0.73710   	 (-0.00000  )
2175	0.99514   	 (-0.00000  )
2176	1.05589   	 (-0.00000  )
2177	0.99405   	 (0.00000   )
2178	-0.11494  	 (0.00000   )
2179	-0.12236  	 (0.00000   )
2180	-0.11726  	 (0.00000   )
2181	1.20959   	 (0.00000   )
2182	1.18383   	 (0.00000   )
2183	1.40993   	 (0.00000   )
2184	1.19926   	 (0.00000   )
2185	0.21046   	 (-0.00000  )
2186	0.99076   	 (0.00000   )
2187	0.98668   	 (-0.00000  )
2188	-0.71936  	 (-0.00000  )
2189	-0.75878  	 (0.00000   )
2190	-0.77490  	 (-0.00000  )
2191	1.13996   	 (0.00000   )
2192	1.20302   	 (0.00000   )
2193	0.83777   	 (0.00000   )
2194	0.81454   	 (0.00000   )
2195	0.74366   	 (-0.00000  )
2196	0.18811   	 (0.00000   )
2197	0.73095   	 (0.00000   )
2198	0.16224   	 (0.00000   )
2199	0.57676   	 (-0.00000  )
2200	-0.65743  	 (0.00000   )
2201	0.64829   	 (0.00000   )
2202	0.53553   	 (-0.00000  )
2203	-0.66016  	 (-0.00000  )
2204	-0.62566  	 (0.00000   )
2205	0.69727   	 (-0.00000  )
2206	0.63947   	 (-0.00000  )
2207	0.44724   	 (-0.00000  )
2208	0.60600   	 (0.00000   )
2209	-0.97453  	 (0.00000   )
2210	-0.99321  	 (-0.00000  )
2211	-1.00536  	 (0.00000   )
2212	0.60722   	 (0.00000   )
2213	0.85309   	 (-0.00000  )
2214	0.82631   	 (0.00000   )
2215	0.80419   	 (-0.00000  )
2216	0.92721   	 (-0.00000  )
2217	0.74281   	 (-0.00000  )
2218	0.69837   	 (0.00000   )
2219	0.86428   	 (0.00000   )
2220	0.60811   	 (-0.00000  )
2221	0.62772   	 (0.00000   )
2222	1.00756   	 (-0.00000  )
2223	0.63759   	 (0.00000   )
2224	0.54990   	 (-0.00000  )
2225	0.52129   	 (-0.00000  )
2226	0.74025   	 (0.00000   )
2227	0.37253   	 (-0.00000  )
2228	0.42763   	 (-0.00000  )
2229	-0.87803  	 (0.00000   )
2230	0.35084   	 (-0.00000  )
2231	0.04465   	 (-0.00000  )
2232	0.04763   	 (-0.00000  )
2233	0.27691   	 (-0.00000  )
2234	-0.87677  	 (0.00000   )
2235	-0.92119  	 (0.00000   )
2236	-0.93245  	 (0.00000   )
2237	0.25006   	 (0.00000   )
2238	-1.25974  	 (-0.00000  )
2239	-1.05417  	 (0.00000   )
2240	-1.38565  	 (0.00000   )
2241	-1.55771  	 (-0.00000  )
2242	-1.10862  	 (0.00000   )
2243	-1.17959  	 (0.00000   )
2244	-0.39672  	 (0.00000   )
2245	-0.40224  	 (0.00000   )
2246	0.21506   	 (-0.00000  )
2247	-0.34283  	 (0.00000   )
2248	-0.34447  	 (-0.00000  )
2249	-0.36083  	 (-0.00000  )
2250	0.31910   	 (0.00000   )
2251	-0.01445  	 (-0.00000  )
2252	0.02482   	 (0.00000   )
2253	-0.00117  	 (-0.00000  )
2254	0.16427   	 (-0.00000  )
2255	0.10721   	 (-0.00000  )
2256	0.04394   	 (-0.00000  )
2257	0.54165   	 (0.00000   )
2258	-0.10032  	 (-0.00000  )
2259	0.38973   	 (-0.00000  )
2260	0.27601   	 (-0.00000  )
2261	0.21048   	 (-0.00000  )
2262	0.20763   	 (-0.00000  )
2263	0.10546   	 (-0.00000  )
2264	0.09094   	 (0.00000   )
2265	0.08886   	 (-0.00000  )
2266	0.16508   	 (-0.00000  )
2267	0.20527   	 (0.00000   )
2268	0.21906   	 (0.00000   )
2269	-0.15125  	 (-0.00000  )
2270	0.28888   	 (-0.00000  )
2271	-0.55701  	 (-0.00000  )
2272	-0.55394  	 (0.00000   )
2273	0.09849   	 (-0.00000  )
2274	1.65126   	 (0.00000   )
2275	1.64139   	 (0.00000   )
2276	1.66569   	 (-0.00000  )
2277	0.60670   	 (-0.00000  )
2278	0.14657   	 (0.00000   )
2279	0.72124   	 (0.00000   )
2280	0.71189   	 (-0.00000  )
2281	0.77511   	 (0.00000   )
2282	0.76350   	 (-0.00000  )
2283	0.34546   	 (-0.00000  )
2284	0.37752   	 (0.00000   )
2285	0.15399   	 (0.00000   )
2286	0.23975   	 (0.00000   )
2287	-0.04073  	 (-0.00000  )
2288	0.40401   	 (-0.00000  )
2289	0.73593   	 (0.00000   )
2290	1.74128   	 (0.00000   )
2291	1.73447   	 (-0.00000  )
2292	0.24568   	 (0.00000   )
2293	0.28244   	 (-0.00000  )
2294	0.50178   	 (-0.00000  )
2295	0.46919   	 (0.00000   )
2296	0.47780   	 (-0.00000  )
2297	0.12930   	 (0.00000   )
2298	0.50369   	 (0.00000   )
2299	0.50609   	 (0.00000   )
2300	0.53693   	 (0.00000   )
2301	0.21844   	 (-0.00000  )
2302	0.52949   	 (-0.00000  )
2303	0.55617   	 (-0.00000  )
2304	0.08227   	 (0.00000   )
2305	0.52121   	 (0.00000   )
2306	0.54555   	 (-0.00000  )
2307	0.54137   	 (-0.00000  )
2308	0.11779   	 (0.00000   )
2309	0.47395   	 (0.00000   )
2310	0.47432   	 (0.00000   )
2311	0.47916   	 (0.00000   )
2312	0.53705   	 (0.00000   )
2313	0.15942   	 (-0.00000  )
2314	0.15941   	 (0.00000   )
2315	0.15685   	 (0.00000   )
2316	0.75758   	 (0.00000   )
2317	-0.56426  	 (0.00000   )
2318	0.53230   	 (-0.00000  )
2319	-0.56068  	 (0.00000   )
2320	0.11214   	 (-0.00000  )
2321	0.11292   	 (-0.00000  )
2322	0.11628   	 (0.00000   )
2323	-0.16685  	 (0.00000   )
2324	0.47731   	 (0.00000   )
2325	0.51730   	 (0.00000   )
2326	0.63217   	 (-0.00000  )
2327	0.08597   	 (0.00000   )
2328	0.07031   	 (-0.00000  )
2329	0.76542   	 (-0.00000  )
2330	0.41205   	 (0.00000   )
2331	0.07564   	 (-0.00000  )
2332	0.08741   	 (-0.00000  )
2333	-0.13150  	 (-0.00000  )
2334	0.06866   	 (-0.00000  )
2335	-0.03647  	 (0.00000   )
2336	-0.06528  	 (0.00000   )
2337	0.15631   	 (0.00000   )
2338	0.13517   	 (0.00000   )
2339	0.10822   	 (0.00000   )
2340	-0.17883  	 (-0.00000  )
2341	-0.26825  	 (-0.00000  )
2342	0.26304   	 (-0.00000  )
2343	0.16084   	 (0.00000   )
2344	0.25287   	 (0.00000   )
2345	-0.43837  	 (0.00000   )
2346	0.12213   	 (0.00000   )
2347	0.05451   	 (0.00000   )
2348	-0.44248  	 (-0.00000  )
2349	0.14943   	 (0.00000   )
2350	-0.53344  	 (0.00000   )
2351	-0.73954  	 (-0.00000  )
2352	-0.90667  	 (0.00000   )
2353	-0.17515  	 (0.00000   )
2354	-0.16004  	 (0.00000   )
2355	-0.14870  	 (0.00000   )
2356	-0.92426  	 (0.00000   )
2357	0.71745   	 (0.00000   )
2358	0.71440   	 (0.00000   )
2359	0.74697   	 (0.00000   )
2360	-1.21116  	 (-0.00000  )
2361	-1.16978  	 (0.00000   )
2362	-1.11145  	 (-0.00000  )
2363	-0.17548  	 (-0.00000  )
2364	-0.28376  	 (0.00000   )
2365	-0.23964  	 (0.00000   )
2366	-0.20597  	 (0.00000   )
2367	-0.09776  	 (-0.00000  )
2368	-0.07126  	 (-0.00000  )
2369	0.22594   	 (0.00000   )
2370	0.21777   	 (0.00000   )
2371	0.16923   	 (-0.00000  )
2372	0.49893   	 (-0.00000  )
2373	0.50639   	 (0.00000   )
2374	-0.15639  	 (0.00000   )
2375	0.90472   	 (-0.00000  )
2376	0.79199   	 (0.00000   )
2377	0.66988   	 (0.00000   )
2378	-0.33405  	 (-0.00000  )
2379	-0.26981  	 (-0.00000  )
2380	0.47092   	 (0.00000   )
2381	0.22798   	 (0.00000   )
2382	0.18893   	 (0.00000   )
2383	0.15845   	 (-0.00000  )
2384	-0.57889  	 (-0.00000  )
2385	-0.68055  	 (-0.00000  )
2386	-0.68257  	 (0.00000   )
2387	-0.67859  	 (-0.00000  )
2388	-0.13239  	 (-0.00000  )
2389	0.12680   	 (-0.00000  )
2390	0.13669   	 (0.00000   )
2391	0.16049   	 (0.00000   )
2392	-0.11397  	 (-0.00000  )
2393	-0.10320  	 (-0.00000  )
2394	2.71079   	 (-0.00000  )
2395	2.33777   	 (-0.00000  )
2396	2.11395   	 (-0.00000  )
2397	-0.11326  	 (-0.00000  )
2398	-0.13723  	 (-0.00000  )
2399	-1.27124  	 (-0.00000  )
2400	-1.43704  	 (-0.00000  )
2401	-1.64400  	 (-0.00000  )
2402	2.63808   	 (-0.00000  )
2403	2.58940   	 (-0.00000  )
2404	1.52775   	 (-0.00000  )
2405	-0.57804  	 (-0.00000  )
2406	1.62681   	 (-0.00000  )
2407	-0.41655  	 (-0.00000  )
2408	-0.13077  	 (0.00000   )
2409	-0.12161  	 (-0.00000  )
2410	-1.98001  	 (-0.00000  )
2411	-2.12429  	 (-0.00000  )
2412	-2.06760  	 (-0.00000  )
2413	0.42050   	 (-0.00000  )
2414	2.47097   	 (-0.00000  )
2415	0.24207   	 (0.00000   )
2416	0.06121   	 (-0.00000  )
2417	0.13487   	 (0.00000   )
2418	2.59756   	 (-0.00000  )
2419	-0.22209  	 (-0.00000  )
2420	-0.07627  	 (0.00000   )
2421	-0.21269  	 (-0.00000  )
2422	0.14482   	 (-0.00000  )
2423	-0.30480  	 (-0.00000  )
2424	-0.02237  	 (0.00000   )
2425	-0.22561  	 (0.00000   )
2426	-0.20266  	 (-0.00000  )
2427	-0.19034  	 (0.00000   )
2428	-0.27479  	 (0.00000   )
2429	-0.31092  	 (-0.00000  )
2430	-0.23229  	 (-0.00000  )
2431	-0.21416  	 (0.00000   )
2432	0.00682   	 (-0.00000  )
2433	-0.32115  	 (-0.00000  )
2434	-0.48066  	 (0.00000   )
2435	-0.58313  	 (0.00000   )
2436	-0.03813  	 (0.00000   )
2437	-0.44969  	 (0.00000   )
2438	-0.57982  	 (0.00000   )
2439	-0.58181  	 (0.00000   )
2440	-0.63503  	 (0.00000   )
2441	-0.61437  	 (0.00000   )
2442	-0.26823  	 (-0.00000  )
2443	-0.07027  	 (0.00000   )
2444	0.62343   	 (0.00000   )
2445	1.92564   	 (-0.00000  )
2446	-0.01532  	 (0.00000   )
2447	0.23294   	 (0.00000   )
2448	0.18493   	 (-0.00000  )
2449	0.22426   	 (-0.00000  )
2450	0.17405   	 (0.00000   )
2451	1.60756   	 (0.00000   )
2452	0.26018   	 (-0.00000  )
2453	0.01118   	 (0.00000   )
2454	1.23856   	 (-0.00000  )
2455	1.83510   	 (-0.00000  )
2456	-1.17774  	 (0.00000   )
2457	2.31396   	 (-0.00000  )
2458	0.15505   	 (0.00000   )
2459	1.69357   	 (-0.00000  )
2460	1.51542   	 (0.00000   )
2461	1.50126   	 (0.00000   )
2462	-0.14221  	 (0.00000   )
2463	0.77997   	 (0.00000   )
2464	0.27142   	 (0.00000   )
2465	-0.28368  	 (-0.00000  )
2466	0.28218   	 (0.00000   )
2467	0.14031   	 (-0.00000  )
2468	0.25252   	 (0.00000   )
2469	0.40942   	 (0.00000   )
2470	0.58992   	 (-0.00000  )
2471	0.60207   	 (-0.00000  )
2472	0.36522   	 (-0.00000  )
2473	0.45912   	 (0.00000   )
2474	0.60272   	 (0.00000   )
2475	0.02186   	 (0.00000   )
2476	0.85288   	 (0.00000   )
2477	1.92421   	 (-0.00000  )
2478	1.16957   	 (0.00000   )
2479	-0.19073  	 (-0.00000  )
2480	0.41863   	 (-0.00000  )
2481	0.43224   	 (-0.00000  )
2482	-0.34900  	 (0.00000   )
2483	0.28805   	 (-0.00000  )
2484	-0.73028  	 (0.00000   )
2485	-0.25016  	 (0.00000   )
2486	-0.04839  	 (-0.00000  )
2487	-0.72054  	 (0.00000   )
2488	-0.74488  	 (0.00000   )
2489	0.08520   	 (0.00000   )
2490	0.28140   	 (0.00000   )
2491	0.17930   	 (-0.00000  )
2492	0.15853   	 (0.00000   )
2493	0.36131   	 (-0.00000  )
2494	0.06302   	 (-0.00000  )
2495	0.09146   	 (-0.00000  )
2496	-0.37444  	 (-0.00000  )
2497	-0.57270  	 (0.00000   )
2498	-0.28745  	 (-0.00000  )
2499	-0.07638  	 (-0.00000  )
2500	-0.11556  	 (0.00000   )
2501	0.39525   	 (-0.00000  )
2502	0.41324   	 (0.00000   )
2503	0.26133   	 (-0.00000  )
2504	0.11881   	 (-0.00000  )
2505	0.45724   	 (-0.00000  )
2506	0.47585   	 (-0.00000  )
2507	0.58133   	 (0.00000   )
2508	0.48071   	 (0.00000   )
2509	0.83585   	 (-0.00000  )
2510	0.78662   	 (-0.00000  )
2511	0.43875   	 (0.00000   )
2512	-1.39206  	 (0.00000   )
2513	-1.39552  	 (0.00000   )
2514	0.50291   	 (0.00000   )
2515	-1.13757  	 (-0.00000  )
2516	-1.21199  	 (0.00000   )
2517	0.63720   	 (0.00000   )
2518	-1.16229  	 (-0.00000  )
2519	1.18307   	 (-0.00000  )
2520	-1.62855  	 (-0.00000  )
2521	-1.62670  	 (0.00000   )
2522	-1.61984  	 (0.00000   )
2523	-1.68087  	 (0.00000   )
2524	-1.66363  	 (0.00000   )
2525	-1.73169  	 (-0.00000  )
2526	1.27809   	 (0.00000   )
2527	0.98786   	 (0.00000   )
2528	1.24493   	 (0.00000   )
2529	-0.63760  	 (-0.00000  )
2530	1.06209   	 (-0.00000  )
2531	-0.61782  	 (0.00000   )
2532	0.85890   	 (-0.00000  )
2533	-0.53117  	 (-0.00000  )
2534	-0.47438  	 (0.00000   )
2535	1.25182   	 (0.00000   )
2536	0.65171   	 (-0.00000  )
2537	0.98942   	 (-0.00000  )
2538	1.11659   	 (-0.00000  )
2539	0.66957   	 (0.00000   )
2540	1.05486   	 (-0.00000  )
2541	0.65121   	 (0.00000   )
2542	0.61650   	 (0.00000   )
2543	1.45116   	 (0.00000   )
2544	1.39326   	 (-0.00000  )
2545	1.00206   	 (0.00000   )
2546	0.79740   	 (-0.00000  )
2547	0.21982   	 (0.00000   )
2548	0.31663   	 (-0.00000  )
2549	0.67916   	 (0.00000   )
2550	0.93501   	 (0.00000   )
2551	0.87530   	 (0.00000   )
2552	0.82796   	 (-0.00000  )
2553	0.84749   	 (0.00000   )
2554	0.65138   	 (-0.00000  )
2555	0.28502   	 (0.00000   )
2556	0.31589   	 (0.00000   )
2557	0.46550   	 (-0.00000  )
2558	0.63495   	 (0.00000   )
2559	1.27902   	 (0.00000   )
2560	1.00584   	 (-0.00000  )
2561	0.77308   	 (0.00000   )
2562	1.67146   	 (-0.00000  )
2563	-0.04245  	 (-0.00000  )
2564	-0.07327  	 (0.00000   )
2565	0.80391   	 (-0.00000  )
2566	0.79941   	 (-0.00000  )
2567	0.80562   	 (-0.00000  )
2568	-0.40452  	 (-0.00000  )
2569	-0.10702  	 (0.00000   )
2570	-0.08384  	 (0.00000   )
2571	-0.22613  	 (-0.00000  )
2572	1.25749   	 (-0.00000  )
2573	-0.48634  	 (0.00000   )
2574	-0.69236  	 (0.00000   )
2575	-0.85363  	 (-0.00000  )
2576	0.03842   	 (-0.00000  )
2577	0.16241   	 (0.00000   )
2578	1.03634   	 (-0.00000  )
2579	-0.18807  	 (-0.00000  )
2580	-0.22017  	 (-0.00000  )
2581	-0.17596  	 (-0.00000  )
2582	0.77576   	 (0.00000   )
2583	0.44898   	 (-0.00000  )
2584	-0.00340  	 (0.00000   )
2585	-0.04548  	 (-0.00000  )
2586	-0.04460  	 (0.00000   )
2587	-0.19097  	 (0.00000   )
2588	0.42277   	 (-0.00000  )
2589	0.43023   	 (-0.00000  )
2590	-0.76998  	 (0.00000   )
2591	0.38291   	 (-0.00000  )
2592	-0.20888  	 (-0.00000  )
2593	-0.16136  	 (0.00000   )
2594	-0.21510  	 (0.00000   )
2595	-0.02911  	 (-0.00000  )
2596	-0.26941  	 (0.00000   )
2597	-0.16585  	 (-0.00000  )
2598	-0.07725  	 (0.00000   )
2599	0.01787   	 (-0.00000  )
2600	-0.07027  	 (-0.00000  )
2601	-0.06401  	 (-0.00000  )
2602	-0.05237  	 (-0.00000  )
2603	-0.08598  	 (-0.00000  )
2604	0.02159   	 (-0.00000  )
2605	0.03951   	 (-0.00000  )
2606	0.02800   	 (0.00000   )
2607	-0.15589  	 (0.00000   )
2608	0.14928   	 (-0.00000  )
2609	-0.21872  	 (-0.00000  )
2610	0.06727   	 (0.00000   )
2611	-0.06713  	 (-0.00000  )
2612	-0.05077  	 (-0.00000  )
2613	-0.11360  	 (-0.00000  )
2614	0.02288   	 (-0.00000  )
2615	-0.33806  	 (-0.00000  )
2616	0.09627   	 (-0.00000  )
2617	0.10707   	 (-0.00000  )
2618	-0.04591  	 (-0.00000  )
2619	0.04106   	 (-0.00000  )
2620	-0.31199  	 (0.00000   )
2621	-0.30929  	 (-0.00000  )
2622	0.05371   	 (0.00000   )
2623	0.01405   	 (0.00000   )
2624	0.00889   	 (-0.00000  )
2625	1.13395   	 (-0.00000  )
2626	-0.30132  	 (-0.00000  )
2627	-0.32304  	 (0.00000   )
2628	1.46726   	 (-0.00000  )
2629	-0.88031  	 (-0.00000  )
2630	-0.87877  	 (-0.00000  )
2631	-0.85982  	 (-0.00000  )
2632	-0.79384  	 (0.00000   )
2633	-0.81700  	 (0.00000   )
2634	-0.81712  	 (0.00000   )
2635	1.23428   	 (-0.00000  )
2636	1.13753   	 (0.00000   )
2637	1.74839   	 (-0.00000  )
2638	1.64463   	 (-0.00000  )
2639	1.57129   	 (-0.00000  )
2640	1.67862   	 (0.00000   )
2641	0.22099   	 (0.00000   )
2642	0.21961   	 (0.00000   )
2643	0.23278   	 (-0.00000  )
2644	-0.70163  	 (0.00000   )
2645	1.87674   	 (-0.00000  )
2646	1.96642   	 (-0.00000  )
2647	-0.12447  	 (0.00000   )
2648	-0.08735  	 (-0.00000  )
2649	0.01974   	 (0.00000   )
2650	-0.14051  	 (-0.00000  )
2651	1.73496   	 (-0.00000  )
2652	-0.18514  	 (-0.00000  )
2653	1.91326   	 (-0.00000  )
2654	-0.27208  	 (-0.00000  )
2655	1.21473   	 (-0.00000  )
2656	1.20573   	 (-0.00000  )
2657	0.04579   	 (0.00000   )
2658	0.08255   	 (-0.00000  )
2659	1.21735   	 (-0.00000  )
2660	1.14448   	 (0.00000   )
2661	0.82362   	 (-0.00000  )
2662	1.13775   	 (0.00000   )
2663	-0.84924  	 (-0.00000  )
2664	-0.84035  	 (0.00000   )
2665	-0.89195  	 (-0.00000  )
2666	1.14823   	 (-0.00000  )
2667	0.87594   	 (0.00000   )
2668	0.89452   	 (0.00000   )
2669	-1.28126  	 (-0.00000  )
2670	-1.33265  	 (-0.00000  )
2671	-1.48268  	 (-0.00000  )
2672	-1.18066  	 (-0.00000  )
2673	-0.86010  	 (-0.00000  )
2674	-0.87200  	 (-0.00000  )
2675	-0.69477  	 (-0.00000  )
2676	0.79780   	 (0.00000   )
2677	1.72454   	 (0.00000   )
2678	1.79198   	 (0.00000   )
2679	0.45739   	 (0.00000   )
2680	0.37260   	 (-0.00000  )
2681	0.15968   	 (0.00000   )
2682	1.83645   	 (0.00000   )
2683	-0.37603  	 (-0.00000  )
2684	-0.40162  	 (-0.00000  )
2685	2.14411   	 (-0.00000  )
2686	2.18235   	 (0.00000   )
2687	0.22330   	 (-0.00000  )
2688	2.53050   	 (0.00000   )
2689	0.08952   	 (0.00000   )
2690	0.34968   	 (-0.00000  )
2691	0.86821   	 (0.00000   )
2692	1.43402   	 (-0.00000  )
2693	1.49709   	 (0.00000   )
2694	1.74084   	 (-0.00000  )
2695	1.55109   	 (-0.00000  )
2696	0.14925   	 (0.00000   )
2697	1.48120   	 (-0.00000  )
2698	0.17755   	 (0.00000   )
2699	0.18863   	 (0.00000   )
2700	1.31037   	 (-0.00000  )
2701	1.25674   	 (0.00000   )
2702	1.20911   	 (-0.00000  )
2703	0.12739   	 (0.00000   )
2704	0.10814   	 (-0.00000  )
2705	0.92058   	 (-0.00000  )
2706	0.38153   	 (0.00000   )
2707	1.20595   	 (0.00000   )
2708	1.09784   	 (-0.00000  )
2709	0.46083   	 (0.00000   )
2710	0.12205   	 (-0.00000  )
2711	0.42424   	 (0.00000   )
2712	0.36787   	 (0.00000   )
2713	0.40689   	 (0.00000   )
2714	-0.14118  	 (0.00000   )
2715	-0.15503  	 (0.00000   )
2716	-0.15494  	 (0.00000   )
2717	0.62165   	 (-0.00000  )
2718	0.32830   	 (0.00000   )
2719	0.24379   	 (0.00000   )
2720	0.41896   	 (0.00000   )
2721	0.60315   	 (-0.00000  )
2722	0.72269   	 (0.00000   )
2723	0.50398   	 (0.00000   )
2724	-1.37288  	 (-0.00000  )
2725	-1.44398  	 (0.00000   )
2726	0.47785   	 (0.00000   )
2727	0.28952   	 (-0.00000  )
2728	-1.57342  	 (0.00000   )
2729	0.38709   	 (-0.00000  )
2730	0.24077   	 (-0.00000  )
2731	-0.16908  	 (0.00000   )
2732	0.19736   	 (0.00000   )
2733	0.15959   	 (0.00000   )
2734	0.07530   	 (-0.00000  )
2735	0.19938   	 (0.00000   )
2736	-0.10564  	 (-0.00000  )
2737	-0.22022  	 (-0.00000  )
2738	-0.09130  	 (0.00000   )
2739	-0.28235  	 (-0.00000  )
2740	-0.35536  	 (0.00000   )
2741	-0.35429  	 (-0.00000  )
2742	-0.18238  	 (-0.00000  )
2743	0.04397   	 (-0.00000  )
2744	0.10116   	 (0.00000   )
2745	-1.19045  	 (-0.00000  )
2746	-1.19018  	 (0.00000   )
2747	-0.22945  	 (0.00000   )
2748	-0.20745  	 (0.00000   )
2749	-0.21522  	 (-0.00000  )
2750	-0.39784  	 (0.00000   )
2751	-0.42806  	 (-0.00000  )
2752	-0.29256  	 (-0.00000  )
2753	-0.30562  	 (-0.00000  )
2754	-0.26928  	 (-0.00000  )
2755	-0.17835  	 (-0.00000  )
2756	0.08962   	 (0.00000   )
2757	0.07476   	 (0.00000   )
2758	-0.54639  	 (-0.00000  )
2759	-0.37597  	 (-0.00000  )
2760	-0.45869  	 (-0.00000  )
2761	-0.48112  	 (0.00000   )
2762	-0.49297  	 (-0.00000  )
2763	-0.48435  	 (0.00000   )
2764	-0.05902  	 (0.00000   )
2765	0.44492   	 (0.00000   )
2766	0.61627   	 (-0.00000  )
2767	0.72106   	 (-0.00000  )
2768	0.55128   	 (-0.00000  )
2769	0.54612   	 (-0.00000  )
2770	0.72558   	 (-0.00000  )
2771	0.96410   	 (0.00000   )
2772	0.92541   	 (0.00000   )
2773	0.61887   	 (0.00000   )
2774	0.77195   	 (0.00000   )
2775	0.87652   	 (0.00000   )
2776	0.84700   	 (-0.00000  )
2777	0.61785   	 (0.00000   )
2778	0.30427   	 (0.00000   )
2779	0.99288   	 (-0.00000  )
2780	0.89797   	 (0.00000   )
2781	0.73978   	 (0.00000   )
2782	0.69918   	 (-0.00000  )
2783	0.98298   	 (-0.00000  )
2784	1.19847   	 (-0.00000  )
2785	0.92583   	 (0.00000   )
2786	0.81693   	 (-0.00000  )
2787	0.92713   	 (-0.00000  )
2788	-0.55237  	 (0.00000   )
2789	-1.00036  	 (0.00000   )
2790	0.75527   	 (0.00000   )
2791	-0.72556  	 (0.00000   )
2792	0.86622   	 (0.00000   )
2793	-0.67654  	 (0.00000   )
2794	-0.66841  	 (-0.00000  )
2795	-0.49441  	 (-0.00000  )
2796	1.17638   	 (-0.00000  )
2797	-0.33468  	 (-0.00000  )
2798	0.78287   	 (0.00000   )
2799	0.82442   	 (0.00000   )
2800	-0.26528  	 (-0.00000  )
2801	-0.26365  	 (0.00000   )
2802	0.87582   	 (0.00000   )
2803	-0.43340  	 (-0.00000  )
2804	1.16509   	 (0.00000   )
2805	-0.66882  	 (-0.00000  )
2806	-0.31680  	 (0.00000   )
2807	1.01382   	 (0.00000   )
2808	0.91695   	 (-0.00000  )
2809	1.04007   	 (-0.00000  )
2810	0.80316   	 (0.00000   )
2811	0.95430   	 (0.00000   )
2812	1.30330   	 (0.00000   )
2813	1.24090   	 (0.00000   )
2814	0.99996   	 (0.00000   )
2815	0.76506   	 (-0.00000  )
2816	0.87089   	 (-0.00000  )
2817	1.02572   	 (0.00000   )
2818	0.89835   	 (-0.00000  )
2819	1.17068   	 (-0.00000  )
2820	1.02220   	 (-0.00000  )
2821	0.46741   	 (0.00000   )
2822	-0.21159  	 (-0.00000  )
2823	-0.51492  	 (0.00000   )
2824	-0.20479  	 (0.00000   )
2825	-0.32098  	 (0.00000   )
2826	-0.28899  	 (0.00000   )
2827	-0.20643  	 (0.00000   )
2828	-0.06456  	 (-0.00000  )
2829	0.02663   	 (0.00000   )
2830	0.04006   	 (-0.00000  )
2831	-0.29327  	 (0.00000   )
2832	-0.10572  	 (0.00000   )
2833	-0.17935  	 (-0.00000  )
2834	-0.28811  	 (-0.00000  )
2835	-1.14263  	 (-0.00000  )
2836	-0.19277  	 (0.00000   )
2837	-0.23779  	 (-0.00000  )
2838	-1.11431  	 (-0.00000  )
2839	-1.16283  	 (0.00000   )
2840	-0.13409  	 (-0.00000  )
2841	0.04960   	 (0.00000   )
2842	0.10783   	 (-0.00000  )
2843	0.09296   	 (0.00000   )
2844	0.89632   	 (-0.00000  )
2845	0.23973   	 (0.00000   )
2846	0.23190   	 (-0.00000  )
2847	0.90273   	 (-0.00000  )
2848	0.24017   	 (0.00000   )
2849	0.86199   	 (0.00000   )
2850	0.90284   	 (0.00000   )
2851	0.96580   	 (0.00000   )
2852	0.67170   	 (-0.00000  )
2853	-0.53165  	 (0.00000   )
2854	-0.73024  	 (0.00000   )
2855	-0.74586  	 (-0.00000  )
2856	-0.25110  	 (-0.00000  )
2857	-0.03776  	 (0.00000   )
2858	-0.46468  	 (0.00000   )
2859	-1.49018  	 (-0.00000  )
2860	-1.57081  	 (-0.00000  )
2861	-1.59162  	 (0.00000   )
2862	1.93853   	 (0.00000   )
2863	2.01070   	 (0.00000   )
2864	2.14997   	 (-0.00000  )
2865	1.91557   	 (-0.00000  )
2866	1.81194   	 (-0.00000  )
2867	1.89262   	 (0.00000   )
2868	-1.15626  	 (-0.00000  )
2869	-1.23628  	 (0.00000   )
2870	1.97834   	 (-0.00000  )
2871	1.90148   	 (0.00000   )
2872	1.82463   	 (-0.00000  )
2873	1.24684   	 (-0.00000  )
2874	-0.30604  	 (0.00000   )
2875	-0.27485  	 (0.00000   )
2876	1.19607   	 (0.00000   )
2877	-0.25576  	 (-0.00000  )
2878	1.24099   	 (-0.00000  )
2879	1.18395   	 (0.00000   )
2880	1.11782   	 (0.00000   )
2881	1.02252   	 (-0.00000  )
2882	1.17773   	 (0.00000   )
2883	0.82586   	 (0.00000   )
2884	0.87290   	 (-0.00000  )
2885	0.77439   	 (-0.00000  )
2886	0.46613   	 (-0.00000  )
2887	0.94158   	 (-0.00000  )
2888	0.83942   	 (-0.00000  )
2889	0.47217   	 (0.00000   )
2890	0.48323   	 (0.00000   )
2891	1.84876   	 (-0.00000  )
2892	2.10133   	 (-0.00000  )
2893	2.12190   	 (-0.00000  )
2894	0.52191   	 (0.00000   )
2895	0.03967   	 (0.00000   )
2896	-0.09064  	 (0.00000   )
2897	0.51348   	 (0.00000   )
2898	0.47950   	 (0.00000   )
2899	0.46419   	 (-0.00000  )
2900	0.53085   	 (0.00000   )
2901	0.56633   	 (0.00000   )
2902	0.66667   	 (0.00000   )
2903	0.53563   	 (0.00000   )
2904	0.43294   	 (0.00000   )
2905	0.54137   	 (-0.00000  )
2906	1.18088   	 (0.00000   )
2907	1.23627   	 (0.00000   )
2908	0.59841   	 (0.00000   )
2909	0.38516   	 (0.00000   )
2910	0.08169   	 (0.00000   )
2911	0.75352   	 (0.00000   )
2912	0.46259   	 (0.00000   )
2913	1.12626   	 (0.00000   )
2914	0.69187   	 (0.00000   )
2915	1.34709   	 (-0.00000  )
2916	1.35644   	 (-0.00000  )
2917	0.45382   	 (0.00000   )
2918	0.84682   	 (0.00000   )
2919	0.06233   	 (0.00000   )
2920	0.01213   	 (0.00000   )
2921	-0.01892  	 (-0.00000  )
2922	-0.05149  	 (-0.00000  )
2923	0.09549   	 (0.00000   )
2924	-0.15039  	 (0.00000   )
2925	-0.16660  	 (0.00000   )
2926	-0.05033  	 (-0.00000  )
2927	-0.18396  	 (-0.00000  )
2928	-0.33324  	 (-0.00000  )
2929	-0.11705  	 (0.00000   )
2930	-0.00476  	 (-0.00000  )
2931	-0.03750  	 (0.00000   )
2932	-0.09418  	 (0.00000   )
2933	-0.09860  	 (0.00000   )
2934	-0.73351  	 (-0.00000  )
2935	-0.34419  	 (0.00000   )
2936	-0.53778  	 (-0.00000  )
2937	-1.14085  	 (-0.00000  )
2938	-0.93949  	 (0.00000   )
2939	-0.52953  	 (-0.00000  )
2940	-0.97976  	 (0.00000   )
2941	-0.56956  	 (-0.00000  )
2942	-0.27696  	 (0.00000   )
2943	-0.45356  	 (0.00000   )
2944	-0.47599  	 (-0.00000  )
2945	-0.57284  	 (-0.00000  )
2946	-0.63448  	 (0.00000   )
2947	-0.68600  	 (-0.00000  )
2948	-0.72417  	 (-0.00000  )
2949	-0.16843  	 (0.00000   )
2950	-0.21055  	 (0.00000   )
2951	-0.18485  	 (0.00000   )
2952	-0.03657  	 (-0.00000  )
2953	0.31015   	 (-0.00000  )
2954	0.23061   	 (0.00000   )
2955	0.64998   	 (0.00000   )
2956	0.72756   	 (0.00000   )
2957	0.94245   	 (-0.00000  )
2958	0.50687   	 (0.00000   )
2959	0.62826   	 (-0.00000  )
2960	0.63426   	 (-0.00000  )
2961	0.65333   	 (0.00000   )
2962	0.51602   	 (-0.00000  )
2963	0.53873   	 (-0.00000  )
2964	0.44231   	 (-0.00000  )
2965	0.29921   	 (-0.00000  )
2966	0.46331   	 (-0.00000  )
2967	0.58314   	 (0.00000   )
2968	1.33254   	 (0.00000   )
2969	1.22228   	 (-0.00000  )
2970	1.41796   	 (-0.00000  )
2971	1.28153   	 (-0.00000  )
2972	1.20182   	 (0.00000   )
2973	1.05929   	 (0.00000   )
2974	0.94513   	 (-0.00000  )
2975	0.96538   	 (-0.00000  )
2976	0.56392   	 (0.00000   )
2977	0.53755   	 (0.00000   )
2978	0.56828   	 (0.00000   )
2979	0.97917   	 (-0.00000  )
2980	0.78284   	 (-0.00000  )
2981	1.01742   	 (-0.00000  )
2982	1.01925   	 (-0.00000  )
2983	0.70067   	 (-0.00000  )
2984	0.99556   	 (-0.00000  )
2985	0.09464   	 (-0.00000  )
2986	0.20340   	 (-0.00000  )
2987	0.59586   	 (0.00000   )
2988	0.10376   	 (0.00000   )
2989	1.05564   	 (-0.00000  )
2990	0.23547   	 (0.00000   )
2991	0.60534   	 (-0.00000  )
2992	0.56122   	 (0.00000   )
2993	0.45229   	 (-0.00000  )
2994	0.18456   	 (-0.00000  )
2995	0.50645   	 (-0.00000  )
2996	0.32633   	 (0.00000   )
2997	0.67072   	 (-0.00000  )
2998	0.62062   	 (0.00000   )
2999	0.62975   	 (-0.00000  )
3000	0.41946   	 (0.00000   )
3001	0.41477   	 (-0.00000  )
3002	-0.76589  	 (0.00000   )
3003	-0.71552  	 (0.00000   )
3004	-0.72352  	 (0.00000   )
3005	-1.84784  	 (-0.00000  )
3006	1.04505   	 (-0.00000  )
3007	1.00183   	 (-0.00000  )
3008	0.92112   	 (-0.00000  )
3009	1.03483   	 (-0.00000  )
3010	0.84657   	 (-0.00000  )
3011	0.58716   	 (0.00000   )
3012	-0.33061  	 (0.00000   )
3013	0.46713   	 (0.00000   )
3014	-0.60491  	 (-0.00000  )
3015	-0.83990  	 (0.00000   )
3016	0.37500   	 (0.00000   )
3017	0.86453   	 (-0.00000  )
3018	0.58264   	 (0.00000   )
3019	0.58778   	 (-0.00000  )
3020	0.10094   	 (0.00000   )
3021	0.68700   	 (0.00000   )
3022	0.80753   	 (0.00000   )
3023	0.40147   	 (0.00000   )
3024	0.48871   	 (-0.00000  )
3025	0.51459   	 (0.00000   )
3026	0.29973   	 (-0.00000  )
3027	0.39798   	 (-0.00000  )
3028	0.53179   	 (-0.00000  )
3029	0.33169   	 (0.00000   )
3030	0.31766   	 (-0.00000  )
3031	0.16155   	 (0.00000   )
3032	0.17072   	 (-0.00000  )
3033	-0.11563  	 (0.00000   )
3034	-0.42594  	 (-0.00000  )
3035	-1.24692  	 (-0.00000  )
3036	-1.49850  	 (-0.00000  )
3037	-1.49276  	 (0.00000   )
3038	-0.35071  	 (-0.00000  )
3039	-0.36784  	 (0.00000   )
3040	-1.02757  	 (-0.00000  )
3041	-0.54728  	 (0.00000   )
3042	-0.55052  	 (0.00000   )
3043	-0.70010  	 (0.00000   )
3044	-0.71347  	 (0.00000   )
3045	0.39197   	 (-0.00000  )
3046	0.43651   	 (-0.00000  )
3047	0.03655   	 (0.00000   )
3048	0.41996   	 (-0.00000  )
3049	0.52300   	 (0.00000   )
3050	0.67437   	 (0.00000   )
3051	0.52722   	 (0.00000   )
3052	0.45820   	 (0.00000   )
3053	0.49126   	 (-0.00000  )
3054	0.40159   	 (0.00000   )
3055	0.38379   	 (-0.00000  )
3056	0.20103   	 (0.00000   )
3057	1.14807   	 (-0.00000  )
3058	1.13268   	 (0.00000   )
3059	0.99071   	 (0.00000   )
