0	0.01834   	-0.00411  	-0.00251  	1682.32312	 (0.00000   )
1	0.00778   	0.03027   	-0.01880  	1712.14653	 (0.00000   )
2	-0.00615  	-0.00820  	0.01947   	1715.52854	 (0.00000   )
3	-0.01974  	-0.01789  	0.00313   	1711.10723	 (0.00000   )
4	0.00914   	-0.06659  	0.06512   	2159.88721	 (0.00000   )
5	0.04174   	-0.02644  	-0.03705  	2119.68755	 (0.00000   )
6	-0.04196  	0.08660   	-0.00503  	2128.38890	 (0.00000   )
7	0.03774   	-0.00030  	-0.02160  	2142.77446	 (0.00000   )
8	0.00823   	-0.00859  	0.00115   	2108.78073	 (-0.00000  )
9	-0.06961  	0.01514   	0.00255   	2170.88562	 (0.00000   )
10	0.02160   	-0.00440  	0.00586   	2094.08708	 (0.00000   )
11	0.05256   	0.02603   	-0.00172  	2130.85645	 (0.00000   )
12	-0.03093  	-0.02245  	0.00284   	2106.11109	 (0.00000   )
13	0.02053   	0.04611   	-0.02979  	2153.79406	 (0.00000   )
14	-0.03800  	-0.04831  	0.03322   	2151.93383	 (0.00000   )
15	0.01334   	-0.00912  	0.00218   	2115.79323	 (0.00000   )
16	-0.01492  	-0.02220  	0.11479   	2090.72794	 (-0.00000  )
17	-0.01178  	0.06430   	-0.12177  	2087.11250	 (0.00000   )
18	0.05405   	-0.01523  	-0.02171  	2086.43950	 (0.00000   )
19	-0.03885  	-0.01847  	0.01773   	2093.24593	 (0.00000   )
20	0.01323   	-0.00794  	-0.00730  	2059.72639	 (0.00000   )
21	0.05918   	0.07377   	-0.00324  	2060.41677	 (-0.00000  )
22	-0.07826  	-0.06766  	0.00628   	2079.38904	 (-0.00000  )
23	-0.00015  	-0.00360  	0.00377   	2056.22546	 (-0.00000  )
24	0.01502   	-0.01530  	0.01112   	2626.08062	 (0.00000   )
25	0.00032   	0.01646   	-0.01156  	2585.72108	 (0.00000   )
26	0.45173   	0.24949   	-0.05375  	2082.74831	 (0.00000   )
27	0.10499   	0.23159   	-0.26069  	2082.07290	 (0.00000   )
28	-0.35189  	-0.31207  	0.26121   	2089.95577	 (-0.00000  )
29	0.04320   	0.01491   	-0.00773  	2556.20880	 (-0.00000  )
30	-0.20685  	-0.17087  	0.05692   	2085.86149	 (-0.00000  )
31	-0.01865  	0.01327   	0.00607   	2546.16669	 (0.00000   )
32	0.00921   	-0.04940  	-0.00583  	2400.65792	 (0.00000   )
33	-0.04330  	0.00483   	0.00572   	2318.06367	 (0.00000   )
34	0.03722   	-0.03185  	-0.02882  	2571.90896	 (0.00000   )
35	0.05533   	0.07562   	0.03891   	2493.93633	 (-0.00000  )
36	0.00029   	0.03091   	-0.00884  	2406.20456	 (-0.00000  )
37	0.09187   	-0.00531  	0.00409   	2473.91348	 (0.00000   )
38	-0.04639  	0.05865   	0.00492   	2477.32898	 (-0.00000  )
39	-0.06488  	-0.08214  	0.00785   	2398.42177	 (-0.00000  )
40	-0.04794  	0.00530   	0.00230   	2404.06729	 (0.00000   )
41	-0.02284  	-0.00243  	-0.00726  	2347.37612	 (-0.00000  )
42	-0.00761  	0.01147   	0.00420   	2568.91212	 (-0.00000  )
43	-0.01213  	-0.01402  	0.00039   	2332.50595	 (0.00000   )
44	-0.00612  	-0.00154  	0.00003   	2498.05509	 (-0.00000  )
45	-0.01174  	-0.02294  	0.00407   	2530.87227	 (0.00000   )
46	0.01851   	0.01035   	0.02358   	2532.84846	 (-0.00000  )
47	-0.01343  	0.00914   	-0.02253  	2513.44110	 (-0.00000  )
48	0.06296   	0.04943   	-0.05385  	2382.32666	 (0.00000   )
49	0.03042   	0.02709   	0.32413   	2471.82782	 (0.00000   )
50	0.02573   	-0.04135  	-0.32526  	2454.37663	 (-0.00000  )
51	0.01626   	0.01876   	-0.06383  	2478.90765	 (0.00000   )
52	-0.08084  	-0.03927  	0.06652   	2481.39203	 (0.00000   )
53	0.03897   	-0.08239  	0.12686   	2460.23096	 (0.00000   )
54	-0.05530  	0.11590   	-0.09672  	2457.73032	 (-0.00000  )
55	-0.08889  	0.02943   	-0.42648  	2456.05655	 (0.00000   )
56	0.00391   	-0.10415  	0.37071   	2430.77354	 (0.00000   )
57	0.00194   	-0.03306  	0.09868   	2400.60135	 (0.00000   )
58	0.12655   	0.20054   	-0.08110  	2342.35145	 (0.00000   )
59	-0.08459  	-0.10842  	0.08929   	2314.64114	 (0.00000   )
60	0.12885   	-0.04847  	-0.00046  	2310.29163	 (0.00000   )
61	-0.02626  	0.08325   	-0.08002  	2344.86931	 (-0.00000  )
62	0.03639   	0.00514   	0.02898   	2362.57267	 (0.00000   )
63	-0.07175  	-0.03292  	-0.01792  	2343.86511	 (-0.00000  )
64	0.16294   	0.09417   	0.02880   	2420.22204	 (0.00000   )
65	-0.07941  	-0.16124  	0.05740   	2434.54151	 (0.00000   )
66	-0.09131  	0.10943   	-0.05663  	2389.08725	 (-0.00000  )
67	0.15046   	0.05855   	-0.03610  	2367.80363	 (-0.00000  )
68	-0.15174  	-0.10740  	0.06207   	2285.07154	 (0.00000   )
69	-0.26369  	-0.25178  	0.02873   	2429.86981	 (0.00000   )
70	0.30782   	0.29179   	-0.02200  	2326.54524	 (-0.00000  )
71	-0.03757  	-0.02270  	-0.02985  	2389.30992	 (-0.00000  )
72	-0.01088  	0.00133   	0.02384   	2398.83656	 (-0.00000  )
73	0.03104   	0.00367   	0.00647   	2784.70958	 (-0.00000  )
74	-0.00297  	0.00898   	-0.03644  	2395.41810	 (0.00000   )
75	0.08036   	-0.07232  	0.03525   	2471.87317	 (0.00000   )
76	-0.00202  	0.10153   	-0.03201  	2450.82210	 (-0.00000  )
77	-0.36905  	0.37232   	-0.02172  	2471.36671	 (-0.00000  )
78	0.36021   	-0.37264  	0.01349   	2455.86108	 (0.00000   )
79	-0.27521  	0.19012   	0.03609   	2392.56900	 (-0.00000  )
80	0.16216   	-0.26796  	-0.02224  	2358.26889	 (0.00000   )
81	0.01328   	-0.00255  	-0.00975  	2757.64064	 (0.00000   )
82	0.02766   	-0.00761  	0.08173   	2367.19789	 (0.00000   )
83	-0.01020  	-0.01232  	-0.08134  	2369.43645	 (0.00000   )
84	0.00536   	0.02066   	-0.02041  	2367.37805	 (-0.00000  )
85	-0.00163  	0.02884   	0.17502   	2307.49357	 (0.00000   )
86	0.00608   	0.01879   	-0.14417  	2294.56733	 (-0.00000  )
87	-0.00649  	0.01114   	-0.00644  	2382.21958	 (-0.00000  )
88	-0.01788  	0.00761   	-0.00437  	2913.64627	 (-0.00000  )
89	0.00246   	-0.01049  	0.00461   	2287.04208	 (0.00000   )
90	-0.02339  	0.01924   	0.00229   	2365.87621	 (-0.00000  )
91	-0.03051  	0.00016   	0.00044   	2336.19912	 (0.00000   )
92	0.02932   	0.03100   	0.00553   	2428.52143	 (0.00000   )
93	-0.03577  	-0.03973  	0.00603   	2375.35584	 (0.00000   )
94	0.24434   	-0.27558  	0.09546   	2331.46495	 (-0.00000  )
95	-0.19308  	0.20495   	0.41505   	2284.09621	 (-0.00000  )
96	-0.18246  	0.17411   	-0.24743  	2313.59881	 (-0.00000  )
97	0.20283   	-0.15179  	-0.26756  	2298.77402	 (0.00000   )
98	-0.01530  	-0.03493  	-0.00446  	2361.28600	 (0.00000   )
99	0.03558   	0.00580   	-0.02030  	2717.88728	 (-0.00000  )
100	0.00146   	-0.00220  	-0.00536  	2750.63731	 (0.00000   )
101	0.01948   	0.04872   	0.02084   	2708.79605	 (0.00000   )
102	-0.00854  	-0.02201  	0.00582   	2796.54531	 (-0.00000  )
103	-0.09330  	-0.07811  	-0.00243  	2755.80934	 (-0.00000  )
104	0.07658   	0.08198   	-0.00422  	2834.84306	 (0.00000   )
105	0.08512   	0.09245   	0.00320   	2894.41885	 (-0.00000  )
106	-0.09379  	-0.10979  	0.00575   	2800.08226	 (-0.00000  )
107	0.01843   	0.01082   	-0.07286  	2433.45362	 (0.00000   )
108	0.02225   	0.01241   	-0.00992  	2426.04691	 (0.00000   )
109	0.02838   	0.00880   	0.07104   	2432.14491	 (0.00000   )
110	0.22657   	0.04462   	-0.01535  	2700.12898	 (0.00000   )
111	0.01525   	0.02078   	0.00744   	2430.61226	 (0.00000   )
112	0.00361   	-0.01340  	0.00503   	2738.22802	 (0.00000   )
113	-0.09125  	0.11096   	0.00610   	2622.82375	 (-0.00000  )
114	0.02692   	-0.06564  	-0.18910  	2405.83397	 (0.00000   )
115	0.25307   	0.30023   	0.04264   	2401.37495	 (-0.00000  )
116	-0.34116  	-0.30351  	-0.03322  	2406.27445	 (0.00000   )
117	-0.02369  	-0.01606  	0.18318   	2400.92083	 (0.00000   )
118	0.05704   	-0.16959  	-0.00649  	2533.12092	 (-0.00000  )
119	0.12013   	0.36792   	0.01839   	2666.03913	 (-0.00000  )
120	-0.04565  	-0.08675  	0.01692   	2536.45087	 (0.00000   )
121	0.23228   	0.29659   	0.02193   	2468.30377	 (-0.00000  )
122	0.04647   	-0.09980  	0.10482   	2319.01605	 (0.00000   )
123	-0.20660  	-0.12618  	0.02509   	2445.36933	 (0.00000   )
124	-0.11569  	0.40287   	-0.50732  	2314.25711	 (0.00000   )
125	-0.18125  	0.30170   	0.52455   	2310.12009	 (-0.00000  )
126	-0.01051  	-0.01325  	-0.01077  	2585.81409	 (0.00000   )
127	0.02475   	-0.01145  	-0.03860  	2419.73706	 (-0.00000  )
128	0.24283   	-0.58521  	-0.11215  	2266.40216	 (-0.00000  )
129	-0.16457  	-0.18034  	0.02203   	2698.08244	 (0.00000   )
130	-0.13442  	-0.12385  	0.05114   	2451.25375	 (0.00000   )
131	0.04914   	0.07215   	-0.00262  	2702.94405	 (-0.00000  )
132	-0.03058  	-0.03177  	0.02944   	2426.48968	 (-0.00000  )
133	-0.02058  	-0.03813  	-0.10444  	2419.32124	 (0.00000   )
134	-0.06829  	0.07351   	-0.03602  	2720.95472	 (-0.00000  )
135	-0.00484  	0.00425   	-0.00679  	2713.22957	 (-0.00000  )
136	0.08466   	-0.21458  	0.34783   	2192.40906	 (-0.00000  )
137	-0.04806  	0.21873   	-0.34349  	2193.09623	 (0.00000   )
138	-0.23211  	0.05651   	-0.15874  	2194.37537	 (-0.00000  )
139	0.21375   	-0.07905  	0.15587   	2194.83425	 (0.00000   )
140	-0.20140  	-0.26413  	0.15438   	2739.50639	 (0.00000   )
141	0.51311   	-0.08990  	-0.00420  	2714.83587	 (-0.00000  )
142	-0.30130  	0.32804   	-0.14389  	2707.32332	 (0.00000   )
143	-0.05777  	-0.06530  	-0.01492  	2755.61227	 (-0.00000  )
144	0.14082   	0.01132   	0.01347   	2731.40127	 (-0.00000  )
145	-0.07979  	-0.02867  	0.35562   	2739.11317	 (0.00000   )
146	-0.12740  	0.10095   	-0.38886  	2704.77597	 (0.00000   )
147	0.09489   	-0.10290  	0.27484   	2723.29231	 (0.00000   )
148	-0.06799  	-0.06276  	-0.16074  	2723.36888	 (0.00000   )
149	-0.28702  	-0.14570  	0.07616   	2718.18149	 (0.00000   )
150	0.09698   	0.42600   	0.56597   	2724.17225	 (0.00000   )
151	0.07676   	-0.17549  	-0.30578  	2721.70422	 (-0.00000  )
152	0.19959   	-0.21804  	-0.03222  	2707.11194	 (0.00000   )
153	0.07520   	-0.10009  	0.04452   	2707.20593	 (-0.00000  )
154	0.01644   	-0.05580  	-0.29014  	2705.90104	 (-0.00000  )
155	-0.08309  	-0.28134  	0.20505   	2739.67658	 (0.00000   )
156	0.05219   	0.26535   	-0.05775  	2801.56510	 (-0.00000  )
157	-0.03041  	0.35126   	-0.22708  	2726.64810	 (-0.00000  )
158	-0.13556  	0.23584   	0.05280   	2766.77773	 (0.00000   )
159	-0.05219  	0.21548   	-0.06476  	2793.07258	 (-0.00000  )
160	0.08934   	-0.42854  	0.06992   	2743.06143	 (-0.00000  )
161	0.29530   	-0.39336  	0.02032   	2726.98127	 (-0.00000  )
162	-0.91524  	0.70051   	-0.25293  	2756.50735	 (-0.00000  )
163	0.41247   	-0.64668  	-0.70638  	2720.21084	 (-0.00000  )
164	-0.01501  	-0.12514  	1.31094   	2710.03625	 (-0.00000  )
165	0.27978   	0.16534   	0.06613   	2712.04636	 (0.00000   )
166	-0.09957  	0.20716   	-0.27405  	2720.02629	 (-0.00000  )
167	0.39439   	0.19411   	0.26404   	2704.06556	 (0.00000   )
168	0.00939   	0.13113   	-0.35816  	2691.94555	 (0.00000   )
169	-0.55435  	0.47525   	0.07882   	2745.35863	 (0.00000   )
170	0.11122   	-0.28901  	0.34851   	2738.67490	 (0.00000   )
171	0.13038   	-0.35039  	-0.17256  	2727.08999	 (-0.00000  )
172	0.13248   	-0.05322  	-0.25737  	2692.64510	 (-0.00000  )
173	0.33259   	0.08047   	-0.33984  	2725.97953	 (0.00000   )
174	-0.24241  	0.31341   	0.41818   	2708.04767	 (-0.00000  )
175	0.10495   	0.23992   	-0.19314  	2692.27429	 (-0.00000  )
176	-0.55018  	-0.34795  	-0.13493  	2688.82686	 (0.00000   )
177	0.01552   	0.09844   	0.08411   	2841.91123	 (0.00000   )
178	0.22539   	-0.13062  	-0.24509  	2668.84061	 (-0.00000  )
179	0.09599   	0.09121   	0.20820   	2662.60087	 (0.00000   )
180	0.11128   	-0.09458  	0.01666   	2707.03230	 (-0.00000  )
181	0.00361   	0.21427   	-0.43794  	2765.71851	 (-0.00000  )
182	-0.05854  	0.17357   	0.54775   	2740.89314	 (0.00000   )
183	-0.15808  	0.12045   	-0.48664  	2586.77768	 (0.00000   )
184	-0.17867  	0.10367   	0.55430   	2584.80507	 (-0.00000  )
185	-0.21806  	-0.23319  	0.08393   	2621.45257	 (0.00000   )
186	0.09170   	0.28380   	-0.28079  	2555.98655	 (0.00000   )
187	0.23125   	0.33861   	0.26692   	2560.89692	 (-0.00000  )
188	-0.58386  	-0.60433  	-0.04898  	2569.65269	 (-0.00000  )
189	0.03142   	0.06153   	-0.00285  	2556.26491	 (-0.00000  )
190	0.05833   	-0.04191  	-0.00630  	2548.64273	 (0.00000   )
191	-0.12057  	0.00985   	-0.19458  	2534.61968	 (-0.00000  )
192	-0.04608  	-0.04696  	0.16662   	2523.27482	 (-0.00000  )
193	0.43779   	0.45144   	-0.15936  	2615.89093	 (0.00000   )
194	-0.10559  	-0.23054  	0.14994   	2628.80059	 (-0.00000  )
195	-0.31207  	-0.21544  	0.01219   	2637.74314	 (0.00000   )
196	0.53328   	-0.71961  	0.03878   	2513.61708	 (0.00000   )
197	-0.42862  	0.69449   	0.09971   	2500.48971	 (-0.00000  )
198	0.21774   	0.00786   	-0.21786  	2572.56224	 (-0.00000  )
199	0.36415   	-0.14268  	0.00312   	2597.37003	 (-0.00000  )
200	-0.28668  	0.01485   	-0.02358  	2451.17486	 (0.00000   )
201	-0.00998  	-0.00003  	-0.04239  	2446.72132	 (0.00000   )
202	0.17659   	-0.27286  	0.23162   	2518.73761	 (0.00000   )
203	-0.09761  	0.39662   	0.07162   	2548.40541	 (-0.00000  )
204	0.31791   	-0.17300  	-0.09754  	2512.04664	 (-0.00000  )
205	-0.18635  	-0.22136  	0.20708   	2686.88695	 (0.00000   )
206	0.43056   	0.35686   	-0.06987  	2505.02031	 (0.00000   )
207	0.01221   	-0.15365  	0.17280   	2586.41518	 (0.00000   )
208	-0.12197  	-0.16132  	-0.29134  	2586.67757	 (0.00000   )
209	0.09218   	0.25611   	0.00164   	2637.87000	 (-0.00000  )
210	-0.56378  	-0.45713  	0.04837   	2635.08881	 (0.00000   )
211	0.09076   	0.24874   	-0.03699  	2608.49328	 (0.00000   )
212	0.31987   	0.25849   	0.31148   	2609.44535	 (0.00000   )
213	-0.28737  	0.19685   	-0.11922  	2652.78000	 (-0.00000  )
214	-0.08088  	0.37668   	-0.06591  	2575.92335	 (-0.00000  )
215	0.25991   	0.05356   	-0.16238  	2571.06715	 (-0.00000  )
216	0.21869   	-0.08364  	-0.00184  	2606.49332	 (0.00000   )
217	0.14960   	-0.03109  	-0.02555  	2642.64983	 (-0.00000  )
218	0.10932   	0.08426   	-0.00360  	2914.36219	 (-0.00000  )
219	-0.24109  	-0.63093  	-0.00456  	2588.93687	 (0.00000   )
220	-0.26414  	0.12497   	-0.04590  	2602.33444	 (-0.00000  )
221	0.50058   	0.16123   	0.06609   	2594.77374	 (0.00000   )
222	0.21277   	0.26326   	-0.04648  	2601.10297	 (-0.00000  )
223	-0.02838  	-0.00359  	-0.03888  	2648.72543	 (0.00000   )
224	-0.34405  	-0.33355  	-0.22290  	2628.84376	 (0.00000   )
225	-0.54127  	-0.47504  	0.14411   	2583.22096	 (-0.00000  )
226	-0.09298  	-0.10990  	-0.01261  	3050.84251	 (-0.00000  )
227	-0.00205  	-0.00791  	0.01129   	2594.35363	 (-0.00000  )
228	0.05610   	0.09032   	-0.00756  	2654.89070	 (-0.00000  )
229	0.06310   	0.17734   	0.07848   	2594.19199	 (0.00000   )
230	-0.01989  	0.18291   	-0.06745  	2621.35820	 (0.00000   )
231	-0.20463  	-0.17684  	-0.00897  	2546.76811	 (0.00000   )
232	0.26408   	0.06167   	-0.19778  	2593.63459	 (0.00000   )
233	-0.11749  	-0.12509  	0.26465   	2606.59402	 (-0.00000  )
234	0.03865   	0.03405   	-0.41189  	2636.04209	 (0.00000   )
235	-0.03028  	-0.03123  	0.43628   	2652.11321	 (0.00000   )
236	-0.01867  	-0.00536  	-0.00466  	2917.04717	 (0.00000   )
237	0.01309   	-0.01124  	0.02986   	2553.53406	 (-0.00000  )
238	-0.02232  	-0.02765  	-0.04386  	2513.94733	 (-0.00000  )
239	0.03689   	0.06338   	0.00167   	3013.04738	 (-0.00000  )
240	0.02075   	-0.02005  	0.09333   	2623.48403	 (0.00000   )
241	-0.03171  	0.04020   	0.05646   	2606.01764	 (-0.00000  )
242	0.01106   	-0.01615  	-0.21619  	2600.42529	 (0.00000   )
243	-0.17195  	0.00795   	-0.00966  	2599.09390	 (0.00000   )
244	0.23483   	-0.20172  	0.63009   	2675.72534	 (-0.00000  )
245	0.18212   	-0.05804  	-0.50420  	2678.38972	 (0.00000   )
246	-0.09614  	-0.11685  	-0.28862  	2636.95630	 (-0.00000  )
247	-0.10641  	0.07484   	0.27774   	2686.12697	 (0.00000   )
248	-0.01168  	-0.00048  	-0.04951  	2632.34444	 (-0.00000  )
249	0.45806   	-0.51619  	0.00899   	2590.65022	 (-0.00000  )
250	-0.17289  	0.09735   	0.03267   	2735.84151	 (0.00000   )
251	-0.19062  	0.33932   	0.09216   	2682.46699	 (0.00000   )
252	-0.02668  	0.03247   	0.03574   	2575.47710	 (-0.00000  )
253	0.00658   	-0.04104  	0.00804   	2951.57224	 (0.00000   )
254	0.08342   	-0.10121  	0.03411   	2619.47707	 (0.00000   )
255	-0.24394  	0.22013   	0.05640   	2644.55272	 (-0.00000  )
256	-0.00661  	-0.01832  	-0.05537  	2637.90643	 (0.00000   )
257	-0.02746  	-0.17773  	0.07636   	2931.75716	 (0.00000   )
258	-0.18126  	0.00725   	-0.09156  	2944.98000	 (-0.00000  )
259	0.70123   	-0.63340  	-0.25026  	2710.99809	 (0.00000   )
260	-0.07342  	0.54903   	0.01463   	2680.25414	 (0.00000   )
261	-0.08714  	0.36563   	-0.23491  	2703.61166	 (-0.00000  )
262	-0.41333  	0.21656   	0.55799   	2702.62500	 (-0.00000  )
263	0.19177   	0.19975   	0.01123   	2922.20100	 (0.00000   )
264	0.57325   	-0.54984  	-0.16253  	2664.29175	 (0.00000   )
265	-0.36764  	0.33542   	-0.06475  	2723.16364	 (-0.00000  )
266	0.06331   	0.20285   	-0.04160  	2998.52792	 (0.00000   )
267	-0.11769  	0.06184   	0.27882   	2676.77518	 (0.00000   )
268	-0.35820  	0.85969   	0.14593   	2683.41752	 (0.00000   )
269	-0.07680  	-0.04355  	0.07472   	2637.57339	 (0.00000   )
270	-0.15347  	0.33215   	0.15147   	2660.47274	 (0.00000   )
271	0.09545   	0.07090   	0.01753   	2828.31748	 (0.00000   )
272	-0.35792  	-0.33506  	0.02551   	2654.30144	 (-0.00000  )
273	0.49775   	0.04766   	-0.33289  	2656.46859	 (-0.00000  )
274	0.12497   	-0.14249  	-0.02701  	2990.76148	 (0.00000   )
275	-0.04976  	0.00714   	0.57187   	2679.44663	 (0.00000   )
276	-0.11275  	0.19345   	-0.02741  	2991.91062	 (-0.00000  )
277	-0.27627  	0.27803   	-0.37603  	2667.93766	 (-0.00000  )
278	0.09320   	0.14336   	-0.19987  	2607.16471	 (0.00000   )
279	-0.03820  	0.18344   	0.01429   	2919.16579	 (-0.00000  )
280	0.65717   	0.48461   	-0.24711  	2609.86549	 (-0.00000  )
281	0.05079   	-0.17595  	0.01018   	2881.53977	 (0.00000   )
282	-0.08419  	-0.15403  	0.09457   	2852.82974	 (0.00000   )
283	-0.28842  	-0.22234  	0.08143   	2610.32108	 (-0.00000  )
284	-0.04257  	-0.02663  	-0.01775  	2801.57315	 (0.00000   )
285	-0.29276  	-0.20159  	-0.08244  	2672.20355	 (0.00000   )
286	0.40740   	0.13942   	0.14102   	2661.84494	 (-0.00000  )
287	-0.39508  	0.42429   	-0.01303  	2914.40086	 (-0.00000  )
288	0.46196   	-0.44466  	0.00701   	2893.07594	 (0.00000   )
289	-0.21437  	-0.04781  	0.14965   	2638.88878	 (-0.00000  )
290	-0.17896  	-0.03736  	0.08475   	2872.94322	 (0.00000   )
291	0.17524   	-0.15553  	0.21747   	2632.74309	 (0.00000   )
292	0.08389   	0.05901   	-0.07414  	2834.60032	 (0.00000   )
293	-0.34688  	-0.58229  	-0.03763  	2608.53337	 (-0.00000  )
294	-0.26936  	-0.62843  	-0.01460  	2522.99410	 (0.00000   )
295	0.44785   	0.33396   	-0.21158  	2565.12189	 (0.00000   )
296	0.19160   	0.17652   	0.15011   	2531.74923	 (0.00000   )
297	0.07553   	0.29773   	0.06246   	2540.09106	 (0.00000   )
298	-0.06851  	-0.11260  	-0.28904  	2542.16198	 (-0.00000  )
299	-0.29380  	-0.14701  	-0.13064  	2526.66581	 (0.00000   )
300	0.03104   	-0.34774  	0.26542   	2526.40538	 (-0.00000  )
301	0.14084   	0.06496   	0.06396   	2528.48956	 (0.00000   )
302	-0.00837  	0.36539   	-0.17402  	2536.14493	 (-0.00000  )
303	0.35992   	0.30902   	0.16222   	2528.78071	 (0.00000   )
304	0.20695   	-0.04507  	0.22157   	2548.21280	 (-0.00000  )
305	-0.15588  	0.12871   	-0.53487  	2595.56266	 (0.00000   )
306	0.37227   	-0.71600  	0.31637   	2589.74676	 (0.00000   )
307	-0.40518  	0.10403   	0.11566   	2589.64430	 (-0.00000  )
308	0.21665   	0.27333   	0.11700   	2594.68736	 (0.00000   )
309	0.00147   	-0.05046  	0.08159   	2549.65518	 (0.00000   )
310	0.35263   	-0.48145  	0.06484   	2784.77745	 (0.00000   )
311	-0.14412  	0.38770   	0.25580   	2769.12318	 (-0.00000  )
312	0.03078   	0.34876   	0.00259   	2566.23291	 (0.00000   )
313	-0.02667  	0.02095   	-0.09741  	2797.75526	 (0.00000   )
314	-0.37253  	0.26424   	-0.07048  	2563.78093	 (-0.00000  )
315	0.01031   	0.23823   	-0.11297  	2569.73130	 (-0.00000  )
316	0.39171   	-0.13502  	0.39470   	2535.12155	 (0.00000   )
317	0.14252   	-0.19351  	-0.01010  	3034.17947	 (0.00000   )
318	-0.50224  	0.58411   	0.81945   	2539.63242	 (-0.00000  )
319	0.18334   	0.39193   	-0.01344  	2823.95976	 (-0.00000  )
320	0.08029   	0.02607   	-0.98276  	2539.73791	 (0.00000   )
321	0.08038   	-0.13375  	0.16866   	2507.43977	 (-0.00000  )
322	-0.02615  	0.21776   	0.06444   	2504.29550	 (-0.00000  )
323	-0.06497  	-0.13179  	-0.08862  	2516.06223	 (0.00000   )
324	0.44080   	-0.59223  	-0.05331  	2901.99652	 (-0.00000  )
325	-0.08832  	0.00080   	-0.13502  	2503.42157	 (-0.00000  )
326	0.08503   	0.09648   	0.07968   	2780.89317	 (0.00000   )
327	-0.66994  	1.08171   	-0.02123  	2823.91562	 (0.00000   )
328	0.43195   	0.21310   	0.00361   	2763.11908	 (-0.00000  )
329	-0.64386  	-0.76818  	0.12333   	2746.93844	 (0.00000   )
330	0.62036   	0.40610   	-0.15210  	2833.31795	 (0.00000   )
331	-0.55240  	-0.58684  	0.26910   	2753.89883	 (0.00000   )
332	0.12581   	0.13107   	-0.40734  	2785.41703	 (-0.00000  )
333	0.11485   	0.24030   	-0.09879  	2768.97182	 (0.00000   )
334	-0.18858  	0.18695   	-0.01408  	2752.12626	 (0.00000   )
335	-0.30196  	0.11286   	0.25312   	2749.16950	 (0.00000   )
336	-0.24500  	-0.18670  	0.19582   	2741.35086	 (-0.00000  )
337	-0.06727  	-0.14685  	-0.82518  	2859.25031	 (-0.00000  )
338	-0.09316  	0.02491   	0.93540   	2893.54476	 (-0.00000  )
339	0.29746   	0.13419   	-0.87526  	2893.80188	 (-0.00000  )
340	0.14971   	0.09702   	-0.06220  	2885.41900	 (-0.00000  )
341	-0.20859  	-0.20057  	0.08207   	2924.43538	 (0.00000   )
342	-0.16489  	-0.04002  	1.31981   	2824.65094	 (0.00000   )
343	0.11994   	0.06548   	-1.20529  	2780.34648	 (-0.00000  )
344	0.04074   	-0.05559  	-0.09377  	2866.50587	 (0.00000   )
345	0.10990   	-0.23338  	0.36799   	2843.15961	 (-0.00000  )
346	0.52565   	0.83773   	0.28710   	2918.98028	 (-0.00000  )
347	-0.10030  	-0.12349  	0.40644   	2907.15594	 (0.00000   )
348	0.46321   	-0.16320  	-0.53359  	2894.64919	 (-0.00000  )
349	-0.88531  	-0.25188  	-0.34407  	2841.53599	 (0.00000   )
350	-0.48909  	0.56139   	-0.53098  	2531.57228	 (0.00000   )
351	0.15259   	0.42161   	0.54531   	2559.03348	 (0.00000   )
352	-0.12155  	0.03939   	-1.36069  	3002.70396	 (0.00000   )
353	-0.15969  	-0.06851  	1.23829   	2999.77845	 (0.00000   )
354	-0.02570  	-0.15263  	0.20802   	2940.98951	 (0.00000   )
355	0.30143   	-0.16723  	0.74058   	2528.39424	 (-0.00000  )
356	0.02050   	-0.81054  	-0.83396  	2530.39225	 (-0.00000  )
357	0.26176   	0.23852   	0.11638   	2956.26323	 (-0.00000  )
358	-0.00781  	0.01744   	0.04076   	2986.97812	 (0.00000   )
359	-0.04827  	0.01123   	0.06640   	3005.61452	 (0.00000   )
360	-0.11967  	-0.04477  	-0.26273  	3012.27878	 (0.00000   )
361	-0.07429  	-0.09099  	0.23981   	2968.54610	 (-0.00000  )
362	0.09000   	0.15199   	-0.02078  	2968.37259	 (-0.00000  )
363	-0.57294  	-0.53714  	0.06708   	2931.07742	 (-0.00000  )
364	0.20767   	0.04237   	0.12654   	2982.44162	 (0.00000   )
365	0.43377   	0.44782   	-0.05344  	2968.66310	 (-0.00000  )
366	0.46475   	0.38398   	0.01007   	2949.88929	 (-0.00000  )
367	-0.10410  	-0.14082  	-0.15495  	2886.57446	 (0.00000   )
368	-0.14552  	0.15863   	0.09066   	2844.66387	 (0.00000   )
369	0.01883   	0.08350   	0.02416   	2936.49558	 (-0.00000  )
370	0.09977   	-0.14292  	0.18303   	2894.71364	 (-0.00000  )
371	0.55757   	-0.27517  	0.13437   	2920.42053	 (0.00000   )
372	-0.30898  	0.17826   	-0.03648  	3042.63373	 (-0.00000  )
373	-0.16696  	-0.00091  	0.06690   	2956.85237	 (0.00000   )
374	-0.00447  	-0.37664  	0.15056   	2879.95421	 (-0.00000  )
375	0.10608   	0.04600   	-0.10755  	2945.66513	 (0.00000   )
376	-0.27002  	0.07104   	0.06591   	3010.91044	 (0.00000   )
377	0.28273   	0.54144   	0.55375   	2987.00652	 (-0.00000  )
378	0.11344   	0.13332   	-0.51730  	2982.87739	 (-0.00000  )
379	-0.37710  	-0.43765  	-0.40363  	2931.28865	 (0.00000   )
380	0.18122   	-0.01066  	0.05138   	2924.50420	 (-0.00000  )
381	0.14567   	-0.09535  	0.04719   	2872.25466	 (0.00000   )
382	-0.05083  	0.31040   	-0.02370  	2891.14477	 (0.00000   )
383	0.18264   	0.02666   	0.07367   	2804.99725	 (0.00000   )
384	0.18237   	-0.27802  	0.11394   	2940.23043	 (0.00000   )
385	-0.06220  	-0.02851  	0.00155   	2932.52323	 (0.00000   )
386	-0.02689  	-0.39209  	0.03852   	2873.05092	 (-0.00000  )
387	-0.00274  	-0.47467  	-0.17231  	2914.48663	 (0.00000   )
388	-0.08333  	-0.03824  	-0.27215  	2863.00413	 (-0.00000  )
389	0.05113   	-0.02147  	-0.04623  	2863.34709	 (-0.00000  )
390	-0.06801  	-0.25259  	-0.16135  	2843.79024	 (0.00000   )
391	-0.06248  	-0.34328  	-0.12794  	2787.04448	 (-0.00000  )
392	-0.51631  	-0.04938  	-0.21681  	2826.40671	 (-0.00000  )
393	0.05884   	0.28977   	-0.00554  	2822.64598	 (-0.00000  )
394	0.12863   	0.22648   	-0.07800  	2776.09229	 (0.00000   )
395	0.15101   	-0.17745  	0.48676   	2784.78378	 (0.00000   )
396	0.07861   	-0.05406  	0.11275   	2803.91420	 (0.00000   )
397	0.06625   	0.49359   	0.16127   	2882.82035	 (0.00000   )
398	-0.32902  	-0.07441  	-0.61608  	2884.00667	 (0.00000   )
399	0.02759   	0.02938   	0.23203   	2936.05147	 (-0.00000  )
400	-0.34139  	0.51142   	0.03901   	2878.69742	 (0.00000   )
401	0.34491   	-0.03446  	0.06859   	2846.97480	 (-0.00000  )
402	-0.88973  	-0.31766  	0.03221   	2871.60131	 (0.00000   )
403	0.31846   	0.26439   	-0.19276  	2931.73240	 (-0.00000  )
404	-0.14387  	-0.12019  	-0.16153  	2919.39403	 (-0.00000  )
405	0.02913   	0.44672   	0.19262   	2913.44206	 (-0.00000  )
406	0.20632   	0.31311   	-0.03424  	2941.36326	 (0.00000   )
407	0.65216   	0.49092   	0.33575   	2906.47339	 (-0.00000  )
408	-0.41556  	-0.17066  	0.02325   	2861.98911	 (0.00000   )
409	-0.21469  	0.13503   	-0.10117  	2889.81033	 (-0.00000  )
410	-0.37987  	0.07047   	-0.03188  	2924.01984	 (0.00000   )
411	-0.33738  	-0.31260  	0.09610   	2917.77329	 (0.00000   )
412	-0.03279  	-0.09616  	0.06961   	2883.93527	 (0.00000   )
413	-0.07301  	-0.29822  	-0.25751  	2923.69454	 (-0.00000  )
414	0.01890   	0.19228   	-0.11754  	2900.74473	 (0.00000   )
415	0.70726   	0.96157   	0.18081   	2794.70741	 (0.00000   )
416	0.16730   	-0.05452  	-0.02374  	2887.96388	 (-0.00000  )
417	0.14501   	0.13256   	0.21530   	2880.09753	 (0.00000   )
418	-0.39308  	-0.41153  	-0.10406  	2822.58301	 (0.00000   )
419	-0.22915  	-0.17244  	0.55964   	2832.05436	 (-0.00000  )
420	-0.12537  	0.07350   	-0.42939  	2802.85791	 (0.00000   )
421	-0.14631  	-0.34015  	0.00137   	2868.95451	 (0.00000   )
422	-0.01122  	-0.16175  	0.05986   	2806.45133	 (0.00000   )
423	0.01023   	0.00821   	-0.02782  	2785.37977	 (0.00000   )
424	0.09585   	0.07635   	-0.22558  	2887.42184	 (-0.00000  )
425	0.26789   	0.01391   	0.12130   	2897.96564	 (0.00000   )
426	-0.22593  	0.32112   	-0.02217  	2846.43914	 (0.00000   )
427	0.18834   	-0.06369  	-0.06398  	2747.44618	 (0.00000   )
428	-0.03360  	-0.16270  	-0.00544  	2813.89253	 (-0.00000  )
429	0.16816   	0.29092   	0.13625   	2749.26694	 (-0.00000  )
430	0.04254   	-0.15571  	0.14767   	2878.08222	 (0.00000   )
431	-0.11679  	-0.03016  	0.03628   	2848.89073	 (0.00000   )
432	-0.08351  	-0.27787  	0.00068   	2916.81347	 (0.00000   )
433	0.08651   	0.06042   	-0.13244  	2705.15044	 (-0.00000  )
434	-0.00590  	-0.12668  	0.57054   	2827.44557	 (0.00000   )
435	0.14270   	-0.13220  	-0.62215  	2804.22576	 (0.00000   )
436	-0.15065  	-0.01143  	0.02061   	2756.71970	 (-0.00000  )
437	-0.05111  	-0.11293  	0.04797   	2862.12584	 (0.00000   )
438	-0.19213  	-0.12224  	-0.06389  	2804.78216	 (-0.00000  )
439	0.04133   	0.11589   	0.06189   	2851.33039	 (-0.00000  )
440	-0.03611  	0.03863   	-0.10536  	2874.91186	 (0.00000   )
441	-0.05930  	0.18798   	-0.30559  	2946.94885	 (-0.00000  )
442	0.13130   	0.06505   	-0.06399  	2796.41525	 (-0.00000  )
443	-0.18082  	0.29172   	0.13673   	2822.01530	 (-0.00000  )
444	-0.06973  	-0.03521  	0.00410   	2726.51971	 (0.00000   )
445	0.03427   	0.05129   	0.39143   	2796.43185	 (-0.00000  )
446	-0.11814  	0.13300   	-0.01172  	2819.59231	 (0.00000   )
447	-0.54964  	-0.10495  	0.08645   	2805.76863	 (0.00000   )
448	0.03181   	0.56596   	-0.21182  	2854.54148	 (-0.00000  )
449	-0.14737  	-0.04625  	-0.23312  	2754.73294	 (0.00000   )
450	0.39382   	-0.29110  	0.33904   	2906.93773	 (-0.00000  )
451	0.10702   	0.22521   	-0.12341  	2758.35986	 (0.00000   )
452	-0.04116  	-0.06074  	0.64118   	2770.49432	 (0.00000   )
453	0.01886   	0.16186   	-0.49688  	2725.44180	 (-0.00000  )
454	0.01082   	0.01910   	0.02465   	2715.34322	 (0.00000   )
455	-0.03625  	0.05667   	-0.12457  	2782.42436	 (0.00000   )
456	0.05183   	-0.08260  	0.21120   	2800.67462	 (0.00000   )
457	-0.06613  	-0.03231  	-0.03565  	2751.93120	 (0.00000   )
458	-0.14400  	-0.27395  	-0.41551  	2861.20873	 (-0.00000  )
459	0.08263   	-0.08674  	0.47511   	2724.21300	 (-0.00000  )
460	-0.14716  	-0.28178  	0.09830   	2941.76826	 (-0.00000  )
461	0.36276   	0.03166   	0.13384   	2918.62989	 (-0.00000  )
462	-0.10393  	0.12410   	-0.18299  	2868.43446	 (0.00000   )
463	-0.36987  	0.08050   	-0.02733  	2841.90796	 (0.00000   )
464	0.16677   	0.01992   	0.11215   	2860.55666	 (-0.00000  )
465	-0.36035  	-0.19834  	-0.38179  	2945.25411	 (0.00000   )
466	0.06050   	0.35202   	0.54673   	2943.19982	 (0.00000   )
467	-0.36787  	0.37925   	0.02263   	2934.09631	 (-0.00000  )
468	0.32220   	-0.24009  	0.39249   	2949.81397	 (-0.00000  )
469	0.02829   	0.10834   	-0.80941  	2986.58636	 (-0.00000  )
470	0.72912   	-0.49275  	0.14580   	2924.05881	 (0.00000   )
471	-0.24592  	-0.20276  	0.26686   	2958.86798	 (0.00000   )
472	-0.00449  	-0.02023  	-0.07158  	2903.29615	 (0.00000   )
473	0.06270   	0.15921   	0.04195   	2913.54604	 (0.00000   )
474	-0.00275  	0.15485   	-0.14135  	2897.77995	 (-0.00000  )
475	0.04972   	0.13590   	-0.02671  	2947.43382	 (0.00000   )
476	0.41819   	0.17473   	-0.12902  	2957.03209	 (0.00000   )
477	0.32656   	-0.03290  	0.18289   	2905.78809	 (-0.00000  )
478	-0.20436  	-0.01394  	-0.09810  	2893.64851	 (0.00000   )
479	0.43947   	-0.03066  	0.05212   	2875.37808	 (-0.00000  )
480	0.02751   	-0.22664  	-0.22061  	2786.09315	 (0.00000   )
481	-0.09984  	-0.17506  	0.17042   	2853.61634	 (0.00000   )
482	-0.21683  	0.19547   	0.37439   	2827.65666	 (-0.00000  )
483	0.38466   	0.22326   	0.13932   	2847.16833	 (0.00000   )
484	-0.29297  	-0.08488  	-0.50480  	2849.54661	 (0.00000   )
485	-0.00588  	0.20919   	-0.00138  	2757.74043	 (0.00000   )
486	-0.21655  	-0.24384  	0.13145   	2813.73523	 (-0.00000  )
487	-0.10509  	0.06460   	-0.10787  	2870.10866	 (0.00000   )
488	0.17292   	0.07954   	-0.14744  	2924.57031	 (0.00000   )
489	-0.00101  	0.37206   	-0.08215  	2878.77222	 (-0.00000  )
490	0.08906   	0.18668   	0.02563   	2896.52830	 (-0.00000  )
491	0.38102   	-0.31356  	-0.02677  	2886.21141	 (0.00000   )
492	0.21727   	0.21376   	-0.19524  	2890.99354	 (0.00000   )
493	0.00516   	-0.33486  	-0.11071  	2875.76380	 (-0.00000  )
494	0.13364   	-0.30390  	-0.21187  	2895.72139	 (-0.00000  )
495	0.12409   	-0.15100  	-0.19359  	2922.14068	 (-0.00000  )
496	0.22445   	0.00972   	0.33525   	2886.10835	 (0.00000   )
497	0.06385   	0.15632   	0.32991   	2856.64902	 (-0.00000  )
498	0.02515   	0.10518   	0.06705   	2908.10068	 (0.00000   )
499	-0.06079  	-0.25228  	0.36705   	2828.50690	 (-0.00000  )
500	-0.32873  	0.21858   	0.50297   	2844.95966	 (0.00000   )
501	0.66541   	-0.00602  	0.64905   	2826.98017	 (-0.00000  )
502	0.33168   	0.51606   	-1.79696  	2838.76945	 (-0.00000  )
503	-0.24497  	0.12002   	0.64046   	2867.27967	 (-0.00000  )
504	-0.17672  	-0.06873  	-0.43379  	2890.97480	 (-0.00000  )
505	-0.02543  	-0.18322  	0.00451   	2886.84837	 (0.00000   )
506	-0.41314  	-0.49985  	0.16908   	2909.07561	 (-0.00000  )
507	0.09240   	0.11284   	0.03243   	3180.27539	 (-0.00000  )
508	-0.02196  	0.10054   	0.18106   	2957.82278	 (0.00000   )
509	0.18622   	0.51124   	-0.26973  	2861.88066	 (-0.00000  )
510	0.62253   	0.06562   	0.08244   	2855.82124	 (0.00000   )
511	0.08934   	-0.35026  	0.39379   	2874.12163	 (0.00000   )
512	0.34087   	-0.29976  	-0.13597  	2864.38137	 (0.00000   )
513	0.61148   	0.24526   	0.50206   	2859.98371	 (-0.00000  )
514	0.59016   	-0.07197  	-0.27870  	2869.79526	 (-0.00000  )
515	-0.19456  	-0.19502  	0.00181   	3106.53382	 (0.00000   )
516	-0.96915  	0.71586   	0.06802   	2870.57444	 (-0.00000  )
517	-0.40769  	-0.08927  	0.42375   	2854.11432	 (-0.00000  )
518	-0.25410  	-0.13060  	-0.26307  	2872.12781	 (0.00000   )
519	-1.39187  	0.48351   	0.08667   	2875.22730	 (-0.00000  )
520	-0.20226  	0.59218   	-0.05795  	2845.54096	 (-0.00000  )
521	0.01204   	1.10260   	-0.04423  	2847.48233	 (-0.00000  )
522	0.01308   	0.02683   	0.01169   	3086.19970	 (0.00000   )
523	-0.16236  	-0.06509  	0.15090   	2840.23427	 (0.00000   )
524	-0.44288  	0.14655   	0.19358   	2838.83423	 (0.00000   )
525	0.31004   	0.28618   	0.04870   	2844.97619	 (-0.00000  )
526	-0.70445  	-0.66252  	0.00305   	3231.27640	 (0.00000   )
527	0.65292   	0.65528   	0.09320   	3253.36710	 (-0.00000  )
528	0.39211   	0.22696   	0.24503   	2863.89335	 (0.00000   )
529	0.17058   	-0.13107  	0.08876   	2867.04606	 (0.00000   )
530	0.08537   	-0.50194  	0.00574   	2897.12479	 (0.00000   )
531	-0.06143  	-0.05927  	-0.16170  	3213.16300	 (0.00000   )
532	-0.19105  	0.66006   	0.03948   	2888.67736	 (0.00000   )
533	-0.81526  	-0.20921  	-0.00726  	2910.58803	 (-0.00000  )
534	-0.31404  	0.51855   	-0.30208  	2931.81342	 (-0.00000  )
535	-0.06608  	-0.44819  	0.06773   	2846.96692	 (-0.00000  )
536	-0.10869  	0.07296   	0.16694   	2929.21226	 (0.00000   )
537	0.07825   	0.19615   	-0.22525  	2916.27259	 (-0.00000  )
538	0.42048   	0.24433   	-0.03879  	2923.86369	 (-0.00000  )
539	0.04632   	0.11397   	0.09831   	2930.83532	 (0.00000   )
540	0.01593   	-0.25105  	-0.05252  	2897.82486	 (0.00000   )
541	0.41559   	-0.14397  	0.21476   	2859.20526	 (0.00000   )
542	-0.19790  	0.16969   	-0.38333  	2841.40917	 (-0.00000  )
543	0.05927   	0.33278   	-0.15736  	2873.92516	 (0.00000   )
544	-0.01826  	0.35255   	0.27054   	2838.37524	 (-0.00000  )
545	0.02896   	0.22539   	0.39390   	2865.16852	 (-0.00000  )
546	0.03624   	0.18624   	0.25523   	2839.72479	 (0.00000   )
547	0.12059   	0.32271   	-0.43146  	2839.47199	 (0.00000   )
548	0.16637   	0.13419   	0.10965   	3097.81851	 (-0.00000  )
549	-0.02524  	-0.03085  	-0.25361  	3078.56554	 (-0.00000  )
550	0.34630   	0.46878   	-0.06968  	2807.25199	 (-0.00000  )
551	0.25463   	0.04698   	0.11657   	3087.99613	 (-0.00000  )
552	-0.78894  	0.01258   	0.25037   	2845.11612	 (-0.00000  )
553	0.06709   	0.35437   	-0.03246  	2997.21384	 (0.00000   )
554	-0.01139  	0.02393   	0.04991   	2966.57231	 (0.00000   )
555	-0.72038  	0.53322   	-0.10222  	2879.79356	 (-0.00000  )
556	0.41835   	-0.79373  	-0.40705  	2904.06426	 (0.00000   )
557	-0.35686  	-0.31289  	0.11299   	3115.08181	 (0.00000   )
558	-0.18170  	-0.40385  	0.60728   	2810.49327	 (0.00000   )
559	0.06259   	0.14217   	-0.57203  	2798.01461	 (-0.00000  )
560	0.39810   	-0.25984  	-0.18697  	2817.22607	 (0.00000   )
561	-0.16242  	0.73767   	0.42112   	2810.19495	 (-0.00000  )
562	-0.23802  	0.17691   	0.32509   	2802.08974	 (0.00000   )
563	0.18211   	0.63675   	-0.13277  	3099.95697	 (-0.00000  )
564	-0.10897  	0.02577   	0.22770   	2801.38168	 (-0.00000  )
565	0.17150   	-0.28260  	-0.00034  	3124.75117	 (0.00000   )
566	-0.25603  	0.44702   	0.55098   	2793.08990	 (0.00000   )
567	0.01042   	0.21387   	0.02894   	2804.94893	 (0.00000   )
568	0.03889   	-0.55448  	-0.18013  	2799.56897	 (-0.00000  )
569	0.54166   	-0.54851  	0.29788   	2848.69834	 (0.00000   )
570	0.03569   	0.47742   	-0.05156  	2865.12202	 (0.00000   )
571	-0.01815  	-0.00562  	0.01098   	3068.21115	 (0.00000   )
572	0.90167   	-0.76934  	-0.29237  	2831.70142	 (-0.00000  )
573	-0.51935  	-0.47875  	0.07589   	2770.52640	 (0.00000   )
574	-0.25997  	-0.02263  	0.06174   	3045.05503	 (0.00000   )
575	0.46977   	0.14185   	0.03686   	3139.10513	 (-0.00000  )
576	-0.22554  	-0.52552  	-0.23684  	2736.38622	 (-0.00000  )
577	-0.15346  	0.32072   	0.18902   	2799.38402	 (-0.00000  )
578	-0.04416  	0.37859   	-0.22195  	3040.60830	 (-0.00000  )
579	0.28770   	-0.48029  	0.14616   	3061.89088	 (0.00000   )
580	-0.06593  	-0.31500  	0.14501   	2857.60978	 (-0.00000  )
581	-0.33023  	-0.35029  	-0.17731  	2847.47960	 (0.00000   )
582	-0.34458  	0.53071   	-0.14674  	2794.03684	 (-0.00000  )
583	-0.52210  	-0.30445  	0.03091   	3063.88241	 (0.00000   )
584	0.14678   	0.46952   	0.09531   	2830.63947	 (-0.00000  )
585	0.49070   	0.45696   	-0.03981  	2818.58438	 (0.00000   )
586	0.15077   	0.28835   	-0.45835  	2939.38930	 (-0.00000  )
587	-0.30707  	-0.40916  	0.52061   	3051.83247	 (-0.00000  )
588	-0.05189  	-0.36360  	2.02591   	2701.04055	 (-0.00000  )
589	0.10092   	0.15781   	-0.03486  	3058.78930	 (0.00000   )
590	-0.04611  	-0.06751  	0.03994   	3026.73398	 (0.00000   )
591	0.19493   	-0.12790  	-1.13634  	2708.42771	 (-0.00000  )
592	-0.04346  	0.41534   	0.04736   	2708.08000	 (-0.00000  )
593	0.00560   	-0.03453  	-0.04487  	2955.27088	 (-0.00000  )
594	0.49479   	-0.09552  	-1.17890  	2698.16028	 (-0.00000  )
595	-0.15907  	0.47012   	-0.36750  	2695.31455	 (0.00000   )
596	0.00182   	-0.00195  	-0.02233  	2990.38901	 (-0.00000  )
597	-0.11875  	0.35902   	0.39041   	2678.03677	 (0.00000   )
598	0.64407   	-0.56137  	0.01679   	3012.16614	 (0.00000   )
599	-0.66588  	0.49463   	0.01156   	2998.88749	 (-0.00000  )
600	0.52663   	-0.37576  	-0.04568  	3251.94998	 (0.00000   )
601	0.05989   	0.03820   	0.08297   	3132.89282	 (-0.00000  )
602	-0.14414  	0.15153   	-0.14113  	3160.17898	 (0.00000   )
603	0.04682   	0.10982   	0.13335   	3234.52196	 (0.00000   )
604	0.01539   	0.05260   	0.29057   	3184.18539	 (-0.00000  )
605	-0.00546  	-0.10554  	-0.16498  	3213.08711	 (0.00000   )
606	-0.36554  	0.43678   	0.24080   	2768.48481	 (-0.00000  )
607	0.64339   	-1.14476  	0.46224   	2765.03524	 (-0.00000  )
608	-0.12685  	0.19903   	0.52973   	3239.71384	 (-0.00000  )
609	-0.06781  	0.22832   	-0.50332  	3187.37352	 (-0.00000  )
610	-0.05784  	-0.33888  	0.21853   	2997.76651	 (-0.00000  )
611	0.07190   	0.11647   	-0.20493  	3005.85658	 (-0.00000  )
612	-0.00728  	0.04926   	0.00705   	3069.23447	 (0.00000   )
613	-0.16799  	-0.37816  	0.01320   	3031.47826	 (0.00000   )
614	-0.34417  	-0.04260  	-0.00600  	2989.10692	 (-0.00000  )
615	-0.10634  	-0.13928  	0.29885   	3013.83691	 (-0.00000  )
616	0.30986   	0.33612   	-0.34625  	3060.50473	 (0.00000   )
617	-0.00834  	0.02039   	-0.05803  	2692.10941	 (0.00000   )
618	0.27237   	0.26889   	-0.25571  	3061.30661	 (0.00000   )
619	0.04543   	0.18077   	-0.21606  	3102.61244	 (-0.00000  )
620	0.10979   	-0.02874  	0.08091   	2689.01842	 (0.00000   )
621	-0.32585  	-0.37063  	-0.04591  	3084.18425	 (0.00000   )
622	0.34284   	0.38735   	0.16665   	3096.63566	 (-0.00000  )
623	-0.05525  	0.06646   	0.03169   	2668.94237	 (-0.00000  )
624	0.07447   	0.04115   	0.17592   	3106.00764	 (0.00000   )
625	-0.08605  	-0.06088  	-0.02985  	2691.36834	 (0.00000   )
626	0.09592   	0.13564   	0.07695   	3115.93217	 (-0.00000  )
627	-0.39459  	0.10052   	0.13717   	2655.82278	 (0.00000   )
628	0.10585   	0.27550   	0.15520   	2657.49833	 (-0.00000  )
629	-0.04086  	-0.25586  	-0.02413  	3045.80638	 (-0.00000  )
630	-0.34265  	-0.08103  	-0.04601  	3009.83828	 (0.00000   )
631	0.06359   	-0.05824  	-0.00863  	2628.84210	 (0.00000   )
632	-0.00583  	0.04878   	0.16702   	3090.51680	 (0.00000   )
633	0.17817   	0.10100   	0.00184   	3099.34182	 (-0.00000  )
634	0.60769   	-0.49014  	-0.62834  	2700.19888	 (0.00000   )
635	0.05687   	0.27115   	0.17576   	3107.32957	 (-0.00000  )
636	0.25611   	0.10810   	-0.03512  	3090.62607	 (-0.00000  )
637	0.29169   	0.32811   	-0.11794  	3150.05639	 (-0.00000  )
638	-0.66357  	0.89649   	-0.44777  	2723.15452	 (0.00000   )
639	-0.30423  	-0.21517  	-0.00414  	3031.88597	 (0.00000   )
640	-0.12442  	0.70954   	0.83849   	2715.16973	 (0.00000   )
641	-0.16295  	-0.14909  	-0.19963  	3149.60267	 (-0.00000  )
642	0.24217   	0.28881   	-0.01948  	3057.03842	 (-0.00000  )
643	-0.07991  	0.00748   	-0.08028  	3152.31251	 (0.00000   )
644	0.36533   	-0.33609  	0.01915   	3048.62621	 (-0.00000  )
645	0.00134   	0.47745   	-0.10898  	3039.80011	 (0.00000   )
646	0.03969   	-0.21054  	0.85274   	2770.75856	 (-0.00000  )
647	-0.45106  	-0.53733  	0.52501   	3041.03331	 (-0.00000  )
648	-0.16628  	0.04015   	-0.15135  	3101.81616	 (-0.00000  )
649	0.13391   	0.10694   	-0.13216  	3137.07471	 (0.00000   )
650	0.03606   	-0.40184  	-1.04625  	2749.14938	 (-0.00000  )
651	-0.22487  	-0.03905  	0.54206   	3139.36773	 (0.00000   )
652	-0.10384  	-0.22170  	-0.73096  	3170.39541	 (-0.00000  )
653	-0.05526  	0.13273   	-0.21067  	2753.85490	 (0.00000   )
654	0.06753   	0.14515   	0.10856   	3077.95032	 (0.00000   )
655	0.00733   	-0.00596  	-0.05614  	3191.02932	 (-0.00000  )
656	-0.26108  	0.23434   	0.19512   	2766.52011	 (-0.00000  )
657	-0.07507  	0.04354   	-0.03738  	3133.87911	 (0.00000   )
658	0.22969   	0.17871   	0.15243   	3039.54546	 (0.00000   )
659	0.02165   	0.18012   	0.22156   	3207.16766	 (-0.00000  )
660	-0.18418  	-0.24550  	-0.12739  	3072.18931	 (0.00000   )
661	-0.21925  	-0.10044  	0.30034   	3111.98968	 (0.00000   )
662	-0.16417  	-0.14312  	-0.53971  	3124.87627	 (-0.00000  )
663	0.11385   	0.08881   	0.06652   	3025.44261	 (0.00000   )
664	-0.22561  	-0.17140  	0.01482   	3042.62182	 (-0.00000  )
665	0.15465   	0.16133   	0.12977   	3004.68701	 (-0.00000  )
666	0.12125   	0.20390   	-0.25556  	3067.88540	 (0.00000   )
667	-0.12561  	-0.24825  	-0.86111  	3034.01210	 (-0.00000  )
668	-0.13290  	0.12657   	0.85105   	3040.30589	 (-0.00000  )
669	-0.04486  	0.13777   	-0.04616  	3142.39929	 (0.00000   )
670	0.23661   	0.13279   	0.21546   	3150.30824	 (-0.00000  )
671	-0.19092  	-0.20729  	0.13036   	3161.17272	 (0.00000   )
672	-0.16689  	-0.09296  	0.01843   	3012.83531	 (0.00000   )
673	0.10899   	0.19710   	-0.22634  	3146.38307	 (-0.00000  )
674	0.18290   	-0.12392  	0.08285   	3157.28028	 (-0.00000  )
675	-0.27794  	0.17321   	0.14352   	3158.19963	 (-0.00000  )
676	-0.28823  	-0.06737  	-0.77507  	3052.13706	 (0.00000   )
677	-0.23071  	-0.18091  	0.72129   	3040.83076	 (-0.00000  )
678	0.08354   	-0.05768  	-0.27419  	3066.16788	 (0.00000   )
679	0.05985   	-0.06122  	0.30731   	3051.94467	 (0.00000   )
680	0.10022   	0.04918   	-0.20804  	3064.46692	 (0.00000   )
681	0.02799   	0.04705   	0.44915   	3033.24915	 (-0.00000  )
682	0.03017   	0.00964   	-1.31878  	3097.09602	 (-0.00000  )
683	-0.01436  	0.05517   	1.33200   	3107.77940	 (0.00000   )
684	-0.02067  	-0.09548  	-1.07763  	3140.91177	 (0.00000   )
685	0.11424   	0.10932   	0.70969   	3177.24525	 (0.00000   )
686	0.00385   	-0.02876  	-1.26483  	3135.70884	 (-0.00000  )
687	-0.16699  	-0.17179  	1.32135   	3094.05621	 (0.00000   )
688	0.06106   	0.00066   	0.07506   	2778.40363	 (0.00000   )
689	0.22232   	0.31531   	0.04751   	3051.29750	 (-0.00000  )
690	-0.13878  	-0.11112  	-0.06456  	2781.61722	 (0.00000   )
691	0.09958   	0.10702   	-0.02755  	2759.04891	 (0.00000   )
692	0.01072   	-0.05065  	-0.02672  	2799.81329	 (-0.00000  )
693	-0.08829  	-0.29533  	0.03536   	2782.49440	 (0.00000   )
694	-0.30508  	-0.39583  	-0.04498  	2960.59479	 (0.00000   )
695	0.20987   	0.18702   	0.00720   	2817.52605	 (-0.00000  )
696	-0.02975  	-0.07324  	-0.02768  	2966.14467	 (0.00000   )
697	-0.02408  	0.04649   	0.03690   	2733.95564	 (0.00000   )
698	0.06323   	0.06836   	0.00331   	3040.79044	 (0.00000   )
699	-0.42016  	-0.39504  	0.12735   	2753.35716	 (0.00000   )
700	0.72121   	0.51394   	-0.01000  	2974.97175	 (0.00000   )
701	0.14144   	0.02861   	0.59683   	2969.29988	 (-0.00000  )
702	-0.26955  	-0.12909  	0.18939   	3066.90678	 (0.00000   )
703	0.32009   	-0.50818  	-0.58874  	3135.08258	 (0.00000   )
704	0.42220   	0.94775   	-0.09672  	3098.53286	 (0.00000   )
705	-0.00575  	0.02369   	-0.00454  	2580.95695	 (-0.00000  )
706	0.41544   	0.14735   	-0.15752  	3118.60575	 (-0.00000  )
707	0.16395   	0.26144   	-0.18433  	3116.16542	 (-0.00000  )
708	-0.36246  	-0.02361  	-0.01240  	3062.18990	 (0.00000   )
709	-0.32129  	0.13323   	-0.32351  	3009.34558	 (-0.00000  )
710	0.43472   	-0.41372  	-0.06142  	3019.50461	 (-0.00000  )
711	-0.05172  	0.36432   	0.46624   	3073.45237	 (0.00000   )
712	-0.43869  	-0.25723  	0.13573   	2972.99168	 (-0.00000  )
713	0.53133   	0.32423   	-0.09306  	3104.37572	 (0.00000   )
714	-0.47682  	-0.47302  	0.04231   	2569.83399	 (-0.00000  )
715	0.51396   	0.32472   	-0.06501  	2703.10216	 (0.00000   )
716	0.54552   	0.15130   	-0.21312  	2957.77070	 (0.00000   )
717	-0.23958  	0.22894   	0.19978   	3093.83703	 (0.00000   )
718	0.02794   	-0.03453  	-0.17829  	2997.90804	 (-0.00000  )
719	-0.05087  	0.01214   	-0.04519  	2572.72338	 (0.00000   )
720	-0.13363  	0.03922   	0.70911   	2983.71592	 (-0.00000  )
721	0.15705   	-0.04477  	0.00718   	3087.74390	 (0.00000   )
722	0.12703   	0.16257   	0.81528   	3023.21609	 (0.00000   )
723	-0.09916  	-0.18518  	-0.34346  	3011.77273	 (-0.00000  )
724	0.05996   	-0.00697  	-0.62324  	3005.65820	 (-0.00000  )
725	-0.37834  	-0.00531  	-0.22661  	3071.65867	 (-0.00000  )
726	-0.22935  	-0.01508  	0.11664   	3036.84512	 (0.00000   )
727	-0.25715  	-0.38293  	0.00331   	3064.25016	 (-0.00000  )
728	-0.05142  	0.26412   	0.05562   	2967.33355	 (-0.00000  )
729	0.10816   	-0.27130  	0.00327   	3105.80500	 (0.00000   )
730	-0.26724  	0.41581   	0.00504   	3072.80264	 (0.00000   )
731	-0.13025  	0.30918   	0.05403   	3056.66761	 (-0.00000  )
732	0.00503   	-0.11773  	-0.02292  	3067.07744	 (-0.00000  )
733	0.19387   	-0.47521  	-0.38282  	3027.93955	 (-0.00000  )
734	-0.50319  	-0.02677  	-0.45405  	3136.29447	 (0.00000   )
735	-0.03159  	-0.08479  	0.58271   	3122.15810	 (-0.00000  )
736	-0.01157  	0.33248   	0.15771   	2923.59617	 (0.00000   )
737	0.18510   	0.11174   	0.02940   	2898.52884	 (-0.00000  )
738	0.15054   	0.16606   	-0.05802  	3047.18454	 (-0.00000  )
739	0.19192   	0.63591   	0.37462   	3056.77327	 (-0.00000  )
740	-0.27714  	0.23567   	-0.53354  	3100.84816	 (-0.00000  )
741	-0.01205  	-0.01200  	-0.02020  	2850.11536	 (0.00000   )
742	0.31827   	-0.01143  	-0.59216  	3064.84723	 (-0.00000  )
743	0.26183   	0.19785   	0.29451   	3066.52287	 (0.00000   )
744	0.32845   	0.34592   	-0.20340  	3035.28741	 (-0.00000  )
745	-0.33151  	-0.06894  	0.25902   	2924.86135	 (0.00000   )
746	-0.01479  	0.21853   	0.43135   	2930.39419	 (0.00000   )
747	-0.17728  	-0.39324  	0.18569   	3000.53431	 (-0.00000  )
748	0.67308   	0.03470   	-0.34654  	2982.04299	 (-0.00000  )
749	-0.20203  	0.10048   	0.07538   	2966.40400	 (-0.00000  )
750	-0.07351  	0.48752   	-0.22610  	2941.16219	 (0.00000   )
751	0.22241   	0.07499   	0.50799   	3064.33939	 (0.00000   )
752	-0.06873  	-0.12791  	-0.93460  	3043.88365	 (0.00000   )
753	-0.50808  	0.01220   	-0.01828  	2820.28453	 (0.00000   )
754	0.13645   	0.48240   	-0.12340  	2968.77800	 (-0.00000  )
755	0.08143   	-0.34571  	-0.01418  	2849.45640	 (-0.00000  )
756	0.09920   	-0.22199  	-0.05394  	2931.61832	 (-0.00000  )
757	-0.39370  	0.32189   	0.17086   	3013.17631	 (-0.00000  )
758	0.18845   	0.00949   	-0.39465  	3125.50803	 (0.00000   )
759	-0.12916  	0.02271   	-0.75675  	3011.96563	 (0.00000   )
760	0.14232   	0.08953   	0.17110   	2934.37927	 (0.00000   )
761	-0.07310  	0.02911   	0.36817   	2970.81450	 (0.00000   )
762	0.08598   	-0.12111  	0.41581   	3002.95330	 (0.00000   )
763	0.16009   	0.19553   	0.03042   	3025.32966	 (0.00000   )
764	-0.20055  	-0.30657  	-0.04901  	3037.75774	 (0.00000   )
765	0.21317   	-0.17770  	-0.28798  	3010.50553	 (-0.00000  )
766	0.03870   	0.36751   	-0.30316  	3035.64326	 (-0.00000  )
767	0.15475   	-0.04812  	-0.04538  	2994.22072	 (-0.00000  )
768	-0.10037  	-0.07352  	0.03210   	3012.38264	 (0.00000   )
769	-0.43567  	0.38562   	0.64880   	3038.98990	 (0.00000   )
770	0.00108   	0.50219   	-0.00486  	3056.23484	 (-0.00000  )
771	0.05946   	-0.25734  	0.23828   	3052.26429	 (-0.00000  )
772	-0.11328  	0.22674   	-0.31220  	3014.52683	 (0.00000   )
773	-0.55046  	-0.18812  	0.32135   	2983.03588	 (0.00000   )
774	-0.34530  	-0.11466  	0.14587   	2925.85607	 (-0.00000  )
775	-0.00904  	0.09932   	0.13539   	3004.10789	 (-0.00000  )
776	-0.21195  	-0.59375  	-0.60447  	2989.84488	 (0.00000   )
777	-0.18068  	0.09484   	-0.07796  	2946.09190	 (0.00000   )
778	0.37941   	-0.50252  	0.18612   	2959.49306	 (-0.00000  )
779	-0.16051  	-0.10089  	0.38565   	3043.21888	 (0.00000   )
780	-0.70204  	-0.03273  	0.28084   	3081.15551	 (0.00000   )
781	0.24665   	0.17227   	1.17614   	3088.51529	 (0.00000   )
782	0.29186   	0.00170   	0.02813   	3077.97998	 (-0.00000  )
783	-0.09760  	0.61184   	-0.40946  	3090.73451	 (-0.00000  )
784	-0.00419  	-0.46855  	-0.22910  	3078.51387	 (0.00000   )
785	-0.45398  	-0.01567  	0.12853   	3075.59313	 (-0.00000  )
786	-0.41585  	0.02000   	-0.05554  	3082.63354	 (-0.00000  )
787	0.45356   	0.05694   	0.11650   	3069.02672	 (0.00000   )
788	0.70818   	0.09063   	-0.03662  	3102.90537	 (-0.00000  )
789	0.22333   	0.54498   	0.30109   	3058.91806	 (0.00000   )
790	0.04916   	0.11212   	0.03036   	3033.29093	 (-0.00000  )
791	0.23083   	0.45141   	-0.05858  	3093.30164	 (0.00000   )
792	0.09284   	0.20453   	-0.63167  	3105.61703	 (-0.00000  )
793	-0.13325  	0.19811   	0.72164   	3108.63549	 (0.00000   )
794	0.38261   	0.04887   	-0.21479  	3172.28002	 (-0.00000  )
795	-0.21542  	0.21318   	0.06184   	3128.76736	 (-0.00000  )
796	-0.13210  	0.21027   	0.16547   	3100.08137	 (-0.00000  )
797	-0.06514  	0.32685   	0.14375   	3115.96234	 (0.00000   )
798	0.20525   	0.08027   	0.11243   	3083.17846	 (0.00000   )
799	0.22410   	0.07065   	-0.19330  	3068.15943	 (0.00000   )
800	0.00953   	-0.80110  	0.21367   	3078.68471	 (-0.00000  )
801	-0.34233  	-0.11374  	0.09188   	3044.95526	 (-0.00000  )
802	-0.23129  	0.03198   	0.07671   	3134.38161	 (0.00000   )
803	-0.47879  	0.68947   	0.07169   	3102.89191	 (0.00000   )
804	0.05370   	-0.06403  	0.34046   	3126.09908	 (0.00000   )
805	0.70014   	-0.22405  	0.41647   	3134.21993	 (-0.00000  )
806	0.33220   	-0.27985  	-0.15786  	3104.66627	 (-0.00000  )
807	-0.20388  	0.31132   	-0.19349  	3115.53239	 (0.00000   )
808	-0.07574  	0.02086   	0.37059   	3075.86955	 (0.00000   )
809	-0.32052  	0.49632   	0.53094   	3051.80727	 (-0.00000  )
810	0.08466   	0.35239   	0.62169   	3053.35315	 (-0.00000  )
811	-0.06333  	0.24881   	-1.45283  	3067.74602	 (-0.00000  )
812	0.06429   	0.37246   	0.09703   	3069.07081	 (0.00000   )
813	-0.73964  	1.48893   	0.04556   	3076.27156	 (-0.00000  )
814	0.67858   	-0.30610  	0.21218   	3012.49029	 (0.00000   )
815	0.25409   	-0.04961  	0.02535   	3037.42076	 (-0.00000  )
816	-0.19892  	0.16440   	0.35292   	3045.77830	 (-0.00000  )
817	-0.43464  	-0.07755  	-0.43733  	3036.61132	 (-0.00000  )
818	-0.60842  	0.48385   	-0.29703  	3046.93576	 (-0.00000  )
819	0.33784   	0.27759   	0.36188   	3048.85795	 (-0.00000  )
820	0.12914   	0.13143   	-0.53408  	3040.50260	 (0.00000   )
821	-0.03278  	-0.06029  	0.42018   	3040.07717	 (-0.00000  )
822	-0.19537  	-0.04584  	0.08696   	3029.13869	 (-0.00000  )
823	0.09667   	0.06662   	0.09368   	3031.36396	 (0.00000   )
824	-0.06032  	0.36816   	0.82497   	2897.06656	 (-0.00000  )
825	0.21454   	-0.33127  	0.25475   	3020.74173	 (0.00000   )
826	0.19230   	-0.24376  	-0.04812  	2876.64103	 (-0.00000  )
827	-0.10913  	-0.60618  	1.08879   	2987.93295	 (-0.00000  )
828	0.06628   	-0.10698  	-0.91314  	2985.60396	 (0.00000   )
829	-0.41849  	0.33878   	-0.35121  	2977.14002	 (-0.00000  )
830	0.49012   	0.52885   	0.01912   	2990.19615	 (0.00000   )
831	0.10255   	-0.10032  	0.91619   	2784.71111	 (-0.00000  )
832	-0.21013  	-0.78192  	-0.01305  	2804.75312	 (-0.00000  )
833	-0.11592  	-0.25509  	0.41739   	2958.55790	 (-0.00000  )
834	0.09408   	0.09134   	-0.33117  	2854.51979	 (0.00000   )
835	0.03844   	0.01761   	-0.01101  	3482.44168	 (-0.00000  )
836	0.11297   	0.48598   	-0.07793  	2884.06111	 (-0.00000  )
837	-0.08160  	0.32861   	-0.05409  	2795.34926	 (0.00000   )
838	0.03451   	0.27258   	0.11222   	2786.28827	 (0.00000   )
839	-0.79739  	0.35909   	-0.04650  	2756.80458	 (0.00000   )
840	-0.08158  	-0.04396  	0.12088   	3489.44757	 (0.00000   )
841	-0.08395  	-0.09504  	0.00044   	3477.83782	 (0.00000   )
842	0.81276   	0.70625   	-0.29180  	2885.05053	 (0.00000   )
843	-0.10810  	0.43218   	-0.38570  	2869.56922	 (0.00000   )
844	-0.43941  	0.47589   	0.30268   	2929.06272	 (-0.00000  )
845	-0.01082  	0.09080   	-0.09664  	3451.38578	 (-0.00000  )
846	-0.42689  	1.10067   	-0.20840  	2964.07569	 (0.00000   )
847	-0.00167  	0.56692   	0.48917   	2967.24337	 (-0.00000  )
848	0.22440   	-1.06428  	-0.85707  	2854.36192	 (-0.00000  )
849	-0.10767  	-0.12931  	-0.30366  	3019.62790	 (0.00000   )
850	0.50313   	-0.02946  	-0.03917  	2844.15757	 (-0.00000  )
851	0.33461   	-1.02538  	1.84983   	3049.54998	 (0.00000   )
852	0.44863   	0.46098   	0.04766   	3335.33113	 (-0.00000  )
853	-0.87945  	0.20520   	0.27910   	2880.31678	 (0.00000   )
854	-0.44398  	-0.44005  	0.04751   	3329.16947	 (0.00000   )
855	0.36896   	0.68231   	0.01336   	2871.97977	 (0.00000   )
856	0.01653   	0.01325   	-0.06413  	3330.48575	 (0.00000   )
857	0.00650   	0.03286   	-0.04154  	3355.86193	 (0.00000   )
858	-0.24977  	0.62111   	-0.04081  	3000.81695	 (0.00000   )
859	-0.07399  	-0.05256  	0.00370   	3240.06003	 (-0.00000  )
860	-0.10419  	0.54581   	0.23665   	3039.62891	 (-0.00000  )
861	-0.49729  	0.22070   	-0.35009  	3032.90517	 (0.00000   )
862	0.06699   	0.05774   	-0.03090  	3202.28775	 (-0.00000  )
863	0.00169   	0.07476   	-0.18326  	3023.76467	 (0.00000   )
864	-0.38392  	-0.41039  	-0.04457  	2985.53284	 (0.00000   )
865	0.30604   	0.47148   	0.00260   	2984.66494	 (-0.00000  )
866	-0.05084  	-0.07824  	-0.01035  	3259.22059	 (0.00000   )
867	-0.08925  	-0.05320  	-0.00870  	3273.95803	 (0.00000   )
868	-0.13555  	0.22342   	0.08296   	3125.48384	 (0.00000   )
869	-0.17176  	0.27527   	0.08001   	3108.56079	 (0.00000   )
870	0.38144   	-0.34444  	0.10367   	2970.90905	 (-0.00000  )
871	0.71793   	0.61630   	-0.00926  	3276.69871	 (-0.00000  )
872	-0.71495  	-0.57659  	0.01756   	3278.60324	 (0.00000   )
873	0.13752   	-0.35220  	3.11339   	2853.43583	 (-0.00000  )
874	0.07081   	0.03492   	-0.04199  	3259.67605	 (0.00000   )
875	-0.21967  	0.30044   	0.04197   	2963.68203	 (-0.00000  )
876	0.35698   	-0.22902  	-0.34738  	2960.06723	 (0.00000   )
877	0.06949   	-0.25190  	0.24708   	2905.65819	 (-0.00000  )
878	-0.01190  	0.29123   	-1.04751  	2918.18678	 (0.00000   )
879	-0.19427  	-0.25783  	-0.93771  	2914.20731	 (0.00000   )
880	0.34600   	-0.28084  	0.39769   	2925.88674	 (-0.00000  )
881	0.01042   	-0.43903  	-1.69964  	2886.29778	 (-0.00000  )
882	0.04218   	0.03871   	-0.02479  	3127.79902	 (-0.00000  )
883	-0.24816  	0.57762   	-3.05818  	2848.32774	 (0.00000   )
884	-0.17391  	0.37208   	3.07971   	2849.71052	 (0.00000   )
885	-0.00810  	0.00525   	-0.15426  	3336.91157	 (0.00000   )
886	0.06251   	-0.02371  	0.16900   	3359.30051	 (0.00000   )
887	-0.00188  	0.09302   	0.00233   	3424.45712	 (-0.00000  )
888	-0.04392  	-0.02303  	0.00521   	3430.30013	 (0.00000   )
889	0.05081   	0.03625   	0.01309   	3126.29961	 (0.00000   )
890	0.00521   	0.01131   	0.79190   	3072.86990	 (-0.00000  )
891	0.06021   	0.07157   	-0.77282  	3070.75403	 (0.00000   )
892	0.08079   	0.08936   	-0.63971  	2998.68321	 (0.00000   )
893	-0.12856  	-0.09206  	0.64507   	3013.69904	 (-0.00000  )
894	-0.04015  	-0.12268  	0.48829   	2992.93427	 (-0.00000  )
895	-0.00224  	0.03226   	-0.49062  	3003.40307	 (0.00000   )
896	0.05890   	0.00361   	-0.00868  	3322.28536	 (-0.00000  )
897	0.42446   	-0.13341  	0.15034   	3005.48126	 (-0.00000  )
898	-0.07638  	-0.04258  	-0.03437  	3109.40698	 (-0.00000  )
899	-0.02236  	-0.06389  	-0.08810  	3428.73842	 (0.00000   )
900	-0.18746  	-0.71641  	-0.24942  	3028.15444	 (-0.00000  )
901	0.01185   	0.04275   	0.03417   	3106.65789	 (-0.00000  )
902	0.04477   	-0.01457  	0.18238   	3251.07550	 (0.00000   )
903	-0.00359  	-0.00007  	-0.01524  	3166.35530	 (0.00000   )
904	0.01745   	-0.00485  	1.37321   	3352.27319	 (-0.00000  )
905	0.12143   	-0.02132  	-1.29618  	3398.39177	 (-0.00000  )
906	-0.06988  	0.09444   	1.38490   	3332.45343	 (0.00000   )
907	0.37329   	0.36426   	-1.49554  	3471.62417	 (-0.00000  )
908	-0.47741  	-0.38685  	-0.14435  	3373.87739	 (0.00000   )
909	0.21705   	0.95293   	0.07405   	2993.58163	 (0.00000   )
910	-0.40339  	-0.00437  	-0.33564  	3023.91252	 (0.00000   )
911	-0.13148  	0.32908   	-0.25688  	2954.21166	 (-0.00000  )
912	0.73701   	0.49999   	0.64972   	2939.06587	 (0.00000   )
913	0.26506   	0.24405   	0.53050   	3026.93569	 (-0.00000  )
914	-0.00720  	-0.00629  	-0.31462  	3234.51960	 (0.00000   )
915	0.06259   	0.04642   	-0.24893  	3115.47272	 (-0.00000  )
916	-0.16891  	-0.16939  	-0.02401  	2996.90267	 (-0.00000  )
917	0.01329   	0.00553   	0.00338   	3013.07028	 (-0.00000  )
918	0.03587   	0.34048   	0.60731   	2906.71132	 (-0.00000  )
919	-0.02886  	-0.04409  	0.01904   	2989.37407	 (-0.00000  )
920	-0.15533  	-0.20238  	-0.02416  	2996.53102	 (0.00000   )
921	-0.03819  	-0.05665  	-0.36735  	3077.97954	 (0.00000   )
922	-1.05976  	1.47416   	-0.07938  	2908.70579	 (0.00000   )
923	0.08397   	0.10403   	0.26295   	3033.42823	 (-0.00000  )
924	0.01450   	-0.01124  	0.50659   	3135.21482	 (0.00000   )
925	0.05961   	0.07182   	0.00548   	2880.26809	 (0.00000   )
926	0.08395   	0.00999   	-0.32012  	3096.94142	 (-0.00000  )
927	-0.02069  	0.04474   	0.06518   	3093.15455	 (0.00000   )
928	-0.09347  	-0.07747  	-0.06283  	3114.38636	 (0.00000   )
929	0.13199   	0.11193   	-0.18221  	3098.15463	 (-0.00000  )
930	0.96115   	0.95909   	0.25535   	2885.13141	 (0.00000   )
931	-0.96116  	-1.00901  	0.20730   	2886.11633	 (-0.00000  )
932	0.03311   	-0.01032  	0.35507   	3088.13345	 (0.00000   )
933	0.70441   	0.47567   	0.18680   	3213.39188	 (-0.00000  )
934	-0.07048  	-0.22520  	0.08349   	3206.55655	 (0.00000   )
935	-0.18552  	-0.19527  	-0.79914  	3164.15607	 (-0.00000  )
936	-0.13744  	0.17032   	0.35947   	3091.81995	 (-0.00000  )
937	0.01581   	0.10298   	-0.24669  	3054.63892	 (0.00000   )
938	0.01191   	0.02014   	0.19934   	3132.49174	 (-0.00000  )
939	0.27992   	0.00306   	0.02117   	3202.22860	 (-0.00000  )
940	-0.25577  	-0.11044  	0.07876   	3261.66846	 (0.00000   )
941	0.14006   	0.21441   	-0.07148  	3044.86119	 (-0.00000  )
942	0.28252   	0.31413   	-0.00886  	3103.37362	 (0.00000   )
943	-0.34416  	-0.40939  	-0.20085  	3126.55746	 (-0.00000  )
944	-0.00857  	0.11795   	-0.06567  	2890.04403	 (0.00000   )
945	0.18195   	0.13027   	-0.13205  	3203.18529	 (-0.00000  )
946	0.02664   	0.17134   	-0.00788  	3088.90745	 (-0.00000  )
947	0.13386   	0.11463   	0.20386   	3108.30799	 (0.00000   )
948	-0.09940  	-0.15560  	0.00671   	3119.33224	 (-0.00000  )
949	-0.01893  	-0.07741  	-0.03080  	3046.20822	 (-0.00000  )
950	0.07350   	0.11958   	0.77037   	3248.61932	 (-0.00000  )
951	0.03621   	0.06620   	-0.66863  	3225.33995	 (0.00000   )
952	-0.22988  	-0.16690  	0.10103   	3275.49595	 (0.00000   )
953	0.11296   	0.05380   	-0.44071  	3267.56720	 (-0.00000  )
954	-0.57724  	-0.49868  	0.04888   	3058.17259	 (-0.00000  )
955	0.55233   	-0.03011  	0.04554   	3051.53681	 (-0.00000  )
956	0.33179   	0.73012   	-0.03734  	3077.03914	 (0.00000   )
957	-0.12271  	0.26887   	-0.07249  	3060.51840	 (-0.00000  )
958	-1.00891  	-0.03723  	0.02405   	3082.55250	 (0.00000   )
959	0.21393   	-1.11949  	-0.12015  	3078.50377	 (-0.00000  )
960	1.03136   	0.30137   	-0.02065  	3062.49200	 (-0.00000  )
961	-0.46867  	0.33916   	0.45776   	3048.84569	 (0.00000   )
962	-0.14421  	0.12993   	-0.09283  	3129.67870	 (0.00000   )
963	-0.01206  	0.11414   	0.03598   	3139.76204	 (-0.00000  )
964	0.01969   	-0.13734  	-0.20659  	3140.95741	 (0.00000   )
965	-0.01677  	-0.06886  	0.20420   	3156.66639	 (0.00000   )
966	0.19058   	0.11303   	-0.29164  	3125.36856	 (0.00000   )
967	-0.14370  	-0.05378  	0.42030   	3125.05682	 (-0.00000  )
968	0.12474   	0.24531   	0.17051   	3133.71743	 (0.00000   )
969	-0.11281  	-0.18928  	-0.11684  	3140.92129	 (-0.00000  )
970	0.16522   	0.47774   	0.24330   	3222.81852	 (0.00000   )
971	0.41215   	0.41531   	0.39650   	3228.48329	 (-0.00000  )
972	0.33463   	0.56647   	0.02400   	3224.51954	 (-0.00000  )
973	-0.20895  	-0.15711  	-0.24178  	3214.45510	 (0.00000   )
974	-0.15270  	-0.18786  	-0.63313  	3326.84868	 (-0.00000  )
975	-0.53833  	0.66580   	-0.67717  	3244.89013	 (0.00000   )
976	0.01926   	0.66836   	1.01321   	3269.93425	 (-0.00000  )
977	-0.00316  	0.38136   	0.06979   	3331.46311	 (0.00000   )
978	-0.53853  	0.65563   	0.01054   	3063.53512	 (-0.00000  )
979	-0.25724  	0.54927   	0.10991   	3098.72167	 (-0.00000  )
980	-0.12055  	-0.02433  	-0.75444  	3209.30682	 (0.00000   )
981	-0.10461  	0.14016   	0.78602   	3204.96426	 (0.00000   )
982	-0.78078  	-0.16949  	0.38168   	3213.90090	 (-0.00000  )
983	-0.09383  	0.22842   	0.69565   	3155.87161	 (-0.00000  )
984	-0.34757  	0.46692   	0.15502   	3198.37587	 (0.00000   )
985	-0.80028  	0.51504   	0.00107   	3217.41706	 (0.00000   )
986	0.23718   	-0.04027  	0.36150   	3246.76044	 (-0.00000  )
987	1.00477   	-0.52715  	-0.91442  	3288.95420	 (-0.00000  )
988	0.24494   	0.39467   	0.04965   	3230.21334	 (-0.00000  )
989	-0.08994  	0.03049   	0.27181   	3277.64841	 (-0.00000  )
990	-0.30562  	0.48788   	0.66443   	3210.81109	 (-0.00000  )
991	0.12163   	-0.18651  	0.29390   	3206.66371	 (0.00000   )
992	0.22664   	-0.44336  	-0.09127  	3076.36226	 (0.00000   )
993	0.16681   	-0.07130  	0.57176   	3174.87042	 (0.00000   )
994	-0.17635  	-0.05038  	0.33405   	3175.02114	 (0.00000   )
995	-0.01930  	0.21385   	0.41970   	3007.56445	 (0.00000   )
996	-0.49217  	0.49481   	-0.39545  	3081.55502	 (-0.00000  )
997	-0.34855  	0.73554   	-0.42971  	3101.36856	 (-0.00000  )
998	0.44196   	0.10930   	-0.72359  	3178.91611	 (-0.00000  )
999	0.25114   	0.89250   	0.80429   	3174.72526	 (-0.00000  )
1000	-0.16008  	-0.60543  	-0.39413  	3070.65549	 (-0.00000  )
1001	0.48524   	-0.65626  	0.71180   	3040.80189	 (0.00000   )
1002	-0.35332  	0.78483   	-0.90883  	3036.66565	 (0.00000   )
1003	-0.28083  	0.90230   	0.97985   	3011.96398	 (0.00000   )
1004	0.58766   	1.12198   	-0.02102  	3205.24938	 (0.00000   )
1005	-0.91256  	-0.72902  	-0.02029  	3191.27706	 (-0.00000  )
1006	0.25764   	0.15118   	-0.45294  	3150.85893	 (-0.00000  )
1007	-0.09290  	0.38038   	0.95556   	3137.33359	 (-0.00000  )
1008	-0.42610  	0.42788   	-0.22119  	3155.53745	 (0.00000   )
1009	0.95990   	1.11801   	-0.20640  	3172.81554	 (-0.00000  )
1010	0.51488   	-0.39221  	-1.11925  	3161.84156	 (0.00000   )
1011	0.09362   	-0.42234  	1.99409   	3168.21545	 (-0.00000  )
1012	-0.29454  	0.77477   	4.66961   	3152.03472	 (0.00000   )
1013	-0.14380  	0.36151   	-5.00073  	3151.14220	 (-0.00000  )
1014	-0.00859  	0.57356   	0.90257   	3345.05411	 (0.00000   )
1015	-1.24007  	1.55702   	-0.29976  	3353.90770	 (-0.00000  )
1016	0.34460   	-0.26639  	0.38656   	3295.62234	 (-0.00000  )
1017	0.18303   	0.60810   	0.15644   	3310.08894	 (0.00000   )
1018	-0.39455  	0.38969   	-0.16816  	3331.12473	 (0.00000   )
1019	-0.20253  	-0.55339  	0.24254   	3333.50259	 (-0.00000  )
1020	-0.01112  	1.30326   	0.55382   	3207.94009	 (-0.00000  )
1021	-0.35670  	0.96643   	0.40701   	3189.68748	 (0.00000   )
1022	0.95921   	-0.44760  	-0.76069  	3194.13037	 (-0.00000  )
