0	-0.00039  	-0.00520  	0.00496   	887.65768 	 (0.00000   )
1	0.01004   	0.00670   	-0.00918  	908.19370 	 (0.00000   )
2	-0.00967  	-0.00100  	-0.00560  	909.37942 	 (0.00000   )
3	0.00123   	0.00104   	0.00874   	899.04223 	 (0.00000   )
4	0.01102   	0.00189   	0.03326   	1134.60426	 (-0.00000  )
5	-0.00692  	0.12536   	-0.00573  	1126.07793	 (-0.00000  )
6	0.00582   	-0.12315  	-0.03949  	1137.99649	 (-0.00000  )
7	0.00613   	-0.01171  	0.00604   	1075.37978	 (0.00000   )
8	0.01873   	0.01983   	0.00379   	1173.53745	 (-0.00000  )
9	0.02874   	-0.00297  	-0.00826  	1144.42679	 (-0.00000  )
10	-0.03476  	0.00978   	-0.00658  	1120.09111	 (0.00000   )
11	0.00021   	0.01206   	-0.00783  	1077.57750	 (0.00000   )
12	0.01745   	-0.02386  	0.00326   	1187.98819	 (-0.00000  )
13	-0.06147  	-0.16178  	0.00251   	1102.43028	 (0.00000   )
14	0.04265   	0.17215   	-0.00073  	1143.64042	 (-0.00000  )
15	-0.02199  	-0.02262  	0.13165   	1116.67953	 (0.00000   )
16	0.02709   	0.08206   	-0.08664  	1116.02896	 (0.00000   )
17	-0.06694  	-0.09078  	-0.13136  	1117.75153	 (-0.00000  )
18	-0.00184  	0.03680   	0.01660   	1131.42298	 (0.00000   )
19	0.05422   	-0.00021  	0.07934   	1174.73039	 (-0.00000  )
20	0.01080   	-0.01132  	-0.00083  	1122.61921	 (-0.00000  )
21	0.00780   	0.01581   	-0.00598  	1123.20078	 (-0.00000  )
22	-0.00128  	0.00492   	-0.00613  	1121.18019	 (-0.00000  )
23	0.00589   	0.01708   	-0.00436  	1131.25094	 (-0.00000  )
24	-0.00367  	-0.02835  	0.00715   	1100.68424	 (0.00000   )
25	-0.00575  	0.00370   	0.00269   	1097.37865	 (0.00000   )
26	0.11925   	-0.20009  	0.00595   	1102.73552	 (-0.00000  )
27	-0.10529  	0.20664   	-0.00031  	1103.86015	 (0.00000   )
28	0.05464   	-0.00857  	0.00967   	1260.08416	 (0.00000   )
29	0.00226   	0.03288   	-0.00606  	1322.40327	 (-0.00000  )
30	-0.02598  	0.00438   	-0.00566  	1274.30707	 (-0.00000  )
31	0.05333   	0.00461   	-0.00540  	1329.82604	 (-0.00000  )
32	-0.00123  	-0.05954  	0.01283   	1260.04641	 (0.00000   )
33	-0.01097  	-0.06742  	0.02277   	1256.59001	 (-0.00000  )
34	-0.04457  	0.06922   	-0.00862  	1287.44928	 (-0.00000  )
35	0.01284   	0.07181   	-0.01688  	1341.20749	 (0.00000   )
36	0.00582   	0.03881   	-0.02999  	1289.80478	 (0.00000   )
37	0.02331   	0.04044   	-0.00344  	1311.66210	 (0.00000   )
38	-0.19983  	0.16934   	-0.00654  	1280.46033	 (-0.00000  )
39	0.25278   	-0.19976  	-0.00280  	1300.62289	 (0.00000   )
40	-0.04003  	-0.04786  	0.00374   	1260.76938	 (-0.00000  )
41	-0.03580  	-0.01302  	0.00452   	1216.37907	 (0.00000   )
42	0.11914   	0.03640   	-0.00143  	1286.61028	 (0.00000   )
43	-0.02437  	-0.06314  	0.00348   	1329.88437	 (0.00000   )
44	0.00511   	0.06564   	-0.03199  	1250.14614	 (0.00000   )
45	-0.01643  	0.02971   	0.01942   	1281.39513	 (0.00000   )
46	-0.00013  	-0.04564  	0.02074   	1196.77402	 (0.00000   )
47	0.01489   	0.03327   	-0.00561  	1205.05662	 (-0.00000  )
48	0.18206   	0.00418   	-0.00756  	1216.82788	 (0.00000   )
49	-0.22605  	0.02111   	0.00639   	1211.99530	 (0.00000   )
50	0.01400   	-0.01008  	0.00166   	1286.24862	 (0.00000   )
51	-0.03503  	0.02030   	0.01730   	1237.84079	 (-0.00000  )
52	-0.06205  	0.00135   	0.00700   	1219.38223	 (-0.00000  )
53	0.01305   	-0.00783  	0.39077   	1251.13712	 (-0.00000  )
54	0.14000   	0.10704   	-0.08810  	1222.82648	 (0.00000   )
55	-0.09516  	-0.11782  	-0.34131  	1244.05767	 (0.00000   )
56	0.01317   	-0.02680  	-0.18558  	1270.71710	 (0.00000   )
57	0.07607   	-0.09198  	0.08568   	1246.58376	 (0.00000   )
58	-0.14156  	0.04362   	0.05216   	1265.02495	 (0.00000   )
59	0.14362   	0.15832   	0.04590   	1272.94433	 (-0.00000  )
60	-0.17020  	-0.11567  	-0.01438  	1234.20528	 (-0.00000  )
61	-0.09615  	-0.00081  	0.02471   	1247.55052	 (0.00000   )
62	0.08230   	-0.01298  	-0.07957  	1251.49750	 (-0.00000  )
63	0.00448   	-0.01742  	0.09439   	1327.60490	 (0.00000   )
64	0.02753   	0.01223   	-0.00758  	1303.54900	 (-0.00000  )
65	0.19172   	0.06298   	0.02032   	1285.85354	 (0.00000   )
66	-0.21046  	-0.05922  	0.00773   	1273.27538	 (-0.00000  )
67	0.43200   	-0.05505  	0.02532   	1296.41339	 (0.00000   )
68	-0.43490  	0.02839   	-0.02586  	1345.55708	 (-0.00000  )
69	-0.03654  	0.01879   	-0.00946  	1338.88971	 (-0.00000  )
70	0.01879   	0.03127   	-0.03183  	1304.66185	 (0.00000   )
71	0.03991   	-0.00036  	0.01459   	1340.73319	 (-0.00000  )
72	0.00568   	-0.03956  	0.01089   	1299.58472	 (-0.00000  )
73	0.07246   	-0.03743  	-0.00838  	1292.26780	 (-0.00000  )
74	-0.00778  	0.04537   	-0.00224  	1281.06825	 (0.00000   )
75	-0.07518  	0.03706   	-0.00160  	1272.06852	 (0.00000   )
76	0.02827   	-0.02927  	-0.00596  	1319.23807	 (0.00000   )
77	0.01684   	0.00925   	0.03395   	1274.02994	 (0.00000   )
78	0.06537   	-0.17071  	-0.00567  	1186.25650	 (0.00000   )
79	-0.09340  	0.21033   	-0.02447  	1178.14890	 (0.00000   )
80	0.09680   	0.01490   	0.00317   	1160.37435	 (0.00000   )
81	-0.08423  	0.00870   	-0.00282  	1206.27028	 (0.00000   )
82	-0.00313  	-0.02954  	0.00262   	1291.51562	 (0.00000   )
83	0.00388   	-0.00890  	-0.00137  	1311.81431	 (-0.00000  )
84	0.12801   	0.31993   	0.00339   	1217.40713	 (-0.00000  )
85	-0.11779  	-0.32829  	-0.00010  	1203.64361	 (0.00000   )
86	0.02126   	-0.14392  	-0.00408  	1246.62520	 (-0.00000  )
87	-0.04333  	0.14569   	-0.00117  	1244.48690	 (-0.00000  )
88	-0.00834  	0.02605   	-0.00216  	1327.95245	 (0.00000   )
89	-0.00068  	-0.04396  	0.00282   	1332.46152	 (0.00000   )
90	0.00677   	-0.02027  	0.00034   	1342.66573	 (-0.00000  )
91	0.00204   	0.02154   	-0.00215  	1347.87834	 (-0.00000  )
92	-0.02323  	-0.00294  	-0.00684  	1252.34567	 (0.00000   )
93	0.05567   	-0.01760  	-0.00701  	1288.31508	 (-0.00000  )
94	0.01268   	0.02081   	0.00820   	1246.28723	 (0.00000   )
95	0.08703   	-0.01998  	0.00697   	1282.09925	 (-0.00000  )
96	-0.10951  	0.34451   	0.00739   	1311.72913	 (0.00000   )
97	-0.00461  	-0.49118  	-0.00992  	1258.77994	 (-0.00000  )
98	0.37386   	0.23506   	0.05212   	1291.77476	 (0.00000   )
99	-0.06054  	-0.00185  	0.00889   	1259.23075	 (0.00000   )
100	-0.04885  	0.04778   	-0.01036  	1223.91920	 (0.00000   )
101	0.29644   	-0.02776  	0.01279   	1272.02907	 (-0.00000  )
102	-0.16003  	0.14245   	-0.01824  	1275.39891	 (0.00000   )
103	0.01978   	-0.01936  	0.01866   	1257.57489	 (0.00000   )
104	-0.01957  	0.00300   	-0.00265  	1246.22610	 (0.00000   )
105	0.20436   	0.04768   	-0.00998  	1296.86378	 (-0.00000  )
106	0.02674   	0.05766   	-0.01130  	1292.00156	 (-0.00000  )
107	0.00112   	0.01002   	-0.00326  	1253.72462	 (-0.00000  )
108	0.06648   	0.02087   	-0.28700  	1262.22124	 (-0.00000  )
109	0.04532   	-0.00498  	0.22917   	1244.94098	 (-0.00000  )
110	0.23113   	0.15083   	0.13667   	1338.94642	 (-0.00000  )
111	0.00795   	-0.19748  	-0.25055  	1337.35352	 (-0.00000  )
112	-0.07881  	-0.10487  	0.03046   	1330.52315	 (-0.00000  )
113	-0.03967  	0.21643   	-0.04696  	1322.09967	 (-0.00000  )
114	0.03034   	0.06766   	-0.06557  	1269.56115	 (0.00000   )
115	0.03766   	-0.22726  	0.00119   	1247.61489	 (-0.00000  )
116	0.06337   	-0.19267  	0.02442   	1250.71458	 (0.00000   )
117	-0.02703  	0.29834   	-0.01021  	1242.66184	 (-0.00000  )
118	0.24056   	-0.16278  	-0.10214  	1288.49772	 (-0.00000  )
119	0.31065   	0.05476   	0.01304   	1406.74047	 (0.00000   )
120	-0.01426  	0.10259   	-0.12980  	1405.32180	 (0.00000   )
121	-0.29773  	-0.15555  	0.06756   	1372.61296	 (0.00000   )
122	0.37274   	0.26164   	0.07587   	1408.70146	 (0.00000   )
123	-0.20190  	0.35331   	0.10314   	1421.86807	 (-0.00000  )
124	-0.02140  	0.13594   	-0.17074  	1377.16457	 (0.00000   )
125	-0.01973  	0.04375   	0.16686   	1342.58374	 (-0.00000  )
126	0.31858   	-0.10886  	0.09930   	1423.86955	 (0.00000   )
127	-0.69664  	-0.12571  	-0.23065  	1424.95433	 (0.00000   )
128	0.45634   	0.12529   	0.16502   	1348.08502	 (0.00000   )
129	-0.22890  	-0.50346  	-0.04087  	1441.17591	 (-0.00000  )
130	0.33524   	-0.06864  	0.04761   	1415.21029	 (-0.00000  )
131	0.17959   	0.34752   	-0.03374  	1407.78370	 (-0.00000  )
132	0.35114   	-0.43391  	-0.07819  	1412.39637	 (0.00000   )
133	-0.08239  	0.21717   	-0.02154  	1416.34501	 (0.00000   )
134	0.46027   	-0.36143  	0.11740   	1405.92363	 (0.00000   )
135	-0.01867  	0.18191   	0.41526   	1408.05827	 (0.00000   )
136	0.46285   	0.31497   	-0.08835  	1423.48769	 (-0.00000  )
137	-0.07335  	0.18410   	-0.03142  	1405.88228	 (-0.00000  )
138	-0.04137  	-0.00456  	-0.06803  	1398.45808	 (-0.00000  )
139	0.07295   	-0.41953  	-0.08880  	1376.70183	 (0.00000   )
140	-0.02328  	0.13049   	-0.04876  	1393.24505	 (0.00000   )
141	-0.24152  	0.44516   	-0.04531  	1410.18684	 (-0.00000  )
142	-0.01498  	0.02687   	-0.08068  	1401.07953	 (0.00000   )
143	0.42176   	0.21753   	-0.22003  	1400.55338	 (-0.00000  )
144	-0.15047  	0.09426   	0.05241   	1404.33640	 (0.00000   )
145	-0.08310  	0.13594   	-0.01209  	1405.70371	 (-0.00000  )
146	0.00737   	-0.18295  	-0.75242  	1388.97830	 (0.00000   )
147	0.00652   	-0.18322  	0.22097   	1400.94075	 (0.00000   )
148	-0.05213  	-0.38754  	0.12847   	1403.15658	 (0.00000   )
149	-0.06625  	-0.42004  	0.41701   	1395.56316	 (0.00000   )
150	0.38570   	0.17256   	-0.13759  	1381.93809	 (-0.00000  )
151	-0.04127  	0.03160   	-0.09196  	1400.58115	 (-0.00000  )
152	0.50730   	-0.01481  	-0.04215  	1396.05077	 (-0.00000  )
153	-0.16120  	-0.05870  	0.22166   	1404.77890	 (0.00000   )
154	-0.06660  	-0.10094  	-0.27100  	1398.04661	 (-0.00000  )
155	-0.41792  	0.21211   	-0.20393  	1399.83242	 (0.00000   )
156	-0.42096  	0.00356   	-0.01034  	1379.20663	 (-0.00000  )
157	-0.07993  	0.24340   	0.09024   	1382.20318	 (-0.00000  )
158	0.24466   	0.22602   	0.16693   	1412.25662	 (0.00000   )
159	0.01678   	0.19063   	-0.07000  	1413.57993	 (-0.00000  )
160	0.09032   	-0.07332  	0.19706   	1341.92779	 (0.00000   )
161	-0.08682  	-0.07847  	0.12497   	1402.58045	 (-0.00000  )
162	0.36421   	-0.10866  	-0.10178  	1413.91116	 (0.00000   )
163	0.17496   	-0.02058  	-0.02322  	1400.99124	 (0.00000   )
164	-0.06364  	0.24798   	0.00064   	1400.01808	 (-0.00000  )
165	-0.04634  	-0.25770  	-0.02937  	1408.67590	 (0.00000   )
166	-0.76210  	-0.04587  	-0.04448  	1385.96875	 (0.00000   )
167	-0.15718  	0.16365   	0.09898   	1405.23301	 (0.00000   )
168	-0.15665  	-0.08432  	-0.11512  	1386.81322	 (0.00000   )
169	0.31308   	0.07663   	-0.03895  	1409.95371	 (-0.00000  )
170	-0.12082  	-0.04196  	-0.02115  	1426.46401	 (-0.00000  )
171	-0.01524  	-0.17713  	0.02707   	1392.98826	 (0.00000   )
172	0.07569   	-0.15769  	-0.07674  	1410.49297	 (-0.00000  )
173	-0.18330  	-0.52405  	-0.03835  	1390.12434	 (0.00000   )
174	0.05401   	0.62963   	0.11407   	1400.25309	 (-0.00000  )
175	-0.03903  	0.00665   	-0.03995  	1455.17448	 (-0.00000  )
176	-0.46189  	-0.13318  	-0.20616  	1400.10941	 (-0.00000  )
177	-0.00358  	-0.27112  	0.08772   	1434.09217	 (-0.00000  )
178	0.51783   	-0.19707  	-0.06141  	1423.28002	 (-0.00000  )
179	0.09706   	0.46412   	0.04255   	1404.20710	 (0.00000   )
180	-0.36936  	-0.08922  	0.17801   	1408.53290	 (0.00000   )
181	-0.07422  	0.05450   	0.23391   	1394.93028	 (0.00000   )
182	-0.15710  	0.43100   	-0.29071  	1410.70320	 (-0.00000  )
183	-0.02744  	-0.28781  	-0.06827  	1415.99854	 (0.00000   )
184	-0.46162  	0.13814   	0.14208   	1419.62530	 (0.00000   )
185	-0.50090  	0.68949   	-0.23721  	1402.43925	 (0.00000   )
186	0.29457   	0.23759   	-0.04236  	1403.56311	 (-0.00000  )
187	0.37141   	0.04745   	-0.00797  	1429.19648	 (-0.00000  )
188	-0.05067  	0.00840   	-0.18099  	1398.21062	 (0.00000   )
189	0.20334   	-0.00878  	0.13119   	1404.33970	 (-0.00000  )
190	0.21007   	-0.12876  	-0.12616  	1396.39025	 (-0.00000  )
191	-0.15878  	0.30123   	0.17988   	1399.53347	 (0.00000   )
192	0.16263   	0.60728   	0.06757   	1401.67251	 (0.00000   )
193	0.21021   	-0.15478  	-0.25684  	1424.40259	 (0.00000   )
194	0.14768   	0.11627   	0.10621   	1422.26967	 (0.00000   )
195	-0.35786  	-0.37191  	0.02052   	1430.98107	 (-0.00000  )
196	-0.31668  	-0.83457  	-0.05763  	1393.01117	 (-0.00000  )
197	0.05527   	0.03220   	0.04357   	1397.97323	 (0.00000   )
198	0.32524   	0.18288   	0.06689   	1392.87275	 (-0.00000  )
199	0.20643   	0.17578   	-0.00343  	1399.77394	 (0.00000   )
200	0.53334   	-0.14242  	0.07365   	1415.12149	 (0.00000   )
201	-0.03049  	-0.12811  	0.05851   	1403.82930	 (-0.00000  )
202	-0.12477  	0.07504   	-0.04969  	1400.30862	 (-0.00000  )
203	-0.23653  	0.24083   	-0.00897  	1389.66748	 (0.00000   )
204	-0.81345  	-0.31902  	-0.00896  	1396.26497	 (0.00000   )
205	0.14022   	-0.08858  	-0.07335  	1409.48526	 (-0.00000  )
206	0.19239   	-0.27232  	0.01581   	1403.79297	 (-0.00000  )
207	0.35873   	0.30414   	-0.01885  	1388.20202	 (-0.00000  )
208	0.08078   	0.00830   	-0.04213  	1441.66799	 (0.00000   )
209	0.31832   	0.41158   	0.02120   	1418.40621	 (-0.00000  )
210	-0.33671  	0.35708   	0.01599   	1424.03332	 (0.00000   )
211	-0.07545  	-0.30042  	0.09575   	1428.96881	 (0.00000   )
212	0.99306   	-0.37282  	-0.02421  	1415.01715	 (-0.00000  )
213	-0.97507  	0.14276   	0.05193   	1430.21413	 (0.00000   )
214	0.06246   	0.17694   	0.06082   	1424.04887	 (-0.00000  )
215	-1.12146  	0.14549   	-0.02060  	1449.89055	 (0.00000   )
216	-0.16096  	-1.07997  	-0.00193  	1448.07070	 (-0.00000  )
217	-0.04643  	-0.08544  	0.02807   	1420.47669	 (-0.00000  )
218	0.17722   	0.39221   	-0.03383  	1423.28974	 (0.00000   )
219	0.40817   	0.70106   	-0.09620  	1426.78055	 (0.00000   )
220	-0.14322  	-0.18781  	0.05844   	1400.45917	 (-0.00000  )
221	0.21525   	0.25702   	0.02484   	1403.22500	 (-0.00000  )
222	0.09267   	-0.01245  	-0.11725  	1430.44879	 (0.00000   )
223	-0.14581  	1.02022   	-0.03583  	1456.67254	 (-0.00000  )
224	-0.06529  	0.45586   	-0.03270  	1436.35206	 (-0.00000  )
225	-0.16320  	-0.58883  	0.05344   	1435.99428	 (-0.00000  )
226	0.50748   	-1.00724  	-0.11696  	1477.08554	 (0.00000   )
227	0.27836   	0.32536   	0.08818   	1424.33196	 (0.00000   )
228	-0.38461  	0.05510   	0.09221   	1441.91997	 (0.00000   )
229	0.14270   	0.06424   	0.06322   	1455.74715	 (-0.00000  )
230	-0.05335  	-0.22641  	0.03435   	1398.55378	 (-0.00000  )
231	0.20384   	-0.14233  	-0.18011  	1374.53780	 (0.00000   )
232	-0.11646  	0.17666   	0.08224   	1442.11733	 (-0.00000  )
233	-0.50271  	-0.30859  	-0.09154  	1423.60214	 (0.00000   )
234	0.48562   	-1.01513  	0.00863   	1395.50831	 (-0.00000  )
235	0.04404   	1.47103   	0.04528   	1374.54615	 (0.00000   )
236	0.03626   	0.09561   	-0.01866  	1409.84435	 (0.00000   )
237	0.17775   	-0.49137  	-0.02974  	1440.31185	 (0.00000   )
238	0.02021   	0.15076   	-0.02943  	1439.05283	 (0.00000   )
239	-0.04384  	-0.39068  	0.00901   	1342.97547	 (0.00000   )
240	-0.18826  	0.28664   	-0.02077  	1396.61634	 (-0.00000  )
241	-0.00366  	-0.12702  	0.00553   	1383.43888	 (0.00000   )
242	-0.07240  	0.41831   	0.00243   	1401.92821	 (0.00000   )
243	0.06274   	-0.02656  	-0.01330  	1359.85137	 (0.00000   )
244	0.07472   	0.44756   	-0.03108  	1427.04619	 (-0.00000  )
245	0.08031   	-0.44808  	-0.03232  	1402.62896	 (0.00000   )
246	0.51261   	0.25446   	0.02781   	1393.17191	 (-0.00000  )
247	0.59849   	0.21805   	0.01053   	1397.33207	 (-0.00000  )
248	-0.27430  	-0.06457  	-0.01834  	1398.26473	 (-0.00000  )
249	0.00010   	-0.00223  	0.02181   	1382.52175	 (0.00000   )
250	-0.90867  	0.15620   	-0.09257  	1435.29200	 (-0.00000  )
251	0.07274   	0.01371   	0.00286   	1423.83106	 (-0.00000  )
252	-0.40748  	0.01352   	0.04768   	1434.76976	 (0.00000   )
253	0.44020   	0.01414   	0.03544   	1426.34173	 (-0.00000  )
254	-0.11122  	0.35311   	-0.03914  	1455.69334	 (-0.00000  )
255	0.07631   	-0.23464  	0.00961   	1455.13445	 (-0.00000  )
256	0.08223   	0.00030   	-0.02746  	1425.46837	 (-0.00000  )
257	0.79354   	-0.10610  	0.04478   	1433.11577	 (-0.00000  )
258	-0.61845  	0.33420   	-0.03583  	1418.94257	 (-0.00000  )
259	0.82435   	0.06574   	0.04452   	1405.75550	 (-0.00000  )
260	0.06586   	-0.17572  	-0.03648  	1430.82883	 (0.00000   )
261	-0.35365  	-0.15606  	0.05729   	1426.44808	 (0.00000   )
262	0.15357   	0.29075   	-0.02242  	1419.71809	 (-0.00000  )
263	-0.01137  	-0.13702  	0.03116   	1425.05045	 (0.00000   )
264	-0.03395  	-0.20321  	0.03677   	1423.72653	 (0.00000   )
265	-0.01690  	-0.05618  	-0.01767  	1399.40869	 (0.00000   )
266	-0.36685  	-0.12525  	-0.03122  	1431.46356	 (-0.00000  )
267	0.19228   	-0.03997  	-0.03228  	1435.25995	 (0.00000   )
268	0.74480   	0.89189   	0.03820   	1448.67616	 (-0.00000  )
269	-0.23980  	-0.48870  	-0.03952  	1435.03901	 (-0.00000  )
270	-0.54812  	-0.24130  	-0.04051  	1442.81299	 (0.00000   )
271	-0.00237  	0.03873   	-0.03393  	1443.90109	 (-0.00000  )
272	-0.20945  	0.46910   	0.12507   	1436.48240	 (-0.00000  )
273	-0.75633  	-0.58337  	-0.06007  	1436.59144	 (-0.00000  )
274	0.57772   	-0.88274  	0.05512   	1444.73718	 (-0.00000  )
275	0.98996   	0.92976   	-0.06860  	1445.23056	 (0.00000   )
276	0.60788   	0.33849   	-0.07802  	1449.37311	 (-0.00000  )
277	0.15445   	-0.39072  	-0.05904  	1472.61483	 (-0.00000  )
278	0.45266   	0.31455   	0.12072   	1470.98203	 (-0.00000  )
279	0.00267   	0.03281   	0.00952   	1376.02569	 (0.00000   )
280	-0.09937  	0.73527   	-0.05109  	1392.62081	 (0.00000   )
281	0.22152   	-0.63294  	-0.12371  	1383.93881	 (-0.00000  )
282	-0.30959  	0.29901   	-0.28291  	1424.06829	 (0.00000   )
283	0.54602   	0.28485   	-0.26135  	1409.00697	 (-0.00000  )
284	0.02132   	0.11521   	-0.00358  	1382.31429	 (0.00000   )
285	0.16459   	-0.05390  	-0.14198  	1396.72521	 (0.00000   )
286	-0.12160  	-0.19799  	0.25792   	1424.72798	 (-0.00000  )
287	0.64638   	-0.34689  	0.04437   	1465.58400	 (0.00000   )
288	0.17140   	0.04136   	0.02587   	1444.40455	 (0.00000   )
289	0.36009   	0.08362   	0.32867   	1452.23666	 (0.00000   )
290	0.31730   	0.51844   	-0.14733  	1473.32619	 (-0.00000  )
291	-0.31239  	-0.05810  	-0.15906  	1448.51098	 (0.00000   )
292	0.23651   	-0.08138  	-0.12683  	1467.24366	 (0.00000   )
293	0.25412   	0.33534   	-0.10155  	1479.90315	 (0.00000   )
294	0.82197   	0.07376   	0.25389   	1477.03107	 (0.00000   )
295	0.30227   	-0.00819  	-0.10307  	1436.87172	 (-0.00000  )
296	0.03652   	-0.70681  	-0.18700  	1451.74489	 (-0.00000  )
297	0.56048   	-0.16858  	0.24146   	1492.75201	 (-0.00000  )
298	0.03866   	-0.26740  	-0.15936  	1502.04782	 (0.00000   )
299	0.52908   	0.59920   	-0.11644  	1472.68589	 (-0.00000  )
300	0.02331   	-0.11462  	0.00303   	1480.87086	 (0.00000   )
301	-0.48895  	0.51076   	-0.12010  	1491.67622	 (-0.00000  )
302	0.33928   	-0.00372  	-0.10284  	1528.08869	 (0.00000   )
303	0.00359   	0.20551   	-0.02395  	1526.48669	 (0.00000   )
304	-0.66235  	0.13047   	-0.04451  	1508.94648	 (-0.00000  )
305	0.11928   	0.48391   	-0.10914  	1534.53609	 (-0.00000  )
306	-0.21755  	0.08824   	-0.03692  	1516.17009	 (-0.00000  )
307	0.11436   	0.42482   	0.10130   	1526.33414	 (-0.00000  )
308	-0.31518  	-0.51260  	-0.20123  	1520.40995	 (0.00000   )
309	0.15044   	-0.52112  	-0.11283  	1522.29301	 (0.00000   )
310	0.37950   	-0.07486  	0.36742   	1538.64128	 (0.00000   )
311	0.20905   	0.53692   	0.12980   	1547.59613	 (0.00000   )
312	0.10403   	-0.38032  	-0.20199  	1542.98796	 (-0.00000  )
313	-0.39730  	-0.06576  	0.20063   	1544.10360	 (-0.00000  )
314	-1.07700  	0.42981   	-0.29946  	1561.88887	 (-0.00000  )
315	0.08782   	-0.28818  	0.12458   	1551.19527	 (0.00000   )
316	0.38114   	-0.46645  	-0.11831  	1537.84343	 (0.00000   )
317	0.26123   	-0.03434  	-0.23420  	1509.73681	 (-0.00000  )
318	0.26575   	0.55365   	0.06751   	1511.69300	 (0.00000   )
319	-0.21857  	0.10276   	0.02250   	1542.86137	 (-0.00000  )
320	0.03820   	0.59410   	0.03624   	1532.98027	 (-0.00000  )
321	0.18141   	0.38334   	-0.04837  	1548.40055	 (-0.00000  )
322	-0.16561  	-0.11777  	0.12796   	1521.78246	 (0.00000   )
323	-0.08924  	0.29726   	-0.07728  	1526.15023	 (0.00000   )
324	-0.28966  	-0.62027  	-0.26430  	1552.19622	 (-0.00000  )
325	-0.50603  	-0.18269  	0.00475   	1539.30293	 (-0.00000  )
326	0.01713   	-0.52383  	0.11934   	1515.31603	 (0.00000   )
327	0.05514   	-0.10903  	0.00623   	1537.26051	 (0.00000   )
328	0.74702   	-0.07847  	-0.13052  	1511.67093	 (0.00000   )
329	0.58067   	0.16304   	0.11360   	1498.31501	 (0.00000   )
330	-0.70043  	0.65321   	-0.13463  	1511.35224	 (-0.00000  )
331	0.03747   	-0.20159  	0.31888   	1500.51263	 (0.00000   )
332	-0.14808  	0.04726   	-0.28672  	1497.70997	 (0.00000   )
333	0.43443   	0.18878   	-0.06498  	1507.85322	 (0.00000   )
334	-0.42059  	0.05562   	0.21585   	1504.80861	 (-0.00000  )
335	0.85224   	0.69119   	-0.38223  	1541.06441	 (-0.00000  )
336	0.06833   	0.07007   	0.08466   	1512.93354	 (-0.00000  )
337	0.20867   	0.11842   	0.13335   	1534.00996	 (0.00000   )
338	-0.43595  	-0.46108  	0.14286   	1553.93110	 (-0.00000  )
339	-0.46147  	0.30658   	-0.00428  	1532.38371	 (-0.00000  )
340	-0.18012  	-0.07671  	-0.13624  	1536.89608	 (0.00000   )
341	0.19463   	0.39659   	-0.07152  	1474.60521	 (0.00000   )
342	0.00982   	0.22942   	0.07811   	1475.15761	 (0.00000   )
343	-0.26954  	-0.09741  	-0.00974  	1499.04867	 (-0.00000  )
344	0.29559   	0.07226   	-0.34713  	1531.23805	 (0.00000   )
345	-0.56681  	-0.24154  	0.15065   	1494.91963	 (-0.00000  )
346	0.22702   	-0.06241  	-0.33022  	1508.46591	 (0.00000   )
347	-0.13052  	-0.03117  	-0.11513  	1457.44663	 (0.00000   )
348	0.31323   	-0.28645  	-0.29958  	1482.17916	 (0.00000   )
349	-0.11067  	-0.07918  	0.06446   	1498.44793	 (-0.00000  )
350	-0.06096  	-0.24917  	0.23782   	1472.87190	 (0.00000   )
351	-0.04088  	0.33178   	0.40333   	1504.27628	 (0.00000   )
352	-0.03006  	-0.30004  	-0.04945  	1512.33024	 (-0.00000  )
353	0.23212   	0.17157   	0.07191   	1535.98418	 (-0.00000  )
354	0.17900   	-0.13850  	-0.03675  	1521.89984	 (0.00000   )
355	0.16793   	-0.40734  	-0.12828  	1473.63395	 (0.00000   )
356	0.05271   	-0.04655  	-0.12640  	1473.86547	 (0.00000   )
357	-0.29830  	-0.27447  	0.07103   	1506.04364	 (-0.00000  )
358	-0.07081  	-0.72680  	0.17400   	1472.38298	 (0.00000   )
359	0.03782   	0.57258   	-0.11596  	1486.42401	 (-0.00000  )
360	-0.08223  	0.68069   	0.06528   	1448.89626	 (0.00000   )
361	-0.59079  	0.14744   	0.12339   	1527.07737	 (-0.00000  )
362	0.57563   	0.57678   	-0.24922  	1542.67426	 (0.00000   )
363	0.04628   	-0.32473  	-0.20865  	1496.02328	 (0.00000   )
364	-0.19811  	-0.11049  	0.03443   	1546.13665	 (0.00000   )
365	-0.50590  	0.13907   	-0.03513  	1506.51129	 (-0.00000  )
366	-0.78249  	-0.26199  	0.07493   	1523.89882	 (-0.00000  )
367	0.72529   	0.40894   	0.25639   	1539.69907	 (0.00000   )
368	-0.42667  	-0.19052  	-0.15850  	1534.09046	 (-0.00000  )
369	0.01421   	-0.00970  	0.16558   	1512.89963	 (-0.00000  )
370	0.33088   	-0.29991  	0.12315   	1523.49184	 (0.00000   )
371	-0.00813  	1.22616   	-0.02677  	1584.47176	 (-0.00000  )
372	0.62103   	0.80646   	-0.14570  	1537.63896	 (0.00000   )
373	-0.45746  	-0.19100  	0.00909   	1514.38299	 (-0.00000  )
374	-0.64126  	-0.06376  	-0.03591  	1559.76459	 (0.00000   )
375	-0.39092  	0.49628   	-0.28681  	1540.11935	 (0.00000   )
376	-0.05851  	-0.32434  	0.11875   	1547.56649	 (-0.00000  )
377	-0.19043  	-0.30845  	-0.04464  	1524.66072	 (0.00000   )
378	0.17731   	0.30651   	0.00156   	1535.92510	 (-0.00000  )
379	0.36609   	-0.19410  	0.18740   	1540.75248	 (0.00000   )
380	0.05463   	0.38591   	0.16763   	1520.67050	 (-0.00000  )
381	0.09932   	-0.38644  	-0.19295  	1525.42678	 (-0.00000  )
382	0.48048   	-0.31541  	0.21681   	1503.56417	 (-0.00000  )
383	0.26318   	0.11662   	-0.29817  	1523.82822	 (-0.00000  )
384	-0.08717  	0.29243   	-0.03444  	1521.13755	 (-0.00000  )
385	-0.84090  	-0.15106  	-0.13507  	1498.66542	 (-0.00000  )
386	0.12042   	-0.29196  	0.11571   	1532.11798	 (-0.00000  )
387	0.49034   	-0.32151  	-0.04862  	1474.63012	 (0.00000   )
388	-0.40125  	0.07866   	0.09255   	1471.95392	 (-0.00000  )
389	0.16085   	-0.10042  	-0.08733  	1485.68931	 (0.00000   )
390	0.26940   	0.77225   	-0.05063  	1453.64832	 (-0.00000  )
391	0.00279   	-0.35547  	-0.08048  	1493.30695	 (0.00000   )
392	-0.07362  	-0.43263  	0.13883   	1482.28604	 (0.00000   )
393	-0.68726  	0.56402   	-0.05851  	1482.44759	 (-0.00000  )
394	0.15646   	-0.12093  	0.16939   	1485.54318	 (-0.00000  )
395	0.05843   	0.16080   	-0.00003  	1457.20907	 (0.00000   )
396	0.06500   	0.54667   	-0.31906  	1522.40258	 (0.00000   )
397	0.40348   	0.17143   	-0.00361  	1501.71599	 (0.00000   )
398	-0.03997  	0.34951   	0.35080   	1546.74022	 (-0.00000  )
399	-0.23550  	-0.08789  	0.10108   	1517.04509	 (0.00000   )
400	0.32568   	-0.07135  	-0.30185  	1511.87467	 (0.00000   )
401	-0.57287  	-0.60182  	-0.06522  	1501.14958	 (-0.00000  )
402	-0.33703  	0.13434   	0.23473   	1530.03382	 (0.00000   )
403	0.16908   	-0.47798  	-0.28055  	1489.05964	 (-0.00000  )
404	-0.47337  	-0.31725  	0.24182   	1495.55752	 (-0.00000  )
405	0.43289   	-0.24779  	-0.28272  	1525.43489	 (0.00000   )
406	-0.37624  	0.19209   	0.02240   	1509.75607	 (0.00000   )
407	0.05441   	0.11852   	-0.04032  	1438.50621	 (0.00000   )
408	0.30564   	0.70244   	-0.05186  	1548.34366	 (-0.00000  )
409	0.26236   	0.60422   	-0.00647  	1516.72656	 (0.00000   )
410	0.04063   	-0.10233  	0.06254   	1513.42761	 (0.00000   )
411	-0.35789  	0.41768   	-0.18606  	1511.99225	 (-0.00000  )
412	-0.28290  	-0.22575  	-0.20924  	1522.56443	 (-0.00000  )
413	0.76613   	-0.28719  	0.07121   	1510.62695	 (-0.00000  )
414	-0.90622  	0.07495   	-0.00280  	1476.35541	 (0.00000   )
415	0.52359   	-0.08826  	0.10158   	1501.91806	 (-0.00000  )
416	-0.05775  	0.28481   	0.02897   	1483.34797	 (-0.00000  )
417	0.07940   	-0.34306  	-0.09302  	1463.90937	 (-0.00000  )
418	0.30564   	-0.56557  	0.19578   	1537.83423	 (-0.00000  )
419	0.32819   	1.02461   	0.06095   	1514.45198	 (-0.00000  )
420	0.49775   	-0.00743  	-0.11329  	1484.10932	 (0.00000   )
421	-0.55897  	0.15208   	-0.07085  	1516.76897	 (-0.00000  )
422	0.53443   	-0.13484  	0.02224   	1470.37823	 (0.00000   )
423	0.57649   	-0.16773  	0.03245   	1497.76376	 (-0.00000  )
424	-0.32903  	0.86053   	0.02131   	1509.91436	 (0.00000   )
425	0.64037   	-0.77993  	-0.06312  	1515.13299	 (-0.00000  )
426	0.47030   	1.02193   	0.00320   	1492.01318	 (-0.00000  )
427	0.23090   	0.27378   	-0.10577  	1495.70712	 (-0.00000  )
428	-0.99747  	-0.26324  	0.04504   	1504.49923	 (-0.00000  )
429	-0.43313  	-0.09246  	-0.07256  	1505.40264	 (-0.00000  )
430	-0.13860  	0.38696   	-0.01751  	1504.27921	 (0.00000   )
431	-0.17756  	-0.70152  	-0.03621  	1496.75156	 (0.00000   )
432	-0.41485  	0.62640   	0.16622   	1488.63917	 (-0.00000  )
433	0.00102   	0.05194   	0.21282   	1454.90216	 (0.00000   )
434	-0.13668  	-0.26313  	0.19272   	1501.17072	 (0.00000   )
435	-0.31308  	0.05934   	-0.34564  	1467.71807	 (0.00000   )
436	0.29925   	-0.15735  	-0.06039  	1436.32458	 (0.00000   )
437	-0.96890  	0.53304   	0.05166   	1515.36273	 (0.00000   )
438	0.48752   	0.03495   	0.08777   	1524.85981	 (-0.00000  )
439	0.06556   	-0.27235  	0.05415   	1543.68418	 (-0.00000  )
440	0.23436   	0.14317   	-0.00205  	1540.44582	 (-0.00000  )
441	-0.06437  	0.19749   	-0.00064  	1545.58890	 (-0.00000  )
442	0.09621   	0.34892   	0.15216   	1524.68321	 (0.00000   )
443	0.64002   	0.46403   	0.02937   	1533.73111	 (0.00000   )
444	-0.48926  	-1.04330  	-0.05546  	1556.76645	 (-0.00000  )
445	-0.04241  	-0.11234  	-0.05540  	1561.33445	 (-0.00000  )
446	-0.26621  	1.11356   	0.01084   	1578.00861	 (0.00000   )
447	0.71952   	0.32030   	0.02211   	1478.30955	 (0.00000   )
448	0.94724   	0.03064   	0.16926   	1474.26987	 (-0.00000  )
449	-0.45628  	-1.15592  	-0.04172  	1585.78017	 (-0.00000  )
450	0.00177   	-0.59373  	0.00711   	1538.31565	 (0.00000   )
451	0.46301   	-0.53295  	-0.02937  	1519.04337	 (0.00000   )
452	0.37270   	1.32847   	-0.05767  	1585.63953	 (0.00000   )
453	-0.26861  	-0.35564  	-0.03498  	1449.94295	 (-0.00000  )
454	0.61767   	0.23870   	-0.02054  	1515.92596	 (0.00000   )
455	-0.26860  	-0.11072  	-0.32886  	1439.76758	 (-0.00000  )
456	0.19516   	-0.30538  	0.02021   	1422.03605	 (-0.00000  )
457	0.78693   	-0.63109  	-0.07726  	1509.11296	 (-0.00000  )
458	0.70343   	-0.10311  	-0.05712  	1488.50152	 (0.00000   )
459	0.16728   	0.09478   	0.00460   	1474.24707	 (0.00000   )
460	0.03489   	0.32352   	-0.00720  	1424.01769	 (0.00000   )
461	0.03699   	-1.08015  	-0.01480  	1410.20309	 (0.00000   )
462	2.03992   	0.02868   	0.00931   	1563.92782	 (-0.00000  )
463	-0.63413  	3.27746   	-0.03066  	1531.58620	 (0.00000   )
464	0.41537   	-2.34226  	-0.03826  	1546.90933	 (-0.00000  )
465	1.63737   	0.29591   	-0.03970  	1551.09008	 (0.00000   )
466	-0.07719  	0.52431   	0.04891   	1552.95657	 (0.00000   )
467	0.19013   	0.10553   	0.01353   	1533.91535	 (-0.00000  )
468	-0.22321  	0.03268   	0.00280   	1534.81714	 (-0.00000  )
469	-0.47321  	0.01104   	0.04487   	1495.50463	 (-0.00000  )
470	0.01151   	-0.09521  	-0.00702  	1541.02454	 (-0.00000  )
471	0.45418   	0.04461   	-0.01550  	1539.47850	 (-0.00000  )
472	0.02496   	-0.27358  	-0.10129  	1542.49186	 (-0.00000  )
473	0.61846   	1.06159   	0.02259   	1539.07101	 (0.00000   )
474	-0.68422  	-0.17596  	-0.17656  	1535.77769	 (-0.00000  )
475	0.18489   	-0.18929  	-0.00144  	1541.16442	 (0.00000   )
476	0.34970   	0.30492   	0.04016   	1480.88948	 (0.00000   )
477	0.76352   	-0.50734  	-0.65365  	1473.84039	 (0.00000   )
478	0.08301   	0.01409   	0.02170   	1398.19907	 (0.00000   )
479	-0.18215  	0.05035   	0.16537   	1412.94634	 (0.00000   )
480	0.01754   	-0.04936  	-0.13647  	1394.80242	 (0.00000   )
481	-1.01751  	0.21923   	-0.03024  	1531.61529	 (-0.00000  )
482	-0.12063  	0.32130   	-0.08025  	1485.66466	 (0.00000   )
483	-1.43727  	0.54268   	-0.17735  	1574.25722	 (-0.00000  )
484	0.62610   	0.39399   	0.17653   	1639.28152	 (-0.00000  )
485	1.71232   	0.02083   	0.14458   	1543.67661	 (0.00000   )
486	-0.27869  	-0.17746  	-0.03174  	1621.15530	 (-0.00000  )
487	-0.08794  	-0.08654  	0.19166   	1625.88401	 (0.00000   )
488	-0.34102  	0.10928   	0.46688   	1528.74324	 (0.00000   )
489	0.57254   	-0.24922  	-0.57868  	1511.22417	 (-0.00000  )
490	0.90966   	0.69799   	-0.75010  	1517.32002	 (-0.00000  )
491	0.00321   	0.28908   	0.37198   	1492.73716	 (-0.00000  )
492	1.30408   	-0.66796  	-0.19530  	1499.11047	 (-0.00000  )
493	0.53582   	-0.42720  	0.06157   	1505.77572	 (0.00000   )
494	0.86249   	0.54679   	-0.20446  	1510.51101	 (0.00000   )
495	0.44110   	0.29364   	-0.34145  	1495.46354	 (0.00000   )
496	1.26135   	0.31364   	0.06615   	1517.71067	 (0.00000   )
497	0.47085   	0.32696   	0.18058   	1556.54961	 (-0.00000  )
498	-0.32872  	-0.06614  	-0.46519  	1547.27274	 (-0.00000  )
499	-0.47683  	0.32320   	0.41441   	1605.56748	 (-0.00000  )
500	0.44323   	0.39110   	-0.06903  	1622.15777	 (-0.00000  )
501	-0.54158  	-0.39701  	0.05673   	1611.34595	 (0.00000   )
502	-0.06135  	-0.33946  	-0.30760  	1417.42593	 (0.00000   )
503	-0.20752  	0.21791   	-0.16071  	1583.61117	 (0.00000   )
504	0.55881   	0.40318   	-0.30798  	1434.81464	 (0.00000   )
505	0.42436   	0.50481   	-0.08195  	1641.19198	 (-0.00000  )
506	-0.47920  	1.12529   	-0.03350  	1551.83689	 (0.00000   )
507	-0.58194  	-1.48785  	-0.06373  	1564.97167	 (-0.00000  )
508	0.19911   	-0.01255  	-0.25616  	1556.46575	 (0.00000   )
509	0.78022   	-0.08463  	-0.62722  	1482.60316	 (0.00000   )
510	-0.18858  	0.33933   	0.27199   	1472.43350	 (0.00000   )
511	-0.52926  	0.02845   	-0.04694  	1630.21782	 (0.00000   )
512	-0.19050  	0.99974   	-0.00610  	1575.85567	 (0.00000   )
513	-0.31694  	-0.20639  	0.14353   	1496.67076	 (-0.00000  )
514	-0.19587  	-0.70683  	-0.17393  	1614.22528	 (0.00000   )
515	-0.03940  	1.55261   	0.16644   	1622.99045	 (-0.00000  )
516	0.99331   	-1.20519  	-0.26280  	1739.10133	 (0.00000   )
517	-0.04026  	1.04707   	-0.05925  	1722.73617	 (0.00000   )
518	-0.43028  	0.57712   	-0.02153  	1596.31108	 (-0.00000  )
519	-1.80057  	0.31293   	-0.01360  	1594.07517	 (0.00000   )
520	-1.10237  	-0.42538  	-0.01325  	1639.87599	 (-0.00000  )
521	1.16218   	0.71640   	-0.13097  	1610.41416	 (-0.00000  )
522	0.38554   	1.14798   	-0.07748  	1661.50959	 (0.00000   )
523	-1.25116  	0.24311   	0.00485   	1641.06892	 (0.00000   )
524	-0.06965  	-0.41390  	-0.11783  	1657.12069	 (0.00000   )
525	-0.56442  	-0.02838  	0.11093   	1649.27326	 (-0.00000  )
526	0.34823   	0.17810   	-0.43618  	1501.45818	 (0.00000   )
527	0.48730   	-0.04520  	-0.07417  	1533.88414	 (-0.00000  )
528	0.80308   	0.10863   	-0.13538  	1487.42084	 (-0.00000  )
529	0.26504   	0.55302   	-0.58501  	1612.77299	 (0.00000   )
530	0.70718   	-0.72041  	0.42955   	1616.91124	 (-0.00000  )
531	1.43115   	0.47328   	0.08130   	1487.58095	 (0.00000   )
532	-0.12004  	0.26867   	-0.00055  	1558.99055	 (0.00000   )
533	-0.45369  	1.16018   	-0.01659  	1548.37338	 (-0.00000  )
534	-0.27252  	2.28029   	-0.00099  	1661.60246	 (0.00000   )
535	-1.01021  	-1.14142  	-0.08195  	1657.24213	 (-0.00000  )
536	1.44698   	0.23466   	-0.29563  	1433.27505	 (-0.00000  )
537	-1.49867  	-0.46756  	0.06500   	1681.84917	 (-0.00000  )
538	-0.10907  	1.12621   	-0.01587  	1678.38893	 (-0.00000  )
539	0.13308   	-1.03410  	-0.09189  	1689.88030	 (-0.00000  )
540	1.13328   	1.07200   	-0.20845  	1690.09017	 (0.00000   )
541	-0.57688  	2.86607   	-0.05653  	1646.40980	 (0.00000   )
542	-0.12707  	-1.71755  	0.03167   	1643.11880	 (-0.00000  )
543	0.10060   	0.50683   	-0.02147  	1666.29492	 (-0.00000  )
544	1.88395   	0.35754   	-0.18654  	1687.66083	 (0.00000   )
545	0.83949   	0.77509   	-0.00477  	1642.92978	 (0.00000   )
