0	-0.04971  	0.08571   	0.01460   	1366.94353	 (0.00000   )
1	0.09318   	-0.05436  	0.10648   	1392.40579	 (0.00000   )
2	-0.18469  	0.14847   	-0.10946  	1389.83263	 (0.00000   )
3	0.16162   	-0.19810  	-0.01574  	1394.49969	 (0.00000   )
4	0.05217   	-0.02437  	0.31706   	1683.66163	 (-0.00000  )
5	-0.03285  	0.03751   	-0.21426  	1660.23453	 (-0.00000  )
6	0.09336   	-0.08634  	-0.00555  	1668.41096	 (-0.00000  )
7	-0.04169  	0.07279   	-0.08097  	1678.15850	 (0.00000   )
8	0.20528   	-0.23044  	-0.04180  	1673.05814	 (-0.00000  )
9	-0.26637  	0.25026   	-0.02574  	1677.56660	 (0.00000   )
10	-0.01272  	-0.00173  	0.02373   	1668.67380	 (-0.00000  )
11	-0.02178  	0.03413   	-0.00598  	1667.05867	 (0.00000   )
12	-0.00819  	-0.01013  	-0.07741  	1678.62767	 (-0.00000  )
13	0.08177   	-0.08084  	0.06970   	1688.76668	 (0.00000   )
14	0.00704   	-0.01793  	-0.06692  	1689.75220	 (-0.00000  )
15	0.14178   	-0.10806  	0.02463   	1684.80988	 (-0.00000  )
16	-0.10278  	0.12504   	0.47978   	1676.21100	 (-0.00000  )
17	-0.01436  	-0.00250  	-0.41536  	1674.64492	 (0.00000   )
18	-0.08833  	0.10642   	0.10834   	1672.41635	 (0.00000   )
19	0.00366   	0.04870   	0.10859   	1671.04359	 (0.00000   )
20	0.00203   	-0.07024  	-0.13192  	1655.39272	 (0.00000   )
21	-0.10100  	-0.06060  	0.49286   	1654.53918	 (-0.00000  )
22	-0.40784  	0.43752   	-0.53257  	1649.79225	 (0.00000   )
23	0.54898   	-0.46816  	-0.06885  	1675.09755	 (0.00000   )
24	-0.02810  	0.03286   	0.01843   	1670.03084	 (0.00000   )
25	0.13894   	-0.25955  	0.60119   	1976.67368	 (-0.00000  )
26	0.04726   	-0.01930  	0.03055   	1677.46898	 (0.00000   )
27	-0.07199  	0.07157   	-0.00566  	1668.26682	 (0.00000   )
28	0.05401   	-0.07828  	-0.01632  	1667.90478	 (0.00000   )
29	0.25848   	-0.37725  	-0.40905  	1968.21575	 (0.00000   )
30	-0.57237  	0.62690   	-0.12926  	1986.15731	 (0.00000   )
31	-0.45578  	0.68860   	-0.30779  	1891.85604	 (0.00000   )
32	-0.09431  	-0.00704  	0.02780   	1908.96131	 (-0.00000  )
33	0.10660   	0.34148   	-0.32131  	1887.69527	 (-0.00000  )
34	0.48090   	-0.00595  	-0.06893  	1877.60785	 (-0.00000  )
35	0.62703   	-0.31036  	0.10254   	1913.64806	 (-0.00000  )
36	0.52906   	-0.29110  	-0.41406  	1905.68159	 (0.00000   )
37	-0.14400  	-0.26340  	0.04834   	1948.60314	 (0.00000   )
38	-0.42508  	-0.32350  	-0.19234  	1940.55696	 (0.00000   )
39	0.06495   	0.04694   	0.23976   	1978.94274	 (-0.00000  )
40	0.07856   	-0.09834  	0.21904   	1936.98281	 (0.00000   )
41	-0.15788  	-0.08580  	-0.08401  	1965.87139	 (-0.00000  )
42	-0.05185  	0.09866   	0.04835   	1923.47036	 (-0.00000  )
43	-0.08100  	0.06615   	-0.32545  	1903.45739	 (-0.00000  )
44	0.03957   	0.07989   	0.02049   	1979.18973	 (-0.00000  )
45	-0.23379  	-0.34295  	0.19496   	1992.93085	 (-0.00000  )
46	0.45049   	0.17688   	-0.08613  	1985.70867	 (-0.00000  )
47	-0.16324  	0.03522   	-0.43240  	1973.06047	 (-0.00000  )
48	0.00694   	-0.48472  	0.74742   	1947.35572	 (0.00000   )
49	0.13253   	-0.59884  	0.10437   	1953.82888	 (0.00000   )
50	0.08361   	0.05786   	0.52895   	1946.02002	 (-0.00000  )
51	0.07763   	0.35187   	-0.63285  	1935.65572	 (-0.00000  )
52	0.21745   	0.15707   	0.23682   	1910.17186	 (0.00000   )
53	-0.41194  	-0.13428  	1.26650   	1941.33903	 (0.00000   )
54	-0.07786  	-0.03785  	-1.39473  	1941.52243	 (-0.00000  )
55	-0.01633  	0.30207   	-0.24659  	1905.86803	 (0.00000   )
56	0.13406   	-0.06966  	-0.06060  	1894.69077	 (-0.00000  )
57	-0.03884  	0.06748   	-0.74754  	1910.39387	 (0.00000   )
58	0.70125   	-0.24528  	-0.52156  	1861.41131	 (0.00000   )
59	0.38290   	0.03839   	-0.44218  	1855.66159	 (-0.00000  )
60	-0.29369  	0.29571   	-0.27613  	1835.05820	 (-0.00000  )
61	0.39856   	-0.60647  	0.03222   	1845.75768	 (-0.00000  )
62	-0.01291  	0.05334   	-0.06449  	1903.07229	 (-0.00000  )
63	0.01697   	0.08963   	0.15488   	1920.70322	 (0.00000   )
64	-0.34713  	0.30163   	0.06220   	1932.53424	 (-0.00000  )
65	-0.89858  	1.13095   	0.13511   	1814.40415	 (-0.00000  )
66	-0.65049  	0.71919   	-0.10155  	1899.72071	 (-0.00000  )
67	0.80279   	-0.59080  	0.25357   	1872.41897	 (0.00000   )
68	0.30900   	-0.20313  	-0.18504  	1888.27026	 (0.00000   )
69	-0.21385  	0.33577   	0.30576   	1898.22557	 (-0.00000  )
70	0.08496   	-0.20287  	0.58162   	1841.12851	 (-0.00000  )
71	0.14314   	-1.03534  	0.46075   	1892.27540	 (0.00000   )
72	0.56830   	0.39930   	0.07719   	1865.69074	 (-0.00000  )
73	-0.05770  	-0.52554  	-0.06265  	1876.44512	 (0.00000   )
74	-0.21807  	0.35486   	-0.10748  	1914.94545	 (0.00000   )
75	-0.29545  	-0.06706  	-0.25394  	1801.18285	 (0.00000   )
76	-0.32896  	0.94536   	-0.18268  	1861.16384	 (0.00000   )
77	-0.48261  	0.79509   	0.18265   	1878.57762	 (0.00000   )
78	0.85606   	-1.50883  	0.76547   	1888.85948	 (-0.00000  )
79	-0.25743  	-0.55749  	-0.38204  	1878.65238	 (-0.00000  )
80	0.31271   	0.57554   	-0.01794  	1885.86081	 (-0.00000  )
81	-0.10594  	0.11079   	-0.03256  	1946.12370	 (-0.00000  )
82	0.07749   	0.05533   	-0.14286  	1914.37028	 (-0.00000  )
83	0.37527   	0.21051   	0.16036   	1915.57078	 (0.00000   )
84	-0.30661  	-0.48565  	0.04222   	1904.40276	 (-0.00000  )
85	0.02800   	-0.02956  	-0.02207  	1910.14847	 (-0.00000  )
86	0.58244   	-0.51376  	-0.07728  	1922.05765	 (-0.00000  )
87	0.01620   	-0.09852  	0.12939   	1927.71289	 (0.00000   )
88	-0.48815  	0.48549   	-0.04558  	1910.10753	 (0.00000   )
89	0.01887   	-0.02470  	0.00347   	1900.68460	 (0.00000   )
90	0.10927   	-0.22209  	0.92497   	2158.61998	 (-0.00000  )
91	0.01128   	-0.02184  	0.06281   	2198.37001	 (0.00000   )
92	1.00500   	-0.97719  	-0.03821  	2183.38924	 (0.00000   )
93	-0.26252  	0.36757   	0.09804   	2169.29555	 (-0.00000  )
94	-0.05817  	0.22725   	-0.16862  	2141.89154	 (0.00000   )
95	-0.46100  	0.45230   	-0.45089  	2191.42241	 (-0.00000  )
96	-0.00136  	0.00199   	-0.00058  	1806.82774	 (-0.00000  )
97	-0.84701  	0.85309   	-0.98038  	2137.14575	 (0.00000   )
98	0.19191   	-0.37495  	0.36526   	2238.95624	 (0.00000   )
99	-0.00263  	0.00419   	0.04218   	1808.35214	 (0.00000   )
100	-0.03850  	0.03797   	-0.04220  	1808.58096	 (0.00000   )
101	0.06815   	0.33845   	-0.07191  	2187.32076	 (0.00000   )
102	0.04620   	-0.04904  	-0.00110  	1763.72368	 (-0.00000  )
103	0.47695   	0.17021   	-0.27303  	2185.43154	 (0.00000   )
104	-0.51053  	-0.52582  	-0.25498  	2229.68947	 (0.00000   )
105	-0.58550  	0.51847   	0.17310   	2127.98328	 (-0.00000  )
106	-0.57047  	0.25469   	0.12848   	2100.24081	 (0.00000   )
107	-0.86255  	1.11532   	-0.41545  	2092.14667	 (0.00000   )
108	1.13063   	-1.29293  	-0.65504  	2047.11471	 (-0.00000  )
109	1.72424   	-0.05368  	-0.74968  	2057.98289	 (-0.00000  )
110	0.90531   	-0.61815  	-0.84627  	2055.28874	 (-0.00000  )
111	-0.17347  	0.04645   	-0.59228  	2069.93421	 (-0.00000  )
112	0.74871   	-0.30716  	-0.24694  	2052.48267	 (0.00000   )
113	0.09063   	-0.10414  	0.12145   	2091.97331	 (0.00000   )
114	0.10967   	-0.20981  	0.13653   	2142.25773	 (-0.00000  )
115	0.03208   	-0.63831  	-0.30295  	2134.59630	 (-0.00000  )
116	0.02725   	0.29498   	-0.23951  	2148.99783	 (0.00000   )
117	0.18316   	-0.17106  	-0.64089  	2132.14562	 (0.00000   )
118	-0.20909  	-0.01624  	-0.13182  	2127.38166	 (0.00000   )
119	-0.09697  	0.24165   	0.07644   	2136.33538	 (0.00000   )
120	-0.08964  	-0.17764  	-0.70210  	2114.03144	 (-0.00000  )
121	0.23887   	0.31045   	-0.01869  	2151.58245	 (0.00000   )
122	-0.04650  	-0.08049  	0.54611   	2140.71127	 (-0.00000  )
123	0.14607   	0.34418   	-0.46415  	2126.37998	 (-0.00000  )
124	-0.52235  	-0.18078  	0.17282   	2125.09296	 (0.00000   )
125	-0.03404  	-0.32638  	0.73905   	2135.82214	 (0.00000   )
126	0.41995   	-0.21865  	-0.14672  	2142.76771	 (-0.00000  )
127	0.00539   	0.28727   	-0.17415  	2116.97854	 (-0.00000  )
128	0.17613   	-0.13459  	0.73653   	2117.10602	 (-0.00000  )
129	0.35579   	0.06681   	0.05776   	2136.55924	 (-0.00000  )
130	-0.08056  	-0.16939  	0.30164   	2098.96485	 (-0.00000  )
131	-0.27647  	-0.38243  	0.15751   	2088.68284	 (0.00000   )
132	-0.47540  	-0.28236  	0.05940   	2057.04744	 (0.00000   )
133	0.25891   	0.08203   	0.47495   	2053.90248	 (0.00000   )
134	-0.14520  	-0.04904  	0.00492   	2109.97112	 (-0.00000  )
135	-0.38704  	0.25137   	-0.05451  	2130.74483	 (0.00000   )
136	0.15635   	0.07432   	0.40289   	2117.82528	 (0.00000   )
137	0.35379   	0.19029   	0.13124   	2181.24803	 (-0.00000  )
138	-0.14776  	-0.22567  	0.24777   	2173.63627	 (0.00000   )
139	0.08851   	-0.16803  	0.17422   	2171.92137	 (-0.00000  )
140	-0.13957  	0.13960   	-0.60677  	2161.40625	 (0.00000   )
141	0.20131   	0.03194   	-0.08097  	2096.19364	 (0.00000   )
142	0.42964   	-0.36425  	-0.13476  	2122.85142	 (-0.00000  )
143	0.35311   	-0.54994  	0.29087   	2034.76097	 (-0.00000  )
144	-0.68518  	0.26754   	0.21943   	2045.13264	 (-0.00000  )
145	-0.23671  	0.58617   	0.12975   	2077.73185	 (0.00000   )
146	-1.11820  	0.52610   	0.15297   	2118.44334	 (0.00000   )
147	0.59701   	-0.80572  	0.05907   	2062.36232	 (-0.00000  )
148	0.29579   	-0.17310  	-0.25866  	2042.66795	 (-0.00000  )
149	0.74239   	-0.57936  	0.33481   	2056.39084	 (-0.00000  )
150	0.70827   	-0.16175  	-0.16749  	2091.47697	 (0.00000   )
151	-0.02732  	0.08408   	0.18163   	2063.31919	 (-0.00000  )
152	-0.03313  	0.06055   	-0.08577  	2105.50476	 (0.00000   )
153	-0.10962  	0.39360   	-0.42327  	2070.53816	 (0.00000   )
154	-0.01978  	0.03847   	0.02816   	2111.35715	 (-0.00000  )
155	-0.20318  	-0.03120  	-0.24728  	2068.41866	 (-0.00000  )
156	0.61078   	0.04503   	-0.24935  	2038.55735	 (-0.00000  )
157	-0.17792  	0.09297   	0.34622   	2110.75086	 (-0.00000  )
158	0.46139   	-0.10379  	-0.37571  	2236.28178	 (-0.00000  )
159	0.12807   	0.43001   	0.12537   	2216.14822	 (0.00000   )
160	-0.26831  	0.19103   	0.18352   	2149.06925	 (0.00000   )
161	-0.16691  	0.47710   	-0.24631  	2173.29659	 (-0.00000  )
162	-0.77860  	0.08457   	-0.22847  	2142.68979	 (0.00000   )
163	-0.15264  	0.22436   	-0.26002  	2120.57686	 (0.00000   )
164	0.67571   	-0.58883  	-0.31253  	2112.69111	 (-0.00000  )
165	0.06419   	0.08046   	-0.05018  	2069.33138	 (-0.00000  )
166	0.25361   	0.07030   	0.12623   	2086.52652	 (-0.00000  )
167	0.04368   	-0.26507  	-0.62474  	2095.52989	 (0.00000   )
168	-0.03781  	0.00745   	0.04522   	2034.43910	 (-0.00000  )
169	-0.32876  	-0.05791  	-0.02710  	2058.22360	 (0.00000   )
170	0.47857   	-0.47741  	0.32736   	2057.30402	 (0.00000   )
171	0.81918   	-0.54436  	-0.42352  	2067.19852	 (-0.00000  )
172	-0.58977  	0.96810   	-0.11487  	2070.65976	 (0.00000   )
173	0.11035   	0.10325   	-0.25408  	2014.69776	 (-0.00000  )
174	-0.00413  	0.36454   	0.46735   	2014.13731	 (0.00000   )
175	-0.02260  	-0.82341  	-0.15173  	2012.76491	 (-0.00000  )
176	0.22799   	0.32187   	0.47156   	2048.40190	 (-0.00000  )
177	0.09813   	0.45781   	0.05705   	2063.88773	 (0.00000   )
178	-0.43211  	-0.43141  	0.66833   	2075.53282	 (0.00000   )
179	-0.41734  	0.00178   	0.27674   	2031.06681	 (0.00000   )
180	-0.53632  	1.08525   	-0.14577  	1970.79124	 (0.00000   )
181	0.64891   	0.05854   	-0.82417  	1972.56287	 (0.00000   )
182	-0.37295  	0.46890   	1.03771   	2026.76322	 (0.00000   )
183	0.35639   	-1.48653  	0.19459   	2031.19455	 (-0.00000  )
184	0.10998   	-0.05211  	0.14572   	2091.42219	 (-0.00000  )
185	-0.25390  	0.17626   	0.01049   	2080.77365	 (0.00000   )
186	0.23789   	-0.25946  	0.11510   	2078.79921	 (-0.00000  )
187	-0.00738  	0.07036   	-0.21198  	2087.48496	 (-0.00000  )
188	0.04686   	0.01226   	0.03925   	2065.65984	 (-0.00000  )
189	-0.06318  	0.07247   	-0.01517  	2036.89712	 (0.00000   )
190	-0.04728  	0.00769   	-0.10768  	2075.94191	 (0.00000   )
191	0.00134   	-0.00282  	-0.00933  	2003.36127	 (0.00000   )
192	-0.29471  	-1.42450  	0.42041   	2369.09512	 (0.00000   )
193	0.13570   	-0.29354  	-0.00509  	1842.06112	 (0.00000   )
194	-0.20677  	0.33075   	-0.01954  	1821.48731	 (-0.00000  )
195	0.26882   	-0.12500  	-0.00328  	1830.05412	 (0.00000   )
196	-0.37407  	0.14021   	-0.03845  	1813.51357	 (-0.00000  )
197	0.33430   	0.96823   	0.43996   	2349.11909	 (-0.00000  )
198	0.12367   	-0.23617  	0.00970   	1791.44285	 (-0.00000  )
199	0.25745   	-0.04331  	0.00634   	1806.21846	 (-0.00000  )
200	-0.01996  	0.17583   	0.01814   	1748.48077	 (0.00000   )
201	-0.14696  	0.01866   	0.00705   	1755.89756	 (0.00000   )
202	0.16779   	-0.76988  	0.04372   	1908.75194	 (-0.00000  )
203	0.21287   	0.18547   	0.48839   	1936.40237	 (-0.00000  )
204	-0.16533  	0.49933   	-0.53014  	1913.86154	 (0.00000   )
205	-0.40335  	0.24341   	-0.01094  	1902.31205	 (0.00000   )
206	0.00028   	-0.08821  	0.08096   	1927.98392	 (-0.00000  )
207	-0.01777  	-0.04038  	-0.02023  	1935.77089	 (0.00000   )
208	0.27426   	0.82689   	-0.26597  	2376.84630	 (0.00000   )
209	0.13461   	-0.02992  	-0.11211  	1923.01131	 (-0.00000  )
210	0.04739   	0.02142   	0.02452   	1905.98614	 (0.00000   )
211	0.17318   	-0.46884  	-0.82725  	2379.00860	 (0.00000   )
212	-0.30839  	-0.65583  	-0.10161  	2399.29608	 (0.00000   )
213	-0.38954  	-0.26051  	0.12582   	2389.28117	 (-0.00000  )
214	0.10061   	-0.10847  	0.42320   	1960.47717	 (-0.00000  )
215	0.38158   	-0.32347  	0.18990   	1962.19476	 (0.00000   )
216	0.21710   	0.04383   	0.33748   	2347.47471	 (-0.00000  )
217	-0.56324  	0.48746   	-0.29410  	1960.79973	 (0.00000   )
218	0.06925   	0.01824   	-0.16159  	1963.53764	 (-0.00000  )
219	0.24937   	0.37865   	0.22359   	2373.30168	 (-0.00000  )
220	0.31844   	0.10736   	-0.15280  	2284.98282	 (0.00000   )
221	-0.09739  	-0.03750  	0.49122   	1946.02534	 (0.00000   )
222	0.11497   	0.08691   	-0.47942  	1942.34903	 (0.00000   )
223	0.03346   	0.36234   	0.06844   	2368.03490	 (-0.00000  )
224	-0.07381  	-0.17440  	0.33713   	1948.74026	 (-0.00000  )
225	0.06495   	0.03034   	-0.41182  	1950.35032	 (0.00000   )
226	-0.25447  	-0.13054  	-0.06418  	2351.02850	 (0.00000   )
227	0.57810   	0.13678   	-0.75145  	2280.86657	 (0.00000   )
228	0.42326   	-0.09722  	0.75318   	2332.34343	 (-0.00000  )
229	0.06363   	-0.01036  	-0.34110  	2396.71783	 (0.00000   )
230	-0.04837  	-0.16004  	-0.88173  	2250.86717	 (-0.00000  )
231	0.00189   	0.01239   	-0.00009  	1935.28757	 (-0.00000  )
232	0.13402   	0.29461   	1.47979   	2242.66218	 (0.00000   )
233	-0.00699  	0.01799   	0.02311   	1938.82016	 (-0.00000  )
234	0.12571   	-0.25276  	-2.41418  	2276.06814	 (0.00000   )
235	0.00549   	0.00136   	-0.02649  	1940.36028	 (-0.00000  )
236	-0.19745  	0.21593   	-1.43176  	2316.34875	 (-0.00000  )
237	-0.00588  	0.01465   	-0.00014  	1946.56115	 (-0.00000  )
238	-0.32071  	0.04091   	0.00003   	2244.47482	 (0.00000   )
239	-0.78262  	0.42624   	-0.56025  	2281.82808	 (0.00000   )
240	-0.23222  	0.57527   	0.17988   	2264.15946	 (0.00000   )
241	-0.02808  	0.01664   	0.80594   	2263.99843	 (-0.00000  )
242	-0.38491  	-0.13298  	-0.16208  	2266.37654	 (0.00000   )
243	0.00311   	-0.33694  	-1.56961  	2280.38710	 (-0.00000  )
244	0.05123   	-0.23114  	-0.40282  	2321.69117	 (-0.00000  )
245	0.11269   	-0.62117  	-0.52298  	2295.36969	 (0.00000   )
246	-0.57187  	-0.38506  	-0.38934  	2317.17556	 (-0.00000  )
247	0.78695   	0.79187   	-0.36145  	2320.48330	 (-0.00000  )
248	0.98982   	0.14288   	-0.24309  	2263.09227	 (-0.00000  )
249	-0.21946  	0.32496   	-0.55379  	2317.43268	 (-0.00000  )
250	0.43442   	-0.22953  	-0.42051  	2261.04207	 (-0.00000  )
251	-0.10531  	0.22977   	0.14731   	2275.19246	 (-0.00000  )
252	0.41735   	-0.26331  	0.50321   	2274.47889	 (0.00000   )
253	-0.24407  	-0.41084  	0.83835   	2324.84705	 (0.00000   )
254	-0.05476  	-0.24194  	0.33762   	2325.52907	 (0.00000   )
255	-0.40377  	-0.45316  	0.27703   	2318.48822	 (0.00000   )
256	0.26563   	0.62535   	0.08497   	2322.90161	 (-0.00000  )
257	0.53818   	0.29074   	0.16709   	2326.63869	 (-0.00000  )
258	-0.11584  	-0.39764  	0.60353   	2252.91145	 (-0.00000  )
259	0.02426   	-0.37396  	-0.06049  	2244.67573	 (-0.00000  )
260	0.47632   	0.60419   	0.68161   	2240.57795	 (0.00000   )
261	0.54565   	0.45353   	-0.88234  	2280.37687	 (-0.00000  )
262	0.90632   	-0.64932  	0.70716   	2298.34212	 (-0.00000  )
263	-0.86497  	0.13663   	0.49066   	2298.85255	 (0.00000   )
264	-0.16225  	0.09520   	0.83391   	2320.99273	 (0.00000   )
265	0.00622   	0.06234   	-0.00698  	2307.86860	 (-0.00000  )
266	-0.16782  	-0.80691  	0.58404   	2397.23619	 (-0.00000  )
267	0.28345   	-0.23715  	-0.53903  	2261.44295	 (0.00000   )
268	0.49967   	-0.10157  	-0.43546  	2246.28315	 (-0.00000  )
269	0.84591   	-0.04001  	-0.06263  	2289.55099	 (0.00000   )
270	0.84217   	-0.25106  	-0.11476  	2304.22682	 (-0.00000  )
271	0.36076   	-0.25969  	-0.16466  	2215.83021	 (-0.00000  )
272	0.30762   	-0.61302  	-0.13037  	2203.45476	 (-0.00000  )
273	0.55270   	-0.02694  	-0.17017  	2177.87948	 (0.00000   )
274	-0.21614  	-0.34328  	0.07128   	2220.13306	 (0.00000   )
275	0.28632   	0.25346   	-0.41980  	2157.46414	 (0.00000   )
276	-1.06703  	-0.04210  	-0.09364  	2201.39322	 (-0.00000  )
277	-0.29947  	0.67239   	-0.13896  	2226.79241	 (-0.00000  )
278	-0.47270  	0.13602   	0.15271   	2222.16968	 (-0.00000  )
279	-0.20901  	0.01364   	-0.57033  	2224.01102	 (-0.00000  )
280	0.47902   	0.24761   	-0.31302  	2207.73560	 (0.00000   )
281	0.16219   	0.33198   	0.51036   	2230.78280	 (0.00000   )
282	0.27683   	-0.01298  	-0.89815  	2222.73470	 (0.00000   )
283	0.08654   	-0.23381  	-0.82623  	2223.11607	 (0.00000   )
284	0.23720   	-0.22521  	-0.38513  	2180.86770	 (-0.00000  )
285	0.28589   	-0.62536  	0.22797   	2218.51833	 (-0.00000  )
286	0.12642   	-0.02001  	0.38156   	2171.73826	 (0.00000   )
287	0.13924   	-0.60225  	-0.27804  	2179.89072	 (-0.00000  )
288	-0.23048  	-0.00508  	-0.86896  	2173.68138	 (0.00000   )
289	0.01998   	-0.58586  	0.12097   	2233.33206	 (-0.00000  )
290	-0.36823  	0.75762   	-0.11699  	2220.82709	 (-0.00000  )
291	-0.24176  	0.40188   	-0.33702  	2213.86944	 (-0.00000  )
292	-0.10465  	-0.21260  	0.15824   	2213.88168	 (-0.00000  )
293	-0.06939  	0.39637   	0.12166   	2210.31391	 (-0.00000  )
294	-0.57154  	-0.02122  	0.35558   	2190.19939	 (-0.00000  )
295	0.41149   	-0.32668  	-0.45263  	2186.89079	 (0.00000   )
296	0.42595   	-0.13231  	-0.08296  	2179.29853	 (-0.00000  )
297	-0.33374  	-0.12747  	0.71995   	2164.21736	 (0.00000   )
298	0.02818   	0.67687   	-0.23577  	2207.91548	 (-0.00000  )
299	0.00524   	-0.33672  	0.20057   	2167.92273	 (0.00000   )
300	0.20930   	0.41674   	0.04649   	2205.44297	 (-0.00000  )
301	-0.01923  	0.24912   	1.35256   	2138.35547	 (0.00000   )
302	0.67848   	-0.49628  	1.13862   	2237.22931	 (-0.00000  )
303	0.18481   	-0.15591  	0.35295   	2215.72502	 (-0.00000  )
304	0.03498   	0.00745   	0.67686   	2211.32006	 (-0.00000  )
305	-0.29051  	0.37486   	0.43562   	2183.63280	 (-0.00000  )
306	-0.08579  	-0.09549  	0.31943   	2177.62282	 (-0.00000  )
307	-0.05105  	0.25833   	-0.33959  	2175.47049	 (0.00000   )
308	-0.05947  	0.36447   	0.33776   	2173.28268	 (0.00000   )
309	0.49729   	-0.11863  	-0.19558  	2196.09127	 (0.00000   )
310	0.22666   	-0.18017  	-0.11557  	2174.60580	 (0.00000   )
311	-0.03371  	0.15892   	-0.32259  	2190.31719	 (-0.00000  )
312	-0.30822  	0.05037   	0.20212   	2175.73824	 (0.00000   )
313	-0.10866  	0.04838   	-0.03938  	2148.86407	 (0.00000   )
314	-0.83234  	-0.00986  	-0.06696  	2146.91324	 (-0.00000  )
315	-0.12671  	0.02301   	-0.19984  	2136.92372	 (-0.00000  )
316	0.51558   	0.24827   	-0.03955  	2205.95749	 (0.00000   )
317	0.19200   	0.46267   	0.28443   	2168.65241	 (0.00000   )
318	0.09288   	-0.09404  	0.01985   	2134.57221	 (0.00000   )
319	-0.56737  	-0.21689  	-0.05711  	2148.82235	 (0.00000   )
320	0.24268   	-0.20282  	0.44670   	2105.60938	 (-0.00000  )
321	-0.06568  	-0.58991  	0.29958   	2084.20865	 (-0.00000  )
322	-0.18764  	-0.44319  	0.05298   	2065.31681	 (0.00000   )
323	0.03342   	-0.02332  	0.17404   	2074.55861	 (0.00000   )
324	0.20894   	-0.24567  	-0.28019  	2093.34701	 (0.00000   )
325	-0.43061  	0.19467   	0.27032   	2118.06926	 (0.00000   )
326	0.07056   	0.70616   	0.11153   	2141.20092	 (-0.00000  )
327	0.73350   	0.32724   	-0.15803  	2093.44358	 (-0.00000  )
328	0.16555   	-0.67100  	0.06189   	2088.06558	 (-0.00000  )
329	-0.44044  	0.24928   	-0.03532  	2097.63676	 (0.00000   )
330	-0.07632  	-0.10224  	-0.38284  	2096.42144	 (-0.00000  )
331	0.00811   	-0.03794  	0.34605   	2148.96446	 (-0.00000  )
332	-0.12828  	0.05603   	-0.37504  	2070.71383	 (0.00000   )
333	-0.08666  	-0.06433  	-0.62039  	2079.73565	 (-0.00000  )
334	-0.03724  	0.00315   	0.44826   	2051.10861	 (0.00000   )
335	0.04140   	-0.01823  	-0.41575  	2091.00022	 (-0.00000  )
336	0.14761   	-0.23260  	0.15290   	2147.86861	 (-0.00000  )
337	-0.35884  	0.25032   	0.25687   	2111.22211	 (0.00000   )
338	-0.03700  	1.38528   	-0.97000  	1980.95434	 (0.00000   )
339	0.36606   	-0.60325  	-0.87866  	1998.58176	 (-0.00000  )
340	-0.00847  	0.23526   	-0.66420  	2047.60974	 (0.00000   )
341	0.13000   	0.33516   	-1.06948  	1998.41068	 (0.00000   )
342	0.05650   	0.69096   	0.61512   	1971.41076	 (0.00000   )
343	-0.05096  	-1.16512  	0.93899   	1964.01600	 (-0.00000  )
344	-0.13175  	-0.30632  	-0.48026  	1970.75396	 (0.00000   )
345	0.19704   	-0.12389  	1.79175   	1968.32513	 (-0.00000  )
346	-0.47441  	-0.66947  	-0.06049  	2574.14294	 (-0.00000  )
347	0.45911   	-0.34940  	0.08469   	2096.23237	 (-0.00000  )
348	-0.41578  	0.66527   	-0.04603  	2105.70300	 (0.00000   )
349	0.08965   	0.08853   	-1.14893  	2114.24877	 (-0.00000  )
350	0.26427   	0.22003   	-1.09309  	2106.58011	 (0.00000   )
351	1.01997   	0.26460   	-1.72961  	2651.26541	 (0.00000   )
352	0.15302   	-0.09606  	-0.05215  	2193.53306	 (0.00000   )
353	0.02623   	0.03216   	-0.06312  	2194.78497	 (-0.00000  )
354	0.08683   	-0.00322  	0.02622   	2201.57974	 (0.00000   )
355	0.14785   	-0.09740  	-0.00424  	2197.13610	 (0.00000   )
356	-0.23492  	-0.18016  	0.56026   	2473.60127	 (-0.00000  )
357	0.02252   	0.07197   	0.05600   	2198.17791	 (-0.00000  )
358	0.07312   	-0.03797  	-0.06360  	2181.48432	 (0.00000   )
359	0.37005   	-0.35243  	0.05727   	2183.30716	 (-0.00000  )
360	-0.17239  	0.36402   	0.01279   	2175.70950	 (0.00000   )
361	-0.49235  	-0.25211  	1.02974   	2135.72166	 (-0.00000  )
362	0.38037   	-0.35992  	1.05998   	2132.91787	 (-0.00000  )
363	-0.06482  	0.29467   	-0.16304  	2488.65470	 (0.00000   )
364	0.17643   	0.25252   	0.49998   	2469.16162	 (0.00000   )
365	-0.00068  	0.02753   	0.00068   	1938.56520	 (0.00000   )
366	-0.29671  	-0.55050  	0.43022   	2509.97753	 (-0.00000  )
367	-0.01205  	-0.02308  	0.00172   	1934.44585	 (-0.00000  )
368	-0.02687  	-0.03767  	-0.01392  	1937.30168	 (-0.00000  )
369	-0.05273  	-0.43048  	-2.68845  	2455.00058	 (-0.00000  )
370	0.01573   	-0.01106  	-0.00912  	1931.15799	 (0.00000   )
371	-0.00766  	-0.01636  	0.00043   	1938.23433	 (-0.00000  )
372	0.22495   	0.62727   	0.31818   	2519.62847	 (0.00000   )
373	0.15664   	0.00902   	0.01851   	1937.46619	 (0.00000   )
374	-0.18386  	0.03398   	0.00090   	1933.09902	 (-0.00000  )
375	0.35555   	0.02447   	0.60280   	2509.81562	 (0.00000   )
376	0.04422   	-0.01278  	0.00342   	1931.88884	 (0.00000   )
377	-0.05058  	-0.05852  	-0.60157  	2540.84167	 (-0.00000  )
378	0.05075   	0.44016   	0.79654   	2391.05679	 (0.00000   )
379	-0.17023  	-0.47725  	-0.11918  	2398.04876	 (0.00000   )
380	-0.06254  	-0.87696  	-0.43680  	2347.04460	 (-0.00000  )
381	-0.06492  	0.11255   	0.32987   	2444.90227	 (-0.00000  )
382	0.33813   	0.32047   	-0.31612  	2440.68373	 (-0.00000  )
383	-0.25005  	-0.50491  	3.48224   	2354.44837	 (0.00000   )
384	-0.09543  	-0.22875  	-1.23746  	2340.41730	 (-0.00000  )
385	-0.12759  	0.63916   	0.80886   	2459.34029	 (0.00000   )
386	0.18733   	0.30588   	-2.42175  	2421.63116	 (0.00000   )
387	0.72228   	0.17019   	-0.02553  	2402.49744	 (0.00000   )
388	0.12990   	0.52114   	0.69534   	2434.80872	 (-0.00000  )
389	-0.01744  	0.39360   	-0.81834  	2432.45411	 (-0.00000  )
390	0.82233   	0.58670   	0.52452   	2274.90134	 (0.00000   )
391	-0.29920  	-0.47057  	-0.47718  	2275.07831	 (-0.00000  )
392	0.58215   	0.81477   	-0.17922  	2302.18349	 (0.00000   )
393	-0.35837  	-0.40859  	-1.28557  	2344.68745	 (0.00000   )
394	-0.27182  	-0.68536  	2.03332   	2311.07115	 (-0.00000  )
395	0.08247   	-0.65142  	-1.57955  	2364.81011	 (0.00000   )
396	0.54500   	0.06693   	-0.94408  	2344.19449	 (-0.00000  )
397	0.24361   	0.19729   	-0.53408  	2358.48802	 (-0.00000  )
398	-0.73895  	-0.54465  	0.93800   	2457.53543	 (-0.00000  )
399	0.00697   	0.13797   	-0.01121  	2470.55599	 (0.00000   )
400	0.69468   	-0.85752  	-0.17227  	2322.36665	 (-0.00000  )
401	-0.09632  	-0.18550  	0.04519   	2336.11106	 (-0.00000  )
402	-0.63319  	0.25525   	0.08421   	2352.85244	 (-0.00000  )
403	0.85637   	0.26678   	0.09689   	2330.52775	 (-0.00000  )
404	0.50540   	-0.71040  	0.76597   	2319.12651	 (0.00000   )
405	0.39467   	-1.02372  	1.14475   	2314.42656	 (0.00000   )
406	-0.14482  	1.32673   	1.02117   	2350.77437	 (-0.00000  )
407	-0.00628  	1.21781   	0.98231   	2375.18357	 (-0.00000  )
408	0.34253   	0.30760   	0.59102   	2409.24045	 (-0.00000  )
409	-0.48319  	0.03328   	0.04484   	2429.57102	 (-0.00000  )
410	0.86149   	-0.14850  	-1.74261  	2388.45040	 (0.00000   )
411	-0.52327  	0.02338   	-0.92546  	2387.02823	 (-0.00000  )
412	0.75121   	-0.68801  	-0.46010  	2296.36083	 (-0.00000  )
413	0.08649   	0.15619   	-0.91335  	2308.93131	 (0.00000   )
414	0.54217   	-0.62032  	-2.07185  	2095.49890	 (-0.00000  )
415	0.73403   	-0.57394  	-1.32202  	2304.88539	 (-0.00000  )
416	0.03066   	0.50260   	-1.39070  	2128.32176	 (0.00000   )
417	0.08423   	0.27385   	-1.14352  	2201.43438	 (0.00000   )
418	-0.07227  	0.16763   	-1.32412  	2192.72184	 (0.00000   )
419	0.73805   	-0.20937  	-0.76815  	2087.93796	 (-0.00000  )
420	-0.40610  	0.30375   	-0.46532  	2262.30649	 (0.00000   )
421	0.26042   	-0.24153  	-0.47607  	2281.45374	 (0.00000   )
422	0.38497   	-0.72779  	0.19869   	2152.02193	 (-0.00000  )
423	0.15475   	1.30959   	0.18491   	2076.73979	 (0.00000   )
424	0.16823   	-0.48571  	0.51995   	2178.02006	 (0.00000   )
425	0.41539   	-0.30487  	0.01568   	2063.99095	 (-0.00000  )
426	0.06259   	-0.57498  	0.59976   	2188.89324	 (-0.00000  )
427	-0.13952  	0.27092   	0.89292   	2155.70692	 (0.00000   )
428	-0.34396  	0.11383   	0.53016   	2223.15660	 (0.00000   )
429	0.36454   	0.05523   	2.03871   	2265.66802	 (-0.00000  )
430	0.20331   	-1.11780  	0.89295   	2064.62348	 (-0.00000  )
431	-0.00683  	1.49772   	1.25980   	2049.59760	 (0.00000   )
432	-0.67582  	0.18779   	0.64177   	2036.73990	 (0.00000   )
433	1.12204   	-0.44107  	1.68444   	2041.74020	 (-0.00000  )
434	-0.28843  	-0.45142  	-0.72197  	2656.90864	 (-0.00000  )
435	-0.17194  	-0.51547  	0.66195   	2531.31645	 (0.00000   )
436	-0.11663  	0.05279   	0.57251   	2597.89380	 (0.00000   )
437	-0.01683  	0.22587   	-0.15437  	2613.08555	 (-0.00000  )
438	0.21239   	0.62034   	0.24358   	2497.54594	 (0.00000   )
439	0.16749   	0.78280   	1.37008   	2531.33386	 (-0.00000  )
