0 0.27712730 0.06734076  0.00344783  0.064480533226  0.102378050359 -0.115725320430 -0.176662362470 -0.070806399335 -0.112004679260
1 4.49243494 0.06769860  0.91086077 -0.092993552708  3.195594977967 -0.607199320609 -3.092880363402  0.134520647197  0.093812949397
2 4.91467280 0.06778232  1.09147643 -0.017371934168 -3.375682940791 -0.544784064244 -3.390029576859 -0.982741275719  0.060008558294
3 5.40651350 0.06785237  1.32223415 -0.315309833912  0.593540945229 -0.294662831039  0.476959040039 -4.605509413912 -2.693258997569
4 0.00854596 0.07022220  0.00000342 -0.000403713080 -0.000129523121  0.001036075858  0.000424869108 -0.007850879652  0.003156488626
5 0.00318784 0.07034026  0.00000048 -0.001273737442  0.000331777753 -0.001841430904 -0.000337762740  0.000278030728 -0.002201722782
6 0.00242927 0.07042206  0.00000028 -0.000105358794  0.000202499790 -0.000099764321 -0.000539442601  0.001534438698  0.001787118226
7 0.00132539 0.07062222  0.00000008 -0.000535557434  0.000706854960  0.000088299750  0.000315049830 -0.000090812303 -0.000924598921
8 0.00249362 0.07071564  0.00000029 -0.001330524986 -0.000163385972  0.001186211845 -0.000101045233 -0.001632396549 -0.000582356999
9 0.00169527 0.07072860  0.00000014  0.000319385411  0.001123771311 -0.001079861489 -0.000374228507  0.000444448388  0.000073364790
10 0.00206335 0.07103120  0.00000020 -0.000512409378  0.000623147078  0.000329557371 -0.000569089988  0.001540118632 -0.000895598976
11 0.00209953 0.07119600  0.00000021  0.000003061933 -0.001970565205  0.000118788959  0.000615979723  0.000058263192  0.000357709256
12 0.00139936 0.07128811  0.00000009  0.000237118562 -0.000180353526  0.000172500369 -0.000183526697  0.001166482958  0.000667332004
13 0.00030777 0.07143124  0.00000000  0.000146238294 -0.000072839917 -0.000015979216  0.000048648621  0.000235178643 -0.000100496988
14 0.00065534 0.07149764  0.00000002 -0.000144594824 -0.000128036292 -0.000055442669 -0.000150800125 -0.000604857699 -0.000022278778
15 0.00084832 0.07211354  0.00000003  0.000201739112 -0.000081557709 -0.000006421460 -0.000663831741  0.000423207438 -0.000229081347
16 0.00096684 0.07217910  0.00000004  0.000287252160 -0.000312986800 -0.000251983885  0.000344065681 -0.000579933681 -0.000485910696
17 0.00149381 0.07220009  0.00000011 -0.000828391231  0.000411896055 -0.000535266354 -0.000945081276  0.000206032561 -0.000391709094
18 0.00102037 0.07222361  0.00000005  0.000391562459 -0.000223686033 -0.000192336460 -0.000094435020 -0.000887815909 -0.000060543971
19 0.00110604 0.07231857  0.00000006  0.000466523751  0.000162139788 -0.000712904794  0.000540601388  0.000241167852  0.000347488950
20 0.00235543 0.07235226  0.00000027 -0.000548662283 -0.000033050931  0.000203506288 -0.000187695219  0.002245702260 -0.000355135763
21 0.00196597 0.07238933  0.00000019 -0.000435002186  0.001301017603  0.000271667969  0.001324378949 -0.000325464804 -0.000222380709
22 0.00189896 0.07240824  0.00000017 -0.000334507625 -0.001030768853  0.001022179472  0.000072509075 -0.000916433240 -0.000736014792
23 0.00131883 0.07242542  0.00000008 -0.000236509853 -0.000342689455 -0.001180282474 -0.000240713029 -0.000015961371  0.000338641706
24 0.00806005 0.07325768  0.00000317 -0.002955424814 -0.001361824535 -0.000482774749  0.002825166577 -0.003382136379 -0.005892526167
25 0.37124153 0.07326647  0.00673174 -0.104825481492  0.025478064746 -0.078151409201  0.056047849957 -0.167056037716 -0.298372315937
26 0.06524022 0.07327274  0.00020791 -0.018488028644  0.003663937739 -0.014490729222  0.010622658796 -0.028869155929 -0.052390886100
27 0.00900943 0.07327706  0.00000397 -0.004081330616  0.000182021515 -0.003526292365  0.000996143727 -0.001979825474 -0.006865327407
28 0.00655054 0.07328410  0.00000210 -0.000929372631  0.002149797423 -0.001742852927  0.001346138760  0.001503480780  0.005505822224
29 0.96653006 0.07357399  0.04582092 -0.118198025280  0.659794668995 -0.250537264778  0.609243788782 -0.225613495888 -0.005675948440
30 1.02968503 0.07381789  0.05217701  0.244521146712  0.595241024396  0.329834062350  0.339341251012  0.370110045744 -0.534063994511
31 1.48784248 0.07387876  0.10902905  0.494904455389 -0.771816456611  0.890355633315  0.730097659522  0.166733557442 -0.139529069198
32 1.35077541 0.07397021  0.08997708  0.125597663898  1.083468413191  0.190426532828 -0.390913370681  0.542744722339 -0.388932204967
33 0.99763903 0.07409017  0.04916049  0.016906773551 -0.275761419500 -0.720267137230 -0.534446352485 -0.228129600033  0.249985336581
34 1.38691227 0.07416244  0.09510224  0.731613657995 -0.127354300726 -0.822734244600  0.657198716456 -0.301657117651 -0.415029125824
35 2.69073864 0.07427069  0.35848357  1.115704994415  1.188214806327 -1.169439526084  0.367099026617  1.743887834452  0.199817693646
36 2.69664330 0.07433673  0.36037878  0.851818735625  0.029806718036  0.191146894651 -1.465525188115 -1.674442242075 -1.247935680638
37 1.61509305 0.07439882  0.12938082  0.125122623079 -0.038389172446 -0.184436277369 -0.707933310955 -1.424302596517 -0.166048079135
38 2.18374927 0.07449196  0.23682290  0.557997153432 -1.932687480772  0.347637447654 -0.005748920834  0.611050347550  0.477338243871
39 1.34695392 0.07453015  0.09014595 -0.570640706114  0.676327678326  0.246543762209  0.643288647620 -0.706887124405 -0.238623970407
40 3.29377479 0.07456211  0.53928055 -0.750983882899  0.291213803188 -1.477595762413  1.474579390568 -1.824722953208 -1.585207433157
41 2.14271152 0.07462467  0.22841183 -0.598917554643  0.871468693748 -0.184501665137  0.372277288876 -0.995311010786 -1.519795209958
42 1.60048599 0.07464681  0.12747462  0.010766040206  0.053919929971  0.175930943640  0.118961439054 -0.606242849851 -1.464888463546
43 1.30261264 0.07469407  0.08449392  0.227837289308 -0.001493582802  0.083658396085  0.260018145118  1.194968799872  0.377265208760
44 0.10643244 0.07478921  0.00056480 -0.022110231946  0.000413551592  0.015103153284  0.058901395236  0.007637202546 -0.084160708292
45 0.65163040 0.07490433  0.02120403 -0.173729996568  0.347478958484  0.246551487698 -0.019501352261  0.365299286345  0.281223981246
46 0.75104633 0.07491572  0.02817184 -0.126107921172  0.121116668036 -0.238213807419  0.251171306579  0.546956166069  0.338384757578
47 0.41693079 0.07502367  0.00869431  0.130308619928  0.271930266644  0.002206776371  0.281352196356 -0.055455766837 -0.025799369781
48 0.35009357 0.07525652  0.00614924  0.120029332226  0.173045886849 -0.050736623866 -0.233181960635 -0.027162082383 -0.143275186015
49 0.42869749 0.07530243  0.00922613  0.061081867334 -0.032197609393 -0.098467779279  0.189620126347  0.363574838596 -0.034285505753
50 0.10527785 0.07535870  0.00055682  0.011714144658  0.037711854298  0.049802421723 -0.054351472396 -0.027333914485 -0.057814476021
51 0.54167903 0.07538664  0.01474644  0.061967062078 -0.394686896807  0.088216535211  0.297894791029  0.191266591046 -0.026308529308
52 0.84382503 0.07539323  0.03578870 -0.132568089962  0.442248443337  0.113779938310 -0.615467456014 -0.310992252755  0.102080629645
53 0.67504008 0.07540475  0.02290691  0.406921435093 -0.113619977105  0.200323631516  0.351080444935 -0.211262025381  0.262994071157
54 0.67789751 0.07542390  0.02310712  0.274493120976 -0.225970382356 -0.401879599558 -0.281985195768  0.272766987457 -0.133083624565
55 2.58274059 0.07549913  0.33574708 -0.644414276717  0.188909030193 -0.369986447329  0.353119264352  1.071654278707  2.193072389967
56 0.95991309 0.07562009  0.04645257  0.630610296172 -0.230179094813  0.082661578921  0.166452884866  0.044195646694 -0.659005785283
57 1.05490392 0.07566365  0.05613346  0.314008016667 -0.231528615318  0.294177182112  0.211326674993 -0.392224132634 -0.821934791132
58 1.14067293 0.07577041  0.06572501 -0.152307130805 -0.515158882649  0.051969829760  0.964800681744  0.221861954733  0.172582298700
59 0.99171103 0.07583822  0.04972413 -0.343882540484  0.581198274943 -0.248378849281  0.514466957466 -0.398922994385 -0.204783469620
60 0.95154516 0.07595401  0.04584777 -0.035788631527  0.401613742794 -0.229586060430  0.586893180669 -0.570707367250 -0.141433716399
61 0.67404539 0.07596346  0.02300868 -0.570065028661  0.129877338109  0.063738082142  0.113215889178 -0.147011155166 -0.272033577521
62 0.42238954 0.07602872  0.00904300  0.372773976454  0.008581342371 -0.170332690491 -0.095861020072 -0.033482525099  0.007430263472
63 0.33490628 0.07603713  0.00568566 -0.127691535853 -0.111885783393  0.243353545063 -0.118296127384  0.092444863461  0.039720122182
64 0.25990325 0.07608054  0.00342615  0.096509194675 -0.151125246026 -0.136239773781 -0.035017294553  0.124198436410 -0.013568289866
65 1.60825188 0.07611545  0.13124709 -0.468834667715 -1.044991364678  0.505250553114  1.007692785956  0.002401236967  0.062710304489
66 1.46954653 0.07613390  0.10961084 -0.593755204372  0.743111645026 -0.496884821172  0.728461539804 -0.553547523406 -0.413329475973
67 1.30008985 0.07615707  0.08581549  0.771460892568 -0.412268391588  0.803628588517 -0.416252864767 -0.163408698168 -0.281653567686
68 0.48564778 0.07616397  0.01197571 -0.084879016533  0.182208053688  0.173096990303  0.356567453098  0.191272814554 -0.041968270027
69 1.13795499 0.07621903  0.06579946  0.061751356135 -0.211684811237  0.029544088186 -0.220242917640 -0.996843592478 -0.450822501981
70 0.64707687 0.07623005  0.02127878  0.060475921409 -0.042088347309  0.095991901330 -0.081571425752 -0.569701954139 -0.269909343783
71 0.26136788 0.07624198  0.00347222  0.037926870226  0.122302197887  0.088613208762 -0.132477489762  0.123496352410 -0.106127081925
72 0.18039146 0.07624947  0.00165416  0.073084638566  0.002701259823  0.063918614215 -0.073506862665 -0.026403673410 -0.130408643685
73 0.37699125 0.07626025  0.00722553 -0.235959855212 -0.050172734021  0.244135434815 -0.130628193430  0.004692544719  0.085089292168
74 0.44794108 0.07629375  0.01020562  0.005867336016 -0.312943138443  0.048718670345  0.314260595790 -0.027884091290 -0.027796059414
75 1.13309601 0.07635459  0.06535477 -0.159556361550  0.781335314508  0.104178314502 -0.782910437779  0.154378443911  0.018135215197
76 1.09445306 0.07638191  0.06099490  0.700367987231 -0.059090440342 -0.722052911627  0.077130576340  0.317789494679  0.274810494399
77 1.12796071 0.07638716  0.06479136  0.693641370244  0.370566406620 -0.686761826559 -0.317741527204 -0.208529736071 -0.194297251145
78 0.51359106 0.07640279  0.01343547 -0.193601961920 -0.057746060035  0.051497580926  0.232199391695 -0.374997946379 -0.160522381216
79 0.54476207 0.07642465  0.01512014  0.327532930712  0.167925202520  0.303769408364  0.158076997229 -0.172459501180 -0.119509613825
80 1.97134523 0.07643195  0.19802001 -0.310198398767 -1.359134961483 -0.316703431951 -1.356310657271 -0.037549497597 -0.037967249006
81 0.01800197 0.07654516  0.00001654 -0.004219432051 -0.007282666353  0.009060384386  0.009162468023  0.009112451490 -0.002037615235
82 0.19728530 0.07656236  0.00198661  0.038058605545  0.018318788369  0.052097146090  0.015585335175  0.116444303321  0.143600701142
83 0.16728711 0.07656526  0.00142845 -0.073393502968 -0.078667025821 -0.051748890500 -0.063456268939  0.082670240283  0.053580372804
84 0.30841320 0.07657858  0.00485604 -0.031989115160 -0.209607297041 -0.028409811889 -0.221922806834  0.008660053741 -0.005322904087
85 0.41062141 0.07663861  0.00861469  0.002577976550  0.008632664146 -0.013972477647  0.001607752853 -0.273057345143 -0.306219928535
86 0.07496800 0.07670370  0.00028739  0.052887424674 -0.013721597225 -0.046219926559  0.022133821279  0.002719650222 -0.001119964118
87 0.02678499 0.07670577  0.00003669  0.016891559312 -0.006084094830 -0.015917508959 -0.009341946148 -0.007365599179  0.000451088194
88 0.21054537 0.07671537  0.00226716  0.076621264957 -0.126107073655 -0.076512688047  0.129174802128 -0.001967877240  0.003368411023
89 0.02687796 0.07691147  0.00003704  0.012963000259 -0.006002852244 -0.009589644718  0.001415672281  0.016419519260  0.012441273757
90 0.01993515 0.07691630  0.00002038 -0.000744328766 -0.000392268780 -0.000228134033 -0.000666216210 -0.012858951100  0.015193877570
91 0.00901584 0.07718417  0.00000418  0.000996883711 -0.000516569157 -0.000458930315  0.000693740965  0.005993058583 -0.006589095239
92 0.00999365 0.07736045  0.00000515 -0.000765287270 -0.000607670638 -0.000931279736 -0.000105842629  0.008091311669 -0.005707034147
93 0.00404726 0.07747859  0.00000085  0.000158144079  0.001436229553  0.000130822675  0.001637935026 -0.003394073970  0.000270005223
94 0.00578899 0.07751991  0.00000173 -0.000399767479 -0.000959051937  0.001120814009  0.001357990059  0.002997270765  0.004510966436
95 0.00641058 0.07760009  0.00000213  0.000659451584  0.000959882906 -0.001507299728 -0.000107632067  0.005596105446  0.002477777595
96 0.07600358 0.07768226  0.00029916  0.015025979504  0.024609813210 -0.030068082678 -0.058494654239 -0.012339191338 -0.021613676033
97 0.00457149 0.07768528  0.00000108 -0.000263975766 -0.003941550357 -0.000589163902 -0.001724453794  0.001392117825  0.000184741858
98 0.01083471 0.07771248  0.00000608 -0.002805921975 -0.001952548059 -0.009459045635 -0.003243132843 -0.001985442510  0.001331109564
99 1.43055762 0.07772759  0.10604610  0.476873181197 -0.901736778505 -0.380052395628  0.928135367579 -0.007828132447 -0.004636670805
100 1.65887112 0.07774250  0.14262397 -0.056204786931  1.164684679146 -0.007359513992  1.179129345604  0.042425214399  0.001981160293
101 0.00867310 0.07777431  0.00000390  0.000348519938  0.007024179937  0.004077389205  0.000871134075  0.002589212778 -0.001293879620
102 0.42254569 0.07779527  0.00925996  0.009397337010 -0.011857239539  0.006226262895 -0.014797611150  0.353573306242  0.230313133621
103 0.00392538 0.07785287  0.00000080  0.002966043599 -0.000883993532  0.001479694447 -0.001513843460 -0.000666562893  0.000950889714
104 0.00608901 0.07787608  0.00000192 -0.000932948824  0.000424937872 -0.002323892683  0.000738656590  0.001068599314  0.005379314332
105 0.00210899 0.07794591  0.00000023  0.001158014440  0.000095901669 -0.000909369557  0.001012893602  0.000993019408 -0.000508582501
106 0.00186636 0.07803388  0.00000018  0.000090965616  0.000408495542 -0.000363589838 -0.000066016882 -0.000152296284 -0.001774377787
107 0.00255482 0.07809902  0.00000034  0.001192900152 -0.001044648028 -0.001085928919  0.000340069475  0.000681767006 -0.001501044346
108 0.00262355 0.07825833  0.00000036 -0.001175147228 -0.001401396793 -0.000840687587 -0.000887576336 -0.001359672573  0.000441421712
109 0.00052807 0.07827721  0.00000001  0.000121637711  0.000284792495  0.000189219775 -0.000102579443  0.000113126811 -0.000351899421
110 0.00179212 0.07832744  0.00000017 -0.000359067119  0.001142868489  0.000284776630  0.000003178761 -0.001051709365  0.000767725359
111 0.00279542 0.07838367  0.00000041 -0.000773647555 -0.001667232842 -0.001083296953  0.000728854690 -0.001617871300  0.000337503110
112 0.00328568 0.07841934  0.00000056  0.000591370390 -0.000134181505 -0.000506903421  0.000635678610  0.000103719163 -0.003123486267
113 0.00229603 0.07844070  0.00000028 -0.000983526452 -0.000671391085  0.001097451543 -0.000317704705 -0.001374922674 -0.000811108765
114 0.00136293 0.07845641  0.00000010 -0.000004552600 -0.000180370974 -0.000346951413 -0.000398098999 -0.000938827181  0.000815338921
115 0.00142995 0.07853230  0.00000011 -0.000689023997 -0.000373282258  0.000001642427 -0.000204410125 -0.000857667280  0.000808260073
116 0.00436341 0.07866545  0.00000100  0.000407359894  0.000106830640 -0.000480438681 -0.000821824120  0.000275596664  0.004228454711
117 0.00768974 0.07869910  0.00000310 -0.000351183787 -0.000482689683  0.000765045231 -0.000562994075  0.002242237599 -0.007269513486
118 0.00787349 0.07873095  0.00000325 -0.000849647173  0.000199556606  0.001582263389  0.001523262699 -0.005782826324 -0.004792191634
119 0.00339774 0.07876480  0.00000061  0.000149360661 -0.000135608120 -0.000151307448  0.000922189662  0.003257979748 -0.000127237357
120 0.00446829 0.07877784  0.00000105 -0.001314227066  0.000076581208  0.000308044577  0.000076558950 -0.004258001280 -0.000034578894
121 0.00371487 0.07880772  0.00000073 -0.000856512395  0.000207504475 -0.000597511230 -0.000086041071 -0.003510000974 -0.000582283109
122 0.00241754 0.07882925  0.00000031  0.000858809492  0.000359173173  0.000408146014  0.000594535003  0.001978810083  0.000736351559
123 0.00247406 0.07884900  0.00000032 -0.001006327130  0.001397738705  0.000223749258  0.001393185649 -0.000895947611 -0.000600721823
124 0.00322794 0.07887171  0.00000055 -0.000194086966 -0.000012728831  0.001811006116 -0.001009415898 -0.001754574096  0.001733375480
125 0.00188659 0.07890480  0.00000019  0.000542888828  0.000049382219  0.000677096747 -0.000760837371 -0.000761542836  0.001282488888
126 0.00263178 0.07891460  0.00000036  0.001977402991 -0.000870358007 -0.000275143006 -0.000012901865 -0.000287355784  0.001449199734
127 0.00197117 0.07896690  0.00000020  0.001255887585 -0.000192186310  0.000079777075  0.000096581681  0.000012987148 -0.001501821317
128 0.00377058 0.07898710  0.00000075 -0.000084173797  0.000185664887  0.000642617090  0.000830532027 -0.002894420795 -0.002166856852
129 0.00216864 0.07906376  0.00000025 -0.000129112470 -0.000384767591 -0.001573911301 -0.000128349491  0.000677585929  0.001259157062
130 0.00201615 0.07907852  0.00000021  0.000564039401  0.000084257763  0.000138985834  0.000375018728  0.001679514884 -0.000871146195
131 0.00181382 0.07909396  0.00000017 -0.000180486626  0.000662018231  0.000007368917  0.000107361690  0.000831123464 -0.001454911594
132 0.00319499 0.07913879  0.00000054 -0.000097048389 -0.002513338725  0.001801601836 -0.000356300720 -0.000062747706  0.000710624557
133 0.00372496 0.07918330  0.00000073 -0.001701549557  0.000828386639  0.000761556962 -0.000217589989 -0.003080313569 -0.000422082205
134 0.00218498 0.07920884  0.00000025 -0.000116987206 -0.000291233856  0.000086348022  0.000031509655  0.001802680494  0.001190597312
135 0.00120926 0.07922650  0.00000008  0.000270458516  0.000393574521  0.000120324679 -0.000841572242 -0.000659654871 -0.000276416374
136 0.00219072 0.07924371  0.00000025  0.000271990027  0.000061724151  0.000161540347  0.000208758112  0.001351910821 -0.001680516829
137 0.00288780 0.07925526  0.00000044 -0.000636377328 -0.000022675333  0.001046536792  0.000536484861  0.002480065336 -0.000632556965
138 0.00115188 0.07926874  0.00000007 -0.000459155172 -0.000117764997  0.000376856158  0.000672681335  0.000621243632 -0.000348827864
139 0.00092716 0.07927398  0.00000005  0.000118540302 -0.000670025479  0.000166238862  0.000193513395  0.000090179714 -0.000568702890
140 0.00201904 0.07928382  0.00000022 -0.000252999609 -0.000008075266  0.000212909803  0.000506775572  0.001175877599 -0.001525648706
141 0.00266706 0.07930934  0.00000038  0.000620053407  0.000103686870  0.000396238827  0.000246412306 -0.001847756854 -0.001756720327
142 0.00198163 0.07934241  0.00000021  0.001072219877  0.000153266969 -0.000682337961  0.000339912789  0.001292802915  0.000707991787
143 0.00240180 0.07936909  0.00000031 -0.000210043720 -0.000541107724 -0.000083445750  0.000406347029 -0.000568316872 -0.002221864198
144 0.00210132 0.07937859  0.00000023 -0.000465462475 -0.000265968775  0.001480254095 -0.000827507225  0.000882655621  0.000687851611
145 0.00082415 0.07941358  0.00000004 -0.000333574302 -0.000601793673  0.000432167110  0.000103109155  0.000077356227  0.000049154566
146 0.00066381 0.07942039  0.00000002 -0.000140660995 -0.000060462640  0.000178157503 -0.000215708859  0.000124763587  0.000568654463
147 0.00123658 0.07945967  0.00000008  0.000225837506 -0.000347349791  0.000320157408 -0.000122402957  0.000967240707  0.000551752000
148 0.00144211 0.07946205  0.00000011  0.000524434914  0.000251515005  0.000166822944  0.000406004857 -0.001243725240  0.000043253894
149 0.00110370 0.07948755  0.00000006  0.000217165271 -0.000231491093  0.000262622174 -0.000978206470  0.000266624171 -0.000143011246
150 0.00130455 0.07953105  0.00000009 -0.000373191310  0.000243619056  0.000547485200 -0.000429642138  0.000356708577  0.000944281832
151 0.00213681 0.07955301  0.00000024  0.000167046752 -0.000058752003  0.000621176569 -0.000209187774  0.002022867749 -0.000114040286
152 0.00116603 0.07956662  0.00000007 -0.000782778025 -0.000146587386 -0.000124955370  0.000041735271 -0.000349231203 -0.000765561802
153 0.00083314 0.07958370  0.00000004  0.000430782515  0.000119634926 -0.000212256417  0.000000731761 -0.000470626083  0.000477169189
154 0.00164354 0.07959438  0.00000014  0.000081605773  0.000535920260 -0.000027620607 -0.000240054916 -0.000759951658  0.001330948281
155 0.00219685 0.07961251  0.00000026  0.000311831169 -0.000191673059 -0.000274262964 -0.000463615644  0.001800820515 -0.001076601196
156 0.00145484 0.07963093  0.00000011  0.000511460536  0.000921414575 -0.000046575522 -0.000547029788 -0.000144958263  0.000826761957
157 0.00131376 0.07969909  0.00000009  0.000476602329  0.000649171882 -0.000002296449 -0.000965467215 -0.000120078735  0.000361724750
158 0.00170867 0.07972402  0.00000016 -0.000848603074  0.000616002841 -0.001137966104 -0.000111980676 -0.000325406076 -0.000637638128
159 0.00117291 0.07972936  0.00000007  0.000314207353  0.000658445147  0.000370289303 -0.000500005287 -0.000119740515 -0.000664817913
160 0.00165729 0.07973349  0.00000015 -0.000513160322  0.000673633215 -0.000110090940 -0.000580609953  0.001059106948  0.000747366671
161 0.00093312 0.07974022  0.00000005  0.000250322223  0.000239856938  0.000592098056 -0.000512612613  0.000017338128 -0.000369967688
162 0.00062546 0.07974650  0.00000002  0.000000620460 -0.000157280424  0.000268831499  0.000058155970  0.000126995918 -0.000524101138
163 0.00112819 0.07976424  0.00000007 -0.000073681428 -0.000423736659  0.000182655798  0.000222994697  0.000150469611 -0.000991012119
164 0.00132363 0.07981760  0.00000009  0.000088631239 -0.000776525935 -0.000718544032  0.000503694385  0.000509775955  0.000333553305
165 0.00103007 0.07983176  0.00000006  0.000040610635 -0.000392421438 -0.000333455796  0.000003243604 -0.000240448362  0.000858128074
166 0.00127611 0.07986184  0.00000009 -0.000062457744  0.001149827986 -0.000329514707 -0.000211768134  0.000272139019  0.000273777811
167 0.00125680 0.07986705  0.00000008 -0.000446241861  0.000246171844  0.000796802655 -0.000461644219 -0.000686868789 -0.000001690859
168 0.00070831 0.07991280  0.00000003  0.000045064318  0.000130225678  0.000514631965  0.000137437428  0.000119476413 -0.000429768338
169 0.00082873 0.07992983  0.00000004 -0.000566497689 -0.000300429373 -0.000275427216 -0.000135741389 -0.000089616908 -0.000416283178
170 0.00051260 0.07999014  0.00000001 -0.000063286196 -0.000223305632  0.000209429080 -0.000237374774 -0.000327981177  0.000033372031
171 0.00131212 0.08001351  0.00000009 -0.000862019749  0.000008727371 -0.000665966613  0.000045915730  0.000619816875  0.000385624969
172 0.00266273 0.08002886  0.00000038 -0.001214143826 -0.000239687832 -0.000539959890 -0.000421610544 -0.000088080460 -0.002254208048
173 0.00698160 0.08004857  0.00000260 -0.000762363982  0.000489480446  0.000786137333  0.000379135227 -0.005850078301 -0.003596766787
174 0.00202347 0.08006657  0.00000022 -0.001072874464 -0.000111490928 -0.000344389048 -0.001114466174  0.000079164869  0.001250617744
175 0.00268625 0.08007476  0.00000039 -0.000656456568 -0.000589695067 -0.000268475858  0.002173462081 -0.000934765972  0.000876046429
176 0.00128059 0.08011509  0.00000009  0.000656793798  0.000131587210 -0.000121012739 -0.000127381532 -0.000920957656  0.000558727565
177 0.00200323 0.08014001  0.00000021 -0.000140360241  0.000303172677 -0.000838431971  0.000459073947 -0.000019966780  0.001728356958
178 0.00121536 0.08016352  0.00000008 -0.000670132152  0.000244399970  0.000133749585  0.000400124691  0.000365522750  0.000810367193
179 0.00158118 0.08018150  0.00000013  0.000100299985  0.000021363626  0.000065807868 -0.001366500496  0.000744420671 -0.000252578296
180 0.00236592 0.08026254  0.00000030  0.001140299181  0.000100314482 -0.000689092694 -0.000391877379  0.001690587704 -0.000894823129
181 0.00232512 0.08027363  0.00000029  0.000440972203  0.000469206714  0.001055755525  0.000621097432  0.000199886686  0.001857746184
182 0.00179598 0.08037092  0.00000017 -0.000169009684 -0.000281842220 -0.000971469102  0.000211374012  0.000423038556  0.001396482717
183 0.00145934 0.08037739  0.00000011  0.001041514077 -0.000470389048 -0.000083718191  0.000854135719  0.000284332276 -0.000079140904
184 0.00121765 0.08043046  0.00000008  0.000381645410 -0.000542174895 -0.000413517893  0.000524167453  0.000764365144  0.000114294411
185 0.00175566 0.08048242  0.00000017 -0.000528009348  0.000191424380 -0.000718700271 -0.000183115721  0.000568793910 -0.001375974728
186 0.00103491 0.08049455  0.00000006 -0.000832808008 -0.000266027606 -0.000392679553  0.000109946730  0.000046010254  0.000371888370
187 0.00068593 0.08052866  0.00000003  0.000090670394 -0.000553466646  0.000179893509 -0.000027708940 -0.000235591522  0.000259459024
188 0.00189412 0.08058193  0.00000019 -0.000098608352  0.000147419429 -0.000105889630 -0.000837093724  0.000323338220 -0.001655218541
189 0.00138356 0.08061998  0.00000010 -0.000294866932  0.000690589762 -0.000977742882 -0.000361740787  0.000087724369  0.000505821478
190 0.00150399 0.08068899  0.00000012  0.000595800708 -0.000684935402  0.000394022022 -0.000519899380  0.000394470818  0.000925581268
191 0.00127450 0.08071793  0.00000009  0.000633839175  0.000415287461 -0.000474872819 -0.000558210173 -0.000111503419  0.000707529856
192 0.63667457 0.08091983  0.02186748 -0.180189237392  0.083445249627  0.058474074391 -0.411939139133 -0.117025134538  0.423220135495
193 0.00624154 0.08094260  0.00000210  0.001232632468  0.001148976646 -0.002722232402 -0.000987931920  0.004782905685  0.002203298448
194 0.00532978 0.08095701  0.00000153  0.001064114434  0.003043757442 -0.002729610207  0.000480008141 -0.003025110989  0.001085011248
195 0.00949878 0.08098056  0.00000487 -0.001152352908  0.004909432672 -0.002046313495  0.000706049626 -0.007671210385  0.001123845104
196 0.06895967 0.08099290  0.00025677 -0.004226044193  0.026409524415 -0.004517875735  0.012438052657 -0.061942918344 -0.005298303653
197 1.12209941 0.08099771  0.06798986  0.001669388343 -0.417292834598  0.017430019338 -0.209259333460  1.017548181271 -0.073982578288
198 0.00337748 0.08103521  0.00000062  0.000027751795 -0.001386148923  0.000213966945 -0.000208851056  0.003065033126 -0.000037033899
199 0.00459426 0.08105770  0.00000114 -0.000096907525  0.000640898306  0.001287996472  0.001002648108 -0.004001133696 -0.001419078829
200 0.00247812 0.08109280  0.00000033 -0.001134964987  0.000405218833  0.000200635807  0.000372502388 -0.001967275883 -0.000799724153
201 0.00160490 0.08112888  0.00000014 -0.000314432428 -0.000008305663  0.000124910005 -0.001184844463  0.000945404904  0.000404366017
202 0.00346934 0.08120432  0.00000065  0.002022676606  0.000342661627 -0.000120494660  0.002423280058 -0.000509489714  0.001296649760
203 0.00507187 0.08120977  0.00000139  0.001429370393  0.002554974919 -0.002217592663  0.003403836716 -0.000797406949  0.000114773984
204 0.00445156 0.08121451  0.00000107 -0.002857940385 -0.001184814175 -0.000200069525 -0.003063243788  0.000694176926 -0.000582606918
205 0.00287177 0.08122970  0.00000045  0.001956279662 -0.000791974712  0.000275813546  0.001835312818  0.000157423575  0.000568817907
206 0.00203468 0.08124607  0.00000022  0.000354313197 -0.000877127658  0.000689205677  0.000872861495 -0.000282516976 -0.001388645449
207 0.01458385 0.08126852  0.00001152  0.008311766151 -0.002696623945  0.001294329978  0.011492673766  0.001342871892  0.000878305529
208 0.59039442 0.08127228  0.01888581  0.344051635755 -0.044642102888 -0.005953845776  0.475663932391  0.039461292094 -0.018769830050
209 0.03674197 0.08127373  0.00007314 -0.020924049509 -0.000340587074  0.003829750493 -0.029697447961 -0.003150156345  0.002347615746
210 0.00478256 0.08129022  0.00000124  0.002237653696 -0.000955883899  0.001055987209  0.003969373595  0.000277404189  0.000063842931
211 1.13803106 0.08133662  0.07022684  0.443997703738  0.569991491198 -0.317519901005  0.552123524037 -0.548242502883  0.258575552396
212 0.31724492 0.08141937  0.00546293 -0.146945733626 -0.049513270499  0.018225744650 -0.153982990027 -0.074898342872  0.216672617439
213 0.43482779 0.08149732  0.01027275 -0.014129671915 -0.160740404021 -0.000907800972  0.073133612860  0.391566195035  0.066065480728
214 0.00466308 0.08153862  0.00000118  0.000604336546 -0.000987769171  0.002494632285 -0.001748646140 -0.002964891261 -0.001527050710
215 0.00531715 0.08154503  0.00000154 -0.000272197730 -0.000514909629 -0.001304039378  0.002089536963  0.002204917780  0.004123650818
216 0.27462922 0.08155533  0.00410067  0.023966849955 -0.097919973227  0.064976975198 -0.101648708883 -0.222010969150  0.037618325369
217 0.00852329 0.08155980  0.00000395  0.001926628085 -0.001103813224  0.003566233057 -0.000372819174 -0.004805289833 -0.005636348502
218 0.00149394 0.08158215  0.00000012 -0.000363517224 -0.000742693433 -0.000133848310 -0.000295991661 -0.000612162760 -0.001033368525
219 0.18461399 0.08163354  0.00185484 -0.078189149714 -0.125188784808 -0.025096512921  0.026419764195  0.103652347685  0.014996769581
220 0.38922292 0.08168298  0.00824968 -0.071196201466 -0.098778757526  0.040719596108 -0.095962317560  0.300908796502  0.187764177829
221 0.00502008 0.08169287  0.00000137  0.000016428340  0.001995980228 -0.000446571737 -0.000033489593 -0.004584235605  0.000034637159
222 0.00890117 0.08170695  0.00000432  0.000755268123 -0.002430970496 -0.001221868740  0.002367970059  0.008100042826  0.000199598855
223 0.58517000 0.08171525  0.01865417 -0.045971866415  0.152088313874  0.061048193096 -0.118039218712 -0.544383664218 -0.056266746324
224 0.05126519 0.08171599  0.00014317  0.004100899998 -0.012729040773 -0.006435508050  0.009279888855  0.047827493062  0.005854274087
225 0.05874433 0.08173771  0.00018805 -0.000714718229 -0.013211492704  0.006996104927  0.007024443320  0.047620366684 -0.030163791070
226 0.39065505 0.08173887  0.00831619  0.015031001838  0.087599866831 -0.061621770022 -0.035701002609 -0.276635001163  0.251222959689
227 0.34318006 0.08178867  0.00642164 -0.042231591769  0.022558220553 -0.115549530629 -0.041961115711 -0.109051410725  0.297448373609
228 0.82254936 0.08183743  0.03691345  0.086199855519 -0.226556009345 -0.164834529409  0.037804221648  0.414887513507  0.645831385965
229 0.27954667 0.08186513  0.00426497 -0.016049396913 -0.048932023643 -0.136340577926  0.116389692267  0.190183115070  0.084790829351
230 0.16937948 0.08200341  0.00156842 -0.106108718617 -0.040353773711 -0.039056236762 -0.107079493419  0.015570428817  0.050676175127
231 0.00396789 0.08203500  0.00000086 -0.001874091986  0.001038241643 -0.002585619236 -0.000247492421  0.002063547834 -0.000386080073
232 0.20450659 0.08204218  0.00228750 -0.037178852919  0.067516157319 -0.109490103914  0.057118506832  0.143462965065  0.007072409228
233 0.01313951 0.08207760  0.00000945 -0.003099603453 -0.008419644724  0.008520892101 -0.001482744283  0.002827169326 -0.003058055446
234 0.49834418 0.08208248  0.01358995  0.063672867427  0.328395280569 -0.364651672377 -0.015338292826 -0.049678696229  0.027841446374
235 0.00949825 0.08208935  0.00000494 -0.001655861920  0.006178027400 -0.006275846394 -0.002717377024 -0.001590012241  0.000091140517
236 1.21530640 0.08212981  0.08086882  0.095067123278 -0.082205972310  0.106040983045 -0.134950349421  0.838376155470  0.853723140931
237 0.00233953 0.08220919  0.00000030 -0.000415393668 -0.000764502050  0.000681993366  0.000232235668 -0.000754930976 -0.001904577252
238 0.21321990 0.08223130  0.00249231  0.018323260951 -0.099149040144  0.078121005953 -0.076400281768 -0.123786086983  0.089630139566
239 0.42657362 0.08224296  0.00997690  0.081933837567 -0.245328151248  0.044279616797 -0.019282325997  0.155947487887 -0.297344725405
240 0.49509641 0.08230253  0.01344936 -0.111988765384 -0.085513404646 -0.096178617164 -0.224142982756  0.370451621791 -0.168942647248
241 0.38047582 0.08231649  0.00794419  0.035851561884  0.097908376207 -0.028438158463  0.115800046521 -0.345729498161 -0.011966538621
242 0.63513841 0.08234501  0.02214536  0.292451866618  0.330222770999 -0.324359828804 -0.035843883909  0.266307963443  0.177233212673
243 0.21843099 0.08235710  0.00261962 -0.093211666787 -0.026249498868  0.066215432788 -0.019199416675  0.172636637441  0.061466545232
244 0.20676559 0.08238465  0.00234807 -0.147099238719  0.058125917107 -0.101420448739 -0.052870930743  0.029695865549 -0.061415920732
245 0.28274631 0.08240482  0.00439193 -0.170789106365  0.073197394471 -0.115109186958  0.093075947777  0.146118138401  0.046421226541
246 0.32734286 0.08241780  0.00588756  0.150297059705  0.014995031365 -0.088077140424  0.011954031187 -0.236828891502 -0.142656531623
247 0.59691173 0.08245492  0.01958599 -0.177568555286 -0.234974209264 -0.151972379357 -0.278234269181 -0.306828937234  0.273690035618
248 0.55957388 0.08248717  0.01721908  0.154982129438  0.317158397404 -0.316506909998  0.284238443329 -0.070602839807 -0.050607724440
249 0.25938440 0.08253289  0.00370189  0.064342072497 -0.043689009293 -0.013875170372 -0.098841038985  0.224532935391  0.029232246209
250 0.44061449 0.08254516  0.01068361  0.025842775304 -0.241889100809  0.321988722587  0.001424753118  0.102454077021  0.144178146336
251 0.60633432 0.08258481  0.02024106  0.394285835058 -0.104513726027  0.108783653567  0.416819035735 -0.060761418322 -0.109512205917
252 0.35108196 0.08265862  0.00679225 -0.094295045850 -0.117380627763  0.084366540613 -0.295223811545  0.032658963591 -0.072438609526
253 0.56453115 0.08267760  0.01756598 -0.171042530374  0.208950678059  0.189743681320 -0.210305421578 -0.059788312270  0.402459700364
254 0.34159370 0.08270614  0.00643378  0.019792153634  0.245655868145 -0.117954889597  0.203512962363  0.024049764583 -0.006200565420
255 0.54679589 0.08271780  0.01648763  0.092164057807  0.086003107382  0.244072445915 -0.065280165391  0.144889346872 -0.445274312298
256 0.49675580 0.08273265  0.01361042  0.118019908176 -0.015395476802 -0.093460474403 -0.261307895403  0.140779830406 -0.368462981870
257 0.55578052 0.08274355  0.01703921 -0.061901292974 -0.123326034619 -0.148058617485  0.136789039719 -0.494136803543 -0.071043159879
258 0.65532767 0.08275615  0.02369332 -0.241667762988 -0.163856252111 -0.187974701632 -0.120534898239  0.067070578056 -0.538368427523
259 0.70734262 0.08281109  0.02762211 -0.190240652434 -0.203239890813  0.186956283776 -0.375099846057  0.444193927680  0.223326743412
260 0.47284741 0.08285503  0.01235008 -0.001734027881 -0.030828582418 -0.028731923259 -0.024434604687  0.185596254754 -0.432160530108
261 0.19855724 0.08286735  0.00217803 -0.106631213439 -0.047065613158  0.044422471058 -0.053735086377  0.143323755468  0.020906335447
262 0.49051289 0.08292108  0.01330070 -0.138698441068  0.264378942436 -0.372119636158 -0.023209399963 -0.026980189145 -0.108304102070
263 0.53530813 0.08293611  0.01584383  0.051105565927  0.292385494889 -0.169963600918 -0.020309922893  0.378464290222 -0.160991939315
264 0.34395944 0.08294266  0.00654186 -0.018695512979  0.160613406342  0.248140750274 -0.137269800939  0.086700656418  0.065023666857
265 0.38565442 0.08296649  0.00822637  0.125285000677 -0.167458272733  0.115837938107  0.109055216967 -0.249978021650  0.131111584095
266 0.11407970 0.08299802  0.00072010  0.067822254936  0.020404540396 -0.075713722794  0.024399274077  0.025771093696  0.031716441292
267 0.93020169 0.08303976  0.04790149  0.014812630892 -0.391370472517 -0.163241571766  0.627208504421 -0.140543880150  0.521626332142
268 0.99442506 0.08305406  0.05475373 -0.695770217542 -0.028534897617  0.476283919771  0.374029142517  0.327607721750  0.172915487520
269 0.76595999 0.08309806  0.03250213  0.190316949849  0.585922823090 -0.110153279482 -0.019681985834  0.431770744223 -0.090672522792
270 1.02393007 0.08312783  0.05810263 -0.080952261641 -0.416259051977 -0.281994870578  0.416146972791 -0.710640698756  0.333013971225
271 1.77459072 0.08313920  0.17454643  0.711057541461  0.166393604840  0.263645972836  0.559430395600  0.455187938837 -1.423451768256
272 0.97525010 0.08314870  0.05272253  0.212571705521 -0.283439794144  0.107721944408 -0.730286004478  0.466821193398  0.250487979098
273 1.36980420 0.08316061  0.10402635  0.186804386961 -0.508404244598  0.108503126362 -0.283986785753  0.473492813556 -1.125333691001
274 0.62463993 0.08318197  0.02163702 -0.111384526520  0.142781306836  0.085745854058 -0.097268891921  0.434964275357  0.389068783928
275 0.99790599 0.08319144  0.05522893 -0.069737995693 -0.480209814722 -0.375804155136  0.014131883106 -0.009067502852  0.786664367727
276 1.13251155 0.08322318  0.07116039 -0.255536832004 -0.184013885950  0.161952717962 -0.086303011695 -0.832685053297  0.675559722573
277 0.30729449 0.08324525  0.00524056  0.164400762724  0.050663971358  0.234971504839  0.007602964460  0.097420861054 -0.008672694951
278 0.76451726 0.08327984  0.03245064  0.283338070901  0.116935602062 -0.192345627190 -0.125789367608  0.661598375887  0.000147831691
279 0.81405070 0.08329628  0.03679910  0.121820843289  0.016150407428 -0.093746340690 -0.172025003451  0.729310308789 -0.278033949619
280 0.86296454 0.08331655  0.04136432  0.138887498563 -0.180954522921 -0.011458178071  0.128617369160 -0.815161574864 -0.107291275149
281 0.34485084 0.08335418  0.00660844 -0.173805218784  0.165537181629  0.036707826221  0.030306055527  0.107999643894  0.217672788003
282 0.51994557 0.08338365  0.01502815 -0.038767444686  0.010253961331 -0.023701160140 -0.144370572163  0.434090517285  0.242685297415
283 0.20294735 0.08344531  0.00229128  0.163310409975  0.090693187092 -0.024328182114 -0.041499451110 -0.063054590862  0.001460958857
284 0.59751828 0.08345511  0.01986388  0.195350353979 -0.350801392445 -0.277475862189 -0.316552514133 -0.130033484313  0.041202693767
285 0.30915214 0.08347740  0.00531890  0.012035687992  0.160866766584  0.160495150675  0.110941981717 -0.133089414012  0.117356131154
286 0.52066821 0.08350701  0.01509224  0.007199750578  0.117647998623  0.017950106077  0.023386999994 -0.481453912250 -0.156638035048
287 0.69351946 0.08354826  0.02678943  0.001446016399  0.237765220633 -0.180845297394  0.109400074858  0.590327346025 -0.176847610730
288 0.21516280 0.08356221  0.00257901  0.090050609254 -0.123951346199 -0.031857665233  0.082663131741 -0.115571384420 -0.040213585133
289 0.32146919 0.08358397  0.00575851  0.027627618371  0.224212257590 -0.109128250980 -0.078958869865  0.179298268487  0.044907391816
290 0.26300847 0.08361904  0.00385615  0.055239444224 -0.105382877122 -0.075527728313 -0.083744892452  0.169902973325  0.115895832201
291 0.24999526 0.08362726  0.00348434 -0.003859516663 -0.012441854255  0.057120943470 -0.081744917521 -0.015088428971 -0.228375221966
292 0.32657154 0.08365511  0.00594782  0.202750835310 -0.035804410550  0.028361750267  0.055826848960  0.066369104461  0.236502077082
293 0.22707283 0.08367401  0.00287627 -0.027096102762 -0.138295626490  0.129071550110 -0.112044459403  0.040516221514 -0.029106704167
294 0.28760758 0.08368997  0.00461512 -0.201399356209 -0.123719649731 -0.039254597544  0.049456602430  0.138546848864 -0.060562033330
295 0.23791373 0.08370400  0.00315860 -0.055454386306  0.047538371381  0.037146717497  0.146523927504 -0.136871601084 -0.098411802695
296 0.16936409 0.08370873  0.00160075  0.029150351648 -0.040851914038 -0.043750422268  0.004673188484 -0.055606545754 -0.145387573280
297 0.50583106 0.08372928  0.01428227 -0.179679276459 -0.179743807227  0.130238638057 -0.181443521114  0.224313245140 -0.301781869983
298 0.11782531 0.08374152  0.00077504  0.059848408604 -0.043548070953 -0.010940331144  0.012422964337 -0.073575063408  0.052127014219
299 0.46278982 0.08374742  0.01195770  0.089606395148  0.094208352033 -0.398980369629 -0.045842156011  0.010842685656  0.189381867998
300 0.21962622 0.08376136  0.00269352 -0.082340533641  0.002623470111  0.075319263585  0.067714841256 -0.089150028856  0.152455939944
301 0.41666989 0.08377938  0.00969684  0.038360787317 -0.094258405809 -0.216754960222  0.025660361369  0.092460668549  0.327211643914
302 0.10792451 0.08379964  0.00065072  0.075400949905  0.007007467801 -0.052837688501  0.015395224412  0.029536583194  0.044855861362
303 0.20280813 0.08380990  0.00229813 -0.126663295543  0.022196645554  0.132309902960  0.080968442396  0.020915561823 -0.009777346592
304 0.16583175 0.08382629  0.00153682  0.017784381798  0.051513234046 -0.085375107349  0.062904307796  0.056999212231  0.100177352521
305 0.36188173 0.08388499  0.00732363 -0.227787706433  0.002378638545 -0.091764188574  0.148526836778  0.063283329008  0.211139334661
306 0.09586476 0.08392750  0.00051420  0.000925405181  0.062355386592 -0.018274327857  0.046267226290 -0.016900598588 -0.050405987070
307 0.26513074 0.08393884  0.00393362  0.111458258215 -0.053408720467 -0.038377235149  0.222327875373 -0.009950484324 -0.063382713045
308 0.28906068 0.08400754  0.00467956  0.094398515973 -0.249155056974 -0.063550236922 -0.077477153866  0.015334555452  0.047856705963
309 0.30498880 0.08406324  0.00521294  0.050121844000  0.031067302214 -0.100574108689 -0.135469117904 -0.027610023476 -0.245583886324
310 0.26547137 0.08410180  0.00395139 -0.137124107300 -0.031501765770  0.014743549374 -0.114806358698  0.192759754028  0.011201318059
311 0.57148971 0.08412243  0.01831628  0.053039809866  0.062142496007 -0.057513908006 -0.072231700473  0.424086305751  0.362699751175
312 0.15606226 0.08415273  0.00136638 -0.019932598996  0.004388457142  0.070369535694 -0.035547044031  0.118292895553  0.061075265329
313 0.32363749 0.08418121  0.00587816 -0.166360905829 -0.084066500607 -0.157749303245  0.000922884728  0.155531017410 -0.144646129727
314 0.49029758 0.08420554  0.01349488 -0.084132004272  0.078600520110  0.055128657277 -0.140483084514 -0.322375786372 -0.316914287925
315 0.55819742 0.08424089  0.01749876 -0.064181533419 -0.207746893121 -0.163236456374  0.227177047293 -0.429858413107 -0.035672237494
316 0.28369269 0.08425441  0.00452062  0.012875525416 -0.187296923614  0.203190223174  0.026248180143 -0.055961354695  0.011345411104
317 0.21833911 0.08427219  0.00267828 -0.083163426933 -0.012753787642 -0.067483110833 -0.177227575171 -0.064126289354 -0.022746131182
318 0.30099785 0.08428312  0.00509068  0.034296065906  0.069946940629 -0.104669962504 -0.048731415641  0.243200148930 -0.109790911112
319 0.39621663 0.08430635  0.00882337 -0.041149826846 -0.278680398326  0.147106002809  0.013371064565 -0.098707020274  0.214638078007
320 0.49847995 0.08432541  0.01396891  0.081910167853  0.059608149160 -0.099744988291 -0.080739063868  0.381416134594 -0.276176979240
321 0.12585309 0.08436144  0.00089080 -0.039709496523 -0.097259326547  0.029871834883 -0.005087430169  0.007194371114  0.061909712702
322 0.22656854 0.08437186  0.00288739  0.121295656713  0.108008058681 -0.121136277976 -0.046315225629  0.038629638990  0.081508159836
323 0.32848868 0.08437822  0.00606988 -0.047871239591  0.111542420598 -0.068897009654 -0.102827284073  0.270402463310  0.068801910083
324 0.32298053 0.08438864  0.00586875  0.048568881761  0.003870158587 -0.173040775726  0.153160836806 -0.156498686747  0.155078432482
325 0.24112284 0.08439890  0.00327131 -0.028738551306  0.010423373620  0.123326244119 -0.072353940148 -0.131665157565  0.139375399004
326 0.36562802 0.08441843  0.00752359  0.111063337650 -0.102815128926 -0.049288783780 -0.318442144674  0.004904635887 -0.083180479752
327 0.29467720 0.08444028  0.00488823 -0.057442766294 -0.045423703320 -0.037595895603  0.263785365603 -0.078265626820  0.065954443362
328 0.37325181 0.08445387  0.00784390  0.177194561337 -0.261564563874  0.046009820562  0.182213873233  0.005353547047  0.064463351104
329 0.63288405 0.08448621  0.02256020 -0.063292383248  0.099372410536 -0.157921145333  0.032110427788  0.183512139207  0.571851851332
330 0.44743307 0.08449371  0.01127689  0.112328124670  0.185397609769 -0.012055322029  0.210339739412  0.256228093958 -0.207763081441
331 0.16913628 0.08451233  0.00161177 -0.057284005242  0.051075057931  0.088180165090  0.073435817170  0.095451822185 -0.020912951271
332 0.42756510 0.08452551  0.01030151 -0.095343914801  0.357380695837 -0.106888769066  0.120631337651 -0.007762965366 -0.141290833793
333 0.38640091 0.08453818  0.00841469 -0.238868614340 -0.006647765960 -0.011769714960  0.054008801823  0.297229141409 -0.028330439461
334 0.48644020 0.08455151  0.01333795  0.272655224448 -0.002108645845 -0.012934184277 -0.334774409793  0.214247067600 -0.064309772064
335 0.51257336 0.08457791  0.01481419 -0.068967255870  0.076036143104  0.065894297271  0.112619115466 -0.424655673876 -0.234170687841
336 0.52734508 0.08459340  0.01568321  0.184619380439  0.017606786626 -0.193642925113 -0.028833243255 -0.069197776687 -0.447862974975
337 0.79082048 0.08460411  0.03527411  0.025680063491 -0.123396791017  0.005575973686  0.111606795080 -0.709816913119 -0.305259851774
338 0.44930908 0.08461667  0.01138820 -0.265813372933  0.073444922245 -0.042217489344  0.144961824947 -0.183100501583  0.263639336068
339 0.25948428 0.08462460  0.00379863 -0.067770355841  0.044408536629 -0.013186236622  0.199237847707 -0.065016204886  0.129114093588
340 0.16255568 0.08465671  0.00149133 -0.120820021351  0.061092736362  0.033391191020 -0.007241567831 -0.039147038730  0.073448253542
341 0.14369470 0.08469289  0.00116584 -0.091357742327  0.020435119760  0.032718125130  0.006640378477  0.071010899272  0.075678374311
342 0.27039546 0.08471984  0.00412945 -0.072618232287 -0.019167216540 -0.038811006397 -0.170971756949  0.173279638534  0.081911194302
343 0.51741155 0.08473727  0.01512361 -0.014367288410  0.023088649136  0.126314783101 -0.215609156662  0.406174890430  0.198882955556
344 0.33338207 0.08477480  0.00628145 -0.134469752687 -0.182304654523 -0.144875532255  0.048997940859 -0.149173014972  0.119097423843
345 0.41046709 0.08479129  0.00952394  0.078286152243 -0.249974132470  0.099357056167  0.093144629035 -0.278023045652 -0.063426217050
346 0.00226333 0.08495876  0.00000029 -0.000557530517 -0.000176133568 -0.000485748023  0.000660055072 -0.000184468940  0.002018702137
347 0.03025737 0.08505483  0.00005191  0.004738159201  0.009721523495 -0.017564717566 -0.015319774709 -0.009189153915 -0.013072680188
348 0.12503448 0.08510287  0.00088698 -0.020888712750  0.074106869860 -0.002807932868  0.038067464565  0.086948327201  0.026237887970
349 0.04902818 0.08513433  0.00013643  0.010783362066 -0.006279944222 -0.005598667882 -0.022641410198  0.035434839451  0.021176334089
350 0.08715226 0.08515518  0.00043120 -0.015770371152  0.026188897409  0.006140373447 -0.004143365592  0.076621258835  0.027115751664
351 0.00193484 0.08518811  0.00000021  0.000445005949  0.000149725700 -0.000007806939 -0.000938321293 -0.000121844410  0.001621046000
352 0.11123816 0.08523151  0.00070310 -0.045722716040 -0.053228089885 -0.051058894594 -0.060791006025  0.026977145399 -0.020489200423
353 0.04646895 0.08525676  0.00012273  0.017906411973 -0.014454107498 -0.002103744005 -0.009795545786  0.031673741545  0.022939006875
354 0.01254195 0.08526215  0.00000894  0.003722756183  0.008233184262 -0.004739750335 -0.004137164567 -0.002840862341 -0.005291913214
355 0.15987253 0.08531762  0.00145377 -0.047912579725  0.101566244345  0.053840825160 -0.098149463309 -0.018019413117 -0.009542422437
356 0.00606488 0.08540037  0.00000209 -0.002671343486  0.002919759635  0.003235094140 -0.002256824336  0.001655664203  0.001679714751
357 0.02611836 0.08540073  0.00003884 -0.007560437188  0.014479213985  0.014492770796 -0.010738325512  0.009460558144  0.000711929403
358 0.02123552 0.08540208  0.00002567 -0.011657734215 -0.005456871966  0.008495205605  0.014545371212 -0.000281250079  0.001204867472
359 0.11289108 0.08544707  0.00072598 -0.015764520828  0.005253287257  0.013261016836 -0.000817577562 -0.093976320339 -0.058823517952
360 0.08085101 0.08549174  0.00037257  0.001997312842 -0.057433275370  0.006746778726 -0.056293475002 -0.003893511086  0.002163692270
361 0.03697222 0.08551487  0.00007793 -0.009371188306 -0.010744496213 -0.017702270869  0.012916198526 -0.022452970227 -0.013392060748
362 0.03731898 0.08552180  0.00007940  0.000596597527  0.012195079562  0.000973422173  0.019577724932 -0.025904306370 -0.013724508098
363 0.00352304 0.08553872  0.00000071  0.001134240708  0.000210537632 -0.001459719243 -0.000958335426  0.000996620591  0.002653026954
364 0.00325532 0.08555479  0.00000060 -0.000233549788  0.000177125919 -0.000962005510 -0.001889695801 -0.002337978849  0.000740722187
365 0.03874378 0.08558347  0.00008565 -0.000045428132  0.007204164406  0.012216488739 -0.033956723620 -0.010360675251 -0.006287514660
366 0.00254927 0.08561145  0.00000037 -0.000540487883  0.000139622287  0.000633979931  0.000187293661 -0.000252604618 -0.002384600119
367 0.03912700 0.08562118  0.00008739  0.016118829178 -0.029815213561 -0.000644852104 -0.005707342955  0.016450869458  0.008862166624
368 0.00820673 0.08562191  0.00000384  0.002383631812 -0.001909363177  0.004639650672 -0.004323657954  0.003081964176 -0.002881703463
369 0.00571496 0.08564394  0.00000186 -0.000391077157  0.000330022151  0.000037505307 -0.000731275984 -0.005602940333 -0.000685434400
370 0.01271179 0.08566319  0.00000923 -0.001998460091  0.001925539774  0.007778667507 -0.005032260032  0.005143476834 -0.006449923239
371 0.03076474 0.08568391  0.00005406 -0.025118142634  0.014233625604  0.000170621911 -0.010591567557  0.000673954793  0.000536295069
372 0.00151689 0.08570492  0.00000013 -0.000586900941 -0.000046229632  0.000516706937  0.000001012844 -0.000694667825 -0.001097647062
373 0.04870863 0.08571438  0.00013557  0.002023386083 -0.003677205127  0.002791122342  0.005692461592 -0.045941473211  0.014286388268
374 0.03568122 0.08572042  0.00007276 -0.010000936452 -0.001733761146  0.011930580347 -0.021005775000 -0.022221063530 -0.009631596259
375 0.00362783 0.08573582  0.00000075 -0.000186693398  0.000027015844 -0.000672240978  0.000434683400 -0.003527386908 -0.000205565553
376 0.13083182 0.08576898  0.00097874  0.025014293558 -0.005880236268 -0.001351249675  0.000926742021  0.035696767385  0.123206043506
377 0.00102154 0.08585808  0.00000006  0.000307519765  0.000451257272 -0.000019546423 -0.000098579646  0.000100424020  0.000851563922
378 0.00192073 0.08591123  0.00000021  0.000599728206  0.001000587208  0.001070331822  0.001032976936  0.000056239422  0.000335492090
379 0.00300989 0.08595917  0.00000052 -0.001040131862  0.001879227949  0.000363565465  0.000823126045 -0.001745480179 -0.000767892064
380 0.00405482 0.08597990  0.00000094  0.000638198105 -0.001209901481 -0.000045653195  0.000806090591  0.003535550078  0.001190977400
381 0.00169396 0.08601997  0.00000016  0.000444792419 -0.000011592873  0.000181365793  0.000136873949  0.001541010954  0.000495147549
382 0.00185906 0.08608198  0.00000020  0.000127085360  0.000184080577  0.000665734321 -0.000214997074 -0.000535553442 -0.001621671242
383 0.00367696 0.08611856  0.00000078  0.000543202329 -0.001915583335 -0.002047123992 -0.001186069861  0.001746821943  0.000952165637
384 0.00262869 0.08612811  0.00000040  0.000479011831  0.000060022915  0.001549660840 -0.000062773363  0.001875145785 -0.000869125846
385 0.00108804 0.08622179  0.00000007 -0.000225511256 -0.000205433285 -0.000255267757 -0.000053472197  0.000415728314 -0.000921913888
386 0.00342728 0.08627875  0.00000068  0.000932261524 -0.001924037148  0.000341012929 -0.002467246297  0.000115785920  0.000978872165
387 0.00305543 0.08631434  0.00000054  0.000536848725  0.001219148578  0.000741883192  0.000951358990  0.002455534749  0.000275623412
388 0.00190421 0.08635353  0.00000021 -0.000637211207 -0.000366655099 -0.001338870565  0.000573839090 -0.000704097937 -0.000684036383
389 0.00125165 0.08638472  0.00000009  0.000308639369 -0.000443941024 -0.000525235660  0.000090274666  0.000255013680 -0.000961895923
390 0.00590343 0.08657574  0.00000201  0.000595768437 -0.002109319105  0.000032342267  0.000226503886  0.005133425860  0.001908373640
391 0.00225019 0.08659599  0.00000029 -0.000510342815  0.000559401197  0.000911222462  0.000083089562  0.001061210145  0.001589514491
392 0.00181192 0.08666800  0.00000019 -0.000688369931  0.000136222933  0.000411847151 -0.001042551336 -0.000024840429  0.001238338189
393 0.00300791 0.08672864  0.00000052 -0.000351559274  0.000317029842  0.000372448427 -0.000708091379  0.001844033773  0.002186973927
394 0.00632962 0.08674648  0.00000232 -0.000154634389  0.000753242107  0.000204248784 -0.000700343369  0.006120164441  0.001218289919
395 0.00092039 0.08681633  0.00000005  0.000188988858 -0.000581166876 -0.000136750054 -0.000006680545  0.000664335177  0.000116445785
396 0.00206568 0.08686861  0.00000025 -0.000120158860  0.000064284882  0.000377902060  0.000095360033  0.001930459347  0.000608165970
397 0.00121442 0.08691007  0.00000009 -0.000134483230  0.000345107265 -0.000042786676 -0.000012615256  0.000970534399 -0.000627449965
398 0.00320247 0.08693654  0.00000059 -0.000035813695  0.000372833536 -0.000309400494 -0.000436965658  0.003053888915 -0.000708957789
399 0.00197722 0.08696196  0.00000023 -0.000899431196 -0.000198544737 -0.000245441511  0.000643147803 -0.000897351279 -0.001334877733
400 0.00116552 0.08701561  0.00000008  0.000044693571  0.000179997674 -0.000088671937 -0.000270741418 -0.000388539978 -0.001044948516
401 0.00078991 0.08704297  0.00000004  0.000118884483 -0.000413029391 -0.000259120272  0.000020168236 -0.000050291576 -0.000607579472
402 0.00188447 0.08711026  0.00000021  0.000109970340  0.000463285468  0.000180718246  0.000155069370 -0.000473987698  0.001744461160
403 0.00117806 0.08715718  0.00000008  0.000021715009  0.000480933729  0.000322523126 -0.000302928689 -0.000938996656 -0.000280282226
404 0.00175531 0.08719159  0.00000018  0.000611110566  0.000099520991  0.000126498458  0.000773026789  0.001382217457 -0.000416735140
405 0.00093046 0.08725759  0.00000005  0.000483113111  0.000357891159 -0.000079210942 -0.000350677863  0.000527037275 -0.000311863180
406 0.00093319 0.08732805  0.00000005  0.000012771673  0.000468274934  0.000150026617 -0.000403283215  0.000151878816  0.000665718617
407 0.00151606 0.08737469  0.00000013 -0.000036987112 -0.000181763291  0.000193501318  0.000549960619  0.001370460317 -0.000214421197
408 0.00128215 0.08741603  0.00000010  0.000212752754 -0.000612793189 -0.000294060982 -0.000015858906  0.001032492320 -0.000265259880
409 0.00085296 0.08743545  0.00000004  0.000125228459 -0.000714682196 -0.000064335088 -0.000295699416 -0.000310720697 -0.000113824046
410 0.00114315 0.08759464  0.00000008 -0.000501132764 -0.000529865165  0.000203212077 -0.000269861499  0.000772084078 -0.000254275041
411 0.00176870 0.08760808  0.00000018  0.000558366634 -0.000317108422 -0.000673327479  0.000438083261  0.001199137469 -0.000795452414
412 0.00082477 0.08779884  0.00000004  0.000221511901  0.000294890255 -0.000105000893  0.000005959170  0.000530819732  0.000501389628
413 0.00088088 0.08784223  0.00000005  0.000045140138 -0.000153557845  0.000160131428 -0.000479010220  0.000183691299  0.000679328910
414 0.00365133 0.08787791  0.00000078 -0.000390313087 -0.000080411038 -0.001876507214  0.000695850491  0.002140335391  0.002141700511
415 0.00179858 0.08789479  0.00000019  0.000612501416  0.000663332207  0.000172508752  0.000263202582 -0.001020516985  0.001131030921
416 0.00373829 0.08792562  0.00000082  0.000604448834  0.000118103471  0.001414407322 -0.002033155494 -0.002719294637 -0.000258276174
417 0.00148485 0.08794823  0.00000013 -0.000831623075 -0.000267860416  0.000192263452 -0.000117163287 -0.000400337193  0.001109265921
418 0.00250402 0.08797011  0.00000037  0.000204858806 -0.000537111532  0.000152213180  0.000413286022  0.001960794002 -0.001378758542
419 0.00215410 0.08799493  0.00000027 -0.000596633009  0.001357439360 -0.000285731953 -0.000037546148 -0.001517374914  0.000236774016
420 0.00188822 0.08801465  0.00000021 -0.000456471849 -0.000270849504  0.001373362332  0.000327905654 -0.000072610133 -0.001133452182
421 0.00180345 0.08804135  0.00000019  0.000877224435  0.000545921897 -0.000584916026 -0.000753326892 -0.000196001074 -0.001112124825
422 0.00721758 0.08809096  0.00000306  0.000757407966  0.000808423826  0.000708607946  0.001196614539  0.001885960500 -0.006736120987
423 0.00393952 0.08812628  0.00000091 -0.000637923214 -0.000455300750 -0.000453037265 -0.003464097796 -0.000698521009 -0.001487429923
424 0.00534180 0.08814674  0.00000168  0.001642087658 -0.001868101872 -0.000904628880  0.000017862655  0.003592279547 -0.002936915636
425 0.00438178 0.08815606  0.00000113 -0.001699905980 -0.001017980164 -0.000309422920 -0.000971977432  0.003698871736 -0.000742924446
426 0.00399749 0.08818888  0.00000094 -0.000776699814  0.000707939245  0.002678523501 -0.001345815842 -0.002147725774  0.001130053993
427 0.00397353 0.08821018  0.00000093 -0.001664484002  0.000318845489 -0.000642789092  0.000277728725 -0.002982229073  0.001879568102
428 0.00326114 0.08822802  0.00000063 -0.000467302975  0.000474098605 -0.000849745559  0.000154313042  0.002381010946  0.001943390562
429 0.00140379 0.08826329  0.00000012 -0.000017134900  0.000876923254  0.000321110834 -0.000860897971 -0.000578646047 -0.000149161794
430 0.01276083 0.08831196  0.00000959 -0.001840364152 -0.002131676844  0.002854177659 -0.003381032855 -0.011530859423  0.001539306608
431 0.00736960 0.08834609  0.00000320  0.002288297602  0.001278585237 -0.001586543735 -0.004177008291 -0.004883023260 -0.001905641094
432 0.00757605 0.08839897  0.00000338 -0.001193728319  0.004837152706  0.000525189814  0.000618182281  0.004969953986  0.002686097976
433 0.00488385 0.08842678  0.00000141 -0.000297562985 -0.003717839302  0.000465107282  0.001045010512 -0.002836637614  0.000765671219
434 0.05805141 0.08919230  0.00020038  0.013687149199  0.039987481177 -0.002140840684 -0.039214043312 -0.006410544299  0.000457657916
435 0.01367955 0.08953637  0.00001117  0.000449290433 -0.008781085753  0.001105333896  0.001745282509  0.006025299733  0.008321584263
436 0.04636141 0.08970186  0.00012854  0.001521211976 -0.008544922389 -0.005956781108  0.019183442270  0.003702301051 -0.040704498555
437 0.07591627 0.08972307  0.00034473 -0.014347619956  0.034228717810 -0.004802599120 -0.002256257528  0.065349409190  0.009333785462
438 0.03900737 0.09000639  0.00009130 -0.029564475501 -0.020545534554 -0.009227970144 -0.011502407215 -0.001247561921  0.002525931126
439 0.11087086 0.09016402  0.00073888  0.003992314515 -0.003756985367  0.012882677790 -0.010898549592 -0.103428050830 -0.035779745762
