0 0.03533864 0.06871189  0.00005721 -0.017989591545 -0.028797340567 -0.002750232822 -0.004378170230  0.008139889600  0.001708099344
1 4.32340736 0.06922476  0.86262589  1.917937581681  2.389790078560 -1.894936094703 -2.389713808532 -0.021389624200  0.017252275082
2 4.69214775 0.06934369  1.01779200  1.659157354071  2.867585267854  1.649390938452  2.883600196212 -0.059701014727  0.034603104005
3 5.13610747 0.06943698  1.22114642  0.034326108026  0.044805926809  0.018259225946  0.023977047053  4.074599013147 -3.126203561340
4 0.00276748 0.07215098  0.00000037 -0.000110125842 -0.000193226926 -0.000038620594 -0.000070226884  0.002413604993 -0.001333264864
5 0.00904278 0.07227284  0.00000394  0.000066933851  0.000087001425  0.000236813982  0.000298161072 -0.007068394515  0.005626067310
6 0.00503474 0.07242344  0.00000122  0.001685518149  0.002955232309  0.001813243518  0.003191222329  0.000478971767 -0.000270294326
7 0.00444165 0.07275031  0.00000096  0.000194878433  0.000349756367 -0.000288319940 -0.000572908474  0.003902435112 -0.001981814492
8 0.00066971 0.07284736  0.00000002 -0.000222372606 -0.000344087883 -0.000177108600 -0.000314241210  0.000370026320 -0.000116746950
9 0.00295602 0.07291502  0.00000042 -0.001248772847 -0.001874431568  0.001007039885  0.001556976759  0.000403536791 -0.000252898967
10 0.00729813 0.07326909  0.00000260  0.003618048022  0.003972335065  0.003313798327  0.003661038175  0.000071632955 -0.000058697579
11 0.02344614 0.07333459  0.00002688  0.007198590912  0.014074930257  0.007940281628  0.015385677162 -0.000154981623  0.000083601738
12 0.00667247 0.07358144  0.00000218  0.001551902142  0.004931533676 -0.001297203057 -0.004013496013  0.000019566400 -0.000045910852
13 0.00550620 0.07370030  0.00000149 -0.000070667912 -0.000081067827  0.000017634990  0.000019742330 -0.004065685501  0.003711624176
14 0.00034010 0.07380755  0.00000001 -0.000164079812 -0.000265477638 -0.000067756739 -0.000108411847  0.000026082781 -0.000035265734
15 0.02023643 0.07444545  0.00002032 -0.007544716485 -0.011287176886  0.008292767639  0.012506530120 -0.000009854949  0.000081234876
16 0.00230967 0.07449638  0.00000026  0.000187785242  0.000205029312 -0.000334190836 -0.000395735592 -0.001677611800  0.001474649920
17 0.00223953 0.07451251  0.00000025  0.000237898214  0.000351722585 -0.000085166122 -0.000100327205 -0.001805089458  0.001248802703
18 0.00733053 0.07455619  0.00000267 -0.003599075603 -0.005305313131 -0.001882040681 -0.003014879210 -0.000061403453  0.000040449086
19 0.00345445 0.07470764  0.00000059  0.000096113552  0.000080246074  0.003271724000  0.000954918030  0.000187925343 -0.000515960436
20 0.00369304 0.07472147  0.00000068 -0.000294579990 -0.000509364048  0.001742874285  0.003199822357  0.000108054116 -0.000064338202
21 0.00583771 0.07478746  0.00000170  0.000114895929  0.000116334080 -0.000253573300 -0.000245413012  0.004043596515 -0.004192486778
22 0.00424167 0.07480748  0.00000090  0.000023713992  0.000051667181  0.000109019939  0.000146052656 -0.003460163247  0.002445937761
23 0.01593922 0.07494507  0.00001269  0.007823176437  0.010484158031 -0.005442130855 -0.007300885582  0.000039117001 -0.000133012555
24 0.12126606 0.07569828  0.00074212 -0.057827268297 -0.081123661525 -0.040488217431 -0.055920704332 -0.003447655012  0.001452170056
25 0.00241465 0.07580136  0.00000029  0.000703026271  0.001160191233 -0.000951303137 -0.001665567656  0.000482339980 -0.000280217524
26 0.00082687 0.07582199  0.00000003 -0.000060333761  0.000690608792  0.000029575206 -0.000281421330  0.000350570016  0.000012704888
27 0.00467192 0.07583060  0.00000110 -0.000443302979 -0.000429173940 -0.000035184069 -0.000034888420 -0.003756335318  0.002708068993
28 0.00696547 0.07583227  0.00000245 -0.004185791958 -0.005492180653 -0.000538395376 -0.000709063531  0.000166703624 -0.000111422260
29 0.59813242 0.07605834  0.01814054  0.007900866411  0.010316498990 -0.028619825304 -0.035736674509  0.467005989238 -0.370678747843
30 1.91573074 0.07626791  0.18660339  0.676878020235  1.161077003038  0.679585544225  1.184028178678  0.001155351201  0.000117911236
31 0.18609432 0.07632387  0.00176212 -0.082325374830 -0.131217012236 -0.054074216317 -0.085166582672  0.019833520723 -0.008061525142
32 1.14463733 0.07643028  0.06675902  0.493728065618  0.637012705357 -0.483871957085 -0.645052457600 -0.081119867349  0.061942384939
33 1.13136975 0.07665689  0.06541375  0.231402472666  0.315145871034 -0.223045868277 -0.306070231389  0.797704110033 -0.589383732734
34 2.93146804 0.07675310  0.43971876  1.275914789548  1.631426611253 -1.276077281820 -1.631238625735 -0.094694671952  0.075589388231
35 1.20194201 0.07682784  0.07399364  0.446970148781  0.758108448777  0.414679761693  0.705530151645  0.010487995754 -0.017657015909
36 0.39526719 0.07691160  0.00801091  0.088900082875  0.143403652587  0.155464373886  0.243687446395  0.192587129334 -0.084414279345
37 3.90551925 0.07696617  0.78264747  0.225688975635  0.280179121768 -0.232307444468 -0.286491614358 -3.012032077287  2.432131432728
38 2.09140824 0.07700516  0.22454645 -0.461343493373 -0.587538325714  0.417356252949  0.534988142880 -1.444621527142  1.126330063113
39 0.10012952 0.07707257  0.00051515 -0.038055155334 -0.073090996449 -0.010209803363 -0.026478750540 -0.036569755717  0.033056340374
40 2.90678933 0.07711710  0.43439672  0.971867076002  1.782024363888  0.998479116677  1.824939017417 -0.039343419615  0.019413874265
41 0.72805053 0.07713267  0.02725650  0.232432807858  0.475168670376  0.212794771683  0.450954064968 -0.036041075465  0.017525980530
42 0.53998431 0.07722423  0.01501152 -0.236818208991 -0.316583782018  0.216731624364  0.265223657138  0.105053266140 -0.083201733377
43 0.76947295 0.07747050  0.03057960 -0.047288651512 -0.061655143663  0.029011274064  0.034508732657 -0.598067424767  0.475745620773
44 0.18963900 0.07769911  0.00186286 -0.078526686317 -0.129946988769 -0.057100909093 -0.093799808272  0.012726486433 -0.026256574542
45 1.82630696 0.07775305  0.17289152  0.134880099563  0.162851293486 -0.155622650450 -0.185227909836  1.378220189219 -1.154411217770
46 1.25319307 0.07783828  0.08149631 -0.246508881775 -0.299867479336  0.250077832959  0.304398026785  0.868270223320 -0.714643592290
47 0.62738015 0.07796285  0.02045776 -0.219111447560 -0.386536442488 -0.220632457483 -0.380741896006 -0.043666808554  0.025213825475
48 0.02169027 0.07810145  0.00002450  0.001957342126  0.002767001770  0.000578694568  0.001100299741 -0.018816087103  0.010168065274
49 0.07420967 0.07826760  0.00028735  0.030194735282  0.049129223149  0.023853021533  0.036349315777 -0.013718638845  0.010160294204
50 0.30150320 0.07831239  0.00474595 -0.071501267886 -0.091402414126  0.083728253753  0.105493094703 -0.191276778876  0.150702780068
51 0.10551776 0.07833482  0.00058145  0.048498534571  0.086196219178  0.016251119210  0.032274582004 -0.005882363839  0.003428021026
52 0.43890018 0.07834319  0.01006101 -0.088875449017 -0.287394586668  0.090534128197  0.298621713843  0.066199103544 -0.019626382754
53 1.40784413 0.07838202  0.10357008 -0.635894490264 -0.827011422989  0.577396810640  0.747592519588 -0.030352476430  0.022637871780
54 0.18848482 0.07839331  0.00185669 -0.032706094798 -0.038078263798  0.047921160683  0.056990282029 -0.125341711171  0.108406685837
55 0.96087958 0.07841619  0.04826723  0.322004567883  0.558706107140  0.348785803266  0.621087626703  0.005757378801 -0.003947578655
56 0.08285397 0.07842456  0.00035891 -0.006761576889 -0.016391050795 -0.037520733397 -0.070239611299 -0.014406153090 -0.001204141868
57 3.08604826 0.07851260  0.49848668 -0.228051301583 -0.283734556917  0.221645546334  0.296782298575  2.406655704977 -1.860640484903
58 1.76577103 0.07852145  0.16321716 -0.548202032176 -0.695321244049  0.527314462252  0.773318967115 -0.974488694201  0.712909006224
59 1.85123753 0.07853330  0.17942662 -0.644391647537 -1.134745230162 -0.606972738113 -1.164186439113 -0.007464661951  0.019782874337
60 0.26608953 0.07878932  0.00371905  0.016570631658  0.022929011140 -0.011571977494 -0.014967501082  0.207595694082 -0.162939870429
61 0.02356807 0.07879717  0.00002918  0.003150509428  0.013665105756 -0.002358027316 -0.009879422680 -0.004681745420  0.015287604480
62 0.14058028 0.07881461  0.00103840  0.088399368071  0.098160628008 -0.036279346590  0.030170872861  0.004296955190  0.008241500026
63 0.38063225 0.07881674  0.00761269  0.136553422253  0.216157927192 -0.130767447647 -0.243794168828 -0.048188349376  0.025533993366
64 0.12668082 0.07901125  0.00084532  0.029054324381  0.031392943455  0.027281868980  0.025706161694 -0.081461914249 -0.078595217012
65 0.45177340 0.07901782  0.01075165  0.011877472886 -0.026051217728  0.026983471552 -0.038919871354 -0.297753947728 -0.335230044316
66 0.40621016 0.07903403  0.00869410 -0.235530109131 -0.328657502936 -0.019729716242 -0.030993133900  0.011395068022 -0.006067966880
67 0.46110759 0.07903919  0.01120355 -0.010099595751 -0.010381165693  0.260491438786  0.376342352383 -0.045480083639  0.029200088438
68 0.15360145 0.07916365  0.00124516  0.056287486118  0.093772389765  0.057951584775  0.089710724986  0.011120898713 -0.010089084022
69 1.43399870 0.07924042  0.10863081 -0.585861877417 -0.763701039481  0.590848263771  0.859968679446  0.163682967698 -0.120162158285
70 0.95335786 0.07925643  0.04802365  0.387437733509  0.609261271066  0.275748740882  0.554618026624  0.055720038982 -0.028994152488
71 1.01072014 0.07930284  0.05400815 -0.451478735157 -0.485709401037  0.331483852064  0.462106893769 -0.387191057864  0.329343721788
72 1.69974299 0.07933895  0.15281350 -0.662604100289 -1.032800195926 -0.596171355035 -0.988899351073  0.197513789254 -0.105128001405
73 0.14556640 0.07936988  0.00112121 -0.102437534415 -0.036248488680 -0.004201526097  0.000613957074 -0.057766066069  0.077635211238
74 1.62843426 0.07940865  0.14038381 -0.017244789476 -0.044349102171 -0.016200612656 -0.050943139029 -1.339267560276  0.923600919647
75 0.75247253 0.07941330  0.02997666  0.002153850945  0.159916952836  0.000166121689  0.160915074956  0.701444473156  0.150727552979
76 0.08064392 0.07943007  0.00034438  0.033423269916  0.034181340395 -0.001341094352  0.009268793554 -0.053582939397  0.035484115568
77 0.37014619 0.07945079  0.00725694 -0.147128444777 -0.266783681072 -0.110643661607 -0.162722309550  0.067296394026 -0.030635254871
78 0.41027596 0.07946122  0.00891695 -0.116531550919 -0.171407863245  0.216290961214  0.270062443723  0.061762784602 -0.042848146537
79 0.56441199 0.07946471  0.01687623  0.245462982906  0.328592348889 -0.204348949094 -0.278644486057 -0.137800445143  0.109296323893
80 0.20386237 0.07949533  0.00220254 -0.019685007786 -0.020857520841 -0.095855642460 -0.106254209972 -0.110854647922  0.089276628234
81 0.20360883 0.07951996  0.00219775 -0.097668406797 -0.139509586580 -0.055684685032 -0.060467625184 -0.059191019765  0.046838216597
82 1.05110349 0.07954078  0.05858542 -0.459412216669 -0.720870277838 -0.278162340286 -0.544703049356  0.005202957042 -0.001491482804
83 1.63095682 0.07957073  0.14110649 -0.952040029528  0.212034970832  1.277172283160 -0.274580377324 -0.012274737549 -0.044351043133
84 0.60200485 0.07958686  0.01922871 -0.195550561766 -0.300907709823  0.172978059405  0.258578877358 -0.300380434750  0.215897017910
85 0.30918266 0.07959378  0.00507245  0.083976725895  0.207612039526  0.151668087944  0.142711061758 -0.030260998200  0.033965958471
86 0.78871229 0.07963160  0.03302413  0.326911012924  0.513505027333  0.292357779942  0.405864311151 -0.031618309702  0.017613177772
87 0.96852154 0.07969558  0.04983811 -0.423629001434 -0.540997220698  0.418093402130  0.517689445883  0.119889212793 -0.093362557246
88 0.04767324 0.07972617  0.00012080 -0.039772803458 -0.022301287161  0.006049916237  0.001736369271  0.007268910093 -0.010052889904
89 0.36009979 0.07974379  0.00689368  0.066944266916  0.047645376679 -0.075119792465 -0.073571450449 -0.218201857053  0.253480676754
90 0.42934748 0.07975939  0.00980186 -0.146278436108 -0.239983011020 -0.168732509860 -0.276786020842 -0.016397180150 -0.000028303627
91 1.27322326 0.07979752  0.08623970 -0.601563002410 -0.793149448721 -0.457703267822 -0.623833552978 -0.139000606116  0.110234371312
92 0.89304407 0.07980331  0.04243023  0.241313788484  0.342298030262  0.436912505271  0.599435206438 -0.212784956984  0.163201963760
93 0.28106829 0.07997238  0.00421185 -0.071898503836 -0.152595532185 -0.055206590882 -0.210925655320  0.054356769762  0.007248024251
94 0.26071849 0.07997819  0.00362430 -0.108916391822 -0.134760406101  0.027407175637  0.098515054659 -0.144428405371  0.081455805336
95 0.00765531 0.08001946  0.00000313  0.001150968477  0.001971748955  0.000186034538  0.000274833003  0.006301812771 -0.003683507712
96 0.21802980 0.08014570  0.00253992  0.013164635978  0.016254718726 -0.013016472337 -0.016629259266 -0.168570261709  0.135046573356
97 0.00639016 0.08019288  0.00000218  0.000715818732  0.000460031796 -0.000927279056 -0.000614071551 -0.003456195118  0.005189209611
98 0.00205441 0.08031116  0.00000023  0.000368148687  0.001977069928 -0.000065649780 -0.000414620114  0.000005312006  0.000003407809
99 0.03130966 0.08059831  0.00005267 -0.008753788391 -0.012966120788 -0.015196243691 -0.022373097553  0.001623954346 -0.001194650230
100 0.61863986 0.08061487  0.02056836  0.237489847259  0.303518611478 -0.293726550122 -0.384572873585 -0.003419752985  0.002649483997
101 0.61307708 0.08061597  0.02020040 -0.251387692587 -0.410304472054 -0.194462007130 -0.326345617330  0.000862791986 -0.000546262658
102 0.00861491 0.08066482  0.00000399  0.001373144394  0.003644511801  0.000026625786  0.000097412819 -0.007218124918  0.002633841461
103 0.00886705 0.08067333  0.00000423 -0.004132349088 -0.007567386296  0.000129825627  0.000050154115 -0.001823236036  0.000969225138
104 0.01178451 0.08070326  0.00000747 -0.005833840737 -0.005319865512 -0.005898756864 -0.005264994558 -0.002519823177  0.002770398258
105 0.27148466 0.08071057  0.00396579 -0.007550304893 -0.009647145648  0.007042766987  0.009138327034 -0.213886594512  0.166352823166
106 0.00331913 0.08078406  0.00000059  0.001640630274  0.002423727900  0.000746554041  0.001069937622  0.000741090159 -0.000446284052
107 0.41863865 0.08095840  0.00945909 -0.196349949467 -0.270299624922  0.143503017276  0.204104397100  0.030398681036 -0.021617845936
108 0.25374675 0.08096302  0.00347533  0.049385720583  0.085202686068  0.104078450939  0.209103939467  0.010316586050 -0.005074622815
109 0.01983875 0.08097970  0.00002125 -0.008841506271 -0.014301630935 -0.005561649386 -0.008888642648 -0.000833183747  0.000482565455
110 0.00481136 0.08101276  0.00000125 -0.000073957763 -0.000160894583  0.002773594547  0.003878488401 -0.000500204590  0.000363541387
111 0.01291108 0.08105283  0.00000901 -0.008491415351 -0.007208776529 -0.004991646034 -0.004100049417  0.000631826234 -0.000706642620
112 0.00221469 0.08111865  0.00000027  0.000749234942  0.000477715280  0.001648209972  0.001006303042 -0.000319152486  0.000533091876
113 0.08080403 0.08114913  0.00035323 -0.039403275906 -0.066828292345 -0.012350256961 -0.018563904361 -0.003673469190 -0.000099778628
114 1.52637118 0.08119997  0.12612028 -0.669601252438 -0.842207989125  0.621271863112  0.885504690638 -0.035809725785  0.027371934988
115 0.38228803 0.08120528  0.00791178  0.055634809799  0.056492628041 -0.097420560766 -0.130692340215 -0.256422545326  0.218022282222
116 1.83763496 0.08121692  0.18284107  0.645280156872  1.133499227114  0.593524403684  1.150348015231 -0.009298155023  0.006084519521
117 0.07558595 0.08123250  0.00030940  0.028781454738  0.050113939194  0.022770813713  0.042734490843  0.004775736596 -0.002429510156
118 0.01682059 0.08126681  0.00001533  0.006287980746  0.011022259746  0.001184454256  0.002298543877 -0.009753278331  0.004482259401
119 0.01185296 0.08126930  0.00000761  0.005180865256  0.006780866879 -0.001813484111 -0.003141498563  0.006365457761 -0.003740909857
120 0.00092013 0.08142851  0.00000005 -0.000338262681 -0.000461998244  0.000147817949  0.000223329228  0.000498445605 -0.000445645773
121 0.00537992 0.08152443  0.00000157  0.000323372216  0.000481757544  0.000734953950  0.000964588664  0.004129271120 -0.003175745598
122 0.00238369 0.08157264  0.00000031 -0.001091833073 -0.001537516153 -0.000332784347 -0.000584996567 -0.001139112933  0.000612672444
123 0.00160161 0.08165973  0.00000014 -0.000197643664 -0.000875480686 -0.000677903202 -0.001058238970 -0.000133564404 -0.000402952976
124 0.00484669 0.08167907  0.00000128 -0.000077087159  0.000321169171  0.001151496211 -0.002174622720  0.003623028744  0.002049411082
125 0.00210729 0.08170289  0.00000024 -0.000624499729 -0.001274660323  0.000944193586  0.000908860039 -0.000472539794  0.000696480769
126 0.00180954 0.08171593  0.00000018  0.000070176964 -0.000372205014  0.000181333399 -0.000543020968 -0.001545532622  0.000643868035
127 0.00285185 0.08173140  0.00000044  0.001230153252  0.000903175302  0.001869295034  0.001438550106 -0.000159657810  0.000463548146
128 0.00270127 0.08179723  0.00000040  0.001403492531  0.001851852930  0.000810216745  0.000973335666  0.000444196419 -0.000310718913
129 0.00146021 0.08186504  0.00000012  0.000987449255  0.001014344691 -0.000043791739  0.000337673644 -0.000033280188 -0.000105895937
130 0.00312598 0.08189303  0.00000053 -0.001542304364 -0.002286804806  0.000741356493  0.001029405020  0.000622358701 -0.000408632251
131 0.00283676 0.08196835  0.00000044  0.000018865987  0.000075482797 -0.001204763698 -0.002016463459 -0.001262364989  0.000964374132
132 0.00429692 0.08214423  0.00000101  0.001866424515  0.003094369828  0.001109492669  0.001964986205 -0.000479381756  0.000287880492
133 0.01828507 0.08220869  0.00001832  0.008876794289  0.010449403837 -0.007763864924 -0.009270564281 -0.000339976987  0.000140976395
134 0.00321301 0.08231193  0.00000057 -0.000064148971  0.000502929602  0.000182202076 -0.001149145319  0.002896012031  0.000570746779
135 0.00373844 0.08235624  0.00000077  0.001863107325  0.002151689034  0.001132135834  0.001647782531 -0.001085441133  0.000836607289
136 0.00113248 0.08239473  0.00000007 -0.000578151674 -0.000802059213 -0.000148637289 -0.000209272012 -0.000426400174  0.000239260975
137 0.00764800 0.08246602  0.00000322 -0.000108416873 -0.000037312763  0.000791266915  0.001298724643 -0.006253344937  0.004130570398
138 0.00302322 0.08249768  0.00000050  0.000743186463  0.002010544368  0.000267251547  0.001245174789 -0.001645508826  0.000464362489
139 0.00984210 0.08250436  0.00000533  0.002682287532  0.004848699396  0.003895754891  0.007098389669  0.000653139173 -0.000414484211
140 0.01029640 0.08253423  0.00000583  0.001336931295  0.007630625656 -0.001140924934 -0.006633437072  0.000820179925 -0.000158298265
141 0.00191120 0.08254041  0.00000020 -0.001284380702  0.000034440359  0.000854599509 -0.000011279191  0.000006604501 -0.001127549605
142 0.00373688 0.08255305  0.00000077  0.001561079358  0.001797627840 -0.001579277935 -0.002286935503 -0.000624406835  0.000426301448
143 0.00221710 0.08255803  0.00000027 -0.001400001266 -0.001316497240 -0.000210600233 -0.001046191862 -0.000241106089  0.000159291204
144 0.00392345 0.08258938  0.00000085  0.000255913830  0.000436644275  0.000121090744  0.000139798601  0.003305297755 -0.002044051729
145 0.00129234 0.08262591  0.00000009 -0.000180381788  0.000049519396  0.000114979584 -0.000138919002 -0.001250656041 -0.000196166469
146 0.00668118 0.08263713  0.00000246  0.000051711970  0.000135755232  0.000305707964  0.000387374975  0.005275578231 -0.004067164276
147 0.00123446 0.08270383  0.00000008 -0.000007547489 -0.000101327356  0.000015053197  0.000098240993  0.001223805197  0.000077385749
148 0.00705752 0.08271243  0.00000275  0.000569316259 -0.000053016678 -0.000393981009  0.000016875032  0.000702631172  0.006988026723
149 0.00218690 0.08273576  0.00000026  0.000303245663  0.000669179076  0.000913905055  0.001805120871 -0.000322793225  0.000211866346
150 0.00657780 0.08275757  0.00000239 -0.002992455164 -0.003522177866  0.002332434042  0.002821156774 -0.002198923647  0.001916389640
151 0.00102411 0.08276879  0.00000006  0.000641355006  0.000588114431  0.000172316067  0.000381905196  0.000216676435 -0.000262838849
152 0.00730201 0.08284021  0.00000294  0.002423637569  0.003970963782 -0.002778488768 -0.004823500418 -0.000724564589  0.000406899213
153 0.00211452 0.08287293  0.00000025  0.001153423655 -0.000678437805  0.000128188120  0.000092599692 -0.001462577173 -0.000718589698
154 0.00384109 0.08287546  0.00000082 -0.001658109440 -0.003247378233 -0.000541553010 -0.001051066719 -0.000123295911 -0.000214423763
155 0.00113227 0.08288657  0.00000007  0.000256365299  0.000324354634  0.000516855227  0.000787299386 -0.000285831607  0.000377396584
156 0.00643694 0.08290729  0.00000229 -0.000890330942 -0.001070054643  0.000543109988  0.000650705879 -0.004873717023  0.003876207124
157 0.00591748 0.08293181  0.00000194  0.001354416286  0.001847728269 -0.001023360910 -0.000852019822  0.004459115394 -0.002848010703
158 0.00753636 0.08294178  0.00000314 -0.000268093709  0.004148130959  0.000763474745 -0.006167268938  0.000810457483 -0.000492921043
159 0.00729695 0.08296223  0.00000294 -0.001535030683 -0.002092367451  0.001623786948  0.002404856009  0.004922201540 -0.003723309151
160 0.00241053 0.08297835  0.00000032 -0.000651181616 -0.001256100635 -0.000731173382 -0.001437288528  0.000880977785 -0.000657491202
161 0.00729420 0.08300100  0.00000294  0.000382200617  0.000586454984  0.000847413977  0.000801694132  0.005272667774 -0.004853189385
162 0.01062108 0.08303321  0.00000624 -0.001524450016 -0.003829550294  0.000814088215  0.002253834488  0.008567008631 -0.004084333839
163 0.01190784 0.08306125  0.00000785  0.004247481663  0.005433294550 -0.006190365484 -0.007061733375  0.002368909086 -0.000659198468
164 0.00596213 0.08306561  0.00000197 -0.001071787007  0.000529058204  0.002433923622  0.003103791183  0.004223401868  0.000850707951
165 0.01361296 0.08308233  0.00001026 -0.002479189952 -0.006178710505 -0.003181750883 -0.008578029653  0.007057415574 -0.002734347462
166 0.01125619 0.08310992  0.00000702 -0.004084017519 -0.008496868825 -0.001197591622 -0.002536022104 -0.004790273356  0.002648316179
167 0.00219288 0.08316498  0.00000027  0.000025967441  0.000057276743 -0.000315418230  0.000731931998  0.001968063538 -0.000544331993
168 0.00676169 0.08318100  0.00000254 -0.002939648858  0.002932301655 -0.003218974572  0.002941203057  0.002397317760  0.001928967061
169 0.00379269 0.08319443  0.00000080 -0.002191542762 -0.001586803577  0.001943613054  0.001044498268  0.000687075984 -0.001312645890
170 0.00575586 0.08320983  0.00000184 -0.001355235479 -0.003001815099 -0.002151022408 -0.004187864607  0.000303962603 -0.000157659993
171 0.00393701 0.08322547  0.00000086 -0.000865557615 -0.001366899909 -0.001790458769 -0.002732645973  0.000883983257 -0.001194966080
172 0.00269868 0.08324770  0.00000040 -0.000858006963 -0.002025233193 -0.000996269201 -0.000711009139 -0.000918446125  0.000321746318
173 0.00407660 0.08325062  0.00000092 -0.000635667518 -0.000617095061 -0.001679634316 -0.003580306523  0.000439314467 -0.000031506877
174 0.00197969 0.08330252  0.00000022 -0.000250376937 -0.000335403855  0.000544099448  0.001136404946  0.001402141160 -0.000436489392
175 0.00650469 0.08330978  0.00000235  0.000412077043  0.001539338519  0.001051308594  0.003213773133 -0.004906759108  0.002064405661
176 0.00337617 0.08331756  0.00000063 -0.000354354520 -0.001911252412 -0.000232772837 -0.002338017050 -0.001042079351  0.001006798511
177 0.00530886 0.08332426  0.00000157  0.001114213512  0.004442349367  0.000424038990  0.002007568820  0.001714985954 -0.000238228650
178 0.00353072 0.08337155  0.00000069  0.002199713997  0.000309543013  0.001343394410  0.000373384272 -0.000319654716  0.002342035427
179 0.00194461 0.08337293  0.00000021 -0.000878413366  0.000728093572 -0.000583937184  0.000811717292 -0.001004741115 -0.000685848386
180 0.00332550 0.08338123  0.00000061 -0.000007360549  0.000411960021  0.000309075998 -0.002787440989  0.001679841989  0.000449393503
181 0.00488246 0.08341195  0.00000133  0.001784183067  0.002230662334  0.001668559480  0.002128805783 -0.002355876996  0.001677248831
182 0.00562114 0.08344145  0.00000176 -0.002248489962  0.001045880435 -0.002720552118  0.001557611134  0.001237260611  0.003753569732
183 0.00274981 0.08344889  0.00000042 -0.000181311839 -0.001213875098  0.001009184381  0.000104556943 -0.002189227075  0.000482682106
184 0.00470298 0.08346811  0.00000123  0.000571813362  0.000081414526 -0.001238631297 -0.001770731298 -0.003370621038  0.002398683176
185 0.00332162 0.08348489  0.00000061  0.000956028771  0.001269279532 -0.001033214411 -0.001254317412 -0.001800832645  0.001619956654
186 0.00288051 0.08349948  0.00000046  0.001506982236  0.002222516997  0.000414438648  0.000303370517  0.000428411293 -0.000799646797
187 0.00682313 0.08351467  0.00000259 -0.001637409137 -0.005073644596 -0.001505175121 -0.003836387470  0.001035637472 -0.000276001194
188 0.00834785 0.08354631  0.00000388  0.000411119183  0.000916531177 -0.002605274578 -0.003241852694 -0.005790097559  0.004225549782
189 0.00234725 0.08363527  0.00000031 -0.001222093626  0.001593725065  0.000719733439 -0.000901548841 -0.000299146889 -0.000236210151
190 0.00126610 0.08364920  0.00000009 -0.000479055366 -0.000158436630 -0.000346925124 -0.001090823017 -0.000066520204  0.000183653102
191 0.00418779 0.08366536  0.00000098  0.000277484625  0.001138858971 -0.000900766484 -0.002288900318  0.002712992723 -0.001659159526
192 0.00228117 0.08367386  0.00000029  0.000991797364  0.000922755262  0.000960636558  0.001549692944  0.000123370972 -0.000170317840
193 0.00114891 0.08371211  0.00000007 -0.000499079252 -0.000773432614 -0.000402595954 -0.000017529514 -0.000225406774 -0.000509421242
194 0.00298341 0.08372856  0.00000050 -0.000742509198 -0.000932800773  0.000228592387  0.000714167211  0.001970021532 -0.001742423653
195 0.00233171 0.08377973  0.00000030 -0.000253343221 -0.000094888777  0.001888701158  0.001116550412  0.000449950806 -0.000589371267
196 0.00181919 0.08379670  0.00000018 -0.000789582007 -0.000317863473  0.000406273048 -0.000724800870 -0.001231540451  0.000614713590
197 0.01695261 0.08381810  0.00001606  0.006683410445  0.008995070906 -0.007311358486 -0.010406470942  0.000061027526 -0.000239795609
198 0.00643789 0.08385025  0.00000232  0.003085884035  0.003033029704  0.002842983025  0.003705069802  0.000731419089 -0.000615997339
199 0.00593037 0.08388143  0.00000197 -0.001948721775 -0.002412089182  0.003038431253  0.003990755630  0.000516366395 -0.000358848163
200 0.00483661 0.08393720  0.00000131  0.001001958702  0.000930800996 -0.000518598468 -0.000741744820 -0.003232292578  0.003202435590
201 0.00188855 0.08396631  0.00000020 -0.000522000478 -0.000619489549 -0.000380109785 -0.000990702655 -0.001282378722  0.000374050717
202 0.00255799 0.08401439  0.00000037 -0.000010088101 -0.000025079331  0.000206975585  0.000945474819  0.002264208713 -0.000692237328
203 0.00449027 0.08402343  0.00000113  0.001060169971  0.001640163062 -0.001096795381 -0.002003316394 -0.002831886535  0.001764250223
204 0.00252998 0.08406783  0.00000036  0.001241839876  0.001800110104 -0.000888595447 -0.000888713784 -0.000146930857  0.000131230863
205 0.00277052 0.08408055  0.00000043 -0.000017852398  0.000767116199  0.002322137244  0.001301663595  0.000016443217  0.000007154388
206 0.00389064 0.08408419  0.00000085  0.001718836567  0.002414805916  0.000939320906  0.002322603009 -0.000259387059  0.000085239214
207 0.00376299 0.08409611  0.00000079  0.000524701839  0.001944330655  0.000698501158  0.002415718899  0.001904568055 -0.000391628106
208 0.00227428 0.08414090  0.00000029 -0.000483051991 -0.000704130345 -0.000087159965 -0.000040895709 -0.001813530150  0.001070070507
209 0.00219217 0.08414762  0.00000027 -0.000733108545 -0.001192459048 -0.000747241950 -0.001448803138  0.000391160856 -0.000189162254
210 0.00259359 0.08417301  0.00000038  0.000306022173  0.000543217726  0.001390612310  0.002097994818  0.000050521134 -0.000004404531
211 0.00356234 0.08417872  0.00000071 -0.001339047896 -0.002530128353  0.000816706225  0.001557747393 -0.001029883225  0.000584296032
212 0.00197601 0.08423649  0.00000022  0.001033667814  0.001481796828  0.000324651535  0.000571591529  0.000358450000 -0.000282543091
213 0.00397374 0.08427593  0.00000089 -0.002471167562 -0.002750017354 -0.000223289852  0.000382103423  0.001011295263 -0.000950132270
214 0.00898069 0.08429203  0.00000453 -0.003637752663 -0.005079704747 -0.003338905205 -0.005105066202  0.001715297641 -0.001209958004
215 0.01089450 0.08434507  0.00000667 -0.004616346767 -0.005140662394  0.005552280888  0.005980697172  0.001542969542 -0.001405632022
216 0.00539171 0.08436896  0.00000164 -0.000360126321 -0.000693470853  0.002708284979  0.004266423222 -0.001574728338  0.000665621207
217 0.00335975 0.08437609  0.00000063 -0.000970695272 -0.002090475138 -0.001585381104 -0.001846438314 -0.000225749254 -0.000042912646
218 0.00311144 0.08440049  0.00000054 -0.000854723129  0.000267265718  0.000288922311  0.000130439912 -0.000672838355 -0.002885459000
219 0.00406422 0.08440909  0.00000093 -0.000504973223  0.000020441256 -0.000193518161 -0.000775847906 -0.003530737056  0.001776782967
220 0.00117133 0.08442421  0.00000008 -0.000274984923 -0.000745905620 -0.000051695976  0.000447675527  0.000701242190  0.000212609874
221 0.01596902 0.08446281  0.00001436 -0.002023311549 -0.011108547728  0.001715007954  0.011030813121  0.001690237499  0.000197161567
222 0.01300392 0.08447765  0.00000952 -0.007097217134 -0.007430099288  0.005043666564  0.004323522053 -0.003244479785  0.002977758473
223 0.00323443 0.08448335  0.00000059 -0.001144135144 -0.000560542836 -0.000868321695  0.001884239873 -0.001943142301 -0.000870713896
224 0.00420959 0.08453815  0.00000100  0.001960096763  0.002387710103  0.001222293829  0.002526171500  0.000538461110 -0.000109678989
225 0.00651893 0.08462685  0.00000240 -0.003328583267 -0.001936997808  0.003881843701  0.002574631369 -0.000621003891  0.002362601334
226 0.00824611 0.08463275  0.00000384  0.003718558875  0.005556983351 -0.002086799890 -0.003807900104 -0.001590957213  0.001380047432
227 0.00447708 0.08469535  0.00000113  0.000234159820 -0.001623345936  0.003753430960  0.001612553522 -0.000733169236  0.000357901631
228 0.00805585 0.08470489  0.00000366 -0.007124123525 -0.000735816162 -0.002935321404  0.000211112096 -0.000351652743  0.002194961228
229 0.00497473 0.08473047  0.00000140  0.001411978843  0.002228923871 -0.000002060804 -0.000186392797 -0.003517062178  0.002319842748
230 0.00471449 0.08474937  0.00000126  0.002986421810  0.002404381865  0.000196079229  0.000413450343 -0.001878534856  0.001946381435
231 0.00770883 0.08475504  0.00000336  0.003189727920  0.004640932972 -0.002288360883 -0.003788669577 -0.002200869246  0.001810789435
232 0.00309875 0.08477345  0.00000054 -0.000295204332 -0.000848102875  0.000846400644 -0.002389235637 -0.001539753817  0.000011223594
233 0.00246049 0.08478623  0.00000034  0.000529711918 -0.000220614566 -0.000489709825 -0.002227202773 -0.000417958113 -0.000591437355
234 0.00745320 0.08480080  0.00000314 -0.004571984950 -0.004289682065  0.002450207506  0.002277212182  0.001549886744 -0.001629228038
235 0.00399414 0.08482721  0.00000090 -0.000652885625  0.000085515894  0.002186086709  0.001359013298  0.001708095784 -0.002444601521
236 0.01000051 0.08484103  0.00000566  0.003158215417  0.004652896637 -0.003201961403 -0.004672342676  0.004965685332 -0.003412484689
237 0.01182123 0.08486920  0.00000791 -0.003633038509 -0.002446524643  0.008456636644  0.006352663287 -0.001817131597  0.002320354242
238 0.00559326 0.08491654  0.00000177 -0.000151965810 -0.005081828838 -0.001461403230 -0.000526830783  0.001550549690  0.000786784707
239 0.01011047 0.08492368  0.00000579 -0.000300932312  0.002462955960 -0.003345697213 -0.006724684460 -0.005920133491  0.002145172105
240 0.09098535 0.08496873  0.00046893 -0.008844164179 -0.013742833017 -0.008412872963 -0.013362636529 -0.076404886108  0.043865782974
241 0.01601577 0.08499153  0.00001453 -0.005616444948 -0.009751905313 -0.005671048943 -0.008980297352  0.004051053907  0.000802071712
242 0.02100261 0.08501415  0.00002500 -0.007939843818 -0.010785390618 -0.005546798326 -0.011305452316 -0.001172953230 -0.010088998945
243 0.04908448 0.08502771  0.00013657  0.012961039262  0.026964648020  0.017198848686  0.031150169120  0.008926797207 -0.012976288307
244 0.48592380 0.08503137  0.01338518 -0.163517992803 -0.282665443990 -0.180323751718 -0.311079716476  0.012207872279 -0.006911670315
245 0.02415750 0.08512229  0.00003312 -0.012595280474 -0.012188473601  0.011605726991  0.011452790872 -0.002405068029  0.002177472678
246 1.36114185 0.08517748  0.10520595  0.031310014784  0.035067146722 -0.026046491248 -0.028916265059  1.009879676509 -0.910563335342
247 0.57778213 0.08521748  0.01896556 -0.234608327533 -0.305647303060  0.251666844827  0.327368687524  0.096313908944 -0.074753085767
248 0.00518815 0.08529232  0.00000153  0.001985987197  0.003767155783  0.000129152571 -0.001082130064 -0.002253408372  0.001586117927
249 0.00639848 0.08530893  0.00000233  0.004276465717 -0.004635316429 -0.000330752803  0.000620587598 -0.000734296910 -0.000363991803
250 0.01057550 0.08532053  0.00000636 -0.002075054281 -0.002544583195  0.006007995687  0.006515498095  0.003692634502 -0.002979456547
251 0.00116564 0.08533070  0.00000008  0.000289529581  0.000345301774 -0.000814650630 -0.000394516355 -0.000579928515  0.000005435190
252 0.00455558 0.08534385  0.00000118  0.001133497197  0.000910694356  0.000609648297  0.000064052693 -0.002550661259  0.003428916378
253 0.04084423 0.08540251  0.00009498  0.003282032042  0.004636608707 -0.003817882735 -0.006359718706  0.031567852953 -0.024174985094
254 0.00449427 0.08542980  0.00000115  0.001621992334  0.002132189946  0.001818752199  0.003106154640 -0.000214130056  0.000139526923
255 0.01157451 0.08546158  0.00000763  0.002962003593  0.004584846543 -0.003837042179 -0.008619576436  0.003652519938 -0.001346867942
256 0.85704233 0.08547493  0.04185545 -0.408267755083 -0.445929624049  0.395952498120  0.441115461668 -0.098203848537  0.089333849331
257 0.00935959 0.08547938  0.00000499 -0.000230289163 -0.006332853940 -0.002653515788  0.000218218386  0.004873361799 -0.004074968937
258 0.42910578 0.08549851  0.01049533  0.069867490482  0.087026136591 -0.073376355518 -0.093765071216 -0.310513480932  0.247148047685
259 0.00933068 0.08552661  0.00000496 -0.000192055904  0.000774027736  0.004765629027  0.007932438860  0.000647461708 -0.000609579995
260 0.01294966 0.08553825  0.00000956  0.003943670839  0.006811385980  0.004793975309  0.009039614194 -0.000843895435  0.000580672055
261 1.10882249 0.08558360  0.07014930  0.356652121351 -0.743381975167  0.322834645908 -0.666488449813  0.032285126364  0.014086286770
262 0.52798768 0.08561128  0.01591063 -0.175722050454 -0.334716953930 -0.169350406218 -0.326866366565  0.017612556137 -0.005091628504
263 0.49647843 0.08569477  0.01408198  0.056897142883  0.073715375209 -0.013209306379 -0.014035659728  0.373232684355 -0.313281766696
264 0.70342076 0.08575832  0.02828886  0.255719068358  0.405243767155  0.268882311591  0.438268244094  0.024309800647 -0.014774834758
265 0.02121972 0.08578741  0.00002575  0.010325516745  0.018110290594  0.001495125689  0.002880213696 -0.002085701164  0.000892458457
266 0.02156083 0.08580843  0.00002659  0.001348781544  0.001646316409 -0.009786452608 -0.018683370310 -0.003276459950  0.002182163247
267 0.03833909 0.08582093  0.00008410 -0.006075703972 -0.013497958710  0.025380751727  0.022085560682  0.008841001487 -0.006376427460
268 0.76232032 0.08582513  0.03325050 -0.024414457640 -0.052995133306  0.464307517193  0.569944280812  0.156330195248 -0.113448857270
269 0.75769342 0.08583496  0.03285186 -0.449466320551 -0.539189709825  0.134025945116  0.192182960404  0.123091848533 -0.106324737013
270 0.03444682 0.08584913  0.00006791 -0.014620860339 -0.021752932886  0.008703086782  0.013525670999  0.013323890050 -0.007963072186
271 0.01422108 0.08588910  0.00001158 -0.003366383291 -0.005536652874  0.002903775961  0.004423553613 -0.010574462915  0.004520284516
272 0.01647203 0.08589443  0.00001554  0.006173389637  0.007648564741 -0.005023485322 -0.006486420166  0.007802371999 -0.006821327161
273 0.42572314 0.08590157  0.01037921 -0.133792457021 -0.151367752930  0.142260467424  0.171001399065 -0.233863020539  0.190410449457
274 1.21812349 0.08593739  0.08501069  0.096527753040  0.144686397913 -0.150356356800 -0.198323551416  0.954728909377 -0.692911626268
275 0.54726979 0.08598053  0.01716769 -0.192065731982 -0.402609430159 -0.136225013048 -0.275938213655 -0.063912741470  0.041672933385
276 0.23078432 0.08598397  0.00305308 -0.043356784269 -0.108275595224 -0.088808144436 -0.165342381696  0.056824099521 -0.034698968862
277 0.90961543 0.08601528  0.04744604 -0.159876739831 -0.226404521313  0.182054259668  0.227489202694  0.650995189448 -0.491823969037
278 0.27431351 0.08605380  0.00431691 -0.088067718136 -0.157076873216 -0.108233176291 -0.173256195892 -0.025577855521  0.020796064739
279 0.00891761 0.08608504  0.00000456  0.002755538350 -0.000712639796 -0.000969155132  0.001245766329 -0.002261298133 -0.007988634211
280 0.00567011 0.08609097  0.00000185  0.000347824658  0.001376432366  0.002100277462  0.001846774257  0.004612301783 -0.001019547458
281 0.40780879 0.08613113  0.00954953 -0.026289642274 -0.026185641177  0.048901760784  0.049563163496 -0.285416264313  0.280394087944
282 0.05565853 0.08627131  0.00017817  0.019428272288  0.033670678724  0.020219182723  0.034320042358  0.000136505533 -0.000022447890
283 0.02931052 0.08634842  0.00004945  0.001180938384  0.001628329399 -0.000992698327 -0.001198196812 -0.022902496051  0.018113945456
284 0.03072320 0.08635658  0.00005434 -0.005404147025 -0.008020867661  0.006309934635  0.010092067954 -0.020755904275  0.016670433584
285 0.00699448 0.08636989  0.00000282  0.002803237221  0.004792755824  0.001920372816  0.003243980686  0.001336157879 -0.001448284167
286 0.20687959 0.08642562  0.00246596  0.078049784936  0.104001797325 -0.078283815127 -0.102902692667 -0.078153194026  0.055369483968
287 0.52552874 0.08646506  0.01591997 -0.014897227404  0.022596306512  0.003824759416 -0.004471683986  0.433576077595  0.295677348368
288 0.30132440 0.08650162  0.00523602 -0.064628472610 -0.103848617505 -0.064007482100 -0.120720183298 -0.214250670662  0.106119493058
289 0.07910855 0.08650951  0.00036093  0.022663351712  0.050463376486 -0.019477968257 -0.046573479716 -0.024274576134  0.007761966812
290 1.92981650 0.08651687  0.21480361 -0.002286417842 -0.069548113972 -0.000976722381 -0.013000697303  1.928337085794 -0.026375658486
291 0.75749444 0.08654826  0.03310747 -0.492839645292 -0.334231747939  0.376014663958  0.278942518569 -0.000314796049  0.000023522429
292 0.14692297 0.08655969  0.00124567 -0.049085352301 -0.075944477446 -0.005037264914 -0.001421280553  0.101030010007 -0.056346839659
293 0.38810309 0.08658891  0.00869491 -0.138419212628 -0.225082232939 -0.129318419133 -0.252851723215  0.008868817950 -0.008137259701
294 0.06838431 0.08663306  0.00027009  0.018697571087  0.034880688261  0.026791302889  0.045755697443  0.017162614030  0.002059074558
295 0.38664611 0.08669159  0.00863999  0.125921990564  0.216662243559  0.120383548621  0.243741719531 -0.086797263960  0.072528271879
296 0.56599080 0.08669550  0.01851501 -0.190577081281 -0.254146536752 -0.309355864816 -0.345020480684  0.002028965038  0.068492315430
297 0.70633019 0.08670200  0.02883722 -0.276396321634 -0.382301003380 -0.307475417632 -0.416349143374  0.054796609346 -0.073911746313
298 0.94146509 0.08673681  0.05125316  0.023177828118 -0.156625392160 -0.059563286300 -0.137394857784 -0.910407551479  0.100103727260
299 0.41171312 0.08674351  0.00980246 -0.025157929873 -0.183151712467  0.110094056993  0.179149879967  0.067024027321 -0.294317216926
300 0.34689000 0.08676090  0.00696011  0.172193878680  0.249661815615 -0.093946396865 -0.131117455641 -0.046582038433 -0.012779520519
301 0.24567217 0.08680494  0.00349273  0.065417858847  0.076790606615  0.083526594642  0.113830500031 -0.141116201159  0.101639883510
302 0.08179628 0.08682157  0.00038726 -0.005437824828 -0.002995858063  0.036589008613  0.064637326255  0.030498528041 -0.014324315197
303 0.20155498 0.08684098  0.00235191 -0.068063442878 -0.089303299590  0.002132630275  0.000781878001 -0.146957704711  0.080093510796
304 0.41704887 0.08693172  0.01008001  0.146200776141  0.296436201414  0.096130577860  0.210757530916 -0.063385523289  0.083684662461
305 1.02298078 0.08700976  0.06070321 -0.236931564257 -0.503360480287 -0.377474631935 -0.762016135074  0.117572257762 -0.001556142403
306 1.00393758 0.08702327  0.05847330 -0.453819814058 -0.563112016914  0.411407580631  0.469940885983  0.249033399446 -0.180900055055
307 0.85789200 0.08703647  0.04270466 -0.131565991548 -0.198224629250  0.111243856976  0.201360556817 -0.657603305146  0.440468711906
308 0.59628299 0.08704851  0.02063360 -0.065643026164 -0.041170104819  0.224769649435  0.223021915912 -0.355226929695  0.350860487467
309 0.65688798 0.08706088  0.02504462  0.374732194314  0.495331680227  0.037346463038  0.072719845456  0.142095931117 -0.137295073672
310 0.38444168 0.08707872  0.00857989 -0.114208199940 -0.217316872186 -0.168801904889 -0.241240269487 -0.009454938117 -0.027293287414
311 0.48064566 0.08708857  0.01341282  0.090958167255  0.167650605109 -0.215894904643 -0.354451705968 -0.113590808033  0.097419934022
312 0.25457427 0.08711019  0.00376363  0.020145877434  0.039864680711 -0.106791069426 -0.171782650920 -0.117247486307  0.090290793903
313 0.44686595 0.08713316  0.01159970 -0.075345001112 -0.119424093242 -0.220609218941 -0.345922032354  0.090874761792 -0.056227170335
314 0.31716288 0.08713967  0.00584372  0.178189032913  0.253914046548  0.013962669086  0.040603656714  0.046408514920 -0.019267927625
315 0.22255418 0.08715678  0.00287794 -0.003649630585 -0.000224002047 -0.088427623557 -0.028679796288 -0.099947821613  0.175742565406
316 0.54556988 0.08716099  0.01729544 -0.065167858687 -0.085539658914  0.098385936902  0.112968631993 -0.379523724919  0.345836151954
317 0.36863153 0.08721504  0.00790105  0.117185451135  0.008315334912  0.204936287568  0.220194197615 -0.139288470554  0.110462605739
318 0.75781477 0.08721772  0.03339178  0.372774091056  0.400388150888 -0.236974813094 -0.287682003259  0.299252851100 -0.215735421490
319 1.01470461 0.08724051  0.05988337  0.100754390494  0.249272599838 -0.125602507666 -0.317093238824 -0.862432197480  0.311807255076
320 0.70307358 0.08726312  0.02875683  0.232262825831  0.576430599481 -0.112695925705 -0.277134714133 -0.018264849326 -0.135116882551
321 1.43791648 0.08728454  0.12031323  0.630571035222  0.677655441913 -0.481364785431 -0.705974454203  0.545796322683 -0.427506081215
322 1.22361952 0.08730618  0.08714581  0.352367811589  0.621738186194  0.643712791747  0.739343149178 -0.159484317579  0.009673556026
323 0.74965263 0.08732684  0.03271724  0.110306895331  0.551200488115  0.020452840724  0.348041501884  0.319078119490 -0.150424143588
324 2.05474882 0.08735619  0.24587812 -0.535871513069 -0.970731920359  0.146004884677  0.030942485680  1.223521989711 -1.213768119496
325 1.41633962 0.08737757  0.11685398  0.081986751736 -0.035637668237  0.192392268179  0.106804357927 -0.924675962203  1.046221031168
326 1.33230682 0.08738940  0.10341321  0.295346843537  0.539547184041 -0.121506550886 -0.089041316312  0.922067081800 -0.723740719224
327 1.24044532 0.08740615  0.08966149 -0.273219538854 -0.143622635239 -0.178904775617  0.540638958769 -0.933232592836 -0.498204526919
328 1.00921227 0.08740998  0.05935192 -0.537219202115 -0.562425361900  0.446122137782  0.074611333646  0.273401672438  0.366390988072
329 0.55005267 0.08742190  0.01763346  0.261993057465  0.295247117242  0.146814915488  0.289575830479 -0.119045255994  0.164821619268
330 0.95460141 0.08743326  0.05311651 -0.220128939898 -0.049349334955 -0.324579235963 -0.325265236904  0.673329960901 -0.442548708015
331 2.09662656 0.08746343  0.25631700  0.220375019265  0.496874069026 -0.024550561410  0.074946962668  1.625421376254 -1.205064116987
332 0.31934610 0.08748578  0.00594798 -0.057907155466 -0.125588686756  0.078794183490  0.048521099378 -0.183056579571  0.201949612791
333 0.36354081 0.08750508  0.00770989  0.030518281583  0.169317241346 -0.056756380005 -0.012585219146 -0.282081739371  0.140044435134
334 1.20474859 0.08752223  0.08468763  0.546492081796 -0.582024394694  0.706526845291 -0.499761851185  0.244566938298  0.072512755720
335 1.14415456 0.08754211  0.07640031  0.351285486893  0.208350144106 -0.086902482748 -0.324934893736  0.849095109319 -0.555140661895
336 0.40954474 0.08755518  0.00979024  0.011597548165  0.169904263423  0.107505955826  0.166737045134 -0.313572000347  0.032229857898
337 0.97771631 0.08757024  0.05580730 -0.343701117178  0.037679316206  0.415055266790 -0.125588168526 -0.311066005299 -0.742680061273
338 1.85136240 0.08758161  0.20012647  0.249634184026  0.149511983996 -0.805643011506 -0.864714926572 -1.066697952028  0.899018686908
339 0.89042808 0.08758972  0.04629772  0.002190317876 -0.023296941345  0.093137468752  0.143424893951  0.642060334500 -0.592307229212
340 1.11549338 0.08761404  0.07268026  0.012659944223 -0.024989903038 -0.350844029351 -0.849166368373 -0.542180936257  0.324662114876
341 0.62120881 0.08766619  0.02255361 -0.084046615520  0.025699340294  0.234996391438  0.000141833276  0.051772808078  0.565926094489
342 0.35425617 0.08766951  0.00733487 -0.151550025241 -0.216198895811  0.026449651205 -0.016002826856 -0.156611962891  0.174083546634
343 1.67306982 0.08770299  0.16366328  0.075258040614  0.049523963603  0.273624406070  0.261773745676  1.087359554742 -1.210495604420
344 0.37235393 0.08770926  0.00810711 -0.047849514519 -0.061288385684  0.131685411087  0.262463411575 -0.052386138607  0.208876054844
345 0.80138250 0.08772952  0.03756075 -0.245322836129 -0.432410898496 -0.336799806991 -0.473379818831 -0.189961637213  0.146435812851
346 0.10141222 0.08778343  0.00060187 -0.003929173389 -0.005246981505 -0.066065697149 -0.075144661108  0.013830494724 -0.006228226509
347 0.13109452 0.08780021  0.00100594  0.042870083398  0.078482854379 -0.035670168903 -0.084816249758 -0.009155942975  0.025266210294
348 0.30142458 0.08780854  0.00531867 -0.038303979877 -0.071400040655  0.013455852454 -0.012004228287  0.228047349922 -0.178776008449
349 0.34145876 0.08787275  0.00683030 -0.056306226485 -0.114846216125  0.133859440992  0.226528232831  0.155320963085 -0.082921959901
350 0.41301322 0.08789290  0.00999518 -0.177818932126 -0.236078688458 -0.152863893850 -0.198007040521  0.102568715749 -0.100661335783
351 0.37773050 0.08791164  0.00836217 -0.105204014804 -0.187751347342 -0.026355585949  0.018911503122  0.258038967773 -0.169486002482
352 0.76540719 0.08792370  0.03433996 -0.069878741499 -0.174772333028 -0.019124175053 -0.033398224625 -0.602726484278  0.430882089569
353 0.52314035 0.08792992  0.01604286  0.241132469028  0.434556697340 -0.113773974203 -0.033330768916  0.025328197783  0.109519209982
354 0.62612432 0.08794076  0.02298371  0.102194222574  0.011684018046  0.067120921859 -0.396806445632 -0.281773555667 -0.374292102074
355 0.91959781 0.08794818  0.04958285 -0.037701661060 -0.057583915299 -0.087381923088  0.168666112089  0.823949438251 -0.354889106998
356 0.08107101 0.08799832  0.00038558 -0.012246502738 -0.063260912778 -0.023315732582 -0.038748252839 -0.018333283233  0.006279301850
357 0.34550243 0.08801212  0.00700412 -0.131631650242 -0.206184482697 -0.148513529231 -0.181229564323  0.055430920505 -0.039496671909
358 0.51585390 0.08802157  0.01561533  0.097209333732  0.185230085319 -0.254205774637 -0.385245615941 -0.083739859465  0.047940413262
359 0.47327672 0.08805429  0.01314890 -0.158128880272 -0.358584782419 -0.088720964549 -0.176330650223  0.149024151328 -0.096077902797
360 0.19483070 0.08806084  0.00222847 -0.098065900971 -0.110684510416  0.033652124687  0.091344159578  0.070525729011 -0.040508294396
361 0.26052681 0.08807601  0.00398539 -0.093134643609  0.071783498781 -0.107284480934  0.205840541004 -0.011945003287  0.004930785852
362 0.31914150 0.08809436  0.00598168 -0.086274605105 -0.132029778226  0.116508830796  0.162740405767 -0.178485963757  0.071134654049
363 0.36025273 0.08809957  0.00762249  0.048758507460  0.148166308697 -0.024277261857 -0.045296079020 -0.318706185275  0.035165701464
364 0.16577657 0.08811829  0.00161444 -0.012463114757 -0.015582218827 -0.052438510587 -0.131531401197 -0.082820033578  0.013201139085
365 0.21396555 0.08812684  0.00268970  0.048832303184  0.088649777860  0.000350304189 -0.047324342716 -0.148710684786  0.105751097028
366 0.14050101 0.08814523  0.00116002 -0.015849477420 -0.024409997492  0.024960296523  0.066269330844  0.101210349972 -0.060293489770
367 0.11993688 0.08816070  0.00084545  0.008320540113  0.011503113068  0.032657552299  0.031965423176 -0.099800105670  0.046205388565
368 0.21046929 0.08817538  0.00260396  0.026075169241  0.055694947316 -0.048768487937 -0.137018935018 -0.128689925008  0.052932307617
369 0.45285830 0.08819404  0.01205793 -0.009369973120  0.302498354975 -0.009048983932  0.336302018381 -0.005463324946  0.016637634545
370 0.26046092 0.08823345  0.00399050 -0.002689154438  0.002576799770  0.015113146157  0.024031868706 -0.221418010557  0.134142255360
371 0.21446085 0.08824360  0.00270575  0.002041361256  0.030723014898  0.053877910914  0.101910814984 -0.163367891840  0.071187593283
372 0.22151533 0.08826822  0.00288749  0.082052847248  0.094285310261 -0.037903150497 -0.072268956500 -0.161166603908  0.028504837662
373 0.08590128 0.08828983  0.00043433  0.023039207603 -0.039662306599 -0.061484298582 -0.006629009279 -0.010604721917 -0.036584191182
374 0.27593316 0.08830933  0.00448253  0.227075393767  0.131054119646 -0.050037985772 -0.051104473497 -0.037003322742  0.030265161137
375 0.24057458 0.08831804  0.00340767  0.028016100185 -0.030598385847  0.010957686492 -0.061627107841 -0.154800915706  0.168147767109
376 0.60715758 0.08833730  0.02170979  0.421497459597  0.322278875215  0.261195291851  0.057470577027  0.113108884372 -0.052887422744
377 0.37811204 0.08835111  0.00842096  0.148121717339 -0.039656092619  0.282882743415  0.172688652040 -0.092874488695 -0.031406619893
378 0.46286126 0.08836901  0.01262148  0.080842287850 -0.053678384799 -0.056316760018 -0.002950070865 -0.122388058834 -0.432046970284
379 0.38400841 0.08838493  0.00868897  0.098281183799  0.081605792748  0.192958946797  0.292951503047 -0.022310066887  0.087133736777
380 0.22509700 0.08841050  0.00298643 -0.080136288932 -0.018876324998  0.101898851480 -0.004167515825  0.107376816044  0.148189044192
381 0.23514867 0.08842349  0.00325958  0.120555167668  0.101674855194  0.100941939612  0.085094334246  0.060681367458  0.096493631725
382 0.64307832 0.08845105  0.02438594 -0.031419377795  0.016042914270 -0.089800411178 -0.005941735844  0.207667021802 -0.600899462899
383 0.32957536 0.08848857  0.00640775 -0.109295564352 -0.193284216329  0.103623358381  0.199956430261 -0.054231351722  0.075194399539
384 0.31634541 0.08851991  0.00590572  0.090432228843  0.128902925662 -0.033858526788 -0.154346546556 -0.158229166084  0.158980320621
385 0.67577105 0.08853972  0.02695542  0.197612024618  0.200335785280  0.328942172274  0.516667393312 -0.000145941452  0.048305369357
386 0.59358303 0.08856973  0.02080449 -0.262782156212 -0.367514956251  0.234923329949  0.294369774951  0.046695574038 -0.064777327741
387 0.18538693 0.08857897  0.00202954 -0.112081070097 -0.112855704650  0.037966441624  0.076907171086  0.031138872355  0.027275336614
388 0.33282554 0.08859438  0.00654257 -0.264206893113  0.108512608871 -0.155370752068  0.043115596399  0.051642452011 -0.022947791512
389 0.23575473 0.08860335  0.00328307  0.113004105247  0.180346422091 -0.016023830729 -0.037750538058  0.017070541233 -0.091171603495
390 0.37282999 0.08862146  0.00821239  0.026170246885  0.106494361966  0.019408844038  0.020698684886 -0.318159388764  0.157942185156
391 0.30547625 0.08867229  0.00551635  0.075415440886  0.066774898858 -0.203243871271 -0.198479310146 -0.020354930620  0.045309310287
392 0.19511421 0.08869338  0.00225101  0.091470239467  0.061096149938 -0.015794841093 -0.046271675416 -0.036299242461 -0.149203996281
393 0.74975055 0.08874478  0.03325716 -0.112109914065  0.362395663427  0.122366665245 -0.304134044411  0.518297747731  0.205238799687
394 0.72614173 0.08877021  0.03120461  0.367360680946  0.180451391904 -0.468426065886 -0.344595076834 -0.042956979913 -0.140538914058
395 1.03251950 0.08880799  0.06311860  0.553165712802  0.557054087184 -0.337258614278 -0.536068370903  0.220529317198  0.007008219427
396 0.80223499 0.08882030  0.03810870 -0.149480045685 -0.394195252481 -0.046550015252 -0.264329634805 -0.522292683290  0.347879411517
397 1.58769231 0.08882326  0.14926849  0.389448412002  0.562175342593  0.343519274486  0.710141456022 -1.091299559369  0.489708682454
398 1.38089535 0.08884608  0.11294540  0.128326907105  0.251190895021  0.089438874639  0.208338007668  1.326463352295 -0.128055622443
399 0.85283700 0.08887290  0.04309334 -0.058607694848 -0.138653559076 -0.054098754585 -0.082366861265  0.805707258029 -0.214000263015
400 0.70603595 0.08889363  0.02954153 -0.156254223585 -0.241083667338 -0.003867842849 -0.021521018287  0.520852253538 -0.379716808813
401 0.53009664 0.08891693  0.01665725  0.003872134509  0.036894477661  0.177934412286  0.156575456072  0.324445176810 -0.343780521194
402 0.25833003 0.08892496  0.00395624 -0.173770773451 -0.057882921675  0.164192511238  0.032435344459 -0.071654508236 -0.006487746165
403 0.35727486 0.08893396  0.00756800 -0.150341603668 -0.243315784518 -0.123500776393 -0.155948769694  0.074776499593 -0.026003234999
404 0.34707680 0.08895250  0.00714362 -0.097359448396 -0.130653767651  0.141942046717  0.236666930471 -0.070566542513 -0.113024866817
405 0.59443209 0.08896085  0.02095618  0.047195322492  0.090063751204  0.208765448693  0.160039565260  0.493864267509 -0.172953865541
406 0.47075288 0.08897839  0.01314557 -0.094681528464 -0.266545763966 -0.164005322036 -0.318361179956  0.071922557591 -0.090402411100
407 0.52118929 0.08899628  0.01611653  0.072878527416  0.335778071293 -0.172643713854 -0.090819938478  0.247677701201 -0.232769693977
408 0.83978428 0.08902184  0.04185437  0.217958734174  0.751803375224  0.217175472569  0.132100178436 -0.161686029193 -0.042015519429
409 0.60387917 0.08902465  0.02164308  0.422965242909  0.220385884186 -0.029472410564  0.350025458164  0.104872533449  0.053064327902
410 0.66425453 0.08906092  0.02619781 -0.237889305673 -0.374582907321  0.168903575261  0.380700780090 -0.251690739173  0.086721857401
411 0.26441677 0.08906734  0.00415150 -0.054714733421 -0.215177572306  0.084875302979  0.060620817717 -0.091591909305  0.036788071585
412 0.28710008 0.08910342  0.00489632  0.073052157469  0.033760692236  0.011979002550  0.009370037453  0.151206970680 -0.229902614406
413 0.20948022 0.08912162  0.00260722  0.092887130264  0.116332836522 -0.064134601253 -0.096919061864  0.044471875149 -0.078970332907
414 0.54740090 0.08917413  0.01781388 -0.160487850103  0.348456326611 -0.021889757979  0.247597216856 -0.278040591739 -0.115669663867
415 0.86331668 0.08920725  0.04432504  0.240042395281  0.434870578916 -0.251646991171 -0.382118166884  0.439600974429 -0.309828019545
416 0.42435795 0.08923430  0.01071286 -0.048326299442  0.189196070937 -0.159570138299 -0.302733108154 -0.145795607830  0.059856195598
417 0.63674696 0.08924915  0.02412385 -0.057220675309 -0.579915492530  0.054983911267 -0.058530260878  0.198048937436 -0.142120021620
418 0.37904283 0.08925315  0.00854887  0.133848604641  0.253116936784  0.103046114193 -0.072043818334 -0.188358691725 -0.101990306189
419 0.17280518 0.08928556  0.00177747  0.024384775323  0.000968483730  0.097864150669  0.112417039737 -0.071609733987  0.043853606256
420 0.59627001 0.08929618  0.02116545 -0.104674170921 -0.117873005528 -0.289020916688 -0.275381758633 -0.294939622293  0.290395605490
421 0.22373316 0.08931474  0.00298052 -0.106169208565 -0.137442335052  0.037651018645 -0.006400977748  0.061988877759 -0.120801646505
422 0.19601986 0.08933677  0.00228844 -0.016145362221 -0.035034694142 -0.104545642431 -0.158616292053 -0.021586679415  0.019513580789
423 0.39719964 0.08938033  0.00940088  0.083272072890  0.267686161077 -0.241874354449 -0.114164612787  0.035727278492 -0.079776136097
424 0.98785242 0.08942143  0.05817474  0.613253080225  0.326142135566  0.635760277370  0.297051601576 -0.023064605280 -0.021014443311
425 0.44468256 0.08943792  0.01179046 -0.038553522575 -0.130344014092 -0.190017135546 -0.357666349023  0.091633872469 -0.082693097873
426 0.23233230 0.08945919  0.00321924 -0.003425874570 -0.096830124415  0.007493705935  0.166888825221  0.125335060283 -0.031202197092
427 0.13250584 0.08949168  0.00104752  0.088706960610  0.074698579782 -0.060538347148 -0.012167531608  0.006806591758 -0.015802694700
428 0.91243419 0.08949573  0.04967229  0.334524863528  0.512108486984 -0.348545774275 -0.558756934685  0.135185252836 -0.080035219603
429 0.36084625 0.08953225  0.00777200  0.115757229890  0.264077815992 -0.038703755977 -0.209123262944  0.026708017147 -0.033605807343
430 0.35778403 0.08955184  0.00764232 -0.103412459553 -0.295460230198 -0.078887842872 -0.133921510865 -0.076418640428 -0.004523137169
431 0.38131871 0.08956394  0.00868197  0.067910665270  0.125605836172 -0.191302089973 -0.292479999823 -0.049606911921  0.020332039214
432 0.18149954 0.08957126  0.00196711  0.086803104338  0.148108995677 -0.055541516844  0.014005619427 -0.001445483906  0.013708519160
433 0.26617177 0.08958067  0.00423104  0.122742680075  0.128980255871  0.106433397035  0.163815115716  0.030850932823 -0.005522701354
434 0.30188121 0.08960847  0.00544415 -0.031569227226 -0.046812887308  0.091638985991  0.137157434580  0.211090997741 -0.127180684690
435 0.05598228 0.08963484  0.00018728 -0.008524066080  0.033779162483 -0.022156801123  0.023210216306  0.018927868453 -0.023074264994
436 0.14599463 0.08968699  0.00127442  0.091249716734  0.098061558916  0.031564897557  0.046575736664 -0.014359936565 -0.000057774479
437 0.20226336 0.08970702  0.00244664  0.101934051733  0.163035033733  0.035527491338  0.015515100122 -0.032878260288  0.036818360330
438 0.38559196 0.08971544  0.00889266  0.132257337786  0.148791757417  0.182238559187  0.128019417819 -0.169862895196  0.174919700964
439 0.52902514 0.08973482  0.01674258  0.215111806138  0.330234058112 -0.179577867468 -0.232942716662  0.137988404606 -0.137799327222
440 0.64975433 0.08975239  0.02526115  0.117712208625  0.171425488584  0.192436292851  0.579711676655  0.075494685321 -0.011875659238
441 0.45342792 0.08976799  0.01230401  0.222507099273  0.371060750690  0.102666343797  0.064240766368 -0.044709835304  0.041655342155
442 0.42621846 0.08978450  0.01087363  0.155331620424  0.197093294952 -0.120303668431 -0.188310538672 -0.214975691046  0.150133655166
443 0.40227777 0.08981828  0.00969004 -0.085608051426 -0.135733157142 -0.012747271098 -0.031047403473 -0.310732420028  0.195944134115
444 0.18958957 0.08987931  0.00215376 -0.014902079401 -0.055160710775 -0.046339036594 -0.073497648887  0.132227902391 -0.087441411882
445 0.05088974 0.08989035  0.00015520  0.028327175751 -0.003355820778 -0.034497869468 -0.003416135770 -0.018178213229 -0.015615852215
446 0.14636775 0.08989557  0.00128392 -0.021634688136  0.004861302833  0.090486371546  0.068682397115  0.067617521130 -0.058776213013
447 0.21806869 0.08991886  0.00285066  0.039106983334  0.053409858656 -0.096242652350 -0.149062352822  0.095483812431 -0.050720732216
448 0.12945883 0.08993801  0.00100488  0.086626506679  0.092319090983 -0.000311991174  0.003342293578 -0.023127999347  0.013654684018
449 0.14394076 0.08995789  0.00124255 -0.022635025376 -0.128411120515  0.015941640932 -0.046248091946 -0.033550950896 -0.014088788670
450 0.10081465 0.08998768  0.00060973  0.017638458912 -0.084548942278 -0.021499374968 -0.000628910288  0.044615784755 -0.015835656582
451 0.42781795 0.09001281  0.01098325  0.250959678563  0.078582250730 -0.294345359406 -0.101643622618 -0.055139506782  0.117733958304
452 0.29776480 0.09011411  0.00532658  0.153138022803  0.240262449894 -0.001583030508  0.037798917409  0.057743264287 -0.052163477722
453 0.10683841 0.09014070  0.00068594  0.025245822465  0.062766008824  0.043626743987  0.067587633862 -0.013594366024  0.013466064833
454 0.00443475 0.09015140  0.00000118 -0.001568774263 -0.000719988164 -0.002835206748 -0.000973901438  0.000998882296 -0.002589005488
455 0.34762194 0.09016829  0.00726402 -0.090371861870 -0.132343205144 -0.169476097613 -0.211872295762  0.125222774143 -0.076592788606
456 0.10135764 0.09017447  0.00061760 -0.042646220078 -0.024535179938 -0.005431668779 -0.029657800285  0.048567253357 -0.067711376702
457 0.08332556 0.09019272  0.00041748  0.057236531866  0.008080659487  0.039040432994 -0.016046717655  0.032000882309 -0.028215638138
458 0.00270993 0.09022010  0.00000044  0.001229041282  0.000735755157  0.000635609391 -0.000404153884  0.001888091680 -0.001076842215
459 0.19503670 0.09023361  0.00228828 -0.120433077921 -0.026757215397 -0.146471160109 -0.032433673175 -0.017453979686  0.002975728974
460 0.06884796 0.09023429  0.00028514 -0.042087088572 -0.008753787854 -0.052327603587 -0.010802458291 -0.006097887418  0.000185353728
461 0.00912795 0.09024706  0.00000501 -0.008508064936 -0.002082242113  0.000633806065  0.000914508020 -0.001302848879  0.001913403070
462 0.05168742 0.09035020  0.00016092  0.009973415577  0.017589180708  0.014849485597  0.040772009880  0.017452514646 -0.008676798955
463 0.00256486 0.09037243  0.00000040  0.000526766137  0.001553728669  0.000603911792  0.001632174578  0.000888464385 -0.000262457447
464 0.00288182 0.09040487  0.00000050  0.000687404828  0.000178937667  0.001037034376  0.000991372904  0.001889618437 -0.001473580360
465 0.07117816 0.09040605  0.00030535  0.019797364905  0.019126911773  0.021808413185  0.007630616014  0.047183455222 -0.039350270202
466 0.05859763 0.09041931  0.00020698  0.013922097560 -0.006303221141 -0.012464702814 -0.001640972882  0.009780954986  0.054280729681
467 0.11830277 0.09044670  0.00084390 -0.027505765391 -0.027777404661 -0.021460342168 -0.035002615881 -0.078668119493  0.067771608373
468 0.00239809 0.09045033  0.00000035 -0.001253003503 -0.001236921421 -0.000894871256 -0.001312090111 -0.000335704972  0.000125494144
469 0.00441030 0.09045277  0.00000117  0.002268278182  0.002403650828  0.000507617321  0.000739666307  0.002082898823 -0.001839806598
470 0.04993951 0.09047771  0.00015043  0.009129083696  0.020848583996  0.014521612393 -0.030055362681 -0.029020115450 -0.004425130396
471 0.07047742 0.09048194  0.00029962  0.006673187258  0.001689849312 -0.032989866119  0.022673561028  0.018708365779  0.054472514757
472 0.05234096 0.09049720  0.00016528 -0.009557951267 -0.022996520276 -0.017638268483 -0.035135164185  0.017964674954 -0.015844998753
473 0.09250747 0.09049755  0.00051630  0.017036234440  0.040566123077  0.031479553441  0.062592682947 -0.030701288673  0.027756321002
474 0.13306255 0.09050797  0.00106833 -0.041263696159 -0.050618245110 -0.078270796362 -0.076611112796  0.029436576551 -0.024055142316
475 0.00668531 0.09051571  0.00000270  0.001604985193  0.002918779724  0.003190989785  0.004821332510 -0.000375063136 -0.000172539126
476 0.09612044 0.09052508  0.00055758 -0.005857664480 -0.016651645263 -0.032121625675 -0.064694549921  0.056883562021 -0.021785935940
477 0.11706790 0.09056875  0.00082749  0.037759379564  0.089479577552  0.004426115005  0.039725486440 -0.050290945428  0.012068323631
478 0.26782987 0.09058162  0.00433178  0.148753264993  0.193682850607  0.063704125887  0.089103375837  0.007399386990 -0.006315000154
479 0.00292907 0.09060472  0.00000052 -0.001389428491 -0.001818606094 -0.000959984179 -0.001238542378 -0.000808466852  0.000482120487
480 0.21725729 0.09064617  0.00285238 -0.014470302502 -0.025314077253 -0.122700330257 -0.165645074256 -0.048880245222  0.038309241051
481 0.00358344 0.09068417  0.00000078  0.000388907208  0.003477596046  0.000002785307  0.000215056656 -0.000739473534  0.000055276850
482 0.00174682 0.09070316  0.00000018 -0.000130324177 -0.000199459861 -0.000198028109 -0.000338756003  0.001231758365 -0.001150396150
483 0.00380405 0.09072377  0.00000088  0.000170895046  0.000191591090 -0.000205267830 -0.000346115425 -0.003158594714  0.002065483156
484 0.00720281 0.09077092  0.00000314 -0.002519539042 -0.004171688865 -0.002780132917 -0.004513171967  0.000153247061 -0.000090098983
485 0.00055072 0.09084119  0.00000002 -0.000189292084 -0.000503344431 -0.000021738768  0.000045705166 -0.000082931854  0.000068304039
486 0.00253230 0.09086103  0.00000039 -0.001712860132 -0.001768600686  0.000400633446  0.000420011064  0.000089551014 -0.000075942083
487 0.00082177 0.09086445  0.00000004  0.000170144436  0.000339831305 -0.000252090463 -0.000391408745 -0.000481682100  0.000286549896
488 0.00078758 0.09087495  0.00000004  0.000024976446  0.000031466815 -0.000223986936 -0.000279248229  0.000568390762 -0.000409206961
489 0.00739312 0.09101830  0.00000332 -0.003856769724 -0.003066942188  0.004295509577  0.003452363064  0.000059953253  0.000060276890
490 0.00884524 0.09116899  0.00000476  0.000056847368 -0.000030549795  0.000176261456 -0.000101596742  0.005046395232  0.007261311565
491 0.00339705 0.09118580  0.00000070 -0.000318957228 -0.000635663777 -0.000612073769 -0.001308599568 -0.002431414264  0.001742217180
492 0.00247683 0.09119596  0.00000037 -0.000100864585 -0.000160383189 -0.000313161606 -0.000617350167  0.001703616728 -0.001648416294
493 0.00512012 0.09124868  0.00000159  0.001302260831  0.001851747500 -0.002710026469 -0.003707580615 -0.000000868039 -0.000020237911
494 0.00279119 0.09134853  0.00000047  0.000410105776  0.000839973515  0.001260510988  0.002089638148 -0.000630969656  0.000750596142
495 0.02084996 0.09138185  0.00002648 -0.013383850090 -0.005598147348 -0.001010006236  0.000651631830 -0.006709103481  0.013334071021
496 0.44458794 0.09139906  0.01204386  0.162926543560  0.190553517351  0.247327476995  0.267227365700  0.044439218856  0.015701729896
497 0.14781886 0.09141260  0.00133160 -0.070423541937 -0.114686820171  0.008385530218 -0.053625452249 -0.018658083942  0.021065209045
498 0.93311976 0.09141569  0.05306452  0.463464988146  0.743324920117 -0.163765785744  0.149201081151  0.176437932649 -0.152217639777
499 0.98314307 0.09142635  0.05891333  0.168487696215 -0.104535150230 -0.247278198105 -0.921968259772  0.102314249804 -0.074929308953
500 0.70798381 0.09143899  0.03055532 -0.277006405280 -0.445909241021  0.120108246596  0.231403050378  0.340900085583 -0.203684164517
501 0.02895967 0.09144180  0.00005113 -0.008948057887 -0.017400972585  0.002089152524  0.004980543630  0.018259438406 -0.009655221552
502 0.00318077 0.09147974  0.00000062  0.000218444977  0.000337524157  0.000992312334  0.000873896386 -0.001843786695  0.002192651925
503 0.01113463 0.09152976  0.00000757  0.005094244930  0.005121073382 -0.005622673676 -0.006311839421 -0.000485057165  0.000337965605
504 0.01028207 0.09156838  0.00000645 -0.004528903239 -0.006080472443  0.004249525941  0.005493516619 -0.000007881216 -0.000023548586
505 0.00506918 0.09161252  0.00000157 -0.001813720716 -0.004160016130 -0.001086329896 -0.001910530995  0.000479294778 -0.000203161726
506 0.01743806 0.09171030  0.00001859 -0.006067336711 -0.010688251019 -0.006159261356 -0.010713434693  0.000473586237 -0.000310251706
507 0.00558052 0.09174317  0.00000190  0.000851985625  0.001243724200  0.000237802120  0.000759671845 -0.004192500661  0.003264783117
508 0.00614890 0.09174561  0.00000231 -0.000847262379 -0.001275940639 -0.000515831153 -0.000947994470 -0.004157358576  0.004124892433
509 0.17188493 0.09175708  0.00180727 -0.078603256182 -0.085469882151 -0.064150663705 -0.106972226267 -0.021961566801  0.004492535934
510 0.14648547 0.09177340  0.00131285  0.097841976638  0.061570948362 -0.040569352778 -0.053095458945 -0.037706309048  0.046980758148
511 0.00391978 0.09180360  0.00000094 -0.000085894152 -0.000265837811 -0.000762603831 -0.001184778297  0.003131264653 -0.001869900075
512 0.00543957 0.09182638  0.00000181  0.000538101941  0.000773285358 -0.000036076774 -0.000104884357  0.004248217702 -0.003262169297
513 0.00734923 0.09186391  0.00000331  0.002757276804  0.003486168352  0.003754302093  0.004183653686 -0.001186524376  0.001117910145
514 0.00240400 0.09186926  0.00000035 -0.001054122524 -0.001674278660  0.000818360680  0.001015759200 -0.000310728441  0.000258454991
515 0.00868320 0.09189115  0.00000462 -0.000359366353 -0.000432125930  0.000700171613  0.000756881615 -0.006460521269  0.005681598433
516 0.00302370 0.09190504  0.00000056  0.000061746798  0.000075574985 -0.000712480422 -0.000926935251 -0.002169724472  0.001748917762
517 0.00915532 0.09193540  0.00000514 -0.002115955404 -0.006599037815  0.001840539015  0.005689265504  0.000199529194  0.000009558136
518 0.00090261 0.09194735  0.00000005  0.000166457865  0.000335025574  0.000194850272  0.000211538470 -0.000679759589  0.000360503662
519 0.00295586 0.09195276  0.00000054 -0.000715299416 -0.000493237507  0.000666766394  0.000453572171  0.001504374265 -0.002251385309
520 0.00287959 0.09195837  0.00000051  0.000575904705  0.000778246013  0.001043324843  0.002235051740 -0.000969742259  0.000574752609
521 0.00668282 0.09197126  0.00000274  0.003074841366  0.005157923444 -0.001734978691 -0.002358870678  0.000123953890 -0.000107145094
522 0.01340614 0.09198598  0.00001102 -0.004747691265 -0.005919775986  0.006641019744  0.008819701921  0.000405750206 -0.000292355623
523 0.01595331 0.09204693  0.00001562 -0.004729909798 -0.009387018142 -0.005371104501 -0.010726987911  0.000289568190 -0.000138613521
524 0.00941229 0.09205813  0.00000544  0.003714341132  0.006422607282  0.002984610983  0.004961822199 -0.000115143637  0.000064835896
525 0.00176885 0.09209464  0.00000019  0.000141556094  0.000224310757 -0.000006472515 -0.000012531291  0.001446728315 -0.000982480770
526 0.00326447 0.09212148  0.00000065  0.000121987001  0.000288956919  0.000091517731  0.000291791556 -0.002824722093  0.001576655135
527 0.00397632 0.09212489  0.00000097 -0.000060169906 -0.000115117166 -0.000237755492 -0.000376547576 -0.003190865100  0.002326862841
528 0.00304814 0.09214095  0.00000057 -0.000360382073 -0.000766399543  0.000244317906  0.000566336198  0.002648536240 -0.001085686241
529 0.00698983 0.09215424  0.00000300 -0.002615513674 -0.003294407671  0.003409169760  0.004321295546 -0.000726358089  0.000583166473
530 0.01578911 0.09222723  0.00001533 -0.003090594237 -0.005803029807 -0.007365985311 -0.012320885118 -0.000083509386  0.000006759751
531 0.01414674 0.09224884  0.00001231 -0.006266306262 -0.010133879826  0.004308587952  0.006290759815 -0.000094753074  0.000146744474
532 0.00569834 0.09236757  0.00000200  0.002074374342  0.003190137009  0.002157361515  0.003593639849  0.000553999511 -0.000340190095
533 0.01528885 0.09242087  0.00001440 -0.005490966163 -0.007584976918  0.006670173395  0.009710470714  0.002291231541 -0.001425538842
534 0.00108517 0.09247957  0.00000007  0.000395878247  0.000664695883 -0.000052146837 -0.000080457287 -0.000548385766  0.000518786463
535 0.00434672 0.09249929  0.00000117 -0.000841489893 -0.001117567997  0.001348384344  0.001830439754 -0.002768447790  0.002025815836
536 0.00324077 0.09251353  0.00000065 -0.001386737297 -0.002096872923  0.001047012911  0.001642788355  0.000534863180 -0.000318747741
537 0.00313415 0.09252841  0.00000061 -0.000945711052 -0.001827490048  0.000827492166  0.002098029217  0.000600519839 -0.000376444472
538 0.00247639 0.09254377  0.00000038  0.000680319260  0.000852492660 -0.000935211386 -0.001260254219 -0.001243664849  0.000966114013
539 0.00337247 0.09258964  0.00000070  0.001572851368 -0.000864380085 -0.001952580209 -0.001248275226  0.000592338461 -0.001559142337
540 0.00475868 0.09259554  0.00000140 -0.000062833545 -0.001330814767  0.001847660477  0.003777240837 -0.001436290400  0.001060987473
541 0.00560458 0.09261843  0.00000194  0.002655494288  0.000043843828  0.002255402037 -0.001616586302  0.002813069764  0.002957057822
542 0.00506890 0.09262394  0.00000159 -0.001469015611 -0.003435814875  0.002476154614 -0.000860635630 -0.000110273973  0.002201533553
543 0.00754726 0.09263608  0.00000352  0.002525150180  0.003412224936 -0.003752454620 -0.004933741508  0.000529166310 -0.000488658515
544 0.00369027 0.09264178  0.00000084 -0.000674461572  0.000205945435  0.002757736158  0.001142586661 -0.001279423916  0.001604137834
545 0.00469834 0.09267033  0.00000136  0.000527895649  0.000931438150  0.000173843817 -0.000033669974  0.004123424961 -0.001973356572
546 0.00269347 0.09267284  0.00000045 -0.000685098360 -0.000894330665 -0.000024239346  0.000121681661 -0.000173840460  0.002437208967
547 0.00139543 0.09268381  0.00000012  0.001029839748  0.000571534013 -0.000030179805 -0.000067589380  0.000030996119  0.000744019497
548 0.00487098 0.09270919  0.00000147 -0.000111601745  0.000687807666  0.000176788339 -0.001769579120 -0.004480858811 -0.000012879967
549 0.00239142 0.09272546  0.00000035 -0.000413539240 -0.000764427859 -0.000405658164 -0.000217993072  0.001902706644 -0.001063550443
550 0.00396985 0.09273878  0.00000097 -0.000428188302 -0.001213553254 -0.000095341945  0.000032745739 -0.003081868011  0.002143724883
551 0.00431986 0.09276058  0.00000115  0.001888152108  0.002877091018 -0.000454338712 -0.000124832488 -0.001883994844  0.001745554305
552 0.00830050 0.09278885  0.00000426  0.001305943317  0.006275272929  0.000225390438  0.001028203293 -0.005038328928  0.001149334272
553 0.00558824 0.09281353  0.00000193  0.001931695188  0.002897671169  0.000529187010  0.000688216549  0.003369634628 -0.002644308216
554 0.00130598 0.09283059  0.00000011 -0.000313030062 -0.000625561115  0.000079619292  0.000116662037  0.000479755128 -0.000982928943
555 0.00352535 0.09287333  0.00000077  0.000303789194  0.000026795741  0.000206205681  0.001914360471 -0.002602428408  0.001362048412
556 0.00369313 0.09288292  0.00000084  0.001018085517  0.001043449135 -0.000422732014 -0.001042455633 -0.002356806442  0.002166558651
557 0.00309891 0.09289702  0.00000059 -0.000058888597  0.000687137810 -0.000971454749 -0.002217526951  0.001689359159 -0.000642297257
558 0.00317125 0.09291488  0.00000062 -0.001140330849 -0.001418433343  0.001063757819  0.001287511443 -0.001693314610  0.001043057670
559 0.00057388 0.09293606  0.00000002 -0.000409176309 -0.000120848869  0.000256604691  0.000175874406 -0.000116630344  0.000192167795
560 0.00566073 0.09295266  0.00000199  0.000228391515 -0.004723313852  0.000068181106  0.001873419196 -0.002392206032  0.000667076999
561 0.00463271 0.09297129  0.00000133  0.000771424214 -0.003821379421 -0.000410945471  0.001809332867  0.001316617195 -0.001043019245
562 0.00130863 0.09298728  0.00000011  0.000287242962  0.001198150787  0.000219034818 -0.000212597024  0.000259566321  0.000184121965
563 0.00758370 0.09301773  0.00000357  0.003926263307  0.004246108156 -0.003067328483 -0.002979290073  0.001456509747 -0.001913482605
564 0.00528600 0.09304716  0.00000173  0.000050943130  0.002906583514  0.000043330869 -0.002791593356 -0.002811870351 -0.001946647596
565 0.00619483 0.09305092  0.00000238  0.001368350686  0.001101486913 -0.001303250488 -0.000827812246  0.005609494132 -0.001200039310
566 0.00299873 0.09307467  0.00000056 -0.000238700622 -0.000462636576 -0.000035980414  0.000022245637  0.002313205689 -0.001835394759
567 0.00279479 0.09308764  0.00000048  0.000227544294  0.002717461238  0.000289129545 -0.000387280230  0.000330030118 -0.000178850348
568 0.00093476 0.09312116  0.00000005 -0.000281720159 -0.000192919931 -0.000855465212  0.000032593541 -0.000087621385  0.000128949595
569 0.00338257 0.09314424  0.00000071  0.001952483209  0.000453485233 -0.002588416541 -0.000544834214 -0.000013832297 -0.000653475306
570 0.00689243 0.09319424  0.00000295 -0.002561001630 -0.002846400472  0.003784036900  0.004297551233 -0.000177541062  0.000159639000
571 0.00220013 0.09326279  0.00000030  0.000024877281  0.000542625340  0.000204569917  0.000781065878  0.001959025657 -0.000236282766
572 0.00137168 0.09328553  0.00000012  0.000058870176  0.000014971757 -0.000715812034  0.000826510739 -0.000646971406 -0.000513557974
573 0.00277166 0.09331656  0.00000048  0.000631992948  0.000689318151  0.000324135224 -0.000354511875 -0.001927937743  0.001691099250
574 0.00191253 0.09332179  0.00000023 -0.000858977098 -0.000158947952 -0.001456730235  0.000027215605 -0.000609217513  0.000633030393
575 0.00188934 0.09334869  0.00000022 -0.000241918494  0.000092752808 -0.000118919200  0.000637951027 -0.001487129137 -0.000932626502
576 0.00360541 0.09336537  0.00000081 -0.000482678827 -0.000185151206  0.000361893307 -0.000668326371  0.002348326076 -0.002576710455
577 0.00371798 0.09337345  0.00000086 -0.001469194720 -0.001728154805  0.001313583016  0.001286214126 -0.002235118465  0.000550205300
578 0.00631678 0.09338717  0.00000248  0.002077268400  0.003853812486 -0.001823338094 -0.003795617048 -0.001502042480  0.000864530104
579 0.00390556 0.09339516  0.00000095  0.000178764592  0.002996850390 -0.000508704138 -0.002281511350 -0.000692258750 -0.000545036451
580 0.00215552 0.09340556  0.00000029 -0.000210008507  0.000334737612  0.000803759373  0.001062558377 -0.001392244811  0.000881307477
581 0.00580212 0.09342637  0.00000210 -0.001890887100 -0.003173843370  0.000343915804  0.000427081284  0.003454121273 -0.002790019512
582 0.00524132 0.09342978  0.00000171  0.002167332520  0.001081556743 -0.000922850543 -0.000070153949  0.000626677676 -0.004511656170
583 0.00288969 0.09345558  0.00000052 -0.000732222448 -0.001077143423 -0.000613414294 -0.000947527233 -0.001740634191  0.001532987852
584 0.00653098 0.09349879  0.00000266  0.002539046288  0.005498268821 -0.000971310574 -0.001290083277  0.001680346739 -0.000738016080
585 0.00391343 0.09351903  0.00000095 -0.000204215978  0.000568901697  0.001679938019  0.003330871311  0.000997606819 -0.000193566172
586 0.00225586 0.09354177  0.00000032 -0.001611816672 -0.001127382919 -0.000263937531  0.001004265768  0.000275064011  0.000257104958
587 0.00209440 0.09354631  0.00000027 -0.000166482767  0.001604372807 -0.001230117599 -0.000307918753 -0.000293180164  0.000301406206
588 0.00501671 0.09358365  0.00000157  0.000000173217  0.003509119145 -0.000015657046  0.003494608965  0.000790272467 -0.000128166572
589 0.01152148 0.09360184  0.00000828 -0.001054612115 -0.000981157490 -0.000430007777 -0.000299499103 -0.008785782892  0.007294184277
590 0.00560586 0.09361516  0.00000196 -0.002618671618 -0.003776612536 -0.001736911388 -0.002011199788  0.001645488710 -0.000732125658
591 0.00447697 0.09364138  0.00000125  0.000927862287  0.001335769807 -0.001577485336 -0.001839156604  0.002671051705 -0.002095837275
592 0.00408540 0.09365348  0.00000104  0.000049158628 -0.002362336543 -0.000029779750  0.003061798085 -0.001307059623 -0.000153564008
593 0.00514376 0.09365763  0.00000165 -0.001743600458  0.002273838624  0.002481501357 -0.002458562018  0.001859812818  0.001608269590
594 0.00406101 0.09367295  0.00000103 -0.001163530330 -0.002210969842  0.000465659667 -0.003127445053  0.000277061876  0.000418443965
595 0.00864417 0.09368610  0.00000467  0.002989848258  0.003185918716 -0.004030306558 -0.005805005414  0.001794024698 -0.001572367867
596 0.01342472 0.09369744  0.00001126 -0.003733718916 -0.008775979360  0.003701246621  0.008110633125 -0.002947986872  0.001045246947
597 0.01633259 0.09374664  0.00001667  0.005307307202  0.009161175128 -0.006102492849 -0.010541637082 -0.002241418094  0.001126201799
598 0.00221442 0.09375953  0.00000031  0.000968945641  0.000230136942 -0.001281408505  0.000124282402  0.000963108326  0.001151871386
599 0.00191628 0.09377606  0.00000023  0.000395419656  0.001093246748 -0.000246781094 -0.001020760913 -0.001059438065  0.000308748154
600 0.00279886 0.09381293  0.00000049  0.001367508876  0.001626515018 -0.000992281422 -0.001242039402 -0.000768052274  0.000448074803
601 0.00191601 0.09383639  0.00000023  0.000121941984  0.000363713426 -0.000252622286 -0.000594356070 -0.001501390650  0.000923417449
602 0.00402969 0.09385067  0.00000102 -0.002525896379 -0.001794497262  0.001786658103  0.001443824957 -0.000735883338  0.000905372683
603 0.00079407 0.09385906  0.00000004 -0.000533015412 -0.000187361785 -0.000014182410 -0.000526983018  0.000182399548  0.000012467977
604 0.00114799 0.09405352  0.00000008 -0.000470412170 -0.001034455782  0.000025301490 -0.000083292300 -0.000127566313  0.000051353063
605 0.00434398 0.09408655  0.00000118  0.001007174910 -0.001647529827  0.001083002335 -0.003707710034  0.000417753965  0.000216448675
606 0.00927606 0.09410014  0.00000540 -0.004620388556 -0.004645705292  0.004502041123  0.004298253459 -0.001368315915  0.001580865128
607 0.00442018 0.09411604  0.00000123  0.000609107803  0.000247816311  0.001421770114  0.001908378140  0.002767979229 -0.002404271778
608 0.02329021 0.09454952  0.00003419 -0.009037523475 -0.013913948768 -0.009126253867 -0.013559674536  0.000073711481  0.000021109433
609 0.01121774 0.09458303  0.00000793 -0.002812120401  0.006776166624 -0.002415418136  0.006752745540  0.003057748916  0.003351062428
610 0.01307922 0.09458473  0.00001079  0.005674956570  0.006646159168  0.005677532132  0.006567371012 -0.004123070276  0.001524822105
611 0.01677508 0.09464541  0.00001776  0.008490283875  0.009753268208 -0.007500669739 -0.007526202447  0.000949388796 -0.000622149321
612 0.00655403 0.09468817  0.00000271  0.001649367813  0.002547951310  0.003610185467 -0.000469727765  0.001850829137 -0.004130759799
613 0.02056110 0.09470519  0.00002669  0.007253022799  0.012621556981 -0.006915453723 -0.012764922775 -0.000004962504  0.000286138791
614 0.03123613 0.09475018  0.00006163  0.012021782991  0.017945618898 -0.011837305875 -0.019207656037 -0.000023620276  0.000266358025
615 0.00621530 0.09479631  0.00000244 -0.005685841871 -0.001807942312  0.001042687866  0.000918583007 -0.000637954397  0.000833352621
616 0.00749681 0.09479787  0.00000355  0.003609532835  0.003273585486  0.002819263745  0.004875292424 -0.000649116584  0.000564807376
617 0.01618465 0.09483443  0.00001656  0.008196723457  0.012192612419  0.002189496834  0.006267966782 -0.001245910836  0.000680512266
618 0.01141710 0.09485283  0.00000824  0.000621905106  0.002844892223  0.006318195947  0.009029838805  0.000511938601 -0.000387777217
619 0.01195368 0.09492184  0.00000904  0.003569781345  0.005485811689 -0.005489325998 -0.008341726772  0.000537834665 -0.000216141510
620 0.00499718 0.09495056  0.00000158  0.002202426287  0.003541776401  0.001209970856  0.002430497940  0.000395567889 -0.000221554855
621 0.03655021 0.09495684  0.00008457 -0.014301568874 -0.019645851092  0.016051747742  0.022084975359  0.000127240823 -0.000047947966
622 0.01260500 0.09507662  0.00001007 -0.005892690153 -0.004580204136  0.007739916748  0.006282227267 -0.000678709915  0.001830499993
623 0.00325587 0.09516171  0.00000067  0.000272122722 -0.000958236451 -0.000446079131  0.000735876943  0.002336843211 -0.001845828723
624 0.00772027 0.09517477  0.00000378  0.005322194679 -0.004268692718 -0.001072450410  0.001110276641 -0.002146085243 -0.002463032163
625 0.00378609 0.09520007  0.00000091  0.001973932123  0.002998233247  0.000249490725 -0.000723812806  0.000635998964 -0.000676746434
626 0.00863673 0.09526052  0.00000474  0.002896759518  0.002827493524 -0.005587524817 -0.004694364167 -0.001440537864  0.001695468605
627 0.00921695 0.09535051  0.00000540  0.000509033183  0.004495381344  0.004487489626 -0.006655306244 -0.000194774653 -0.000126346881
628 0.00870297 0.09535297  0.00000481 -0.004959836567 -0.006091099215  0.003729307030 -0.000196114249 -0.000306429739 -0.000008285929
