0	0.22708   	0.10828   	0.25461   	1043.06371	 (0.00000   )
1	0.51077   	0.26079   	-0.36525  	962.54095 	 (-0.00000  )
2	1.12038   	-0.08253  	-0.60837  	902.72962 	 (0.00000   )
3	-0.28774  	-0.22780  	-0.12952  	1048.07887	 (0.00000   )
4	0.52817   	0.49570   	-0.12560  	1006.23611	 (0.00000   )
5	1.56145   	0.08826   	1.28876   	1059.61512	 (-0.00000  )
6	0.21751   	-0.77379  	-0.43035  	1020.13537	 (0.00000   )
7	-0.34490  	-0.57137  	-0.25236  	1072.49213	 (0.00000   )
8	0.05069   	0.22738   	0.04250   	1112.87552	 (0.00000   )
9	0.23926   	0.23902   	-0.51226  	1020.67596	 (0.00000   )
10	0.01781   	0.11526   	0.76515   	1025.80698	 (0.00000   )
11	0.49706   	0.50985   	0.06500   	1071.41231	 (-0.00000  )
12	0.71790   	0.20396   	-0.37970  	975.27151 	 (-0.00000  )
13	0.80098   	-0.02830  	0.19306   	1046.63374	 (0.00000   )
14	0.17551   	-0.11499  	0.44401   	1022.57107	 (0.00000   )
15	0.17812   	0.19198   	-0.39169  	1064.56654	 (0.00000   )
16	0.21510   	0.55428   	0.26130   	1067.91283	 (0.00000   )
17	0.15094   	0.07439   	0.31131   	1061.58762	 (0.00000   )
18	-0.30289  	0.19917   	-0.11231  	1054.35711	 (-0.00000  )
19	0.02559   	0.25185   	0.21451   	994.33922 	 (0.00000   )
20	0.49454   	-0.31967  	-0.03388  	1027.67913	 (-0.00000  )
21	0.63815   	0.32912   	-0.16048  	1028.14279	 (-0.00000  )
22	0.42269   	0.25667   	0.22177   	1004.89656	 (-0.00000  )
23	-0.01265  	0.30421   	0.19573   	943.43893 	 (0.00000   )
24	0.61343   	0.02104   	-0.00488  	1010.70235	 (-0.00000  )
25	0.32034   	0.30926   	0.05715   	1052.79606	 (0.00000   )
26	0.16400   	0.18623   	0.11176   	1235.37193	 (0.00000   )
27	-0.23665  	0.56605   	-0.13751  	1018.57751	 (-0.00000  )
28	0.34411   	-0.63074  	0.46408   	1101.29764	 (0.00000   )
29	0.34226   	-0.34141  	0.53727   	1180.85290	 (-0.00000  )
30	0.02437   	-0.01020  	-0.23194  	1047.41315	 (-0.00000  )
31	-0.12188  	-0.16813  	0.00441   	1086.24921	 (-0.00000  )
32	0.08290   	0.09303   	-0.35126  	1300.01633	 (0.00000   )
33	0.27666   	0.02384   	-0.12555  	1278.31554	 (0.00000   )
34	-0.12688  	-0.23976  	0.33758   	1163.58553	 (0.00000   )
35	-0.04973  	-0.51848  	0.42837   	1100.22210	 (0.00000   )
36	-0.02759  	-0.95989  	0.07453   	1222.69785	 (0.00000   )
37	0.14125   	0.18934   	0.40390   	1239.29788	 (0.00000   )
38	0.55818   	-0.26778  	0.21313   	1199.05269	 (-0.00000  )
39	0.39733   	-0.20413  	0.46757   	1188.79330	 (0.00000   )
40	-0.13971  	-0.05168  	-0.22785  	1230.41420	 (-0.00000  )
41	0.16859   	0.15739   	-0.00084  	1119.34751	 (-0.00000  )
42	0.16311   	-0.20029  	0.09026   	1132.91780	 (0.00000   )
43	0.43327   	0.14564   	-0.44280  	1238.50180	 (0.00000   )
44	0.29113   	-0.19604  	0.48209   	1231.32055	 (0.00000   )
45	0.04207   	-0.50198  	0.00331   	1191.60384	 (0.00000   )
46	1.38997   	0.10121   	0.52183   	1112.95813	 (0.00000   )
47	0.37115   	0.24635   	0.20733   	1164.48927	 (0.00000   )
48	0.21074   	0.30236   	0.26929   	1210.48217	 (0.00000   )
49	0.08862   	0.10221   	0.07490   	1142.03854	 (0.00000   )
50	-0.10219  	-0.01435  	-0.05532  	1072.33709	 (0.00000   )
51	-0.16301  	0.35157   	-0.30767  	1181.18529	 (-0.00000  )
52	-0.12628  	0.29334   	-0.36499  	1233.36421	 (-0.00000  )
53	0.46369   	-0.24270  	0.46816   	1233.08318	 (0.00000   )
54	0.11118   	0.39171   	-0.22563  	1112.96259	 (-0.00000  )
55	-0.18651  	-0.06452  	-0.17160  	1130.25392	 (0.00000   )
56	-0.06254  	-0.07617  	-0.13404  	1163.16273	 (0.00000   )
57	0.12699   	-0.08816  	-0.22168  	1176.54723	 (-0.00000  )
58	0.18659   	-0.13940  	0.03166   	1165.42165	 (-0.00000  )
59	0.27385   	0.08346   	0.13917   	1160.91180	 (-0.00000  )
60	0.14042   	0.12583   	-0.19526  	1115.80025	 (-0.00000  )
61	0.19963   	0.27356   	0.07838   	1146.70430	 (0.00000   )
62	0.61940   	0.29120   	0.07070   	1104.84961	 (-0.00000  )
63	0.16279   	0.28159   	-0.16052  	1119.33051	 (0.00000   )
64	0.53685   	0.25619   	0.15424   	1092.40334	 (0.00000   )
65	0.29764   	0.00456   	0.16145   	1103.94466	 (0.00000   )
66	0.22414   	0.36594   	-0.19786  	1115.95773	 (-0.00000  )
67	-0.05846  	-0.01538  	-0.20903  	1176.48907	 (-0.00000  )
68	0.12762   	0.16266   	-0.01376  	1157.81279	 (0.00000   )
69	0.10588   	0.41349   	-0.09515  	1103.39973	 (-0.00000  )
70	0.15964   	0.04539   	-0.05947  	1153.68893	 (0.00000   )
71	0.40568   	0.19430   	-0.32937  	1153.11698	 (0.00000   )
72	0.39658   	0.22351   	-0.07036  	1149.68400	 (0.00000   )
73	0.41135   	0.20674   	-0.13533  	1112.44762	 (0.00000   )
74	0.16259   	0.12337   	0.03583   	1145.15385	 (-0.00000  )
75	0.42473   	0.25732   	0.59762   	1164.99134	 (0.00000   )
76	0.01467   	0.33404   	0.23647   	1127.80645	 (0.00000   )
77	0.45494   	0.10711   	0.32066   	1163.26788	 (0.00000   )
78	0.33265   	0.28849   	0.11383   	1142.84534	 (0.00000   )
79	0.32129   	-0.00097  	0.04897   	1163.66889	 (0.00000   )
80	0.25067   	0.48592   	0.13828   	1120.52808	 (0.00000   )
81	-0.69192  	-0.17727  	0.11877   	1128.09340	 (0.00000   )
82	0.29214   	0.08141   	0.14700   	1170.96537	 (0.00000   )
83	0.08088   	0.03006   	0.38126   	1156.12486	 (-0.00000  )
84	0.46399   	0.31034   	-0.01235  	1127.33936	 (0.00000   )
85	0.05560   	0.18214   	0.30251   	1195.10035	 (-0.00000  )
86	0.32523   	0.04814   	0.17394   	1138.89767	 (0.00000   )
87	0.50712   	0.21520   	0.28958   	1201.85604	 (-0.00000  )
88	0.36779   	0.21556   	0.15765   	1169.66533	 (-0.00000  )
89	0.36464   	0.39329   	-0.03704  	1139.98475	 (-0.00000  )
90	0.74051   	0.37973   	-0.22333  	1088.63266	 (-0.00000  )
91	0.52255   	0.44638   	0.20597   	1143.66178	 (-0.00000  )
92	0.33121   	0.01156   	0.36365   	1148.22362	 (-0.00000  )
93	0.32053   	0.26762   	0.32902   	1154.14423	 (-0.00000  )
94	0.31161   	0.16651   	0.53680   	1163.42585	 (-0.00000  )
95	0.12066   	-0.22703  	0.38218   	1182.32574	 (-0.00000  )
96	0.11951   	0.17710   	0.75899   	1153.93092	 (-0.00000  )
97	0.38551   	0.40688   	0.58883   	1122.78991	 (-0.00000  )
98	-0.07518  	0.44463   	0.11155   	1181.78658	 (0.00000   )
99	0.01108   	0.23911   	0.46478   	1138.75330	 (-0.00000  )
100	0.13377   	0.30982   	0.37033   	1258.59614	 (0.00000   )
101	0.38669   	0.25379   	0.31676   	1123.93947	 (-0.00000  )
102	0.35724   	0.25110   	-0.10594  	1120.16281	 (0.00000   )
103	0.27597   	0.13186   	-0.16334  	1135.65180	 (-0.00000  )
104	-0.29548  	-0.02044  	-0.19447  	1281.23666	 (0.00000   )
105	-0.13557  	-0.05946  	0.09897   	1258.68436	 (0.00000   )
106	-0.10990  	0.13696   	0.15550   	1165.21016	 (0.00000   )
107	-0.22209  	-0.00377  	0.21311   	1173.78272	 (0.00000   )
108	-0.14253  	-0.25780  	0.02707   	1298.83427	 (-0.00000  )
109	-0.27461  	-0.11671  	0.22015   	1181.86756	 (-0.00000  )
110	-0.19985  	0.06979   	0.12932   	1246.82283	 (-0.00000  )
111	-0.08719  	0.16586   	-0.29459  	1164.56484	 (-0.00000  )
112	0.12513   	-0.04034  	0.01691   	1208.02219	 (-0.00000  )
113	0.16032   	-0.09623  	-0.00580  	1210.13128	 (-0.00000  )
114	-0.01404  	-0.02910  	0.38134   	1130.89734	 (-0.00000  )
115	-0.85084  	-0.09204  	0.11126   	1130.77532	 (-0.00000  )
116	-0.07763  	-0.74450  	-0.18437  	1253.84883	 (-0.00000  )
117	-0.06449  	-0.73357  	-0.11215  	1233.12511	 (-0.00000  )
118	-0.15124  	-0.63415  	-0.13651  	1208.10977	 (-0.00000  )
119	0.56902   	0.34089   	0.12508   	1192.72849	 (0.00000   )
120	0.09405   	0.22106   	0.05496   	1184.24757	 (-0.00000  )
121	-0.04605  	0.18045   	0.25992   	1313.75177	 (0.00000   )
122	0.10903   	0.11355   	0.06672   	1263.58573	 (0.00000   )
123	-0.19172  	-0.11635  	0.07973   	1294.79699	 (0.00000   )
124	0.24108   	-0.12310  	0.09719   	1277.43993	 (0.00000   )
125	0.00167   	0.09517   	-0.58059  	1277.02495	 (0.00000   )
126	-0.00121  	0.53665   	0.00277   	1209.58450	 (-0.00000  )
127	-0.03351  	0.28353   	-0.00174  	1239.79028	 (-0.00000  )
128	-0.02130  	-0.16140  	0.31810   	1385.28498	 (0.00000   )
129	0.47389   	0.11903   	-0.61055  	1119.05373	 (-0.00000  )
130	0.94301   	-0.19570  	-0.13813  	1191.12934	 (-0.00000  )
131	0.06224   	-0.00480  	0.07931   	1279.48086	 (0.00000   )
132	0.21613   	-0.24828  	0.07810   	1282.06096	 (0.00000   )
133	-0.19077  	-0.26146  	-0.02500  	1401.05768	 (0.00000   )
134	0.47702   	0.16150   	-0.43108  	1227.92613	 (-0.00000  )
135	0.21171   	0.18646   	-0.27148  	1246.72684	 (-0.00000  )
136	0.20446   	0.27126   	-0.08547  	1170.54430	 (-0.00000  )
137	0.06487   	-0.12533  	-0.02476  	1308.11910	 (0.00000   )
138	-0.14033  	-0.20245  	0.30268   	1330.33298	 (0.00000   )
139	-0.31566  	-0.21138  	0.07649   	1311.76791	 (0.00000   )
140	0.10650   	-0.42383  	0.02032   	1284.79306	 (0.00000   )
141	-0.06544  	-0.38040  	0.33375   	1267.59059	 (0.00000   )
142	-0.30754  	-0.44742  	0.01197   	1282.38642	 (0.00000   )
143	-0.06622  	-0.30184  	-0.01519  	1281.33489	 (0.00000   )
144	-0.32688  	-0.16115  	-0.15313  	1339.02666	 (0.00000   )
145	0.17296   	0.01826   	0.02915   	1268.25806	 (0.00000   )
146	0.29173   	0.13672   	0.02184   	1318.42697	 (-0.00000  )
147	0.27930   	0.34206   	0.02918   	1277.73706	 (0.00000   )
148	0.09670   	0.10407   	-0.08590  	1345.51861	 (0.00000   )
149	-0.25804  	-0.02604  	-0.01418  	1299.66223	 (0.00000   )
150	0.15317   	0.09285   	0.03534   	1338.73142	 (0.00000   )
151	0.05509   	0.05489   	-0.02333  	1335.88069	 (0.00000   )
152	0.07795   	0.06270   	-0.09978  	1322.79963	 (0.00000   )
153	-0.02290  	-0.11857  	-0.16803  	1360.03913	 (0.00000   )
154	0.21332   	0.11790   	0.04186   	1314.46376	 (0.00000   )
155	-0.19004  	0.01630   	-0.21738  	1323.77744	 (0.00000   )
156	0.02024   	0.22186   	-0.35263  	1272.02473	 (0.00000   )
157	0.25767   	0.19939   	-0.33915  	1260.99518	 (0.00000   )
158	0.25921   	0.12716   	-0.15186  	1222.12410	 (-0.00000  )
159	-0.10060  	-0.13648  	0.04319   	1287.54172	 (0.00000   )
160	0.05352   	0.22694   	-0.47795  	1228.11283	 (0.00000   )
161	0.18168   	0.20084   	0.04714   	1262.13805	 (0.00000   )
162	-0.07152  	0.13581   	-0.20083  	1270.94522	 (-0.00000  )
163	0.26278   	0.15755   	0.17996   	1236.30950	 (0.00000   )
164	0.35784   	0.23206   	0.10398   	1273.21023	 (-0.00000  )
165	0.16158   	0.01133   	0.14857   	1242.79292	 (0.00000   )
166	0.28123   	0.34353   	-0.27373  	1283.42143	 (-0.00000  )
167	0.08664   	0.02574   	0.17808   	1260.54227	 (0.00000   )
168	0.32541   	0.19894   	0.04309   	1261.53437	 (0.00000   )
169	0.08780   	0.07315   	0.13392   	1230.91283	 (0.00000   )
170	-0.02335  	0.03042   	0.01812   	1210.30970	 (0.00000   )
171	-0.15071  	0.12406   	0.13144   	1224.53837	 (0.00000   )
172	-0.12527  	0.25410   	0.39719   	1214.65843	 (0.00000   )
173	-0.25435  	0.07695   	-0.13412  	1296.42197	 (0.00000   )
174	-0.08516  	0.01541   	-0.10528  	1267.45724	 (0.00000   )
175	0.09016   	-0.02620  	-0.27074  	1217.49147	 (0.00000   )
176	0.04980   	-0.05097  	-0.16464  	1241.89888	 (0.00000   )
177	0.06754   	-0.24940  	-0.02728  	1230.43781	 (0.00000   )
178	0.03651   	-0.12199  	-0.21071  	1234.68799	 (0.00000   )
179	0.15551   	-0.27930  	-0.11818  	1222.78987	 (0.00000   )
180	-0.08400  	0.21372   	-0.06164  	1221.05556	 (0.00000   )
181	0.07257   	-0.25120  	-0.06847  	1217.15205	 (0.00000   )
182	0.51733   	-0.01982  	0.04777   	1227.22325	 (0.00000   )
183	0.43056   	0.00215   	-0.03855  	1252.15313	 (-0.00000  )
184	-0.20068  	-0.13655  	-0.04313  	1303.75254	 (-0.00000  )
185	0.08363   	-0.00541  	0.06142   	1273.23109	 (0.00000   )
186	-0.23895  	0.11346   	0.00583   	1223.41331	 (0.00000   )
187	0.06753   	-0.13683  	0.14850   	1321.34938	 (0.00000   )
188	0.13187   	0.16816   	0.11057   	1247.13548	 (0.00000   )
189	0.09026   	0.26247   	-0.03903  	1256.72449	 (0.00000   )
190	-0.09487  	-0.27571  	0.06193   	1255.89664	 (0.00000   )
191	-0.00918  	-0.27024  	0.22024   	1242.32223	 (0.00000   )
192	0.37257   	-0.16954  	0.18015   	1186.60717	 (0.00000   )
193	0.14059   	0.21232   	0.30515   	1227.96924	 (0.00000   )
194	0.00363   	0.16350   	0.02688   	1215.99653	 (0.00000   )
195	-0.04843  	0.00071   	0.05542   	1192.06226	 (0.00000   )
196	-0.09467  	0.19095   	-0.06542  	1247.26990	 (0.00000   )
197	0.29595   	-0.15290  	0.11928   	1187.52542	 (-0.00000  )
198	-0.06862  	-0.01918  	-0.06811  	1208.43657	 (0.00000   )
199	-0.16046  	0.10319   	-0.01472  	1254.59979	 (0.00000   )
200	0.38512   	0.10733   	-0.17554  	1192.40066	 (-0.00000  )
201	0.41822   	0.03581   	-0.24887  	1232.39611	 (0.00000   )
202	0.29107   	0.32612   	-0.11997  	1221.56020	 (0.00000   )
203	-0.10781  	0.16375   	-0.07929  	1216.44449	 (0.00000   )
204	0.39246   	0.03803   	0.15322   	1184.38253	 (0.00000   )
205	0.04529   	-0.19132  	0.13451   	1196.82288	 (0.00000   )
206	-0.00797  	0.01265   	0.00095   	1237.60374	 (-0.00000  )
207	0.04403   	-0.02763  	-0.17121  	1216.04334	 (0.00000   )
208	0.42737   	0.12147   	0.08575   	1213.73123	 (-0.00000  )
209	0.27345   	0.03112   	-0.10466  	1177.45374	 (-0.00000  )
210	-0.05212  	-0.12273  	0.35253   	1151.76922	 (0.00000   )
211	0.29568   	0.02527   	-0.08087  	1140.49360	 (-0.00000  )
212	0.24375   	0.20521   	0.18407   	1203.63415	 (-0.00000  )
213	0.50237   	0.31225   	-0.16794  	1196.03229	 (0.00000   )
214	0.10840   	0.17322   	-0.03235  	1190.01199	 (0.00000   )
215	0.50509   	0.18342   	-0.61014  	1132.22867	 (-0.00000  )
216	-0.10195  	0.28567   	0.14906   	1164.35877	 (0.00000   )
217	0.14395   	0.08497   	-0.11365  	1270.02779	 (-0.00000  )
218	0.50848   	-0.01974  	-0.05831  	1263.69782	 (0.00000   )
219	0.24237   	0.10842   	0.11915   	1256.96734	 (0.00000   )
220	0.13105   	0.12272   	-0.05162  	1278.18406	 (0.00000   )
221	-0.19388  	-0.33806  	-0.10192  	1343.94850	 (0.00000   )
222	-0.04523  	-0.08360  	0.04041   	1266.29804	 (0.00000   )
223	0.27729   	0.02130   	-0.07486  	1205.32972	 (-0.00000  )
224	0.22506   	0.37544   	-0.18508  	1241.76259	 (-0.00000  )
225	0.00046   	0.11489   	0.00532   	1181.32852	 (-0.00000  )
226	0.05743   	-0.07140  	-0.04863  	1217.50630	 (-0.00000  )
227	0.29678   	0.10954   	-0.23239  	1191.55913	 (-0.00000  )
228	0.11089   	0.20240   	0.12127   	1202.08324	 (-0.00000  )
229	0.45978   	0.23154   	-0.23778  	1148.81253	 (-0.00000  )
230	0.14523   	0.05759   	0.27360   	1137.97361	 (-0.00000  )
231	0.12383   	0.16555   	0.24594   	1214.28735	 (0.00000   )
232	-0.05619  	0.33722   	0.03310   	1173.13628	 (-0.00000  )
233	0.18173   	0.09604   	-0.12205  	1183.13842	 (-0.00000  )
234	0.17946   	0.11213   	-0.03872  	1194.72269	 (-0.00000  )
235	0.36089   	0.01960   	-0.25781  	1114.73101	 (-0.00000  )
236	0.26624   	-0.05225  	0.03339   	1165.21968	 (-0.00000  )
237	0.22369   	0.09884   	-0.09412  	1184.50904	 (-0.00000  )
238	0.08956   	-0.06786  	-0.55957  	1225.14956	 (0.00000   )
239	0.14569   	-0.15450  	0.06467   	1143.74571	 (0.00000   )
240	-0.04226  	0.09630   	0.06624   	1170.00331	 (-0.00000  )
241	-0.00029  	0.15556   	-0.02706  	1201.86151	 (0.00000   )
242	0.41037   	0.16756   	0.14895   	1186.45748	 (-0.00000  )
243	0.71873   	-0.05768  	0.41331   	1167.04496	 (-0.00000  )
244	0.21125   	0.07310   	0.02468   	1160.73738	 (-0.00000  )
245	0.15501   	0.04916   	0.13123   	1139.45221	 (0.00000   )
246	0.42408   	-0.06018  	0.08469   	1246.75652	 (-0.00000  )
247	0.21139   	0.04932   	-0.13755  	1193.38660	 (-0.00000  )
248	-0.02460  	-0.23779  	-0.05994  	1164.88063	 (-0.00000  )
249	-0.15726  	0.00517   	-0.03408  	1216.01390	 (-0.00000  )
250	0.18904   	0.05578   	-0.02746  	1175.73952	 (-0.00000  )
251	0.09713   	0.20285   	-0.01860  	1184.70534	 (0.00000   )
252	0.05226   	0.10916   	-0.21640  	1174.60152	 (0.00000   )
253	-0.01621  	0.20620   	-0.07531  	1199.74694	 (-0.00000  )
254	0.05181   	0.17766   	-0.12330  	1205.78037	 (-0.00000  )
255	0.29675   	0.06958   	-0.08698  	1158.71460	 (-0.00000  )
256	0.27392   	0.13956   	0.00398   	1149.12336	 (-0.00000  )
257	0.16968   	0.21182   	-0.14634  	1199.47359	 (-0.00000  )
258	0.17245   	0.09185   	0.09512   	1136.94792	 (-0.00000  )
259	0.13705   	0.22766   	0.04151   	1178.40223	 (0.00000   )
260	0.11582   	-0.00663  	-0.14620  	1157.90487	 (0.00000   )
261	0.38996   	0.10621   	0.10547   	1142.17982	 (0.00000   )
262	0.19485   	0.27409   	-0.07003  	1130.68871	 (0.00000   )
263	0.50741   	0.09923   	-0.01069  	1171.43119	 (-0.00000  )
264	0.30281   	0.22539   	0.26527   	1157.10400	 (-0.00000  )
265	0.16472   	0.11439   	0.20781   	1151.72516	 (-0.00000  )
266	-0.02280  	0.02217   	0.19983   	1185.84613	 (-0.00000  )
267	0.27201   	-0.06456  	0.30627   	1080.66458	 (-0.00000  )
268	0.48336   	0.18100   	0.44809   	1131.24692	 (-0.00000  )
269	-0.00059  	0.05740   	0.06052   	1293.89030	 (-0.00000  )
270	0.16364   	0.07321   	0.02065   	1179.05324	 (-0.00000  )
271	0.24051   	0.00399   	0.14972   	1191.83710	 (-0.00000  )
272	-0.00304  	0.19560   	-0.12150  	1286.92345	 (0.00000   )
273	0.26057   	0.11704   	0.16175   	1234.17521	 (0.00000   )
274	0.01659   	-0.03579  	-0.23274  	1328.26014	 (0.00000   )
275	0.06921   	-0.07365  	-0.22754  	1301.34053	 (0.00000   )
276	0.04659   	0.12199   	-0.12977  	1233.84214	 (-0.00000  )
277	0.14451   	-0.01160  	-0.04173  	1250.70243	 (0.00000   )
278	0.03769   	0.00987   	-0.13435  	1327.26736	 (0.00000   )
279	0.16876   	0.06555   	-0.28606  	1218.46291	 (0.00000   )
280	0.17234   	0.08650   	-0.16630  	1219.32899	 (-0.00000  )
281	0.22482   	0.00760   	0.00394   	1220.87781	 (-0.00000  )
282	-0.39835  	0.04830   	0.19821   	1205.04663	 (-0.00000  )
283	0.16252   	0.16672   	0.01356   	1207.61671	 (-0.00000  )
284	-0.26704  	0.34231   	0.34844   	1292.94362	 (-0.00000  )
285	0.06362   	0.04650   	0.30546   	1269.18823	 (-0.00000  )
286	-0.08766  	0.23941   	0.27736   	1288.12985	 (-0.00000  )
287	0.10875   	0.02187   	0.15850   	1282.14366	 (0.00000   )
288	0.03626   	-0.05674  	-0.00244  	1235.33215	 (0.00000   )
289	0.16662   	0.08080   	0.12162   	1268.19318	 (-0.00000  )
290	0.13971   	0.18789   	0.33344   	1258.60758	 (-0.00000  )
291	0.30990   	0.17401   	0.16351   	1216.42723	 (-0.00000  )
292	0.42138   	0.45537   	0.26156   	1256.57921	 (-0.00000  )
293	0.22530   	0.28527   	-0.00652  	1289.31488	 (-0.00000  )
294	0.21756   	0.12417   	0.13815   	1283.04754	 (0.00000   )
295	0.15690   	0.26585   	-0.18877  	1290.22524	 (0.00000   )
296	0.20671   	0.21056   	0.31431   	1302.60116	 (0.00000   )
297	0.15679   	0.04442   	0.03813   	1190.63066	 (0.00000   )
298	0.49123   	0.26766   	0.09481   	1215.07086	 (0.00000   )
299	0.29733   	-0.05149  	0.17012   	1194.68390	 (-0.00000  )
300	0.26716   	-0.02479  	-0.13323  	1153.30215	 (0.00000   )
301	0.50834   	0.01291   	0.14681   	1249.93586	 (-0.00000  )
302	0.24484   	-0.13512  	0.22521   	1237.86146	 (-0.00000  )
303	0.04071   	-0.24585  	0.26746   	1246.88874	 (-0.00000  )
304	-0.11437  	-0.27368  	0.15990   	1272.48888	 (-0.00000  )
305	0.03893   	-0.01108  	0.26042   	1252.97076	 (-0.00000  )
306	-0.27704  	0.03860   	0.24080   	1254.76509	 (-0.00000  )
307	-0.24909  	-0.33101  	0.15401   	1265.65881	 (0.00000   )
308	0.12045   	-0.07435  	0.36633   	1225.43928	 (-0.00000  )
309	-0.34100  	0.02977   	0.27601   	1263.32938	 (-0.00000  )
310	-0.21317  	0.32648   	0.10677   	1266.20776	 (-0.00000  )
311	-0.17927  	-0.13197  	-0.10286  	1373.25873	 (-0.00000  )
312	-0.07386  	-0.15148  	0.02653   	1313.60632	 (-0.00000  )
313	-0.47933  	-0.35877  	0.01340   	1313.25862	 (0.00000   )
314	0.01650   	-0.05626  	0.13263   	1270.59080	 (-0.00000  )
315	0.10842   	0.00951   	0.01653   	1153.03389	 (0.00000   )
316	-0.00874  	0.23844   	-0.05293  	1281.23495	 (-0.00000  )
317	0.07282   	0.10044   	0.13289   	1227.22770	 (-0.00000  )
318	0.13906   	0.04856   	0.17708   	1233.07157	 (-0.00000  )
319	-0.10602  	0.04859   	0.29379   	1238.11752	 (0.00000   )
320	-0.00067  	0.12273   	0.11779   	1297.33387	 (-0.00000  )
321	0.06726   	0.30666   	0.25485   	1297.43630	 (0.00000   )
322	0.01854   	0.42447   	0.09701   	1275.55885	 (-0.00000  )
323	0.25863   	0.05650   	0.35494   	1263.04154	 (0.00000   )
324	0.12000   	0.06641   	0.14459   	1302.00445	 (0.00000   )
325	-0.16764  	0.03901   	0.15707   	1303.48991	 (0.00000   )
326	-0.02023  	0.10133   	0.28583   	1406.36792	 (0.00000   )
327	-0.17502  	-0.28273  	0.16129   	1309.16012	 (-0.00000  )
328	0.05270   	-0.47290  	0.40170   	1329.40275	 (-0.00000  )
329	-0.36889  	-0.13018  	0.07158   	1306.48030	 (0.00000   )
330	-0.09990  	-0.21907  	0.29663   	1356.94736	 (0.00000   )
331	0.08102   	0.01026   	0.21347   	1342.92455	 (0.00000   )
332	-0.18639  	0.12019   	0.06167   	1330.03100	 (-0.00000  )
333	-0.14978  	0.08522   	-0.06868  	1423.46890	 (0.00000   )
334	-0.14586  	0.38716   	0.28464   	1290.12071	 (0.00000   )
335	-0.04597  	0.22875   	-0.00662  	1288.01571	 (-0.00000  )
336	-0.37042  	0.13134   	-0.10097  	1362.53547	 (-0.00000  )
337	-0.59954  	-0.02473  	0.09296   	1246.33147	 (0.00000   )
338	-0.24018  	0.04901   	-0.01987  	1341.72506	 (0.00000   )
339	-0.37014  	-0.06961  	0.05939   	1320.15461	 (0.00000   )
340	-0.27440  	-0.10903  	0.01843   	1319.93851	 (0.00000   )
341	0.02987   	-0.10296  	0.21169   	1429.25469	 (0.00000   )
342	0.25826   	0.05766   	0.25614   	1417.04451	 (0.00000   )
343	-0.24126  	-0.12324  	0.06298   	1428.48045	 (0.00000   )
344	-0.15634  	0.03868   	0.14354   	1400.36317	 (-0.00000  )
345	-0.29476  	-0.15923  	0.02125   	1321.26453	 (0.00000   )
346	-0.03560  	-0.32217  	0.04423   	1342.75412	 (0.00000   )
347	-0.04940  	-0.26104  	-0.09603  	1402.27551	 (0.00000   )
348	0.06014   	-0.11070  	0.29057   	1311.30930	 (-0.00000  )
349	0.18455   	-0.19960  	0.26945   	1413.48940	 (0.00000   )
350	0.08956   	0.03819   	0.21429   	1390.86118	 (-0.00000  )
351	0.18805   	0.34615   	0.21778   	1262.78059	 (0.00000   )
352	-0.13411  	0.04645   	-0.04809  	1299.82322	 (0.00000   )
353	-0.17059  	-0.29865  	-0.09037  	1342.86309	 (-0.00000  )
354	0.10914   	0.17866   	0.11294   	1348.51325	 (0.00000   )
355	-0.17949  	0.16672   	0.13103   	1312.88465	 (0.00000   )
356	0.15700   	0.05254   	0.00395   	1364.23489	 (0.00000   )
357	0.00509   	0.03687   	0.20223   	1231.01097	 (-0.00000  )
358	-0.14568  	-0.14769  	-0.04312  	1269.96760	 (0.00000   )
359	-0.45677  	0.11653   	-0.05372  	1403.87867	 (0.00000   )
360	-0.27025  	0.01869   	-0.07106  	1349.65406	 (0.00000   )
361	-0.16980  	0.03524   	0.04965   	1330.12698	 (0.00000   )
362	-0.18548  	0.05926   	0.04179   	1367.16259	 (0.00000   )
363	-0.05614  	-0.19448  	-0.14638  	1241.21209	 (0.00000   )
364	-0.09529  	-0.14381  	0.02363   	1227.94492	 (-0.00000  )
365	-0.11061  	-0.17740  	-0.09650  	1221.92895	 (-0.00000  )
366	-0.06265  	-0.05377  	-0.14638  	1395.59537	 (0.00000   )
367	0.09728   	-0.12152  	0.19595   	1287.05837	 (0.00000   )
368	-0.26339  	0.01876   	-0.04601  	1295.77817	 (0.00000   )
369	0.06335   	0.06207   	0.04717   	1278.70036	 (0.00000   )
370	-0.02843  	-0.00275  	-0.15629  	1260.90449	 (0.00000   )
371	-0.06033  	0.04259   	0.17679   	1280.55447	 (0.00000   )
372	-0.20288  	-0.11482  	0.04528   	1316.74403	 (0.00000   )
373	-0.18763  	-0.06385  	-0.07040  	1377.76827	 (0.00000   )
374	-0.12328  	0.08997   	0.08303   	1322.86721	 (-0.00000  )
375	-0.12702  	0.08265   	0.16876   	1317.94114	 (-0.00000  )
376	0.15769   	0.15102   	0.10468   	1348.54194	 (0.00000   )
377	0.02625   	-0.09289  	0.26506   	1368.45814	 (0.00000   )
378	-0.03088  	0.16838   	0.07636   	1341.72497	 (-0.00000  )
379	-0.02498  	0.02879   	0.27969   	1370.57659	 (0.00000   )
380	-0.15063  	-0.09703  	0.28089   	1374.28218	 (0.00000   )
381	-0.10290  	0.20452   	0.21372   	1320.20918	 (0.00000   )
382	-0.08006  	-0.02893  	-0.00315  	1300.29176	 (-0.00000  )
383	-0.13076  	-0.10209  	-0.02377  	1328.83118	 (0.00000   )
384	0.18285   	-0.00703  	-0.07944  	1408.35784	 (0.00000   )
385	-0.23218  	0.18455   	0.18121   	1215.24852	 (-0.00000  )
386	-0.02116  	0.12183   	0.08794   	1357.17729	 (-0.00000  )
387	0.05580   	-0.15484  	0.20400   	1399.75593	 (0.00000   )
388	0.14713   	0.05329   	0.05250   	1323.80405	 (0.00000   )
389	0.05769   	0.04341   	-0.00650  	1339.49398	 (0.00000   )
390	-0.17021  	-0.06905  	0.00149   	1343.29588	 (0.00000   )
391	0.03828   	-0.00197  	-0.02684  	1420.53245	 (0.00000   )
392	-0.04919  	-0.08358  	-0.08068  	1377.37004	 (-0.00000  )
393	-0.05586  	-0.09773  	0.00494   	1389.16019	 (0.00000   )
394	0.04955   	0.07501   	0.00488   	1409.95910	 (0.00000   )
395	0.03741   	0.14324   	-0.09827  	1399.76773	 (-0.00000  )
396	0.01227   	-0.21713  	-0.03969  	1382.40917	 (-0.00000  )
397	0.00139   	-0.05157  	-0.06746  	1373.63818	 (-0.00000  )
398	0.14768   	0.00853   	-0.02045  	1373.01922	 (-0.00000  )
399	0.13810   	0.13864   	0.12133   	1387.08200	 (-0.00000  )
400	-0.16827  	0.10310   	-0.14278  	1401.88134	 (-0.00000  )
401	0.30019   	0.04593   	0.14937   	1361.61981	 (0.00000   )
402	-0.22374  	0.15117   	-0.11665  	1432.87357	 (0.00000   )
403	0.13072   	0.11274   	-0.07473  	1395.51189	 (-0.00000  )
404	0.05715   	0.09353   	-0.02836  	1397.58549	 (0.00000   )
405	-0.06942  	0.09273   	-0.05277  	1369.30939	 (-0.00000  )
406	0.36227   	0.02397   	0.30316   	1364.46979	 (-0.00000  )
407	0.06783   	0.10954   	-0.07473  	1394.93802	 (0.00000   )
408	0.02870   	0.26274   	-0.07895  	1348.55512	 (-0.00000  )
409	0.33590   	0.08436   	0.18331   	1367.08898	 (0.00000   )
410	0.13900   	0.14069   	0.06847   	1323.41240	 (0.00000   )
411	0.23810   	0.10556   	0.02678   	1342.65811	 (0.00000   )
412	0.10726   	0.10791   	0.04524   	1283.00746	 (0.00000   )
413	0.24299   	0.05138   	0.07507   	1353.00569	 (0.00000   )
414	0.08690   	0.11280   	0.03272   	1339.72684	 (-0.00000  )
415	0.03265   	-0.25602  	0.05721   	1375.04797	 (-0.00000  )
416	0.12899   	-0.02283  	0.05854   	1254.06153	 (0.00000   )
417	-0.04163  	-0.13941  	0.19279   	1287.08974	 (-0.00000  )
418	0.07016   	-0.19008  	0.12268   	1371.11264	 (0.00000   )
419	-0.16214  	-0.04093  	0.03315   	1366.92698	 (0.00000   )
420	-0.01167  	-0.19659  	0.04161   	1296.43121	 (0.00000   )
421	-0.03579  	-0.04126  	-0.07015  	1336.99328	 (0.00000   )
422	0.00725   	0.07830   	-0.05963  	1395.81649	 (0.00000   )
423	0.06605   	-0.03942  	0.02152   	1365.13419	 (0.00000   )
424	-0.17219  	-0.11127  	0.03882   	1368.56928	 (0.00000   )
425	-0.07833  	0.01044   	0.01197   	1372.19357	 (0.00000   )
426	-0.06932  	0.09403   	0.00913   	1354.65314	 (0.00000   )
427	-0.00665  	0.14816   	-0.01824  	1314.77415	 (-0.00000  )
428	0.10818   	0.21922   	0.05862   	1361.06824	 (0.00000   )
429	-0.16750  	0.10708   	-0.02945  	1324.61966	 (0.00000   )
430	0.06308   	0.04457   	-0.06644  	1281.09466	 (0.00000   )
431	-0.03857  	-0.05097  	0.03310   	1331.42506	 (0.00000   )
432	-0.20254  	0.21839   	0.17475   	1353.57395	 (-0.00000  )
433	0.17238   	0.27264   	-0.02840  	1331.19964	 (0.00000   )
434	-0.06050  	0.08250   	0.05631   	1321.61029	 (-0.00000  )
435	-0.20882  	0.06846   	0.19985   	1397.47809	 (0.00000   )
436	0.02294   	-0.00233  	-0.08780  	1264.50758	 (0.00000   )
437	0.12530   	0.18822   	0.08810   	1370.81487	 (0.00000   )
438	0.06412   	0.02051   	0.03218   	1397.75310	 (0.00000   )
439	-0.01186  	0.00101   	0.10301   	1366.82965	 (0.00000   )
440	0.14848   	0.03137   	0.01497   	1337.94275	 (-0.00000  )
441	0.00568   	0.05182   	-0.07476  	1371.08787	 (-0.00000  )
442	0.17925   	-0.14162  	-0.19945  	1285.46521	 (-0.00000  )
443	0.02857   	0.04415   	0.00124   	1364.15935	 (-0.00000  )
444	0.05903   	0.01051   	-0.11726  	1323.76181	 (-0.00000  )
445	-0.05435  	0.02322   	-0.06594  	1322.69222	 (0.00000   )
446	0.00531   	-0.08543  	-0.08128  	1299.84255	 (0.00000   )
447	0.31456   	-0.13773  	-0.31646  	1242.67830	 (-0.00000  )
448	0.15261   	-0.11467  	-0.20679  	1299.31418	 (-0.00000  )
449	0.03599   	-0.01950  	-0.17865  	1247.37140	 (0.00000   )
450	0.04012   	-0.01978  	-0.03412  	1290.00419	 (0.00000   )
451	0.03749   	0.06855   	-0.03382  	1308.79749	 (-0.00000  )
452	0.23402   	0.01103   	-0.13654  	1307.99600	 (0.00000   )
453	0.14389   	-0.19754  	-0.14406  	1272.52744	 (-0.00000  )
454	-0.25017  	-0.23899  	-0.08342  	1325.72677	 (-0.00000  )
455	0.18690   	0.11739   	-0.25724  	1298.04173	 (0.00000   )
456	0.00053   	-0.13807  	-0.08609  	1317.93862	 (0.00000   )
457	0.17430   	0.15986   	-0.27260  	1281.99577	 (-0.00000  )
458	0.03716   	0.04918   	-0.12777  	1241.16686	 (0.00000   )
459	-0.20451  	0.05234   	-0.04566  	1317.92343	 (0.00000   )
460	-0.11182  	-0.01709  	-0.13994  	1266.96623	 (0.00000   )
461	-0.13504  	-0.05798  	-0.12881  	1241.12138	 (0.00000   )
462	0.00676   	-0.07422  	-0.11087  	1293.28735	 (0.00000   )
463	-0.20824  	-0.11557  	-0.05102  	1227.31022	 (0.00000   )
464	-0.07348  	-0.02228  	-0.12762  	1266.90942	 (0.00000   )
465	0.03714   	0.15690   	-0.02783  	1223.86307	 (0.00000   )
466	0.03052   	-0.02805  	-0.02776  	1330.95986	 (0.00000   )
467	0.04763   	-0.07322  	-0.12072  	1256.07321	 (-0.00000  )
468	-0.15241  	-0.21920  	-0.19092  	1224.36169	 (0.00000   )
469	0.23979   	-0.12275  	-0.40466  	1162.40510	 (0.00000   )
470	-0.23440  	-0.23056  	-0.08497  	1218.30447	 (0.00000   )
471	0.28526   	-0.06380  	-0.18754  	1278.20962	 (-0.00000  )
472	0.07492   	-0.16815  	-0.13126  	1217.60329	 (0.00000   )
473	-0.00660  	-0.12646  	-0.26458  	1255.02862	 (-0.00000  )
474	0.12208   	0.05416   	-0.15668  	1260.25000	 (0.00000   )
475	-0.04629  	0.17778   	0.07024   	1335.88646	 (0.00000   )
476	0.11256   	0.19227   	0.13940   	1296.71670	 (-0.00000  )
477	-0.22913  	0.10166   	-0.08613  	1269.05481	 (0.00000   )
478	-0.12820  	-0.04746  	-0.05261  	1277.90160	 (0.00000   )
479	-0.16165  	0.09443   	-0.03077  	1337.81056	 (0.00000   )
480	-0.16819  	-0.26170  	0.00073   	1292.18619	 (-0.00000  )
481	-0.25226  	0.00602   	-0.03173  	1312.88258	 (0.00000   )
482	-0.27376  	0.09561   	0.05016   	1328.40810	 (0.00000   )
483	-0.27607  	-0.10171  	-0.11560  	1280.55259	 (0.00000   )
484	0.04505   	0.00891   	-0.06928  	1324.08984	 (0.00000   )
485	0.06982   	-0.06298  	-0.15478  	1312.63393	 (0.00000   )
486	0.00183   	-0.00501  	-0.19132  	1244.83934	 (0.00000   )
487	0.12911   	0.19285   	-0.01324  	1320.96612	 (-0.00000  )
488	0.00293   	0.31192   	-0.18193  	1306.21183	 (0.00000   )
489	0.05402   	0.20447   	-0.07978  	1359.57454	 (0.00000   )
490	0.16818   	0.24909   	-0.20286  	1259.07100	 (0.00000   )
491	0.03856   	-0.07600  	0.07699   	1331.04001	 (0.00000   )
492	0.14604   	0.19940   	0.00885   	1313.39100	 (-0.00000  )
493	0.03863   	0.11034   	-0.09326  	1310.73430	 (0.00000   )
494	0.10771   	0.20109   	0.17070   	1344.46760	 (-0.00000  )
495	0.24187   	0.17182   	-0.12529  	1303.30126	 (-0.00000  )
496	0.16004   	0.16120   	-0.17446  	1313.54195	 (-0.00000  )
497	-0.19760  	-0.15787  	-0.03709  	1312.51934	 (0.00000   )
498	-0.13038  	-0.21460  	-0.10652  	1187.35672	 (0.00000   )
499	-0.20597  	-0.03595  	-0.03205  	1279.33613	 (0.00000   )
500	0.12702   	-0.05744  	-0.26686  	1245.68515	 (0.00000   )
501	0.00093   	-0.00904  	-0.15403  	1312.32313	 (0.00000   )
502	0.01970   	-0.00758  	0.09750   	1316.10066	 (-0.00000  )
503	-0.18809  	0.09631   	0.09877   	1250.02550	 (-0.00000  )
504	-0.00789  	0.15091   	-0.08472  	1314.61718	 (-0.00000  )
505	-0.31130  	0.02077   	-0.04358  	1290.35371	 (-0.00000  )
506	-0.00995  	0.22164   	-0.05866  	1241.67994	 (-0.00000  )
507	0.01481   	0.08496   	-0.01447  	1289.07359	 (-0.00000  )
508	-0.21787  	0.09375   	-0.16999  	1297.37220	 (-0.00000  )
509	-0.20634  	0.12262   	-0.14160  	1314.31605	 (0.00000   )
510	-0.03383  	0.15519   	-0.10621  	1278.19804	 (-0.00000  )
511	-0.24288  	-0.06138  	-0.21611  	1327.46999	 (-0.00000  )
512	0.14949   	0.14353   	0.06075   	1194.50697	 (0.00000   )
513	-0.07381  	0.05940   	0.00872   	1319.38203	 (-0.00000  )
514	0.01352   	0.01889   	-0.03242  	1322.16514	 (-0.00000  )
515	0.14322   	0.10754   	-0.01606  	1254.44551	 (-0.00000  )
516	0.04180   	0.03345   	-0.06708  	1276.46236	 (-0.00000  )
517	0.05408   	-0.02038  	0.02942   	1330.61725	 (-0.00000  )
518	0.02740   	-0.13677  	0.07242   	1295.44767	 (-0.00000  )
519	0.04336   	0.14077   	-0.04847  	1376.14373	 (0.00000   )
520	0.03929   	-0.13569  	0.09872   	1310.39866	 (-0.00000  )
521	0.16399   	0.11251   	0.12222   	1313.89423	 (-0.00000  )
522	0.03782   	0.04416   	0.16795   	1291.65081	 (-0.00000  )
523	0.07868   	0.16446   	0.04276   	1305.34413	 (-0.00000  )
524	-0.05840  	0.01957   	0.08569   	1382.33015	 (0.00000   )
525	-0.00208  	0.13498   	-0.07649  	1303.37348	 (-0.00000  )
526	0.11784   	0.03494   	-0.04167  	1278.30558	 (-0.00000  )
527	0.06622   	-0.11935  	-0.04826  	1253.17023	 (0.00000   )
528	0.03058   	0.18023   	0.00963   	1257.77396	 (-0.00000  )
529	0.17011   	0.05957   	-0.11790  	1274.18859	 (-0.00000  )
530	-0.11539  	-0.10211  	-0.01995  	1313.99996	 (-0.00000  )
531	-0.00749  	0.27578   	-0.00366  	1270.00770	 (0.00000   )
532	0.00395   	-0.03358  	-0.08709  	1270.97125	 (0.00000   )
533	0.04218   	0.10507   	-0.20380  	1310.03609	 (-0.00000  )
534	0.06180   	0.16586   	-0.11405  	1295.03332	 (-0.00000  )
535	0.28934   	0.06014   	-0.13114  	1246.01087	 (0.00000   )
536	0.08411   	-0.10382  	-0.15536  	1222.33552	 (-0.00000  )
537	0.11780   	0.10032   	-0.02215  	1297.15442	 (0.00000   )
538	0.06490   	0.11049   	0.03573   	1310.90896	 (0.00000   )
539	0.02930   	-0.02224  	-0.10557  	1336.97979	 (-0.00000  )
540	-0.28330  	0.02787   	-0.16420  	1285.32393	 (-0.00000  )
541	-0.12950  	0.18327   	-0.06015  	1298.40561	 (0.00000   )
542	0.13113   	-0.01997  	0.03108   	1275.84396	 (-0.00000  )
543	0.11155   	0.20700   	0.07736   	1298.42590	 (-0.00000  )
544	0.09937   	-0.21840  	-0.01744  	1310.93025	 (-0.00000  )
545	-0.11814  	0.12950   	-0.00603  	1270.55901	 (0.00000   )
546	0.16675   	0.03714   	0.04255   	1271.06307	 (-0.00000  )
547	0.12408   	-0.08459  	0.13600   	1255.65564	 (0.00000   )
548	0.08629   	0.09875   	-0.11258  	1293.95592	 (-0.00000  )
549	0.10349   	-0.06411  	0.08107   	1276.15125	 (-0.00000  )
550	-0.02785  	-0.04146  	0.15642   	1253.31026	 (0.00000   )
551	0.02861   	0.06680   	-0.13127  	1252.25978	 (0.00000   )
552	0.09572   	-0.06906  	-0.17055  	1216.44157	 (-0.00000  )
553	0.21605   	0.12520   	-0.14563  	1257.52637	 (-0.00000  )
554	0.13450   	0.17805   	-0.13426  	1289.44816	 (-0.00000  )
555	0.13688   	0.08177   	-0.13151  	1331.86328	 (0.00000   )
556	-0.01349  	0.04216   	-0.09789  	1320.75466	 (-0.00000  )
557	0.21418   	0.07554   	-0.11307  	1316.64286	 (0.00000   )
558	-0.03376  	-0.06014  	0.02756   	1339.82070	 (-0.00000  )
559	0.12018   	0.01773   	-0.21375  	1237.07379	 (-0.00000  )
560	-0.02024  	-0.21570  	-0.03781  	1226.70924	 (0.00000   )
561	0.02805   	-0.10488  	-0.01151  	1372.32237	 (-0.00000  )
562	-0.01573  	-0.05362  	0.09010   	1352.75674	 (0.00000   )
563	0.09043   	-0.04486  	0.06328   	1331.55343	 (-0.00000  )
564	0.16703   	-0.23007  	-0.00428  	1429.42543	 (-0.00000  )
565	0.14991   	-0.07835  	-0.07208  	1264.65937	 (-0.00000  )
566	0.13853   	0.09093   	-0.13717  	1243.65801	 (-0.00000  )
567	-0.05123  	0.06458   	0.02063   	1360.48964	 (0.00000   )
568	0.00887   	-0.02891  	-0.04118  	1267.66543	 (0.00000   )
569	0.01251   	0.09991   	0.00990   	1224.26906	 (0.00000   )
570	-0.04999  	0.06514   	-0.07768  	1255.44251	 (0.00000   )
571	0.05796   	-0.12709  	-0.28491  	1101.58468	 (-0.00000  )
572	-0.00965  	0.08347   	-0.06059  	1364.03097	 (-0.00000  )
573	-0.09115  	-0.07182  	-0.17082  	1281.83325	 (-0.00000  )
574	0.02639   	0.22463   	-0.26784  	1319.53732	 (-0.00000  )
575	0.03329   	-0.01313  	-0.29404  	1206.22607	 (0.00000   )
576	-0.11856  	0.02772   	-0.17779  	1347.88739	 (0.00000   )
577	-0.01735  	0.03070   	-0.07979  	1333.24184	 (-0.00000  )
578	-0.03781  	-0.05969  	-0.08982  	1235.46797	 (0.00000   )
579	-0.13699  	0.00883   	-0.07024  	1333.50008	 (-0.00000  )
580	-0.06944  	-0.05027  	-0.19366  	1255.33124	 (-0.00000  )
581	-0.32652  	0.10639   	-0.03882  	1323.71676	 (-0.00000  )
582	-0.41015  	0.30668   	0.08621   	1380.31166	 (0.00000   )
583	-0.14631  	-0.01153  	-0.07544  	1294.00266	 (0.00000   )
584	-0.10452  	0.15606   	-0.13248  	1371.83259	 (-0.00000  )
585	-0.09604  	-0.15907  	-0.15723  	1376.67187	 (0.00000   )
586	-0.08830  	-0.13893  	-0.25521  	1338.53979	 (-0.00000  )
587	-0.12126  	0.01745   	-0.05396  	1281.88810	 (-0.00000  )
588	-0.10889  	-0.07604  	-0.12559  	1299.38240	 (0.00000   )
589	-0.02149  	0.05458   	0.05631   	1342.78426	 (-0.00000  )
590	-0.00511  	0.01947   	-0.15657  	1392.28455	 (0.00000   )
591	0.03524   	0.15648   	-0.18942  	1284.89443	 (-0.00000  )
592	-0.17975  	-0.11865  	-0.16351  	1334.15240	 (0.00000   )
593	-0.12672  	0.03413   	-0.13308  	1375.51755	 (0.00000   )
594	-0.06265  	0.08317   	-0.01168  	1380.37852	 (0.00000   )
595	-0.32017  	0.09893   	0.00201   	1305.75512	 (-0.00000  )
596	-0.06558  	0.08342   	-0.12317  	1227.23555	 (0.00000   )
597	0.11652   	-0.01047  	-0.06489  	1332.05050	 (-0.00000  )
598	0.08396   	-0.04349  	-0.10266  	1237.35820	 (0.00000   )
599	-0.21042  	0.22465   	0.15994   	1342.53999	 (0.00000   )
600	-0.05370  	0.01932   	-0.14620  	1329.67616	 (-0.00000  )
601	0.06058   	-0.20291  	-0.10200  	1252.57092	 (0.00000   )
602	0.18671   	0.05668   	-0.03309  	1295.05741	 (0.00000   )
603	0.17822   	-0.23501  	-0.04676  	1262.65878	 (0.00000   )
604	0.15026   	0.23596   	0.13504   	1317.96847	 (0.00000   )
605	-0.10947  	0.03594   	-0.09873  	1306.79177	 (0.00000   )
606	-0.06847  	-0.07436  	-0.00579  	1293.55099	 (-0.00000  )
607	-0.05092  	0.15056   	0.10135   	1438.24756	 (0.00000   )
608	0.18394   	0.10215   	-0.00025  	1444.28777	 (-0.00000  )
609	-0.06933  	-0.09328  	-0.06242  	1378.89843	 (0.00000   )
610	0.14026   	-0.05033  	0.01773   	1242.98615	 (-0.00000  )
611	0.09357   	-0.15968  	-0.06005  	1295.14906	 (0.00000   )
612	0.27936   	-0.07665  	-0.07373  	1291.29764	 (0.00000   )
613	0.07525   	-0.11275  	0.03033   	1278.45741	 (0.00000   )
614	0.18733   	-0.31433  	-0.08411  	1285.31577	 (0.00000   )
615	0.05521   	-0.22107  	-0.15497  	1247.82249	 (-0.00000  )
616	0.00957   	0.01900   	0.04339   	1302.28094	 (-0.00000  )
617	-0.09307  	0.08599   	-0.04252  	1238.68172	 (0.00000   )
618	0.10196   	-0.16340  	-0.06866  	1339.48004	 (0.00000   )
619	0.03517   	-0.10686  	-0.14323  	1246.78279	 (0.00000   )
620	0.02059   	0.12834   	0.03035   	1317.34733	 (-0.00000  )
621	0.27316   	0.03692   	0.06070   	1350.71683	 (0.00000   )
622	0.11691   	0.42896   	0.00654   	1337.91383	 (-0.00000  )
623	0.27945   	-0.04367  	0.02339   	1405.32939	 (-0.00000  )
624	0.29117   	0.05227   	0.03922   	1337.69113	 (-0.00000  )
625	0.02013   	0.36202   	0.07658   	1194.96522	 (-0.00000  )
626	0.11988   	0.28220   	0.05591   	1199.08070	 (-0.00000  )
627	0.09828   	-0.03876  	0.04476   	1375.72663	 (-0.00000  )
628	0.15988   	0.34138   	0.11043   	1322.78581	 (-0.00000  )
629	0.11159   	-0.07833  	0.14223   	1420.78880	 (-0.00000  )
630	0.11045   	-0.01627  	-0.04286  	1351.36759	 (-0.00000  )
631	0.05880   	-0.03712  	0.05134   	1415.90024	 (0.00000   )
632	-0.01426  	0.13225   	0.25996   	1442.70486	 (0.00000   )
633	-0.10774  	0.16600   	-0.02499  	1468.03879	 (0.00000   )
634	-0.12577  	0.04407   	-0.09652  	1417.80237	 (0.00000   )
635	-0.08412  	0.04082   	-0.01307  	1339.98640	 (-0.00000  )
636	0.00193   	0.15758   	-0.06188  	1435.95049	 (0.00000   )
637	-0.05281  	0.04975   	-0.00557  	1329.24917	 (-0.00000  )
638	0.04503   	0.02288   	-0.09863  	1273.95126	 (-0.00000  )
639	0.17910   	0.10232   	0.01514   	1386.86461	 (0.00000   )
640	0.11788   	0.32257   	0.08901   	1409.37459	 (0.00000   )
641	-0.04360  	0.06797   	-0.01463  	1294.72376	 (-0.00000  )
642	0.00022   	-0.06476  	-0.08077  	1382.41960	 (0.00000   )
643	0.22874   	0.15222   	-0.03850  	1376.06846	 (-0.00000  )
644	0.08240   	-0.03214  	-0.10192  	1352.73989	 (-0.00000  )
645	-0.02568  	0.00656   	-0.00568  	1374.84680	 (0.00000   )
646	0.04495   	-0.09746  	-0.01733  	1391.08261	 (0.00000   )
647	-0.06248  	-0.04262  	0.21148   	1309.09440	 (-0.00000  )
648	-0.04051  	0.04329   	0.10945   	1355.15049	 (-0.00000  )
649	0.10613   	-0.02878  	0.02932   	1362.58113	 (-0.00000  )
650	-0.16487  	0.07771   	0.07718   	1202.57372	 (-0.00000  )
651	0.06423   	0.00848   	-0.01942  	1377.20637	 (0.00000   )
652	-0.01877  	0.15115   	0.05746   	1295.64150	 (-0.00000  )
653	0.04160   	-0.11504  	0.04202   	1342.83215	 (-0.00000  )
654	0.09299   	-0.14056  	-0.07910  	1374.07599	 (-0.00000  )
655	-0.04635  	-0.09933  	0.01680   	1326.56263	 (-0.00000  )
656	0.02211   	0.02439   	0.07732   	1416.44300	 (-0.00000  )
657	-0.11841  	-0.06022  	-0.12349  	1283.19791	 (-0.00000  )
658	-0.02147  	-0.04173  	-0.15823  	1402.08444	 (-0.00000  )
659	-0.07061  	-0.01466  	-0.00809  	1340.87875	 (-0.00000  )
660	0.02791   	0.07916   	0.01312   	1398.43930	 (0.00000   )
661	-0.08222  	0.21004   	0.09133   	1352.03293	 (-0.00000  )
662	-0.09339  	0.09389   	-0.11206  	1454.06542	 (0.00000   )
663	0.13226   	0.28243   	0.00373   	1345.75231	 (-0.00000  )
664	-0.15225  	0.46815   	-0.20472  	1248.44451	 (-0.00000  )
665	0.02494   	0.13475   	0.06142   	1426.73283	 (-0.00000  )
666	-0.11266  	0.04451   	0.04369   	1438.76747	 (0.00000   )
667	0.15040   	0.18618   	-0.15607  	1484.50213	 (-0.00000  )
668	0.32778   	0.02144   	0.04047   	1393.09973	 (0.00000   )
669	0.16836   	0.15156   	0.05974   	1383.32735	 (-0.00000  )
670	0.26724   	0.09284   	-0.02333  	1361.41125	 (-0.00000  )
671	-0.22548  	-0.06187  	-0.00545  	1178.38338	 (-0.00000  )
672	0.23113   	0.08872   	0.16986   	1278.88792	 (-0.00000  )
673	-0.12773  	-0.08175  	-0.09184  	1407.90343	 (0.00000   )
674	-0.11536  	-0.00031  	-0.17348  	1450.82976	 (0.00000   )
675	0.03076   	0.28147   	-0.05208  	1329.47097	 (0.00000   )
676	-0.25183  	0.18782   	-0.03495  	1310.69124	 (0.00000   )
677	-0.12369  	-0.11542  	-0.02372  	1321.28400	 (0.00000   )
678	-0.23259  	0.06209   	-0.11022  	1456.45913	 (0.00000   )
679	-0.18281  	-0.02386  	-0.06101  	1340.52756	 (0.00000   )
680	0.00712   	0.18898   	-0.00267  	1336.88264	 (0.00000   )
681	0.01065   	0.05659   	0.04690   	1355.61114	 (-0.00000  )
682	0.14112   	0.15139   	0.09097   	1420.28209	 (0.00000   )
683	0.07548   	0.12499   	0.27317   	1322.87238	 (-0.00000  )
684	0.10785   	0.18192   	0.06866   	1395.29551	 (-0.00000  )
685	0.09017   	0.08871   	0.15208   	1382.02247	 (-0.00000  )
686	0.30417   	0.19531   	0.04739   	1449.28907	 (-0.00000  )
687	0.18091   	0.08076   	0.15272   	1462.70221	 (-0.00000  )
688	0.33683   	0.10623   	0.15981   	1464.13140	 (-0.00000  )
689	0.00404   	0.09041   	0.04102   	1397.21909	 (-0.00000  )
690	0.09529   	0.10286   	0.01577   	1432.14266	 (0.00000   )
691	0.09382   	-0.05883  	-0.01935  	1415.17736	 (0.00000   )
692	0.07857   	0.32812   	0.07670   	1407.06619	 (0.00000   )
693	0.00178   	0.35558   	0.12778   	1419.86630	 (0.00000   )
694	0.06604   	0.26341   	0.12514   	1421.38614	 (0.00000   )
695	0.23376   	0.20233   	-0.05522  	1459.74407	 (0.00000   )
696	0.19201   	0.26854   	0.03279   	1414.00001	 (-0.00000  )
697	0.21284   	0.10761   	0.00642   	1459.27478	 (0.00000   )
698	0.46907   	-0.02395  	-0.07747  	1361.11336	 (-0.00000  )
699	0.25569   	0.30876   	0.19429   	1334.87611	 (-0.00000  )
700	0.06512   	0.27800   	0.06107   	1447.33396	 (0.00000   )
701	0.16445   	0.23453   	0.16040   	1381.66025	 (-0.00000  )
702	0.00822   	0.17085   	-0.20413  	1333.10395	 (-0.00000  )
703	0.13788   	0.09832   	0.09524   	1411.97704	 (0.00000   )
704	0.03522   	0.03052   	-0.00543  	1366.35324	 (-0.00000  )
705	-0.06617  	-0.01058  	-0.00748  	1360.22654	 (-0.00000  )
706	-0.09683  	-0.29699  	-0.21673  	1371.70700	 (-0.00000  )
707	0.05700   	-0.30243  	0.09591   	1376.10959	 (-0.00000  )
708	0.02876   	-0.09124  	-0.00739  	1422.23240	 (0.00000   )
709	-0.06270  	0.00702   	-0.12909  	1491.31517	 (-0.00000  )
710	-0.08311  	-0.05088  	-0.20517  	1454.60037	 (0.00000   )
711	-0.09261  	-0.10709  	-0.07685  	1458.08306	 (0.00000   )
712	0.11028   	0.14757   	-0.10866  	1550.78231	 (0.00000   )
713	0.16439   	0.09514   	-0.04704  	1480.06618	 (0.00000   )
714	0.15325   	0.09240   	0.00271   	1464.73937	 (-0.00000  )
715	-0.03280  	-0.14740  	0.04184   	1478.15882	 (0.00000   )
716	0.00576   	0.05685   	-0.02797  	1493.04169	 (0.00000   )
717	-0.35119  	-0.03842  	-0.18039  	1523.87639	 (0.00000   )
718	-0.48879  	0.09457   	-0.05821  	1484.18543	 (0.00000   )
719	0.04586   	0.46633   	0.18199   	1386.45905	 (-0.00000  )
720	0.01388   	0.25865   	0.05139   	1388.54256	 (-0.00000  )
721	-0.04260  	0.05167   	0.10349   	1412.60661	 (0.00000   )
722	0.10818   	0.20056   	-0.15851  	1453.27116	 (0.00000   )
723	-0.02844  	0.04221   	-0.14402  	1405.70092	 (0.00000   )
724	-0.21234  	0.19129   	-0.08799  	1334.19301	 (0.00000   )
725	-0.14756  	0.05034   	-0.00196  	1472.23742	 (0.00000   )
726	0.01870   	0.16537   	-0.06766  	1420.78189	 (0.00000   )
727	0.13565   	-0.05931  	0.00766   	1383.68135	 (-0.00000  )
728	-0.10915  	-0.00630  	0.05689   	1433.43532	 (0.00000   )
729	-0.08013  	0.15586   	0.05978   	1412.40980	 (-0.00000  )
730	0.07292   	0.00734   	0.10882   	1460.93130	 (-0.00000  )
731	0.07945   	0.11634   	0.22164   	1398.86601	 (-0.00000  )
732	0.08041   	0.01013   	0.07366   	1428.05508	 (-0.00000  )
733	0.24034   	0.11453   	0.05057   	1410.96564	 (-0.00000  )
734	0.01198   	0.34263   	0.05568   	1439.90955	 (0.00000   )
735	-0.19628  	0.21889   	0.11301   	1298.28453	 (-0.00000  )
736	-0.00236  	0.06358   	-0.00072  	1324.16336	 (-0.00000  )
737	0.19760   	0.22150   	0.04380   	1402.66385	 (-0.00000  )
738	-0.05360  	0.15648   	0.02070   	1316.05913	 (-0.00000  )
739	-0.20835  	0.11403   	-0.03348  	1475.22777	 (-0.00000  )
740	-0.01754  	0.17965   	-0.01747  	1333.14510	 (-0.00000  )
741	-0.05101  	0.17757   	-0.05098  	1481.76785	 (-0.00000  )
742	0.10536   	-0.08383  	0.15008   	1457.22572	 (-0.00000  )
743	-0.13236  	0.16059   	0.03135   	1447.37777	 (0.00000   )
744	-0.06315  	-0.05653  	0.05081   	1408.92432	 (-0.00000  )
745	0.15265   	0.02917   	0.11444   	1381.99256	 (-0.00000  )
746	-0.03478  	0.25468   	0.28683   	1388.25982	 (-0.00000  )
747	0.02838   	-0.00421  	0.15463   	1384.53712	 (-0.00000  )
748	-0.18276  	-0.02828  	-0.01755  	1365.04026	 (-0.00000  )
749	-0.21188  	0.14224   	0.11208   	1299.97446	 (0.00000   )
750	0.11506   	0.06763   	0.10342   	1335.83747	 (-0.00000  )
751	-0.01750  	0.13020   	0.02830   	1341.01642	 (-0.00000  )
752	0.14571   	-0.35553  	0.12384   	1366.72428	 (0.00000   )
753	0.05103   	-0.04761  	0.13595   	1380.84052	 (0.00000   )
754	0.04194   	-0.06199  	-0.00968  	1401.01388	 (0.00000   )
755	-0.10045  	0.01229   	-0.22840  	1402.29266	 (-0.00000  )
756	0.04112   	-0.03451  	-0.26053  	1412.72237	 (-0.00000  )
757	-0.23110  	0.03155   	0.02882   	1430.21453	 (0.00000   )
758	0.12973   	0.07416   	0.06910   	1407.99154	 (0.00000   )
759	-0.21491  	-0.02509  	0.02235   	1436.37971	 (0.00000   )
760	-0.16857  	-0.06369  	0.01356   	1387.71789	 (0.00000   )
761	-0.19319  	0.02747   	-0.00909  	1261.54639	 (-0.00000  )
762	-0.06153  	0.01873   	-0.10338  	1412.88956	 (-0.00000  )
763	-0.05789  	0.17414   	-0.26039  	1461.13135	 (-0.00000  )
764	-0.17345  	0.07780   	-0.02331  	1313.36399	 (-0.00000  )
765	-0.14004  	-0.08085  	0.05280   	1362.81587	 (-0.00000  )
766	-0.01011  	0.08077   	0.09202   	1345.13173	 (-0.00000  )
767	-0.09824  	-0.00600  	-0.05954  	1411.03360	 (-0.00000  )
768	-0.13973  	0.03102   	-0.07531  	1426.17497	 (0.00000   )
769	0.02203   	0.09793   	0.00863   	1444.30669	 (-0.00000  )
770	0.12912   	-0.10293  	-0.00056  	1386.73763	 (0.00000   )
771	0.07406   	0.03377   	-0.04574  	1422.01641	 (0.00000   )
772	0.05148   	0.00495   	0.00884   	1459.19642	 (0.00000   )
773	0.00282   	0.01012   	-0.08735  	1372.21713	 (-0.00000  )
774	0.18632   	-0.03838  	-0.18141  	1443.61083	 (-0.00000  )
775	-0.04278  	-0.09305  	-0.03617  	1389.55837	 (-0.00000  )
776	0.00895   	-0.16897  	-0.01005  	1397.80846	 (-0.00000  )
777	0.02040   	-0.06224  	0.03041   	1403.91320	 (-0.00000  )
778	-0.03571  	0.09668   	-0.08013  	1368.32424	 (0.00000   )
779	0.06832   	-0.09843  	-0.22044  	1396.48760	 (-0.00000  )
780	0.04985   	-0.10176  	-0.07591  	1383.88290	 (0.00000   )
781	0.05052   	0.11275   	0.01461   	1335.50261	 (-0.00000  )
782	-0.04925  	-0.02980  	-0.01124  	1394.38761	 (0.00000   )
783	-0.07183  	0.17028   	0.34508   	1402.06705	 (-0.00000  )
784	-0.13039  	0.09821   	0.06251   	1427.24897	 (0.00000   )
785	-0.04808  	0.12055   	0.05352   	1384.40678	 (0.00000   )
786	-0.02703  	-0.18948  	0.02338   	1440.19242	 (-0.00000  )
787	-0.02024  	0.00974   	-0.06020  	1372.52346	 (-0.00000  )
788	-0.13379  	-0.10583  	-0.01186  	1373.66697	 (-0.00000  )
789	-0.12962  	-0.10186  	-0.06952  	1381.61574	 (-0.00000  )
790	-0.04940  	-0.05213  	-0.06798  	1423.56683	 (-0.00000  )
791	-0.00507  	-0.26425  	0.01682   	1420.57892	 (-0.00000  )
792	0.06252   	-0.12309  	0.03581   	1414.06229	 (-0.00000  )
793	0.03534   	-0.24583  	-0.00608  	1393.86457	 (-0.00000  )
794	0.06157   	-0.39712  	-0.05598  	1414.49928	 (-0.00000  )
795	0.14059   	-0.39365  	-0.32395  	1455.15372	 (-0.00000  )
796	-0.02512  	-0.23895  	0.00071   	1405.40377	 (-0.00000  )
797	0.31008   	0.00429   	0.04494   	1501.69468	 (-0.00000  )
798	0.06403   	0.00164   	0.08458   	1391.70661	 (0.00000   )
799	0.15684   	-0.14589  	0.05889   	1397.27703	 (-0.00000  )
800	0.21768   	0.00946   	-0.09017  	1400.10383	 (0.00000   )
801	-0.09647  	-0.04307  	-0.10577  	1388.82075	 (0.00000   )
802	0.21647   	-0.03518  	-0.07508  	1427.47681	 (0.00000   )
803	0.07253   	-0.06757  	-0.04743  	1421.51132	 (0.00000   )
804	-0.08380  	0.08399   	0.00848   	1427.96126	 (-0.00000  )
805	-0.07601  	0.02346   	0.03748   	1396.73411	 (0.00000   )
806	-0.02228  	-0.03037  	0.08818   	1417.29739	 (-0.00000  )
807	0.21442   	0.04795   	0.14665   	1401.79269	 (-0.00000  )
808	-0.21744  	-0.09844  	0.15532   	1380.50457	 (0.00000   )
809	0.11103   	0.01922   	-0.01532  	1404.80508	 (-0.00000  )
810	0.17824   	-0.10253  	0.12125   	1411.32696	 (-0.00000  )
811	0.07518   	-0.03829  	0.04221   	1375.36255	 (-0.00000  )
812	0.19108   	-0.00918  	0.03127   	1423.54354	 (-0.00000  )
813	0.27015   	-0.05460  	-0.14459  	1380.41649	 (-0.00000  )
814	0.07614   	-0.24872  	-0.05124  	1386.45515	 (-0.00000  )
815	0.11170   	0.07579   	0.00441   	1357.59411	 (-0.00000  )
816	0.09949   	0.02140   	-0.00380  	1362.95922	 (-0.00000  )
817	0.24603   	0.00419   	0.00252   	1425.67185	 (-0.00000  )
818	0.06003   	-0.05125  	0.00863   	1434.02915	 (0.00000   )
819	0.06607   	-0.16829  	-0.03236  	1449.81348	 (-0.00000  )
820	-0.06073  	-0.10761  	-0.03832  	1388.05539	 (0.00000   )
821	-0.11060  	0.23706   	0.01284   	1387.22925	 (-0.00000  )
822	-0.08862  	-0.21450  	0.12866   	1409.81620	 (0.00000   )
823	-0.04612  	-0.05708  	0.00196   	1458.20599	 (-0.00000  )
824	-0.19252  	-0.04421  	-0.06143  	1379.91369	 (0.00000   )
825	0.01871   	0.04743   	-0.10599  	1414.18436	 (0.00000   )
826	0.02939   	-0.04842  	-0.18169  	1370.38364	 (-0.00000  )
827	0.05467   	-0.01577  	-0.17324  	1415.43607	 (-0.00000  )
828	0.11443   	0.22057   	-0.00933  	1398.49129	 (-0.00000  )
829	0.13538   	0.05884   	-0.19711  	1389.03451	 (-0.00000  )
830	0.13257   	0.05988   	-0.14187  	1420.26625	 (-0.00000  )
831	0.12303   	0.25640   	-0.25216  	1396.62942	 (-0.00000  )
832	-0.11407  	-0.13693  	-0.21542  	1369.17310	 (-0.00000  )
833	0.07011   	-0.00536  	-0.14802  	1416.54747	 (-0.00000  )
834	-0.01938  	0.03495   	-0.06040  	1401.88433	 (0.00000   )
835	0.01284   	0.01518   	0.08256   	1423.51454	 (-0.00000  )
836	-0.02347  	0.01825   	-0.07101  	1398.28335	 (-0.00000  )
837	0.13794   	0.04100   	0.02257   	1429.42668	 (0.00000   )
838	-0.17499  	-0.04093  	-0.05809  	1431.68865	 (0.00000   )
839	0.10221   	0.09370   	-0.12178  	1398.19051	 (0.00000   )
840	-0.01823  	0.07974   	0.10260   	1426.65766	 (-0.00000  )
841	0.00929   	-0.04913  	-0.01985  	1390.39431	 (0.00000   )
842	0.13677   	0.12506   	-0.11157  	1417.87439	 (-0.00000  )
843	0.32466   	-0.16144  	-0.12897  	1385.76763	 (-0.00000  )
844	0.17691   	-0.18809  	-0.02829  	1388.33145	 (-0.00000  )
845	0.13796   	-0.08809  	-0.04433  	1414.41161	 (-0.00000  )
846	0.28994   	0.31586   	-0.26500  	1445.95040	 (-0.00000  )
847	0.17316   	0.03325   	-0.15656  	1420.58504	 (-0.00000  )
848	0.02414   	-0.02951  	0.06367   	1390.64538	 (-0.00000  )
849	0.01925   	0.20607   	-0.07976  	1379.36322	 (0.00000   )
850	-0.03269  	0.18013   	-0.05784  	1401.17473	 (0.00000   )
851	0.02623   	0.10323   	0.02187   	1387.37843	 (-0.00000  )
852	0.06034   	0.11305   	-0.09938  	1429.77629	 (0.00000   )
853	-0.17779  	0.09189   	-0.23865  	1458.93674	 (0.00000   )
854	0.05906   	0.19390   	-0.06818  	1382.17281	 (0.00000   )
855	-0.17446  	0.06403   	-0.17659  	1433.58174	 (0.00000   )
856	-0.08652  	0.03996   	-0.33477  	1417.37702	 (0.00000   )
857	0.05238   	0.10100   	-0.05355  	1423.89079	 (-0.00000  )
858	0.06355   	0.02465   	-0.10956  	1394.68663	 (0.00000   )
859	-0.07229  	0.24542   	-0.21789  	1385.70433	 (0.00000   )
860	-0.02627  	-0.03486  	-0.11734  	1325.32167	 (0.00000   )
861	-0.03367  	0.15184   	-0.28122  	1371.85210	 (0.00000   )
862	-0.03644  	-0.15535  	-0.43354  	1380.73559	 (0.00000   )
863	0.08849   	-0.15340  	-0.40261  	1331.59860	 (0.00000   )
864	0.13824   	-0.06650  	-0.16601  	1352.40210	 (-0.00000  )
865	0.07692   	-0.13187  	-0.12341  	1365.06629	 (-0.00000  )
866	0.12870   	0.13844   	-0.03752  	1367.69103	 (-0.00000  )
867	0.07062   	0.11479   	-0.02898  	1396.56093	 (-0.00000  )
868	0.06572   	-0.18044  	-0.31044  	1408.12333	 (0.00000   )
869	0.16246   	-0.15062  	-0.16277  	1411.64418	 (0.00000   )
870	0.07834   	-0.16815  	-0.26365  	1384.85265	 (0.00000   )
871	-0.04085  	-0.12692  	-0.17362  	1368.50506	 (0.00000   )
872	0.07400   	0.09149   	-0.06765  	1402.44052	 (0.00000   )
873	0.16457   	0.01232   	-0.09915  	1380.93623	 (-0.00000  )
874	-0.05131  	0.14610   	-0.11939  	1364.05616	 (0.00000   )
875	0.21797   	0.06031   	-0.10947  	1325.66930	 (0.00000   )
876	-0.01763  	0.15204   	-0.15288  	1372.87641	 (0.00000   )
877	0.04702   	0.02077   	0.00294   	1377.97172	 (0.00000   )
878	0.17465   	0.03691   	-0.13141  	1357.19358	 (-0.00000  )
879	-0.11872  	-0.07008  	-0.22203  	1334.32444	 (0.00000   )
880	-0.07484  	-0.01245  	0.02019   	1410.86950	 (0.00000   )
881	-0.40697  	-0.08293  	-0.19752  	1372.93907	 (0.00000   )
882	0.05212   	0.00559   	-0.07924  	1371.26715	 (-0.00000  )
883	0.07018   	-0.08345  	-0.05663  	1378.26556	 (0.00000   )
884	0.11598   	-0.25632  	-0.12513  	1430.71460	 (0.00000   )
885	0.13376   	0.00720   	-0.17269  	1351.91696	 (-0.00000  )
886	0.10727   	-0.08258  	-0.03860  	1354.93779	 (0.00000   )
887	-0.38688  	-0.05484  	-0.11428  	1451.84198	 (0.00000   )
888	0.15265   	0.24829   	0.15852   	1386.37789	 (-0.00000  )
889	-0.03000  	-0.02653  	-0.11623  	1363.89625	 (0.00000   )
890	0.04014   	0.15666   	-0.13542  	1375.58574	 (0.00000   )
891	-0.27791  	-0.00615  	-0.01926  	1420.24415	 (0.00000   )
892	0.08989   	0.11149   	-0.06970  	1379.48238	 (0.00000   )
893	-0.08799  	0.00324   	-0.41106  	1300.13098	 (0.00000   )
894	-0.01814  	0.09412   	-0.08080  	1379.99366	 (-0.00000  )
895	0.26156   	0.13760   	0.01201   	1379.80932	 (-0.00000  )
896	0.12222   	0.17575   	0.17825   	1381.47748	 (-0.00000  )
897	0.12628   	-0.02871  	0.01986   	1358.52839	 (-0.00000  )
898	0.04083   	0.03344   	-0.09598  	1363.57302	 (-0.00000  )
899	0.14557   	0.06439   	-0.07175  	1351.14467	 (-0.00000  )
900	0.02880   	-0.12043  	-0.11218  	1350.19077	 (-0.00000  )
901	-0.00447  	0.12287   	0.02286   	1376.88029	 (-0.00000  )
902	0.03045   	0.22193   	0.17499   	1337.07935	 (0.00000   )
903	-0.12445  	-0.05166  	-0.24870  	1307.51988	 (0.00000   )
904	0.25608   	0.00968   	0.07679   	1337.00494	 (-0.00000  )
905	-0.03691  	-0.06138  	-0.13362  	1324.85165	 (0.00000   )
906	0.05933   	-0.02140  	-0.05922  	1351.76792	 (-0.00000  )
907	-0.03437  	-0.04925  	-0.00150  	1298.23671	 (0.00000   )
908	0.12812   	-0.10079  	-0.12689  	1279.50086	 (-0.00000  )
909	0.12302   	-0.32870  	-0.10411  	1284.40668	 (0.00000   )
910	0.09501   	-0.04404  	-0.16426  	1341.47098	 (-0.00000  )
911	0.02234   	-0.19939  	-0.13846  	1278.97463	 (-0.00000  )
912	0.06027   	-0.05312  	-0.00207  	1310.62941	 (-0.00000  )
913	0.01436   	-0.11053  	-0.13619  	1321.51570	 (-0.00000  )
914	0.10144   	-0.02539  	0.04885   	1342.43797	 (-0.00000  )
915	0.07800   	-0.09821  	-0.05956  	1323.97203	 (-0.00000  )
916	0.10276   	-0.15327  	0.12229   	1333.69945	 (-0.00000  )
917	-0.03021  	-0.07081  	0.09454   	1345.48470	 (-0.00000  )
918	-0.07482  	-0.02869  	0.01542   	1357.79008	 (-0.00000  )
919	-0.27137  	0.07123   	-0.08036  	1397.65729	 (-0.00000  )
920	-0.02314  	-0.19560  	-0.09755  	1406.87861	 (-0.00000  )
921	-0.16592  	-0.11005  	-0.04458  	1315.24417	 (-0.00000  )
922	-0.11731  	-0.21486  	-0.01050  	1284.38074	 (-0.00000  )
923	-0.07722  	-0.11094  	-0.13024  	1315.16939	 (-0.00000  )
924	0.01144   	-0.08448  	-0.06753  	1293.59904	 (-0.00000  )
925	-0.14420  	-0.10894  	-0.01981  	1328.31950	 (0.00000   )
926	-0.20616  	-0.17969  	-0.12209  	1271.32449	 (-0.00000  )
927	-0.11983  	-0.12209  	-0.05819  	1314.60096	 (-0.00000  )
928	-0.12180  	-0.17259  	-0.01794  	1274.74629	 (0.00000   )
929	-0.08455  	-0.10426  	0.06621   	1334.30650	 (0.00000   )
930	0.11052   	-0.31289  	-0.16899  	1297.65388	 (-0.00000  )
931	0.10013   	-0.02078  	0.18169   	1280.50530	 (-0.00000  )
932	-0.03265  	0.08160   	0.00744   	1330.27874	 (-0.00000  )
933	0.11990   	0.00793   	-0.08060  	1278.86174	 (0.00000   )
934	0.04197   	0.02995   	0.12914   	1389.20686	 (-0.00000  )
935	-0.11867  	0.00036   	-0.12610  	1343.73471	 (-0.00000  )
936	0.08279   	0.00071   	0.01623   	1326.19492	 (-0.00000  )
937	-0.04906  	0.20047   	0.08436   	1345.24106	 (-0.00000  )
938	-0.12589  	-0.03388  	0.04874   	1339.70495	 (0.00000   )
939	-0.05524  	-0.08793  	0.00536   	1331.13075	 (-0.00000  )
940	0.00718   	-0.02531  	0.02168   	1331.44199	 (0.00000   )
941	0.11840   	0.17734   	-0.29239  	1405.18254	 (0.00000   )
942	-0.04938  	-0.07055  	-0.10159  	1312.38603	 (0.00000   )
943	-0.16365  	-0.13522  	0.04755   	1405.45210	 (0.00000   )
944	-0.21807  	0.20473   	0.12267   	1381.29441	 (0.00000   )
945	-0.08151  	-0.05666  	0.00995   	1310.91434	 (-0.00000  )
946	-0.11091  	0.08973   	-0.16991  	1285.89395	 (0.00000   )
947	-0.03767  	-0.34610  	-0.06907  	1362.52018	 (-0.00000  )
948	0.05814   	0.05275   	0.11786   	1266.78489	 (-0.00000  )
949	0.03999   	-0.03529  	-0.03289  	1354.90858	 (0.00000   )
950	0.00025   	0.00909   	0.09522   	1319.04218	 (-0.00000  )
951	-0.09908  	-0.13744  	0.09089   	1401.07121	 (-0.00000  )
952	-0.07426  	-0.16011  	-0.09405  	1272.71899	 (0.00000   )
953	-0.15496  	-0.09421  	-0.02693  	1315.20058	 (0.00000   )
954	-0.08743  	-0.03156  	0.00583   	1297.97507	 (0.00000   )
955	-0.21727  	-0.15904  	-0.16452  	1445.67537	 (0.00000   )
956	-0.16581  	0.07410   	0.02774   	1374.67437	 (-0.00000  )
957	-0.07481  	0.13647   	-0.10567  	1267.55989	 (-0.00000  )
958	-0.12578  	-0.09792  	-0.05041  	1358.28487	 (0.00000   )
959	0.02162   	0.02777   	0.07187   	1382.02646	 (-0.00000  )
960	-0.03863  	0.01386   	-0.17237  	1308.27323	 (-0.00000  )
961	0.00076   	0.14829   	-0.11907  	1359.47530	 (-0.00000  )
962	-0.01946  	-0.23567  	-0.01203  	1276.93137	 (-0.00000  )
963	0.17150   	0.11808   	0.02652   	1260.69568	 (-0.00000  )
964	-0.09038  	-0.02344  	0.01871   	1348.66293	 (0.00000   )
965	-0.04484  	0.03886   	-0.09156  	1407.64932	 (0.00000   )
966	-0.12809  	0.06246   	-0.03303  	1356.42528	 (0.00000   )
967	-0.19186  	0.04621   	-0.08225  	1358.07734	 (0.00000   )
968	-0.08273  	-0.37149  	-0.33716  	1317.51323	 (-0.00000  )
969	-0.08303  	-0.36419  	-0.30390  	1311.49496	 (-0.00000  )
970	-0.24976  	-0.08707  	-0.07723  	1391.24869	 (0.00000   )
971	-0.00830  	-0.06316  	0.06156   	1225.91908	 (-0.00000  )
972	-0.25799  	-0.16666  	-0.13479  	1293.01288	 (-0.00000  )
973	0.36601   	-0.09870  	0.08920   	1376.75430	 (-0.00000  )
974	0.02904   	0.02588   	0.00600   	1412.04377	 (0.00000   )
975	-0.18385  	0.03700   	-0.02919  	1370.41555	 (-0.00000  )
976	-0.05700  	0.02319   	-0.03107  	1413.83208	 (0.00000   )
977	0.15202   	0.00858   	-0.03972  	1398.21709	 (0.00000   )
978	-0.16652  	-0.02157  	-0.13853  	1379.25804	 (0.00000   )
979	-0.15595  	-0.18753  	-0.10001  	1450.46488	 (0.00000   )
980	-0.10788  	0.11835   	-0.19664  	1319.76090	 (-0.00000  )
981	-0.03926  	-0.03892  	0.05867   	1328.64417	 (-0.00000  )
982	-0.13982  	0.24323   	0.08398   	1379.85244	 (0.00000   )
983	0.08212   	-0.09706  	-0.18186  	1387.30378	 (0.00000   )
984	0.02290   	0.20890   	-0.02927  	1392.32353	 (-0.00000  )
985	-0.31459  	0.17960   	-0.11312  	1343.40883	 (0.00000   )
986	0.04130   	-0.06023  	-0.12111  	1279.71210	 (-0.00000  )
987	-0.15121  	0.12045   	0.06427   	1352.13320	 (-0.00000  )
988	0.01751   	0.20912   	-0.11301  	1298.65629	 (-0.00000  )
989	-0.16422  	0.07774   	-0.07672  	1424.34701	 (-0.00000  )
990	-0.08184  	-0.13207  	-0.03711  	1448.27759	 (0.00000   )
991	-0.09230  	0.12966   	-0.05374  	1362.89250	 (0.00000   )
992	-0.15366  	0.15315   	-0.07498  	1407.10387	 (0.00000   )
993	-0.07883  	0.08398   	-0.05851  	1348.42070	 (0.00000   )
994	0.27841   	-0.34377  	-0.34508  	1408.09169	 (0.00000   )
995	-0.07531  	0.11407   	-0.23060  	1330.39487	 (0.00000   )
996	0.11186   	-0.02744  	-0.39836  	1323.21739	 (0.00000   )
997	0.15227   	0.04181   	-0.32372  	1320.47308	 (0.00000   )
998	0.09860   	0.09204   	-0.14984  	1387.96735	 (0.00000   )
999	0.10278   	-0.04879  	-0.18243  	1302.49708	 (-0.00000  )
1000	0.27163   	-0.03728  	-0.04850  	1321.50066	 (-0.00000  )
1001	0.06447   	-0.08497  	-0.04296  	1364.06032	 (-0.00000  )
1002	0.19585   	-0.13095  	-0.06381  	1387.88146	 (-0.00000  )
1003	0.11404   	-0.15690  	-0.07475  	1334.50368	 (-0.00000  )
1004	0.00815   	-0.13283  	-0.07393  	1404.99200	 (-0.00000  )
1005	-0.01355  	0.00654   	-0.21910  	1510.05104	 (-0.00000  )
1006	0.20341   	0.04182   	-0.15807  	1475.65987	 (0.00000   )
1007	0.19499   	-0.14058  	-0.11268  	1424.69589	 (-0.00000  )
1008	0.02630   	0.20159   	-0.09906  	1399.41271	 (0.00000   )
1009	0.03755   	0.03442   	-0.07881  	1262.86685	 (-0.00000  )
1010	-0.02410  	-0.11889  	0.19983   	1341.71272	 (0.00000   )
1011	-0.05911  	-0.13256  	-0.22954  	1396.33185	 (-0.00000  )
1012	-0.06801  	-0.14812  	-0.02802  	1358.17040	 (-0.00000  )
1013	0.07140   	-0.43835  	-0.00855  	1248.38494	 (-0.00000  )
1014	0.02237   	-0.33863  	-0.15640  	1316.77097	 (-0.00000  )
1015	0.16760   	0.04239   	-0.06981  	1328.26172	 (-0.00000  )
1016	0.19478   	0.16969   	-0.00363  	1318.49898	 (-0.00000  )
1017	-0.02412  	-0.08645  	-0.15220  	1339.19704	 (-0.00000  )
1018	0.09261   	-0.16970  	-0.24392  	1291.57643	 (-0.00000  )
1019	-0.01557  	-0.20862  	-0.13844  	1242.08340	 (-0.00000  )
1020	-0.02395  	-0.21862  	-0.19886  	1268.08900	 (-0.00000  )
1021	0.06102   	-0.32771  	-0.03722  	1374.75000	 (0.00000   )
1022	-0.05800  	-0.16182  	-0.01529  	1112.11096	 (-0.00000  )
1023	-0.07095  	-0.29277  	-0.26295  	1273.99916	 (0.00000   )
1024	0.11892   	-0.09409  	-0.25812  	1278.92220	 (0.00000   )
1025	-0.05163  	-0.06405  	-0.08735  	1247.16377	 (-0.00000  )
1026	-0.11338  	-0.02690  	-0.00340  	1324.39551	 (0.00000   )
1027	0.10128   	-0.13549  	-0.09535  	1377.49038	 (-0.00000  )
1028	-0.16302  	0.09544   	-0.11467  	1306.81228	 (0.00000   )
1029	0.00465   	-0.11219  	-0.18063  	1332.73980	 (-0.00000  )
1030	0.07513   	0.00656   	-0.10545  	1403.86264	 (-0.00000  )
1031	-0.06687  	-0.20819  	-0.11986  	1352.25182	 (-0.00000  )
1032	0.09004   	-0.41116  	-0.11637  	1355.82799	 (-0.00000  )
1033	-0.06478  	-0.09028  	-0.00847  	1409.40835	 (0.00000   )
1034	-0.11564  	0.24087   	0.03867   	1169.93369	 (-0.00000  )
1035	-0.19695  	-0.10585  	-0.18327  	1409.84810	 (0.00000   )
1036	-0.22376  	-0.10479  	-0.12463  	1358.29216	 (0.00000   )
1037	0.05958   	-0.14744  	-0.07163  	1423.77513	 (0.00000   )
1038	0.09645   	-0.22404  	-0.01567  	1335.60159	 (0.00000   )
1039	0.10687   	-0.14611  	-0.04222  	1324.70686	 (0.00000   )
1040	0.04633   	-0.26163  	-0.16801  	1351.97598	 (-0.00000  )
1041	-0.01711  	-0.45990  	-0.15457  	1298.47896	 (-0.00000  )
1042	0.01803   	-0.28326  	-0.19591  	1322.28909	 (-0.00000  )
1043	0.05775   	-0.29131  	-0.11164  	1373.81691	 (0.00000   )
1044	0.19026   	-0.23672  	-0.10945  	1335.70464	 (-0.00000  )
1045	0.03630   	-0.19319  	0.06726   	1436.77236	 (0.00000   )
1046	-0.09404  	-0.04559  	-0.13088  	1356.68817	 (0.00000   )
1047	0.08042   	0.14351   	-0.00342  	1175.59361	 (-0.00000  )
1048	0.11210   	-0.22633  	-0.15100  	1386.58980	 (-0.00000  )
1049	-0.05336  	-0.09690  	-0.14375  	1354.60077	 (0.00000   )
1050	0.04019   	-0.29395  	-0.09716  	1298.18690	 (0.00000   )
1051	-0.03491  	-0.22148  	-0.08005  	1291.64652	 (0.00000   )
1052	-0.12369  	0.11722   	-0.07246  	1327.36600	 (0.00000   )
1053	-0.24535  	-0.05012  	-0.15626  	1299.57803	 (-0.00000  )
1054	0.03000   	0.10896   	0.01367   	1331.68316	 (0.00000   )
1055	0.18733   	0.32816   	-0.04583  	1474.67286	 (-0.00000  )
1056	-0.04567  	0.24487   	-0.10354  	1468.45343	 (-0.00000  )
1057	-0.10665  	-0.03012  	-0.14345  	1338.47072	 (-0.00000  )
1058	-0.06621  	-0.00809  	-0.09177  	1323.99856	 (-0.00000  )
1059	0.01815   	-0.03935  	0.00453   	1216.20660	 (-0.00000  )
1060	-0.05990  	0.14012   	0.00815   	1416.62044	 (0.00000   )
1061	-0.02259  	-0.07246  	-0.15101  	1331.37774	 (-0.00000  )
1062	-0.02310  	0.16442   	0.01461   	1223.20703	 (-0.00000  )
1063	-0.20244  	-0.18311  	-0.21256  	1339.22237	 (0.00000   )
1064	-0.07609  	-0.31795  	-0.17947  	1291.17822	 (-0.00000  )
1065	0.00547   	-0.11546  	-0.11140  	1260.35820	 (-0.00000  )
1066	-0.05520  	-0.24000  	-0.18487  	1304.20357	 (0.00000   )
1067	-0.15008  	0.24729   	0.13755   	1291.41022	 (0.00000   )
1068	-0.06429  	0.09149   	0.05818   	1409.09333	 (-0.00000  )
1069	-0.05217  	0.05184   	-0.10613  	1359.24827	 (0.00000   )
1070	-0.08113  	0.13660   	-0.12602  	1429.81834	 (-0.00000  )
1071	0.27579   	-0.04671  	-0.04965  	1468.37369	 (-0.00000  )
1072	0.19193   	-0.19542  	-0.00369  	1367.05507	 (-0.00000  )
1073	-0.03530  	-0.20127  	0.07596   	1377.18660	 (-0.00000  )
1074	0.28227   	0.06589   	-0.29211  	1418.67923	 (-0.00000  )
1075	0.17920   	-0.19926  	-0.17278  	1338.01081	 (-0.00000  )
1076	0.01731   	-0.16559  	-0.23015  	1348.99147	 (-0.00000  )
1077	0.11699   	0.20732   	0.15524   	1452.26543	 (-0.00000  )
1078	-0.10849  	-0.14561  	-0.16932  	1393.00992	 (0.00000   )
1079	-0.34345  	-0.05150  	-0.16950  	1401.61054	 (0.00000   )
1080	-0.11427  	0.03666   	0.00006   	1428.02445	 (0.00000   )
1081	-0.17834  	0.01394   	0.16001   	1392.83535	 (0.00000   )
1082	0.13519   	0.04431   	0.11162   	1298.45934	 (0.00000   )
1083	0.30567   	-0.03747  	-0.14168  	1393.87128	 (-0.00000  )
1084	0.29270   	0.01389   	-0.08188  	1419.39836	 (-0.00000  )
1085	0.12073   	-0.56584  	-0.39950  	1342.95390	 (-0.00000  )
1086	0.17678   	0.35785   	0.16324   	1264.35200	 (-0.00000  )
1087	0.22523   	0.04694   	-0.09452  	1427.71984	 (-0.00000  )
1088	-0.04854  	0.09208   	0.22016   	1183.95415	 (0.00000   )
1089	0.12275   	0.17097   	0.10639   	1264.24127	 (-0.00000  )
1090	-0.09844  	0.00455   	0.10730   	1275.09814	 (0.00000   )
1091	-0.13253  	0.11088   	0.03029   	1302.25605	 (0.00000   )
1092	-0.04793  	0.05733   	0.12598   	1299.42644	 (0.00000   )
1093	-0.16469  	-0.05571  	-0.08768  	1307.92259	 (0.00000   )
1094	-0.16545  	0.02131   	-0.19480  	1384.87841	 (0.00000   )
1095	0.07339   	0.08567   	-0.03716  	1426.16717	 (-0.00000  )
1096	0.32557   	0.06725   	0.03968   	1425.86451	 (-0.00000  )
1097	0.11007   	0.04628   	0.08236   	1426.94150	 (-0.00000  )
1098	0.12439   	0.23275   	0.07553   	1447.43344	 (-0.00000  )
1099	-0.31935  	0.28307   	0.24982   	1441.11200	 (0.00000   )
1100	-0.15149  	-0.01906  	-0.14060  	1371.54939	 (0.00000   )
1101	-0.14950  	-0.29822  	-0.08018  	1269.06280	 (0.00000   )
1102	-0.06621  	-0.07702  	-0.20222  	1327.82706	 (0.00000   )
1103	0.04805   	-0.25283  	-0.13305  	1291.90601	 (-0.00000  )
1104	-0.18928  	-0.30336  	-0.05524  	1353.77435	 (0.00000   )
1105	-0.19930  	-0.18705  	-0.05174  	1387.71676	 (0.00000   )
1106	0.05050   	-0.09733  	-0.07625  	1441.68574	 (0.00000   )
1107	0.01963   	-0.22888  	-0.09223  	1458.48108	 (0.00000   )
1108	-0.23501  	0.13807   	0.14982   	1438.88896	 (0.00000   )
1109	-0.12175  	0.16783   	0.01028   	1349.43757	 (-0.00000  )
1110	-0.05357  	0.00560   	-0.14211  	1349.53711	 (0.00000   )
1111	-0.09754  	0.05715   	-0.13647  	1358.17269	 (-0.00000  )
1112	0.05599   	0.22378   	-0.04510  	1360.90583	 (-0.00000  )
1113	-0.01016  	-0.13074  	-0.08597  	1274.80994	 (-0.00000  )
1114	0.00808   	-0.10716  	-0.33789  	1329.23852	 (-0.00000  )
1115	-0.06530  	-0.19334  	-0.21344  	1224.12311	 (-0.00000  )
1116	-0.04850  	-0.07331  	-0.28921  	1397.93222	 (-0.00000  )
1117	0.12733   	0.10398   	-0.19546  	1382.97817	 (-0.00000  )
1118	0.12276   	0.00193   	-0.21685  	1394.92344	 (-0.00000  )
1119	0.19740   	0.05423   	0.02603   	1354.00239	 (-0.00000  )
1120	0.10389   	0.16793   	0.10685   	1347.44823	 (-0.00000  )
1121	0.26080   	-0.11386  	0.07360   	1316.51404	 (-0.00000  )
1122	0.00700   	-0.33105  	-0.13811  	1293.32334	 (0.00000   )
1123	0.24552   	-0.28717  	-0.05235  	1315.86476	 (-0.00000  )
1124	-0.01351  	0.08076   	0.18107   	1367.04264	 (-0.00000  )
1125	0.17891   	-0.21608  	-0.03869  	1312.00443	 (-0.00000  )
1126	-0.09454  	-0.46047  	-0.02074  	1266.79852	 (-0.00000  )
1127	0.25157   	0.09481   	0.01960   	1373.27782	 (-0.00000  )
1128	-0.03890  	0.01676   	-0.04761  	1364.91586	 (-0.00000  )
1129	0.22009   	-0.14850  	-0.21950  	1377.99400	 (-0.00000  )
1130	-0.25538  	-0.16982  	-0.06584  	1413.19255	 (0.00000   )
1131	-0.01755  	0.04142   	-0.08745  	1373.97082	 (-0.00000  )
1132	0.01688   	-0.23962  	-0.11843  	1326.56911	 (0.00000   )
1133	0.42656   	-0.18961  	0.16851   	1329.75822	 (-0.00000  )
1134	0.20702   	-0.16541  	-0.12402  	1345.83193	 (-0.00000  )
1135	0.31147   	-0.05198  	-0.07890  	1382.17759	 (-0.00000  )
1136	0.08596   	-0.06040  	-0.09788  	1369.64990	 (0.00000   )
1137	0.02384   	0.06122   	0.04367   	1368.74135	 (-0.00000  )
1138	0.17137   	-0.13327  	-0.21210  	1369.48052	 (-0.00000  )
1139	0.27520   	-0.11881  	-0.31126  	1327.22113	 (-0.00000  )
1140	0.27591   	-0.10449  	-0.07538  	1343.63571	 (-0.00000  )
1141	0.10059   	-0.03404  	-0.03991  	1334.89694	 (0.00000   )
1142	-0.08170  	-0.07433  	-0.07213  	1349.33045	 (-0.00000  )
1143	0.04596   	-0.31967  	-0.04438  	1332.50638	 (-0.00000  )
1144	-0.07107  	-0.10203  	0.18690   	1335.57973	 (-0.00000  )
1145	0.20944   	0.13509   	0.03672   	1317.77712	 (-0.00000  )
1146	0.17779   	-0.23150  	-0.16981  	1326.03294	 (-0.00000  )
1147	0.21523   	-0.07195  	-0.10940  	1304.25345	 (-0.00000  )
1148	0.11028   	-0.17088  	-0.35572  	1306.60895	 (0.00000   )
1149	0.16692   	-0.26028  	-0.41196  	1294.57536	 (-0.00000  )
1150	0.10746   	-0.30362  	-0.15179  	1269.39596	 (-0.00000  )
1151	0.07210   	-0.02980  	-0.11338  	1340.72901	 (-0.00000  )
1152	0.11929   	-0.13135  	-0.13907  	1310.74158	 (-0.00000  )
1153	-0.02204  	-0.03906  	-0.11835  	1317.00354	 (0.00000   )
1154	0.03813   	-0.06212  	-0.16369  	1332.23285	 (-0.00000  )
1155	-0.09798  	-0.07174  	-0.03542  	1313.03537	 (0.00000   )
1156	-0.01498  	-0.14089  	-0.09355  	1286.94830	 (0.00000   )
1157	-0.01368  	-0.29442  	-0.09239  	1286.64550	 (0.00000   )
1158	0.08012   	-0.15619  	-0.04034  	1270.81073	 (-0.00000  )
1159	0.06444   	-0.07851  	-0.15177  	1281.92378	 (-0.00000  )
1160	0.01905   	-0.11830  	-0.03532  	1311.66967	 (-0.00000  )
1161	0.03551   	-0.26724  	0.09360   	1306.10709	 (-0.00000  )
1162	0.23862   	0.00134   	-0.02475  	1288.78946	 (-0.00000  )
1163	-0.02286  	-0.12942  	-0.12447  	1321.72190	 (-0.00000  )
1164	-0.06330  	-0.19109  	0.13735   	1243.76791	 (0.00000   )
1165	-0.04208  	-0.13306  	-0.04301  	1262.48911	 (0.00000   )
1166	-0.14600  	-0.19457  	-0.56846  	1228.18717	 (0.00000   )
1167	0.12308   	-0.12052  	0.02790   	1292.43809	 (-0.00000  )
1168	-0.14025  	-0.26528  	-0.34036  	1259.62791	 (0.00000   )
1169	-0.01888  	0.13356   	0.00062   	1310.43847	 (0.00000   )
1170	0.08901   	-0.00721  	0.22115   	1236.89438	 (-0.00000  )
1171	-0.21511  	-0.07884  	-0.13932  	1340.19110	 (0.00000   )
1172	0.10109   	0.02639   	-0.13761  	1333.38587	 (-0.00000  )
1173	-0.00686  	-0.20817  	-0.17346  	1285.73433	 (-0.00000  )
1174	0.03455   	-0.18684  	-0.37620  	1309.67243	 (-0.00000  )
1175	0.05196   	-0.20357  	-0.27872  	1241.70341	 (-0.00000  )
1176	-0.00112  	-0.12622  	-0.22296  	1255.72162	 (-0.00000  )
1177	0.38625   	-0.44659  	0.06608   	1441.42402	 (-0.00000  )
1178	-0.03901  	-0.37644  	-0.07508  	1267.30506	 (-0.00000  )
1179	0.00782   	-0.40124  	-0.14942  	1321.17462	 (0.00000   )
1180	0.25893   	-0.12747  	-0.22353  	1281.86189	 (-0.00000  )
1181	0.09240   	-0.23290  	0.03145   	1188.95848	 (0.00000   )
1182	0.00376   	0.03800   	-0.39285  	1436.29004	 (-0.00000  )
1183	0.27512   	-0.23587  	-0.18418  	1319.37580	 (-0.00000  )
1184	0.15074   	-0.12065  	-0.31340  	1324.25981	 (-0.00000  )
1185	-0.14441  	-0.23891  	-0.35185  	1163.48836	 (0.00000   )
1186	0.12071   	-0.23602  	-0.30736  	1330.27473	 (-0.00000  )
1187	0.11108   	-0.06939  	-0.35452  	1298.55823	 (-0.00000  )
1188	0.18069   	0.04507   	-0.25533  	1335.02505	 (-0.00000  )
1189	-0.09680  	-0.39909  	-0.63147  	1253.31181	 (-0.00000  )
1190	0.07990   	-0.11144  	-0.28538  	1332.53871	 (-0.00000  )
1191	-0.03727  	-0.07472  	-0.28146  	1425.46118	 (0.00000   )
1192	0.00701   	-0.58424  	-0.00021  	1174.13250	 (-0.00000  )
1193	-0.10908  	-0.13772  	-0.16924  	1301.67114	 (0.00000   )
1194	0.03464   	-0.07030  	-0.15390  	1302.42870	 (-0.00000  )
1195	-0.22633  	0.02027   	-0.26844  	1294.39806	 (0.00000   )
1196	0.24532   	0.03892   	-0.01595  	1322.51395	 (-0.00000  )
1197	0.06259   	0.05138   	-0.12432  	1296.35811	 (-0.00000  )
1198	-0.11271  	0.00740   	-0.12177  	1262.63479	 (-0.00000  )
1199	-0.09313  	0.02881   	-0.29452  	1268.67091	 (0.00000   )
1200	0.12176   	0.03061   	-0.35960  	1357.41078	 (0.00000   )
1201	0.02483   	-0.12501  	-0.52179  	1232.52619	 (-0.00000  )
1202	-0.08060  	-0.17063  	-0.46031  	1246.53338	 (0.00000   )
1203	0.07286   	0.00740   	-0.05980  	1282.13099	 (0.00000   )
1204	0.15568   	-0.20286  	-0.58488  	1334.04942	 (-0.00000  )
1205	0.03798   	-0.16961  	-0.18747  	1323.05813	 (-0.00000  )
1206	0.13399   	-0.11054  	-0.09830  	1266.40194	 (-0.00000  )
1207	0.17453   	-0.35798  	-0.18553  	1326.42013	 (-0.00000  )
1208	0.19937   	-0.31208  	-0.16258  	1259.76822	 (-0.00000  )
1209	-0.04816  	-0.03950  	0.05248   	1182.88085	 (-0.00000  )
1210	-0.01780  	-0.28158  	-0.25322  	1226.52385	 (-0.00000  )
1211	0.06949   	-0.25757  	-0.26820  	1225.35530	 (0.00000   )
1212	-0.05998  	-0.25194  	-0.43899  	1173.64367	 (0.00000   )
1213	0.04890   	-0.27430  	-0.33674  	1296.66142	 (0.00000   )
1214	-0.21111  	-0.21379  	-0.10653  	1237.66732	 (0.00000   )
1215	0.03098   	0.11037   	0.04039   	1179.34959	 (0.00000   )
1216	-0.11325  	-0.10633  	-0.00309  	1232.07616	 (0.00000   )
1217	0.02036   	-0.04738  	-0.02002  	1298.80472	 (-0.00000  )
1218	-0.09896  	-0.08016  	0.19198   	1117.62539	 (-0.00000  )
1219	-0.01112  	-0.07859  	-0.45646  	1250.29213	 (0.00000   )
1220	-0.05326  	-0.25432  	-0.46557  	1241.92536	 (0.00000   )
1221	-0.37697  	-0.51477  	-0.38179  	1097.63942	 (-0.00000  )
1222	0.01629   	-0.04526  	-0.08658  	1235.46538	 (-0.00000  )
1223	0.11579   	-0.00640  	-0.18015  	1227.45639	 (-0.00000  )
1224	-0.10007  	-0.40232  	-0.38782  	1225.53937	 (0.00000   )
1225	0.12295   	-0.39090  	-0.56284  	1146.46306	 (-0.00000  )
1226	0.02451   	-0.31040  	0.07832   	1166.87957	 (-0.00000  )
1227	0.21109   	-0.35989  	0.14098   	1262.66410	 (-0.00000  )
1228	-0.01087  	-0.31057  	-0.05742  	1106.60219	 (0.00000   )
1229	-0.28722  	-0.49682  	-0.15391  	1110.49453	 (0.00000   )
1230	0.01573   	-0.30244  	-0.22175  	1209.55773	 (0.00000   )
1231	0.04064   	-0.19916  	-0.04417  	1175.79555	 (0.00000   )
1232	0.33312   	-0.61111  	-0.40208  	1337.37594	 (-0.00000  )
1233	0.00227   	-0.25802  	-0.25694  	1246.28289	 (0.00000   )
1234	-0.30501  	-0.45466  	-0.24155  	1114.83405	 (0.00000   )
1235	-0.19769  	-0.51628  	-0.08372  	1138.12820	 (0.00000   )
1236	-0.08208  	-0.07982  	-0.05555  	1240.33653	 (0.00000   )
1237	0.07477   	-0.29518  	0.22659   	1285.06133	 (0.00000   )
1238	0.08929   	-0.31656  	0.06753   	1181.61522	 (-0.00000  )
1239	0.03293   	-0.28786  	-0.29497  	1252.66052	 (-0.00000  )
1240	0.08117   	-0.39786  	-0.72113  	1337.00858	 (-0.00000  )
1241	0.00962   	-0.55612  	-0.40242  	1250.05525	 (0.00000   )
1242	-0.11336  	-0.35347  	-0.40387  	1280.21306	 (0.00000   )
1243	-0.02125  	-0.32853  	-0.51144  	1284.60179	 (0.00000   )
1244	-0.09748  	0.04608   	0.21450   	1272.37986	 (0.00000   )
1245	0.02447   	-0.57485  	-0.29967  	1236.07005	 (0.00000   )
1246	-0.17339  	-0.64965  	-0.98526  	1161.82376	 (0.00000   )
1247	0.15512   	-0.25600  	-0.60423  	1243.79538	 (0.00000   )
1248	-0.08250  	-0.24827  	0.15209   	1240.02141	 (-0.00000  )
1249	-0.20315  	-0.57335  	-0.57009  	1221.66173	 (0.00000   )
1250	-0.47908  	-0.24703  	-0.53916  	1044.43929	 (0.00000   )
1251	0.06264   	-0.53558  	-0.53304  	1262.80207	 (0.00000   )
1252	0.01191   	-0.25869  	-0.63406  	1202.24729	 (0.00000   )
1253	-0.08750  	-0.38603  	-0.48674  	1244.34088	 (0.00000   )
1254	-0.26058  	-0.60949  	-0.39279  	980.89110 	 (0.00000   )
1255	-0.33578  	-0.43161  	-0.49263  	985.62637 	 (0.00000   )
1256	0.04191   	-0.16946  	-0.57201  	1416.62522	 (0.00000   )
1257	0.10759   	-0.88290  	-0.33351  	1260.85288	 (0.00000   )
1258	-0.32621  	-0.18967  	-0.41507  	1183.60524	 (0.00000   )
1259	0.30017   	0.04183   	0.00470   	1339.82694	 (0.00000   )
