0 -0.288572786020693 2.20926e-07
1 -0.288572786020677 3.55097e-07
2 -0.288556811097604 3.78717e-07
3 -0.288556811097598 2.96997e-07
4 -0.287737177121592 2.80834e-07
5 -0.287737177121583 1.31392e-07
6 -0.287575581607637 2.67703e-07
7 -0.287575581607615 5.41796e-07
8 -0.287446644064877 2.41196e-07
9 -0.287446644064862 3.86174e-07
10 -0.287248639981467 1.55706e-07
11 -0.287248639981447 3.63115e-07
12 -0.287231267005926 2.16836e-07
13 -0.287231267005921 3.73589e-07
14 -0.286740863767413 2.39811e-07
15 -0.286740863767403 4.2452e-07
16 -0.286551991765208 2.78974e-07
17 -0.286551991765205 2.28187e-07
18 -0.286510448419281 1.78387e-07
19 -0.286510448419242 5.82195e-07
20 -0.286354261965254 1.90901e-07
21 -0.286354261965229 3.99406e-07
22 -0.286164366357824 1.92782e-07
23 -0.286164366357802 3.53137e-07
24 -0.286096272060812 1.68175e-07
25 -0.286096272060778 5.05433e-07
26 -0.286067857577386 2.50067e-07
27 -0.286067857577379 2.32465e-07
28 -0.285921342074921 1.30651e-07
29 -0.285921342074902 3.28439e-07
30 -0.285794263357391 1.17804e-07
31 -0.285794263357388 2.789e-07
32 -0.285773189408906 1.72131e-07
33 -0.285773189408879 3.45148e-07
34 -0.285695787812479 1.44184e-07
35 -0.285695787812473 2.65882e-07
36 -0.285632558709506 1.26276e-07
37 -0.285632558709489 3.69856e-07
38 -0.285294889196551 1.74533e-07
39 -0.28529488919653 1.61138e-07
40 -0.284606831436686 9.68575e-08
41 -0.28460683143667 1.16143e-07
42 -0.284273059534433 1.43895e-07
43 -0.28427305953442 1.01612e-07
44 -0.284234999449454 8.221e-08
45 -0.284234999449447 8.14468e-08
46 -0.284162579434412 8.26309e-08
47 -0.284162579434398 9.87026e-08
48 -0.283281491007597 1.22028e-07
49 -0.283281491007577 8.41289e-08
50 -0.2829495834495 7.08785e-08
51 -0.282949583449494 6.37667e-08
52 -0.282331766693238 7.3851e-08
53 -0.28233176669323 6.96938e-08
54 -0.282091986480544 6.58017e-08
55 -0.282091986480533 8.10197e-08
56 -0.2801781589259 4.7997e-08
57 -0.280178158925887 8.00721e-08
58 -0.273619269461926 2.10734e-08
59 -0.273619269461899 9.91935e-08
60 -0.271440768655786 5.99529e-08
61 -0.271440768655774 1.62382e-08
62 -0.269617656937171 5.38559e-08
63 -0.269617656937168 5.96046e-08
64 -0.266732355752312 2.63418e-08
65 -0.266732355752296 4.66778e-08
66 -0.263019703831382 5.44963e-08
67 -0.263019703831348 6.85899e-08
68 -0.26171777136391 1.07325e-07
69 -0.261717771363897 3.16101e-08
70 -0.258354295079596 1.78659e-08
71 -0.258354295079583 2.66039e-08
72 -0.254842657110165 5.37269e-08
73 -0.254842657110151 6.07576e-08
74 -0.253814729511986 7.63457e-08
75 -0.253814729511949 1.01953e-07
76 -0.250464197766217 2.10734e-08
77 -0.250464197766186 4.3444e-08
78 -0.242149064666536 1.53598e-08
79 -0.242149064666507 4.32037e-08
80 -0.134099539916814 2.28886e-08
81 -0.134099539916784 3.24763e-08
82 -0.123242375194335 1.82025e-08
83 -0.123242375194325 1.15574e-08
84 -0.122246987923973 1.82501e-08
85 -0.122246987923962 4.9281e-09
86 -0.122050274542398 1.75722e-08
87 -0.122050274542392 9.31323e-09
88 -0.115729582183893 9.67859e-09
89 -0.115729582183889 1.1098e-08
90 -0.10914396282381 2.34501e-08
91 -0.109143962823808 2.75331e-08
92 -0.108972252502615 4.56253e-09
93 -0.10897225250261 2.59436e-08
94 -0.107740727860845 1.74234e-08
95 -0.10774072786084 1.53598e-08
96 -0.100368507959062 1.65031e-08
97 -0.100368507959055 2.77528e-08
98 -0.0994143306443019 1.89038e-08
99 -0.0994143306442991 1.65031e-08
100 -0.0879177463016157 1.57776e-08
101 -0.087917746301592 1.35282e-08
102 -0.077903777722454 1.69695e-08
103 -0.0779037777224466 1.57776e-08
104 -0.0731405194267093 4.39699e-08
105 -0.073140519426703 5.17618e-08
106 -0.0718539148664361 9.23795e-08
107 -0.0718539148664261 1.52262e-07
108 -0.0717985313394185 8.45249e-08
109 -0.0717985313393946 1.84571e-07
110 -0.0709735652493241 1.294e-07
111 -0.0709735652493143 2.02459e-07
112 -0.0690883535613904 4.1857e-07
113 -0.0690883535608744 8.66955e-07
