0 -0.247091057590074 7.47728e-06
1 -0.246249001033075 5.73439e-06
2 -0.245635680234424 3.36789e-06
3 -0.244577873197036 3.76021e-06
4 -0.244577873178962 2.55749e-06
5 -0.242741992851054 1.54127e-06
6 -0.242741992847793 5.78578e-07
7 -0.24260914468549 1.12109e-06
8 -0.242609144683992 7.05448e-07
9 -0.241710956669486 8.85954e-07
10 -0.241710956668142 4.76357e-07
11 -0.241413658606873 6.33945e-07
12 -0.241413658605904 2.51478e-07
13 -0.240505822832926 3.46882e-07
14 -0.240505822832629 1.42684e-07
15 -0.237182803719264 2.14002e-08
16 -0.237182803719261 8.37983e-08
17 -0.236272750910917 8.2041e-08
18 -0.236272750910901 5.20875e-08
19 -0.235938553212314 4.68262e-08
20 -0.235938553212296 2.52661e-08
21 -0.231328346815554 6.31654e-08
22 -0.231328346815527 3.58287e-08
23 -0.153210317858718 3.37853e-08
24 -0.153210317858709 3.68314e-08
25 -0.14830110833722 5.6803e-08
26 -0.148301108337215 8.65078e-08
27 -0.147881308825152 1.81548e-08
28 -0.147881308825148 3.59737e-08
29 -0.146506989511634 3.27953e-08
30 -0.146506989511631 4.94216e-08
31 -0.14373616062577 2.73321e-07
32 -0.143736160625643 4.76102e-07
33 -0.143538695037816 2.65517e-07
34 -0.143538695037743 4.93285e-07
35 -0.142435555363953 4.28327e-07
36 -0.142435555363514 9.31274e-07
37 -0.141168931681495 1.05958e-06
38 -0.141168931678949 2.36997e-06
39 -0.140807776856786 9.36999e-07
40 -0.140807776842411 5.66414e-06
41 -0.140544587820997 1.87309e-06
42 -0.140544587784231 9.03618e-06
43 -0.140490843642999 1.61085e-06
44 -0.140490843635339 4.72954e-06
45 -0.140376726989006 1.5544e-06
46 -0.140376726977335 5.4245e-06
47 -0.139426097425791 4.10145e-06
48 -0.139177154086497 2.66697e-06
49 -0.138103315175663 6.8166e-06
50 -0.138103315141215 7.89275e-06
51 -0.137545100790074 9.15566e-06
