#n 	 E_n 	 <H> 	 <H_dir> 	 <H_exc> 	 <H_0> 	 E_B (eV)
0  0.070917654075  0.070917654075  0.007960989776  -0.000042656939   0.078835986912  -0.215468922143
1  0.071635478568  0.071635478568  0.007601167617  -0.000667082197   0.078569563988  -0.188686172000
2  0.071793637818  0.071793637818  0.007518497351  -0.000792259210   0.078519875959  -0.183030356545
3  0.071880202846  0.071880202846  0.007461155308  -0.000845530072   0.078495828081  -0.180020424530
4  0.075208232501  0.075208232501  0.008359521338  -0.000078183883   0.083489569956  -0.225346786015
5  0.075358383120  0.075358383120  0.008342267943  -0.000098090494   0.083602560568  -0.224335610216
6  0.075603724970  0.075603724970  0.008237959399  -0.000345953026   0.083495731343  -0.214752542210
7  0.076051693817  0.076051693817  0.008125995915  -0.000565854940   0.083611834792  -0.205722020122
8  0.076165955758  0.076165955758  0.008136240205  -0.000546473082   0.083755722882  -0.206528189116
9  0.076275237639  0.076275237639  0.007934438853  -0.000908993679   0.083300682813  -0.191172198810
10  0.076649774995  0.076649774995  0.007984164134  -0.000557562010   0.084076377120  -0.202088241060
11  0.076674059933  0.076674059933  0.007939098191  -0.000673718278   0.083939439846  -0.197701158978
12  0.077002169766  0.077002169766  0.007621012664  -0.001331542830   0.083291639600  -0.171145279444
13  0.077183911320  0.077183911320  0.007658183476  -0.000635005480   0.084207089315  -0.191110505714
14  0.077328796447  0.077328796447  0.007565742992  -0.000760007060   0.084134532380  -0.185193602754
15  0.077856452107  0.077856452107  0.005866724270  -0.000427855709   0.083295320668  -0.147999227956
16  0.077895194153  0.077895194153  0.005199550946  -0.000021064041   0.083073681059  -0.140913878575
17  0.077923220972  0.077923220972  0.005247517580  -0.000039231633   0.083131506918  -0.141724752214
18  0.077978992281  0.077978992281  0.005184514808  -0.000006245058   0.083157262031  -0.140907969486
19  0.078188261412  0.078188261412  0.005188956160  -0.000028512717   0.083348704855  -0.140422890714
20  0.078190913076  0.078190913076  0.005250932809  -0.000085817009   0.083356028875  -0.140550032076
21  0.078304225775  0.078304225775  0.005244225356  -0.000044958807   0.083503492324  -0.141479321775
22  0.078341341717  0.078341341717  0.005295526926  -0.000067578318   0.083569290326  -0.142259800772
23  0.078694405909  0.078694405909  0.006639381423  -0.001213175634   0.084120611698  -0.147654656191
24  0.079428494570  0.079428494570  0.005173449128  -0.000003171631   0.084598772067  -0.140690489080
25  0.079438957986  0.079438957986  0.005304314132  -0.000076137995   0.084667134122  -0.142265992115
26  0.079458907911  0.079458907911  0.005254889334  -0.000063573437   0.084650223808  -0.141262973394
27  0.079470889475  0.079470889475  0.005286327276  -0.000090686027   0.084666530724  -0.141380672278
28  0.079616749627  0.079616749627  0.008613299442  -0.000121233949   0.088108815119  -0.231080990944
29  0.079858512780  0.079858512780  0.008422382322  -0.000199712687   0.088081182415  -0.223750352512
30  0.080073140399  0.080073140399  0.008499176550  -0.000083374646   0.088488942304  -0.229005751949
31  0.080259500052  0.080259500052  0.008352788728  -0.000455481020   0.088156807760  -0.214896798968
32  0.080378528750  0.080378528750  0.008374425464  -0.000431246866   0.088321707348  -0.216145010098
33  0.080636343461  0.080636343461  0.008258888421  -0.000474317585   0.088420914297  -0.211829070842
34  0.080730127859  0.080730127859  0.008080889425  -0.000691779661   0.088119237622  -0.201068021415
35  0.080741676883  0.080741676883  0.008090837906  -0.000651898121   0.088180616669  -0.202423966087
36  0.080797986660  0.080797986660  0.008090393679  -0.000464782210   0.088423598129  -0.207503563927
37  0.080956174323  0.080956174323  0.008184166180  -0.000707346592   0.088432993911  -0.203454728541
38  0.081050595574  0.081050595574  0.008006438697  -0.001009030975   0.088048003296  -0.190409260487
39  0.081061690417  0.081061690417  0.008242238720  -0.000220014133   0.089083915004  -0.218295962119
40  0.081216521436  0.081216521436  0.008250696166  -0.000185641424   0.089281576179  -0.219461430615
41  0.081322651591  0.081322651591  0.008143430019  -0.000595054474   0.088871027136  -0.205401866292
42  0.081326364479  0.081326364479  0.007999088304  -0.000907782466   0.088417670318  -0.192964359687
43  0.081755092967  0.081755092967  0.007737109860  -0.000777207822   0.088714995004  -0.189388678299
44  0.082089053778  0.082089053778  0.007569748403  -0.000931288392   0.088727513789  -0.180641790740
45  0.082095113052  0.082095113052  0.007290482338  -0.000739183600   0.088646411789  -0.178270010466
46  0.082117822530  0.082117822530  0.006444692123  -0.000312237856   0.088250276797  -0.166872666063
47  0.082140146129  0.082140146129  0.006810815572  -0.000548119020   0.088402842680  -0.170416740932
48  0.082217243485  0.082217243485  0.007080167433  -0.000604997606   0.088692413312  -0.176198436226
49  0.082387819470  0.082387819470  0.006032673637  -0.000367986672   0.088052506435  -0.154144062880
50  0.082416680862  0.082416680862  0.006112829628  -0.000402941063   0.088126569427  -0.155374061706
51  0.082588737484  0.082588737484  0.005524114396  -0.000038459762   0.088074392119  -0.149272342518
52  0.082643189071  0.082643189071  0.005517986047  -0.000064020507   0.088097154611  -0.148410037901
53  0.082727150697  0.082727150697  0.006730222849  -0.000701724564   0.088755648983  -0.164043878247
54  0.082751729841  0.082751729841  0.005496289985  -0.000055822943   0.088192196884  -0.148042724884
55  0.082757493781  0.082757493781  0.005472769328  -0.000115046731   0.088115216378  -0.145791132661
56  0.082779806848  0.082779806848  0.005366331326  -0.000075589245   0.088070548928  -0.143968499046
57  0.082782029177  0.082782029177  0.005342862322  -0.000046873418   0.088078018081  -0.144111272470
58  0.082851023278  0.082851023278  0.005251458567  -0.000020861818   0.088081620027  -0.142331860373
59  0.082875808146  0.082875808146  0.005542519518  -0.000084293195   0.088334034470  -0.148525979779
60  0.082894512194  0.082894512194  0.005494645114  -0.000084989149   0.088304168158  -0.147204312310
61  0.082907116716  0.082907116715  0.005168163902  -0.000089848050   0.087985432567  -0.138188083960
62  0.082949155093  0.082949155093  0.005729023804  -0.000188237428   0.088489941469  -0.150772554391
63  0.082996743471  0.082996743471  0.005569583668  -0.000197503950   0.088368823189  -0.146181810045
64  0.083011915963  0.083011915963  0.007647498995  -0.000075849953   0.090583565004  -0.206035170723
65  0.083318051217  0.083318051217  0.006432992557  -0.000262003879   0.089489039895  -0.167921241299
66  0.083358934355  0.083358934355  0.006203281593  -0.000227635855   0.089334580092  -0.162605686411
67  0.083394930693  0.083394930693  0.005807386533  -0.000090372301   0.089111944925  -0.155567961075
68  0.083414937960  0.083414937960  0.006031023082  -0.000226501384   0.089219459658  -0.157949161728
69  0.083680496387  0.083680496387  0.007640438165  -0.000073124588   0.091247809965  -0.205917196674
70  0.083684516090  0.083684516090  0.005924330669  -0.000360976857   0.089247869901  -0.151386645905
71  0.083710465020  0.083710465020  0.005412790680  -0.000087400136   0.089035855563  -0.144911332241
72  0.083722092069  0.083722092069  0.005919720080  -0.000332794942   0.089309017207  -0.152028054708
73  0.083774232229  0.083774232229  0.005207840169  -0.000103188258   0.088878884140  -0.138904725013
74  0.083846484504  0.083846484504  0.005284083071  -0.000011349838   0.089119217737  -0.143478453111
75  0.083878615367  0.083878615367  0.005915793367  -0.000412339897   0.089382068837  -0.149756673736
76  0.083891645935  0.083891645935  0.007646235142  -0.000087599707   0.091450281371  -0.205681052283
77  0.083894333448  0.083894333448  0.005289989862  -0.000108327978   0.089075995332  -0.141000274199
78  0.083934420462  0.083934420462  0.005455989214  -0.000078655443   0.089311754233  -0.146324780184
79  0.083970794359  0.083970794359  0.005668994694  -0.000299780534   0.089340008518  -0.146103834188
80  0.083981207608  0.083981207608  0.005376070825  -0.000168534276   0.089188744158  -0.141704360056
81  0.083992858699  0.083992858699  0.007422285962  -0.000326424945   0.091088719716  -0.193088312472
82  0.084002983318  0.084002983318  0.005437826187  -0.000233026236   0.089207783270  -0.141629893400
83  0.084014438183  0.084014438183  0.007428362982  -0.000347815608   0.091094985557  -0.192671606808
84  0.084046106824  0.084046106824  0.004760139239  -0.000009083400   0.088797162662  -0.129282880847
85  0.084056058373  0.084056058373  0.005065205606  -0.000084610874   0.089036653105  -0.135528955499
86  0.084110150635  0.084110150635  0.005421397040  -0.000180718785   0.089350828890  -0.142606192265
87  0.084117974850  0.084117974850  0.007487988080  -0.000409816823   0.091196146107  -0.192606949332
88  0.084128572833  0.084128572833  0.005345665370  -0.000238328184   0.089235910020  -0.138977795125
89  0.084129155441  0.084129155441  0.005513996484  -0.000153371323   0.089489780601  -0.145870115496
90  0.084143852539  0.084143852539  0.005442039519  -0.000141769940   0.089444122119  -0.144227755635
91  0.084157111944  0.084157111944  0.005294291733  -0.000063775527   0.089387628150  -0.142329668696
92  0.084203172413  0.084203172413  0.005729537904  -0.000338148202   0.089594562115  -0.146707261752
93  0.084209944942  0.084209944942  0.007461102112  -0.000321627252   0.091349419802  -0.194275106206
94  0.084249736453  0.084249736453  0.005098756951  -0.000168609373   0.089179884031  -0.134156217805
95  0.084257992119  0.084257992119  0.007797988749  -0.000348038606   0.091707942261  -0.202723573303
96  0.084310413018  0.084310413018  0.007348884340  -0.000386387537   0.091272909821  -0.189459285522
97  0.084320844006  0.084320844006  0.005323262751  -0.000040478740   0.089603628017  -0.143751948854
98  0.084370227741  0.084370227741  0.005368240084  -0.000227741413   0.089510726412  -0.139880165534
99  0.084396408714  0.084396408714  0.005011176737  -0.000067270270   0.089340315182  -0.134530616447
100  0.084403533660  0.084403533660  0.005290284159  -0.000070405146   0.089623412672  -0.142040215760
101  0.084425554892  0.084425554892  0.005424989140  -0.000178129881   0.089672414151  -0.142774386044
102  0.084454195066  0.084454195066  0.005320351065  -0.000158156758   0.089616389373  -0.140470534164
103  0.084511064464  0.084511064464  0.005262553834  -0.000266888987   0.089506729310  -0.135939034406
104  0.084561218014  0.084561218014  0.008088846209  -0.000349321704   0.092300742519  -0.210603297108
105  0.084762842703  0.084762842703  0.008198712938  -0.000225997487   0.092735558154  -0.216948749236
106  0.084950412916  0.084950412916  0.007463828409  -0.000096753133   0.092317488191  -0.200468432149
107  0.085102582157  0.085102582157  0.004959953415  -0.000013185698   0.090049349873  -0.134608475042
108  0.085175488054  0.085175488054  0.006634802546  -0.000231303762   0.091578986837  -0.174248166807
109  0.085177581474  0.085177581474  0.008287723614  -0.000556675024   0.092908630065  -0.210372655610
110  0.085198532408  0.085198532408  0.005405128541  -0.000093538301   0.090510122648  -0.144535806669
111  0.085224386640  0.085224386640  0.005535212266  -0.000147436441   0.090612162466  -0.146608923093
112  0.085270334542  0.085270334542  0.007059244624  -0.000219532147   0.092110047018  -0.186118152086
113  0.085340525803  0.085340525803  0.008157889593  -0.000734824376   0.092763591021  -0.201991996859
114  0.085419562943  0.085419562943  0.005303546962  -0.000249715624   0.090473394281  -0.137521826061
115  0.085486471507  0.085486471507  0.008302316174  -0.000621927532   0.093166860149  -0.208994127495
116  0.085491135961  0.085491135961  0.007004540526  -0.000400777725   0.092094898762  -0.179697631087
117  0.085735451834  0.085735451834  0.004883769659  -0.000041127923   0.090578093570  -0.131775061333
118  0.085738174176  0.085738174176  0.007836789997  -0.000538552394   0.093036411779  -0.198595262703
119  0.085777447423  0.085777447423  0.005081331200  -0.000016139712   0.090842638911  -0.137830951676
120  0.085778266347  0.085778266347  0.005214609627  -0.000017046212   0.090975829761  -0.141432977097
121  0.085784800539  0.085784800539  0.004998824039  -0.000042931598   0.090740692980  -0.134856771565
122  0.085858914820  0.085858914820  0.005115917770  -0.000087944679   0.090886887911  -0.136818186966
123  0.085892270098  0.085892270098  0.004803113143  -0.000034256093   0.090661127149  -0.129767276739
124  0.085922826787  0.085922826787  0.004853497216  -0.000118415612   0.090657908392  -0.128848199571
125  0.085935853577  0.085935853577  0.004839614095  -0.000096452409   0.090679015264  -0.129068069923
126  0.085958754875  0.085958754875  0.007555582905  -0.000422889610   0.093091448169  -0.194090570306
127  0.085996096365  0.085996096365  0.005365826983  -0.000184320664   0.091177602684  -0.140996041051
128  0.086014773250  0.086014773250  0.004701502127  -0.000009766314   0.090706509062  -0.127668699882
129  0.086018943521  0.086018943521  0.007587293912  -0.000463710198   0.093142527235  -0.193842685883
130  0.086091443759  0.086091443759  0.004964477605  -0.000179808687   0.090876112677  -0.130197539784
131  0.086100779455  0.086100779455  0.004794092865  -0.000099477440   0.090795394880  -0.127747058172
132  0.086251053165  0.086251053165  0.007457303797  -0.000540206822   0.093168150140  -0.188223892633
133  0.086363493076  0.086363493076  0.006374564201  -0.000277692295   0.092460364982  -0.165904420185
134  0.086409839180  0.086409839180  0.006570912971  -0.000412947375   0.092567804776  -0.167566865032
135  0.086432372211  0.086432372211  0.006528178240  -0.000334342651   0.092626207799  -0.168542937730
136  0.086526861719  0.086526861719  0.006452565582  -0.000197116086   0.092782311215  -0.170219538428
137  0.086587575011  0.086587575011  0.006311732760  -0.000256984537   0.092642323234  -0.164758175792
138  0.086648438867  0.086648438867  0.006593442139  -0.000499402041   0.092742478964  -0.165827362708
139  0.086719828998  0.086719828998  0.006942996685  -0.000165797716   0.093497027967  -0.184417072022
140  0.086754475405  0.086754475405  0.006540386126  -0.000275195901   0.093019665630  -0.170484597292
141  0.086787087422  0.086787087422  0.006104340559  -0.000321333702   0.092570094279  -0.157363712794
142  0.086798782361  0.086798782361  0.005968683113  -0.000255658208   0.092511807266  -0.155459405889
143  0.086857577910  0.086857577910  0.006832849782  -0.000396961959   0.093293465733  -0.175129517899
144  0.086910950516  0.086910950516  0.006698311370  -0.000335912617   0.093273349269  -0.173129777419
145  0.087091275004  0.087091275004  0.006264392605  -0.000324344527   0.093031323081  -0.161637024262
146  0.087137298951  0.087137298951  0.006077049444  -0.000340878554   0.092873469840  -0.156089240548
147  0.087151973668  0.087151973668  0.006443686474  -0.000341800397   0.093253859745  -0.166040862797
148  0.087173309390  0.087173309390  0.005688135729  -0.000106682013   0.092754763107  -0.151879169653
149  0.087192984733  0.087192984733  0.006380963560  -0.000382973652   0.093190974641  -0.163213702582
150  0.087222129279  0.087222129279  0.005595248093  -0.000075004429   0.092742372943  -0.150213558434
151  0.087291566784  0.087291566784  0.005824057513  -0.000194639390   0.092920984907  -0.153184348317
152  0.087325676744  0.087325676744  0.005854803868  -0.000195803646   0.092984676966  -0.153989318666
153  0.087394120087  0.087394120087  0.006446592212  -0.000438256883   0.093402455416  -0.163495215969
154  0.087445939033  0.087445939033  0.005603914358  -0.000106455000   0.092943398391  -0.149593565573
155  0.087471563773  0.087471563773  0.005711601746  -0.000145674701   0.093037490817  -0.151456667189
156  0.087490253320  0.087490253320  0.005581686502  -0.000159428365   0.092912511456  -0.147547235059
157  0.087528840187  0.087528840187  0.005666714318  -0.000180111634   0.093015442871  -0.149298140275
158  0.087665541045  0.087665541045  0.005859299781  -0.000238957309   0.093285883516  -0.152937387122
159  0.087686339169  0.087686339169  0.005905919615  -0.000303360595   0.093288898189  -0.152453474526
160  0.087748541596  0.087748541596  0.005783010980  -0.000166434574   0.093365118002  -0.152834907221
161  0.087787328156  0.087787328156  0.005897160499  -0.000272626267   0.093411862388  -0.153051450797
162  0.087862080224  0.087862080224  0.005861229299  -0.000201132155   0.093522177368  -0.154019167422
163  0.087888715470  0.087888715470  0.005569487291  -0.000099809513   0.093358393247  -0.148837589876
164  0.087923075877  0.087923075877  0.005502505671  -0.000079570660   0.093346010888  -0.147565653744
165  0.087935615104  0.087935615104  0.005573727849  -0.000093762057   0.093415580896  -0.149117541143
166  0.087980715549  0.087980715549  0.005545334831  -0.000155338623   0.093370711757  -0.146669342809
167  0.088072566116  0.088072566116  0.005708452610  -0.000141210163   0.093639808563  -0.151492461113
168  0.088093983264  0.088093983264  0.005941278729  -0.000380720200   0.093654541793  -0.151310582354
169  0.088175747332  0.088175747332  0.005677843782  -0.000205425684   0.093648165430  -0.148912157811
170  0.088207855226  0.088207855226  0.005672988611  -0.000134119690   0.093746724147  -0.150720377756
171  0.088238590234  0.088238590234  0.005645121304  -0.000168551928   0.093715159609  -0.149025119908
172  0.088275882069  0.088275882069  0.005590439892  -0.000239727916   0.093626594045  -0.145600363870
173  0.088287951516  0.088287951516  0.005399180247  -0.000146074793   0.093541056971  -0.142944353759
174  0.088312366020  0.088312366020  0.005452973902  -0.000143707128   0.093621632795  -0.144472581918
175  0.088347399296  0.088347399296  0.005622241691  -0.000089052568   0.093880588419  -0.150565822501
176  0.088356748549  0.088356748549  0.005972655432  -0.000130173268   0.094199230713  -0.158982119152
177  0.088427179969  0.088427179969  0.005371195765  -0.000119926832   0.093678448903  -0.142894379466
178  0.088454277703  0.088454277703  0.005641586937  -0.000106112520   0.093989752120  -0.150628008547
179  0.088484695158  0.088484695158  0.005373475242  -0.000055513358   0.093802657041  -0.144709188001
180  0.088497150185  0.088497150185  0.005317729142  -0.000047537672   0.093767341655  -0.143409288156
181  0.088520499737  0.088520499737  0.005199131643  -0.000076073221   0.093643558159  -0.139405591946
182  0.088532445008  0.088532445008  0.005409714629  -0.000095523227   0.093846636410  -0.144606587932
183  0.088548916748  0.088548916748  0.005509099403  -0.000093926967   0.093964089185  -0.147354423242
184  0.088574503396  0.088574503396  0.005357994400  -0.000126936192   0.093805561604  -0.142344417325
185  0.088594240981  0.088594240981  0.005234302607  -0.000048769823   0.093779773764  -0.141105606789
186  0.088620959705  0.088620959705  0.005450625853  -0.000129436611   0.093942148947  -0.144797008947
187  0.088633984856  0.088633984856  0.005362291322  -0.000104438887   0.093891837291  -0.143073525751
188  0.088653789728  0.088653789729  0.005180151691  -0.000085209369   0.093748732051  -0.138640513517
189  0.088664011784  0.088664011784  0.005604998586  -0.000094972860   0.094174037510  -0.149935514032
190  0.088678210151  0.088678210151  0.005097602262  -0.000088194629   0.093687617785  -0.136312994870
191  0.088696865557  0.088696865557  0.005268840333  -0.000099014278   0.093866691612  -0.140678204716
192  0.088718630298  0.088718630298  0.005244061012  -0.000090492416   0.093872198894  -0.140235816487
193  0.088731781392  0.088731781392  0.005340609971  -0.000098041426   0.093974349936  -0.142657629691
194  0.088747093500  0.088747093500  0.005311683013  -0.000108408615   0.093950367899  -0.141588380959
195  0.088792265184  0.088792265184  0.005440637974  -0.000088303505   0.094144599653  -0.145644514192
196  0.088801286353  0.088801286353  0.005703685161  -0.000169147138   0.094335824376  -0.150602527951
197  0.088824374263  0.088824374263  0.005873515348  -0.000127675170   0.094570214441  -0.156352355413
198  0.088828809524  0.088828809524  0.005787581573  -0.000139247712   0.094477143385  -0.153699072032
199  0.088862421471  0.088862421471  0.005541560219  -0.000215215044   0.094188766647  -0.144937309119
200  0.088935748310  0.088935748310  0.006117142253  -0.000438201044   0.094614689518  -0.154531940801
201  0.088950613406  0.088950613406  0.005503666446  -0.000147451535   0.094306828318  -0.145750106441
202  0.088975483357  0.088975483357  0.005600811441  -0.000160161458   0.094416133340  -0.148047702953
203  0.088975921772  0.088975921772  0.006604456876  -0.000060674834   0.095519703815  -0.178065470677
204  0.089053920882  0.089053920882  0.005703659374  -0.000437267527   0.094320312730  -0.143305895112
205  0.089073560238  0.089073560238  0.005588032796  -0.000241719275   0.094419873759  -0.145480675750
206  0.089107098448  0.089107098448  0.006974137344  -0.000149930036   0.095931305757  -0.185696234742
207  0.089123809536  0.089123809536  0.005922315856  -0.000306851009   0.094739274383  -0.152804660148
208  0.089131087932  0.089131087932  0.005236062497  -0.000175109991   0.094192040438  -0.137715603011
209  0.089154025557  0.089154025557  0.004997490897  -0.000114642845   0.094036873609  -0.132869131480
210  0.089164685459  0.089164685459  0.006547537841  -0.000201656972   0.095510566328  -0.172680302674
211  0.089179817709  0.089179817709  0.005416021257  -0.000164986429   0.094430852537  -0.142888009123
212  0.089181448346  0.089181448346  0.006510650964  -0.000201858713   0.095490240598  -0.171671069471
213  0.089213789366  0.089213789366  0.006572004713  -0.000740527999   0.095045266080  -0.158682645450
214  0.089240721123  0.089240721123  0.006454556017  -0.000183287330   0.095511989811  -0.170650000758
215  0.089276491819  0.089276491819  0.005008674702  -0.000137743835   0.094147422686  -0.132544848202
216  0.089308147625  0.089308147625  0.005263200373  -0.000080893994   0.094490454004  -0.141017811802
217  0.089380967902  0.089380967902  0.005156456943  -0.000127364830   0.094410060015  -0.136848637122
218  0.089410443826  0.089410443826  0.006540223780  -0.000318304054   0.095632363553  -0.169307146450
219  0.089420428991  0.089420428991  0.005041068920  -0.000097805791   0.094363692120  -0.134513110313
220  0.089459466837  0.089459466837  0.006560287222  -0.000240268910   0.095779485149  -0.171976546304
221  0.089467850378  0.089467850378  0.004977776959  -0.000059434514   0.094386192823  -0.133834983620
222  0.089477633634  0.089477633634  0.004951211672  -0.000071793499   0.094357051807  -0.132775799664
223  0.089523756759  0.089523756759  0.006369771054  -0.000211048297   0.095682479516  -0.167587468431
224  0.089535630367  0.089535630367  0.006332689652  -0.000207394838   0.095660925181  -0.166677847315
225  0.089584217057  0.089584217057  0.006198020345  -0.000219826747   0.095562410655  -0.162675017286
226  0.089604225049  0.089604225049  0.005093351504  -0.000156458150   0.094541118403  -0.134339779814
227  0.089624843163  0.089624843163  0.005103020722  -0.000129704967   0.094598158918  -0.135330884327
228  0.089637269120  0.089637269120  0.005125008410  -0.000133812975   0.094628464555  -0.135817415467
229  0.089647763603  0.089647763603  0.005087145164  -0.000188101275   0.094546807492  -0.133309842868
230  0.089652088589  0.089652088589  0.006052701972  -0.000130450437   0.095574340124  -0.161152755416
231  0.089670236199  0.089670236199  0.005189448946  -0.000120126269   0.094739558876  -0.137943367106
232  0.089707799757  0.089707799757  0.006407921656  -0.000339719168   0.095776002245  -0.165124285192
233  0.089715691954  0.089715691954  0.006221636401  -0.000848667705   0.095088660651  -0.146206000393
234  0.089743674940  0.089743674940  0.005293732638  -0.000069414390   0.094967993188  -0.142161013586
235  0.089755577313  0.089755577313  0.005523905503  -0.000166831780   0.095112651036  -0.145773475903
236  0.089771837951  0.089771837951  0.005558567817  -0.000266965589   0.095063440179  -0.143991904872
237  0.089775952518  0.089775952518  0.006134433157  -0.000188999501   0.095721386174  -0.161783573381
238  0.089813288782  0.089813288782  0.006035510263  -0.000242377826   0.095606421219  -0.157639244001
239  0.089823178136  0.089823178136  0.005540913524  -0.000184202344   0.095179889315  -0.145763610591
240  0.089841980105  0.089841980105  0.005445889437  -0.000114194637   0.095173674906  -0.145082879902
241  0.089887944236  0.089887944236  0.005555868071  -0.000126687192   0.095317125115  -0.147735612572
242  0.089942339550  0.089942339550  0.006186576948  -0.000326937960   0.095801978538  -0.159448980349
243  0.089956877042  0.089956877042  0.006108264598  -0.000299109842   0.095766031798  -0.158075233726
244  0.089986816338  0.089986816338  0.006079730156  -0.000187747461   0.095878799033  -0.160329097911
245  0.090060168864  0.090060168864  0.004773929529  -0.000053006132   0.094781092261  -0.128462934914
246  0.090066294504  0.090066294504  0.005027416874  -0.000042342770   0.095051368607  -0.135650845460
247  0.090087622056  0.090087622056  0.005506011859  -0.000041534398   0.095552099517  -0.148696081968
248  0.090106424868  0.090106424868  0.005118162729  -0.000046092198   0.095178495400  -0.138018140067
249  0.090123483167  0.090123483167  0.004763218422  -0.000037977662   0.094848723927  -0.128580416414
250  0.090181851075  0.090181851075  0.005005343283  -0.000099756403   0.095087437956  -0.133487886851
251  0.090194408148  0.090194408148  0.004948625321  -0.000102201180   0.095040832289  -0.131877985888
252  0.090238776838  0.090238776838  0.005388419489  -0.000143298973   0.095483897354  -0.142727072418
253  0.090263473452  0.090263473452  0.005235419359  -0.000046227366   0.095452665445  -0.141205179001
254  0.090305631661  0.090305631661  0.005483000260  -0.000109206937   0.095679424984  -0.146228439624
255  0.090340293360  0.090340293360  0.005471692574  -0.000176861547   0.095635124386  -0.144079764992
256  0.090374068177  0.090374068177  0.005312636669  -0.000033361460   0.095653343387  -0.143656469434
257  0.090388590451  0.090388590451  0.005324758995  -0.000066196107   0.095647153338  -0.143092858149
258  0.090401562807  0.090401562807  0.006925936416  -0.000166865412   0.097160633811  -0.183923784699
259  0.090461848810  0.090461848810  0.006259404737  -0.000075519914   0.096645733634  -0.168272163485
260  0.090519876215  0.090519876215  0.005378523507  -0.000186168577   0.095712231145  -0.141291246932
261  0.090533451008  0.090533451008  0.005272837059  -0.000149120539   0.095657167528  -0.139423499704
262  0.090546015930  0.090546015930  0.006240209068  -0.000141676801   0.096644548197  -0.165949600927
263  0.090564888022  0.090564888022  0.005443692498  -0.000182440241   0.095826140278  -0.143166039652
264  0.090570671636  0.090570671636  0.005576716364  -0.000154017180   0.095993370820  -0.147559236568
265  0.090573746076  0.090573746076  0.006369266833  -0.000150285752   0.096792727156  -0.169227181780
266  0.090609010906  0.090609010906  0.005569328974  -0.000129944675   0.096048395206  -0.148013261926
267  0.090635728567  0.090635728567  0.005821249145  -0.000406713512   0.096050264200  -0.147337094932
268  0.090653178839  0.090653178839  0.005722916794  -0.000100699590   0.096275396043  -0.152988401217
269  0.090666362093  0.090666362093  0.006311494423  -0.000085448995   0.096892407520  -0.169419412553
270  0.090677163668  0.090677163668  0.005132782817  -0.000067539556   0.095742406928  -0.137832360470
271  0.090684864768  0.090684864768  0.005093703654  -0.000096920040   0.095681648382  -0.135969477618
272  0.090695052525  0.090695052525  0.005148749009  -0.000090748476   0.095753053058  -0.137635275707
273  0.090746760421  0.090746760421  0.005004329376  -0.000038978134   0.095712111663  -0.135114158796
274  0.090763532983  0.090763532983  0.006274466287  -0.000152771074   0.096885228195  -0.166579897109
275  0.090775225163  0.090775225163  0.005228811798  -0.000109166988   0.095894869974  -0.139312702804
276  0.090783050516  0.090783050516  0.006266309598  -0.000162765582   0.096886594532  -0.166085977641
277  0.090804980968  0.090804980968  0.005685162016  -0.000161814926   0.096328328058  -0.150298007009
278  0.090812308968  0.090812308968  0.005634789215  -0.000168443863   0.096278654320  -0.148746909906
279  0.090825629614  0.090825629614  0.006519497325  -0.000359395096   0.096985731843  -0.167625005790
280  0.090840159743  0.090840159743  0.004929164939  -0.000070977032   0.095698347651  -0.132198094422
281  0.090850140532  0.090850140532  0.005327366322  -0.000131908075   0.096045598779  -0.141375692560
282  0.090875393361  0.090875393361  0.005790316957  -0.000118889971   0.096546820347  -0.154327468280
283  0.090886875227  0.090886875227  0.005286286605  -0.000133658116   0.096039503715  -0.140210234861
284  0.090902378932  0.090902378932  0.006519918664  -0.000348126499   0.097074171097  -0.167943105318
285  0.090906910479  0.090906910479  0.005344739911  -0.000122416069   0.096129234322  -0.142106743006
286  0.090922881486  0.090922881486  0.005149646433  -0.000074445984   0.095998081934  -0.138103309483
287  0.090945447605  0.090945447605  0.006685905075  -0.000375515253   0.097255837427  -0.171714541620
288  0.090966580600  0.090966580600  0.005626682875  -0.000124819313   0.096468444162  -0.149713410126
289  0.090984967018  0.090984967018  0.005665311835  -0.000138892145   0.096511386709  -0.150381616759
290  0.090998846175  0.090998846175  0.005495048773  -0.000216898659   0.096276996289  -0.143625854011
291  0.091018113739  0.091018113739  0.005162950917  -0.000186258965   0.095994805691  -0.135422755392
292  0.091034762435  0.091034762435  0.005188857020  -0.000134307476   0.096089311979  -0.137541369445
293  0.091043956723  0.091043956723  0.005201091884  -0.000126482988   0.096118565620  -0.138087212535
294  0.091050934382  0.091050934382  0.006428619887  -0.000299683284   0.097179870985  -0.166776945481
295  0.091068642385  0.091068642385  0.005387300630  -0.000297937735   0.096158005279  -0.138488689469
296  0.091099502337  0.091099502337  0.006229061007  -0.000466461194   0.096862102150  -0.156808408559
297  0.091130917213  0.091130917213  0.005178712289  -0.000185793795   0.096123835707  -0.135864302305
298  0.091148296439  0.091148296439  0.005125911410  -0.000185793352   0.096088414497  -0.134427528523
299  0.091185866555  0.091185866555  0.005810371739  -0.000114841051   0.096881397243  -0.154983363753
300  0.091221762791  0.091221762791  0.005903562168  -0.000186798449   0.096938526510  -0.155561144255
301  0.091241355451  0.091241355451  0.005348541932  -0.000238494348   0.096351403035  -0.139051548819
302  0.091257355328  0.091257355328  0.005680029788  -0.000242201473   0.096695183642  -0.147970921399
303  0.091321927847  0.091321927847  0.006185660192  -0.000243959796   0.097263628243  -0.161681986164
304  0.091338856845  0.091338856845  0.004880113372  -0.000136353078   0.096082617139  -0.129084358850
305  0.091376845359  0.091376845359  0.005731453147  -0.000208236209   0.096900062297  -0.150294465398
306  0.091378642095  0.091378642095  0.005032309987  -0.000377346721   0.096033605361  -0.126668067419
307  0.091435055772  0.091435055772  0.004987735409  -0.000043060456   0.096379730725  -0.134551528001
308  0.091442025584  0.091442025584  0.006014509746  -0.000296792217   0.097159743113  -0.155587098778
309  0.091504238749  0.091504238749  0.004862632137  -0.000050522723   0.096316348162  -0.130944234095
310  0.091522644305  0.091522644305  0.004838574902  -0.000042981534   0.096318237673  -0.130494809367
311  0.091560690459  0.091560690459  0.005952824947  -0.000285460422   0.097228054984  -0.154216923038
312  0.091574025189  0.091574025189  0.005165810356  -0.000411313083   0.096328522463  -0.129376527114
313  0.091587561063  0.091587561063  0.005923274126  -0.000178544466   0.097332290722  -0.156322136659
314  0.091634998664  0.091634998664  0.005795511888  -0.000254551858   0.097175958694  -0.150777279745
315  0.091649662059  0.091649662059  0.006277254237  -0.000083339520   0.097843576776  -0.168545090925
316  0.091676513136  0.091676513136  0.006303273860  -0.000381018356   0.097598768639  -0.161152863402
317  0.091783586626  0.091783586626  0.006439532367  -0.000367363345   0.097855755648  -0.165232220117
318  0.091792363687  0.091792363687  0.005997512541  -0.000165902607   0.097623973621  -0.158686270554
319  0.091831163885  0.091831163885  0.006368638358  -0.000318633560   0.097881168683  -0.164629100563
320  0.091853945908  0.091853945908  0.004938821711  -0.000044673497   0.096748094123  -0.133176624731
321  0.091894838979  0.091894838979  0.005092680694  -0.000077439971   0.096910079702  -0.136471721409
322  0.091950843287  0.091950843287  0.006039711642  -0.000102729331   0.097887825598  -0.161553600441
323  0.091974194568  0.091974194568  0.006313538498  -0.000341276951   0.097946456115  -0.162513597877
324  0.091987184562  0.091987184562  0.004832898092  -0.000140858894   0.096679223760  -0.127676955440
325  0.092000623814  0.092000623814  0.004870082125  -0.000168426977   0.096702278962  -0.127938618896
326  0.092097613669  0.092097613669  0.006348691868  -0.000263594353   0.098182711184  -0.165584022509
327  0.092119008754  0.092119008754  0.006121069075  -0.000274494244   0.097965583585  -0.159093486348
328  0.092200034314  0.092200034314  0.006215990150  -0.000373075635   0.098042948830  -0.158993884054
329  0.092229405639  0.092229405639  0.006022595638  -0.000291266139   0.097960735137  -0.155957499516
330  0.092275999991  0.092275999991  0.005597596977  -0.000066599005   0.097806997963  -0.150506198209
331  0.092457634819  0.092457634819  0.005416267591  -0.000060539862   0.097813362548  -0.145736849531
332  0.092459515071  0.092459515071  0.005611883651  -0.000186340820   0.097885057902  -0.147636616189
333  0.092463777316  0.092463777316  0.005269749147  -0.000012273334   0.097721253129  -0.143063277337
334  0.092469348390  0.092469348390  0.005345476118  -0.000047139037   0.097767685470  -0.144175169628
335  0.092477882774  0.092477882774  0.005502111872  -0.000155470648   0.097824523999  -0.145489593027
336  0.092493191170  0.092493191170  0.005603635164  -0.000175308503   0.097921517831  -0.147712368082
337  0.092541687119  0.092541687119  0.005582118871  -0.000250073797   0.097873732193  -0.145092411335
338  0.092562000600  0.092562000600  0.005530500868  -0.000088260018   0.098004241450  -0.148090992665
339  0.092564911338  0.092564911338  0.005518036278  -0.000118859456   0.097964088159  -0.146919160162
340  0.092591687245  0.092591687245  0.005290058312  -0.000062932044   0.097818813513  -0.142237423741
341  0.092604122119  0.092604122119  0.005436649100  -0.000100310923   0.097940460295  -0.145209232654
342  0.092632799991  0.092632799991  0.005394203714  -0.000112960455   0.097914043250  -0.143710022819
343  0.092654836413  0.092654836413  0.005417476069  -0.000111115758   0.097961196724  -0.144393492958
344  0.092674490164  0.092674490164  0.005423604294  -0.000137044958   0.097961049500  -0.143854680735
345  0.092695019694  0.092695019694  0.005482862136  -0.000127351650   0.098050530179  -0.145730938028
346  0.092711215685  0.092711215685  0.005452350562  -0.000125819092   0.098037747155  -0.144942378442
347  0.092727456224  0.092727456224  0.005533768547  -0.000150205455   0.098111019315  -0.146494288706
348  0.092772523364  0.092772523364  0.005435693448  -0.000131008434   0.098077208377  -0.144347905786
349  0.092803919304  0.092803919304  0.005572318370  -0.000116276403   0.098259961271  -0.148466540369
350  0.092820387768  0.092820387768  0.005492989464  -0.000140935302   0.098172441930  -0.145636886619
351  0.092842331489  0.092842331489  0.005452458145  -0.000106873892   0.098187915742  -0.145460831330
352  0.092869532992  0.092869532992  0.005404536004  -0.000128208136   0.098145860860  -0.143576268154
353  0.092914196122  0.092914196122  0.005332216935  -0.000107914916   0.098138498141  -0.142160571974
354  0.092937040166  0.092937040166  0.005380265483  -0.000124668566   0.098192637083  -0.143012149943
355  0.092945439059  0.092945439059  0.005317449542  -0.000099650803   0.098163237797  -0.141983608597
356  0.093038392368  0.093038392368  0.005272664568  -0.000142450162   0.098168606774  -0.139600316274
357  0.093055010798  0.093055010798  0.005309106552  -0.000096320356   0.098267796993  -0.141847210279
358  0.093091313655  0.093091313655  0.005210269833  -0.000106123216   0.098195460272  -0.138890975258
359  0.093105633091  0.093105633091  0.005367357919  -0.000097717176   0.098375273834  -0.143394302111
360  0.093132890506  0.093132890506  0.005387713159  -0.000090915251   0.098429688413  -0.144133286580
361  0.093169972735  0.093169972735  0.005286109334  -0.000103060956   0.098353021113  -0.141038002642
362  0.093201851229  0.093201851229  0.005357606566  -0.000133227082   0.098426230713  -0.142162679897
363  0.093250317348  0.093250317348  0.005378123265  -0.000119581800   0.098508858813  -0.143092275206
364  0.093272034216  0.093272034216  0.005397231180  -0.000153942893   0.098515322503  -0.142677214892
365  0.093289569113  0.093289569113  0.005397004964  -0.000111838655   0.098574735423  -0.143816774503
366  0.093311490573  0.093311490573  0.005369359973  -0.000137671586   0.098543178960  -0.142361565367
367  0.093346620866  0.093346620866  0.005560250989  -0.000144308541   0.098762563315  -0.147375376332
368  0.093365339076  0.093365339076  0.005861255563  -0.000185541810   0.099041052829  -0.154444117210
369  0.093391470519  0.093391470519  0.005355343535  -0.000176439939   0.098570374115  -0.140925217310
370  0.093410404999  0.093410404999  0.005284637370  -0.000083763601   0.098611278768  -0.141523056476
371  0.093465109243  0.093465109243  0.005383719003  -0.000165740029   0.098683088217  -0.141988513063
372  0.093494558440  0.093494558440  0.005538746362  -0.000210013718   0.098823291084  -0.145002275473
373  0.093511271660  0.093511271660  0.005390433087  -0.000193480256   0.098708224491  -0.141416362257
374  0.093537709277  0.093537709277  0.005455567409  -0.000224453360   0.098768823326  -0.142345936835
375  0.093575339104  0.093575339104  0.005633947882  -0.000263601593   0.098945685392  -0.146134640992
376  0.093595488284  0.093595488284  0.005648401338  -0.000361344880   0.098882544742  -0.143868208098
377  0.093622625060  0.093622625060  0.005570114571  -0.000289440224   0.098903299408  -0.143694541941
378  0.093684354423  0.093684354423  0.005417584658  -0.000227726284   0.098874212796  -0.141223312140
379  0.093707582608  0.093707582608  0.005204081861  -0.000165957383   0.098745707087  -0.137094420437
380  0.093745705986  0.093745705986  0.005270336581  -0.000157906804   0.098858135764  -0.139116371648
381  0.093821615682  0.093821615682  0.005147051038  -0.000173081378   0.098795585343  -0.135348678025
382  0.093855085737  0.093855085737  0.005303548184  -0.000132753447   0.099025880474  -0.140704563916
383  0.093880383920  0.093880383920  0.005268325722  -0.000111705940   0.099037003702  -0.140318843542
384  0.093912962021  0.093912962021  0.005431063323  -0.000210706720   0.099133318624  -0.142053211674
385  0.093930790990  0.093930790990  0.005083782740  -0.000099159434   0.098915414296  -0.135638578646
386  0.093983126029  0.093983126029  0.005063009223  -0.000141605711   0.098904529541  -0.133918279531
387  0.094004638161  0.094004638161  0.005107267292  -0.000110939605   0.099000965848  -0.135957071213
388  0.094020933604  0.094020933604  0.005273613043  -0.000171467160   0.099123079487  -0.138836532479
389  0.094041614758  0.094041614758  0.005101058532  -0.000087022818   0.099055650472  -0.136438931441
390  0.094073822415  0.094073822415  0.005218651554  -0.000165811143   0.099126662826  -0.137494861549
391  0.094101990589  0.094101990589  0.005032046823  -0.000115224507   0.099018812905  -0.133793618758
392  0.094138794894  0.094138794894  0.005070606384  -0.000117313366   0.099092087911  -0.134786037620
393  0.094175272702  0.094175272702  0.005060820790  -0.000166686465   0.099069407026  -0.133176246763
394  0.094210193880  0.094210193880  0.004972784798  -0.000110150185   0.099072828493  -0.132319095498
395  0.094233474736  0.094233474736  0.005451589861  -0.000038205527   0.099646859070  -0.147305766484
396  0.094277295392  0.094277295392  0.005091308945  -0.000103616472   0.099264987866  -0.135722094978
397  0.094297237604  0.094297237604  0.005555045416  -0.000124743874   0.099727539147  -0.147766107392
398  0.094298486252  0.094298486252  0.005114721590  -0.000130619154   0.099282588688  -0.135624405034
399  0.094329848642  0.094329848642  0.005228420414  -0.000186787989   0.099371481067  -0.137189876558
400  0.094335678052  0.094335678052  0.005453308732  -0.000109066225   0.099679920560  -0.145424320569
401  0.094388927804  0.094388927804  0.005371180786  -0.000136630075   0.099623478515  -0.142439453217
402  0.094418266180  0.094418266180  0.005032592762  -0.000123731755   0.099327127187  -0.133576980411
403  0.094440761521  0.094440761521  0.004805240148  -0.000076573615   0.099169428053  -0.128673636490
404  0.094458361020  0.094458361020  0.004765455652  -0.000062182916   0.099161633757  -0.127982635741
405  0.094481068391  0.094481068391  0.005457207895  -0.000070327309   0.099867948977  -0.146584562389
406  0.094497500311  0.094497500311  0.004718106562  -0.000044419036   0.099171187837  -0.127177580756
407  0.094516288477  0.094516288477  0.005027775707  -0.000070131531   0.099473932652  -0.134904438727
408  0.094534586621  0.094534586621  0.005036341484  -0.000069458543   0.099501469562  -0.135155838468
409  0.094586243617  0.094586243617  0.005454128343  -0.000156537288   0.099883834672  -0.144154869234
410  0.094636612797  0.094636612797  0.005419693452  -0.000167558505   0.099888747744  -0.142917944908
411  0.094639829611  0.094639829611  0.005465574142  -0.000155937347   0.099949466406  -0.144482650691
412  0.094672323053  0.094672323053  0.005389111001  -0.000114500026   0.099946934028  -0.143529549088
413  0.094708149206  0.094708149206  0.005336805917  -0.000120997279   0.099923957844  -0.141929455167
414  0.094733995565  0.094733995565  0.005552217901  -0.000102657709   0.100183555757  -0.148290162222
415  0.094746699515  0.094746699515  0.005435505168  -0.000293074655   0.099889130028  -0.139932733662
416  0.094763068419  0.094763068419  0.005385959330  -0.000118258431   0.100030769319  -0.143341516266
417  0.094799194220  0.094799194220  0.005208910691  -0.000083155194   0.099924949717  -0.139478983140
418  0.094827476807  0.094827476807  0.005443684980  -0.000073489761   0.100197672026  -0.146130530178
419  0.094839595100  0.094839595100  0.005311353224  -0.000090981290   0.100059967034  -0.142053628844
420  0.094873794842  0.094873794842  0.005361006653  -0.000097642721   0.100137158774  -0.143223501294
421  0.094897522656  0.094897522656  0.005416550798  -0.000121372481   0.100192700973  -0.144089215248
422  0.094929994828  0.094929994828  0.005236901391  -0.000103967442   0.100062928776  -0.139674318850
423  0.094949351879  0.094949351879  0.005373729961  -0.000130272160   0.100192809680  -0.142681827597
424  0.094987457292  0.094987457292  0.005367856057  -0.000153891292   0.100201422057  -0.141879280819
425  0.095000137712  0.095000137712  0.005263199284  -0.000118635675   0.100144701321  -0.139990778198
426  0.095043017550  0.095043017550  0.005135873863  -0.000104663523   0.100074227889  -0.136906277031
427  0.095056439540  0.095056439540  0.005172184039  -0.000104167670   0.100124455909  -0.137907820632
428  0.095081240758  0.095081240758  0.005142724854  -0.000090490789   0.100133474823  -0.137478362021
429  0.095107690643  0.095107690643  0.005300896901  -0.000153906559   0.100254680985  -0.140056812987
430  0.095132825920  0.095132825920  0.005263096989  -0.000174758406   0.100221164504  -0.138460816525
431  0.095141559713  0.095141559713  0.005167836970  -0.000138422225   0.100170974458  -0.136857416398
432  0.095164127381  0.095164127381  0.005243845975  -0.000207645031   0.100200328325  -0.137042078364
433  0.095178496687  0.095178496687  0.005609669201  -0.000066982081   0.100721183807  -0.150824276301
434  0.095193506306  0.095193506306  0.004842769950  -0.000087325121   0.099948951135  -0.129402311419
435  0.095209303727  0.095209303727  0.005604120522  -0.000096856158   0.100716568091  -0.149860373515
436  0.095213373861  0.095213373861  0.005084356925  -0.000133563674   0.100164167112  -0.134718015489
437  0.095228822051  0.095228822051  0.005246369877  -0.000147977697   0.100327214232  -0.138734388981
438  0.095241808996  0.095241808996  0.005538615906  -0.000113204228   0.100667220674  -0.147633047328
439  0.095276258061  0.095276258061  0.005290063874  -0.000125827572   0.100440494363  -0.140526099708
440  0.095297815487  0.095297815487  0.005039677751  -0.000105091886   0.100232401352  -0.134276989805
441  0.095311242948  0.095311242948  0.005572711638  -0.000122590086   0.100761364500  -0.148305437585
442  0.095336811583  0.095336811583  0.005177714390  -0.000142888835   0.100371637138  -0.137004652106
443  0.095346100190  0.095346100190  0.005236270245  -0.000163578809   0.100418791627  -0.138035035761
444  0.095359388875  0.095359388875  0.005493316892  -0.000205809377   0.100646896390  -0.143880481995
445  0.095379204837  0.095379204837  0.005299248898  -0.000163746663   0.100514707073  -0.139744205527
446  0.095401334226  0.095401334226  0.005352328269  -0.000065521662   0.100688140833  -0.143861409312
447  0.095402679289  0.095402679289  0.005723618281  -0.000111711276   0.101014586295  -0.152707846292
448  0.095417404307  0.095417404307  0.005306815310  -0.000094297936   0.100629921681  -0.141839895280
449  0.095429408850  0.095429408850  0.005748351460  -0.000092658875   0.101085101436  -0.153899313213
450  0.095432874924  0.095432874924  0.005395907940  -0.000115090695   0.100713692170  -0.143698430388
451  0.095448252542  0.095448252542  0.005374967975  -0.000085197591   0.100738022926  -0.143942057832
452  0.095449071772  0.095449071772  0.005780626129  -0.000135013256   0.101094684645  -0.153625030119
453  0.095512610938  0.095512610938  0.005587866152  -0.000379709712   0.100720767378  -0.141721228148
454  0.095528314430  0.095528314430  0.005341464900  -0.000086952870   0.100782826460  -0.142982628647
455  0.095563720536  0.095563720536  0.005493313375  -0.000157684348   0.100899349564  -0.145189935714
456  0.095580075330  0.095580075330  0.005533262755  -0.000134033829   0.100979304256  -0.146920577992
457  0.095596355618  0.095596355618  0.005899075632  -0.000201986892   0.101293444358  -0.155025760546
458  0.095602773184  0.095602773184  0.005403515576  -0.000174585416   0.100831703345  -0.142286510172
459  0.095624851501  0.095624851501  0.005425303854  -0.000181328232   0.100868827123  -0.142695918233
460  0.095628148624  0.095628148624  0.005653859537  -0.000159647506   0.101122360655  -0.149505201270
461  0.095640290284  0.095640290284  0.005479869194  -0.000272266660   0.100847892818  -0.141706155583
462  0.095673788614  0.095673788614  0.005346064129  -0.000155006215   0.100864846528  -0.141255953329
463  0.095732152414  0.095732152414  0.005400959628  -0.000232837494   0.100900274548  -0.140631838643
464  0.095752086878  0.095752086878  0.005609776593  -0.000121369471   0.101240494000  -0.149347241558
465  0.095756006957  0.095756006957  0.005388681694  -0.000118979565   0.101025709086  -0.143395972531
466  0.095778765198  0.095778765198  0.005441284316  -0.000119860566   0.101100188948  -0.144803390226
467  0.095783604130  0.095783604130  0.005416075297  -0.000136910227   0.101062769199  -0.143653472369
468  0.095790149406  0.095790149406  0.005659500475  -0.000119062417   0.101330587465  -0.150763076185
469  0.095798317819  0.095798317819  0.005355558762  -0.000116918827   0.101036957754  -0.142550726733
470  0.095827454444  0.095827454444  0.005644657942  -0.000134390962   0.101337721423  -0.149942078882
471  0.095839345052  0.095839345052  0.005242837281  -0.000080966262   0.101001216070  -0.140461737027
472  0.095849832281  0.095849832281  0.005451559688  -0.000150702414   0.101150689556  -0.144243747627
473  0.095864696210  0.095864696210  0.005464308211  -0.000147434267   0.101181570154  -0.144679583629
474  0.095885989322  0.095885989322  0.005520914643  -0.000131709002   0.101275194963  -0.146647830365
475  0.095902921094  0.095902921094  0.005509393183  -0.000152673836   0.101259640441  -0.145763832834
476  0.095917090321  0.095917090321  0.005548329168  -0.000153947300   0.101311472189  -0.146788682769
477  0.095922230189  0.095922230189  0.005480318438  -0.000141991438   0.101260557190  -0.145263351336
478  0.095950477467  0.095950477467  0.005910095006  -0.000153265389   0.101707307084  -0.156651393450
479  0.095993322282  0.095993322282  0.005821315847  -0.000090824670   0.101723813460  -0.155934687621
480  0.095998990151  0.095998990151  0.005274080033  -0.000074188420   0.101198881764  -0.141496330636
481  0.096042479808  0.096042479808  0.005211263351  -0.000090914336   0.101162828823  -0.139331865174
482  0.096052166558  0.096052166558  0.006003821923  -0.000175485428   0.101880503052  -0.158597195696
483  0.096052730059  0.096052730059  0.005183059302  -0.000100228819   0.101135560543  -0.138310933416
484  0.096055189776  0.096055189776  0.005152969217  -0.000098202928   0.101109956065  -0.137547267388
485  0.096069983060  0.096069983060  0.005188983210  -0.000085175419   0.101173790852  -0.138881755350
486  0.096083714750  0.096083714750  0.005179920690  -0.000097695624   0.101165939816  -0.138294459164
487  0.096100198364  0.096100198364  0.005296014251  -0.000167196345   0.101229016271  -0.139562315585
488  0.096108793035  0.096108793035  0.005888489702  -0.000149643644   0.101847639093  -0.156162035627
489  0.096138420021  0.096138420021  0.005067407549  -0.000077810424   0.101128017147  -0.135773923215
490  0.096173938443  0.096173938443  0.005320853888  -0.000206363647   0.101288428684  -0.139172439733
491  0.096175631237  0.096175631237  0.005802415303  -0.000212709348   0.101765337192  -0.152103724614
492  0.096188307952  0.096188307952  0.005382025860  -0.000195697842   0.101374635971  -0.141127246245
493  0.096193104503  0.096193104503  0.005757319117  -0.000124111325   0.101826312295  -0.153287470511
494  0.096213253217  0.096213253217  0.005194962551  -0.000216483080   0.101191732688  -0.135471396267
495  0.096221252450  0.096221252450  0.005275979269  -0.000201025628   0.101296206091  -0.138096593505
496  0.096253158163  0.096253158163  0.005351379791  -0.000227816431   0.101376721523  -0.139419332016
497  0.096259768826  0.096259768826  0.005724343445  -0.000168965183   0.101815147089  -0.151169620049
498  0.096290670274  0.096290670274  0.005436438841  -0.000279708559   0.101447400556  -0.140321850404
499  0.096310703739  0.096310703739  0.005454054599  -0.000290087822   0.101474670517  -0.140518765564
500  0.096325508618  0.096325508618  0.005705236174  -0.000193305101   0.101837439691  -0.149987361205
501  0.096356618218  0.096356618218  0.005700921935  -0.000128412671   0.101929127482  -0.151635778587
502  0.096374000728  0.096374000728  0.005744072604  -0.000222190003   0.101895883329  -0.150258156219
503  0.096404663306  0.096404663306  0.005751545637  -0.000172191371   0.101984017572  -0.151822040663
504  0.096436460060  0.096436460060  0.005774049642  -0.000222991552   0.101987518150  -0.151052062107
505  0.096478700542  0.096478700542  0.005758766834  -0.000209384469   0.102028082907  -0.151006463294
506  0.096500592515  0.096500592515  0.005760064039  -0.000195971768   0.102064684786  -0.151406740434
507  0.096594913464  0.096594913464  0.005527893506  -0.000084214037   0.102038592933  -0.148130139502
508  0.096607817106  0.096607817106  0.005558186024  -0.000082529565   0.102083473564  -0.149000278145
509  0.096619706318  0.096619706318  0.005565905386  -0.000073411718   0.102112199986  -0.149458442201
510  0.096639346373  0.096639346373  0.005474489270  -0.000069637950   0.102044197693  -0.147073571216
511  0.096657807240  0.096657807240  0.005662358483  -0.000252750331   0.102067415392  -0.147203011279
512  0.096660924957  0.096660924957  0.005517850084  -0.000090748412   0.102088026629  -0.147679034428
513  0.096689824158  0.096689824158  0.005567562038  -0.000135136132   0.102122250064  -0.147823914302
514  0.096689930837  0.096689930837  0.005626098200  -0.000167534984   0.102148494053  -0.148535147096
515  0.096707490584  0.096707490584  0.005544160666  -0.000084626919   0.102167024331  -0.148561556604
516  0.096740576437  0.096740576437  0.005423815529  -0.000124685956   0.102039706011  -0.144196734480
517  0.096742887524  0.096742887524  0.005412084957  -0.000105848162   0.102049124319  -0.144390131934
518  0.096764757938  0.096764757938  0.005514367753  -0.000159199253   0.102119926438  -0.145721632117
519  0.096778652980  0.096778652980  0.005434511993  -0.000101504392   0.102111660582  -0.145118603037
520  0.096783883171  0.096783883171  0.005492151346  -0.000137316265   0.102138718252  -0.145712559329
521  0.096795492430  0.096795492430  0.005524338465  -0.000100277159   0.102219553736  -0.147596301822
522  0.096815699779  0.096815699779  0.005334060326  -0.000091091623   0.102058668482  -0.142668518561
523  0.096832122433  0.096832122433  0.005452779789  -0.000082569364   0.102202332858  -0.146130943970
524  0.096848570422  0.096848570422  0.005493264830  -0.000112170116   0.102229665136  -0.146427120717
525  0.096864877944  0.096864877944  0.005498597268  -0.000132862272   0.102230612941  -0.146009161278
526  0.096865035563  0.096865035563  0.005459091738  -0.000120632293   0.102203495007  -0.145266955330
527  0.096875820556  0.096875820556  0.005448519821  -0.000096898320   0.102227442057  -0.145625113292
528  0.096899602258  0.096899602258  0.005322100142  -0.000105742067   0.102115960332  -0.141944406107
529  0.096923357853  0.096923357853  0.005333996026  -0.000114578620   0.102142775259  -0.142027654806
530  0.096935444603  0.096935444603  0.005443459172  -0.000160615438   0.102218288337  -0.143753573983
531  0.096939063928  0.096939063928  0.005261681995  -0.000119521861   0.102081224061  -0.139925376253
532  0.096966729372  0.096966729372  0.005353240269  -0.000144886576   0.102175083066  -0.141726595698
533  0.096990821125  0.096990821125  0.005240314403  -0.000114087725   0.102117047803  -0.139491804633
534  0.097005756221  0.097005756221  0.005292995976  -0.000205634828   0.102093117370  -0.138434219165
535  0.097020613222  0.097020613222  0.005231136154  -0.000141948740   0.102109800636  -0.138483914393
536  0.097037477177  0.097037477177  0.005573698544  -0.000207843817   0.102403331904  -0.146012419302
537  0.097052657094  0.097052657094  0.005294723129  -0.000209791477   0.102137588746  -0.138368109172
538  0.097082918173  0.097082918173  0.005218151032  -0.000202527604   0.102098541602  -0.136482135362
539  0.097114449246  0.097114449246  0.005545300423  -0.000112415916   0.102547333753  -0.147836393465
540  0.097120805892  0.097120805892  0.005385110342  -0.000203026088   0.102302890146  -0.141011767484
541  0.097144294990  0.097144294990  0.005442190700  -0.000135518244   0.102450967447  -0.144401986877
542  0.097177912907  0.097177912907  0.005330615191  -0.000225144140   0.102283383959  -0.138927014971
543  0.097197558515  0.097197558515  0.005119958703  -0.000195793996   0.102121723223  -0.133993415516
544  0.097203187080  0.097203187080  0.005361983964  -0.000173730725   0.102391440320  -0.141179634200
545  0.097272862683  0.097272862683  0.005779729322  -0.000167578528   0.102885013477  -0.152714480117
546  0.097336444152  0.097336444152  0.005421746460  -0.000173349374   0.102584841237  -0.142816232442
547  0.097349594935  0.097349594935  0.005814107059  -0.000133091694   0.103030610299  -0.154588381489
548  0.097366337973  0.097366337973  0.005354575543  -0.000220757099   0.102500156417  -0.139698387211
549  0.097416097220  0.097416097220  0.005948613736  -0.000138127057   0.103226583899  -0.158111477218
550  0.097476478233  0.097476478233  0.005828686185  -0.000093542692   0.103211621727  -0.156061283667
551  0.097524274116  0.097524274116  0.005483345185  -0.000195348043   0.102812271258  -0.143893805436
552  0.097551509436  0.097551509436  0.005885145195  -0.000030334303   0.103406320328  -0.159317601116
553  0.097567745300  0.097567745300  0.005482737050  -0.000185793423   0.102864688927  -0.144137251821
554  0.097578601832  0.097578601832  0.005827858103  -0.000173111133   0.103233348802  -0.153873581698
555  0.097613307403  0.097613307403  0.005869443148  -0.000179617276   0.103303133274  -0.154828127723
556  0.097617753733  0.097617753733  0.005429121538  -0.000184714013   0.102862161258  -0.142707670913
557  0.097688026079  0.097688026079  0.005875497429  -0.000155458214   0.103408065293  -0.155650275082
558  0.097714016543  0.097714016543  0.005975020165  -0.000266704184   0.103422332524  -0.155331269483
559  0.097735497795  0.097735497795  0.005526608252  -0.000162265784   0.103099840263  -0.145971268633
560  0.097816997295  0.097816997295  0.005781911479  -0.000182994236   0.103415914538  -0.152354376676
561  0.097854758822  0.097854758822  0.005875638894  -0.000377119950   0.103353277766  -0.149622398396
562  0.097885241863  0.097885241863  0.005814737404  -0.000354509653   0.103345469614  -0.148580441423
563  0.097906533806  0.097906533806  0.005490146895  -0.000209712129   0.103186968573  -0.143688022604
564  0.097956613332  0.097956613332  0.005420448440  -0.000200722587   0.103176339185  -0.142036048068
565  0.098016109044  0.098016109044  0.005393514533  -0.000114408025   0.103295215552  -0.143651878825
566  0.098075684948  0.098075684948  0.005395439959  -0.000238842750   0.103232282157  -0.140318229291
567  0.098096071966  0.098096071966  0.005603157964  -0.000046036446   0.103653193483  -0.151217056464
568  0.098136153767  0.098136153767  0.005605333558  -0.000127912158   0.103613575167  -0.149048304686
569  0.098146148625  0.098146148625  0.005628195104  -0.000086445205   0.103687898525  -0.150798773220
570  0.098186158242  0.098186158242  0.005392015051  -0.000121856826   0.103456316467  -0.143408383516
571  0.098206854260  0.098206854260  0.005378448212  -0.000141651422   0.103443651050  -0.142500572180
572  0.098228626855  0.098228626855  0.005410688676  -0.000203180873   0.103436134658  -0.141703577827
573  0.098295409503  0.098295409503  0.005776721769  -0.000078681437   0.103993449835  -0.155051654705
574  0.098299908910  0.098299908910  0.005401040893  -0.000127806091   0.103573143713  -0.143492101509
575  0.098319923450  0.098319923450  0.005516779075  -0.000136664541   0.103700037984  -0.146400448618
576  0.098359806153  0.098359806153  0.005275360743  -0.000121147558   0.103514019338  -0.140253356677
577  0.098359982937  0.098359982937  0.005739884126  -0.000115755544   0.103984111520  -0.153040412506
578  0.098382767510  0.098382767510  0.005616519652  -0.000107758596   0.103891528566  -0.149901100607
579  0.098387031095  0.098387031095  0.005497490774  -0.000159960434   0.103724561436  -0.145241673096
580  0.098403585783  0.098403585783  0.005423787688  -0.000106291368   0.103721082103  -0.144696519360
581  0.098409060879  0.098409060879  0.005515950142  -0.000121326180   0.103803684840  -0.146795270462
582  0.098431242710  0.098431242710  0.005279508107  -0.000098873112   0.103611877705  -0.140972331116
583  0.098459717184  0.098459717184  0.005920821762  -0.000328798271   0.104051740675  -0.152166788030
584  0.098466386775  0.098466386775  0.005937363504  -0.000291829168   0.104111921112  -0.153622893046
585  0.098567470902  0.098567470902  0.005040125416  -0.000086092379   0.103521503939  -0.134806174579
586  0.098591755396  0.098591755396  0.005592313757  -0.000143528218   0.104040540935  -0.148269082810
587  0.098600172377  0.098600172377  0.005622260795  -0.000137591573   0.104084841600  -0.149245528090
588  0.098601920101  0.098601920101  0.005048103213  -0.000096871883   0.103553151431  -0.134729936216
589  0.098609728099  0.098609728099  0.005634278865  -0.000289655152   0.103954351813  -0.145434693726
590  0.098636183632  0.098636183632  0.005623286932  -0.000167511158   0.104091959406  -0.148459296897
591  0.098671481389  0.098671481389  0.005691710976  -0.000235231540   0.104127960825  -0.148478444514
592  0.098684938280  0.098684938280  0.004818732826  -0.000082678314   0.103420992792  -0.128874673756
593  0.098703167027  0.098703167027  0.005060919322  -0.000077432148   0.103686654201  -0.135607662886
594  0.098741175910  0.098741175910  0.005150529526  -0.000109484578   0.103782220858  -0.137173890496
595  0.098874853142  0.098874853142  0.005318219377  -0.000118912995   0.104074159524  -0.141480405686
596  0.098927805161  0.098927805161  0.005495996895  -0.000141611704   0.104282190352  -0.145700317188
597  0.098967606452  0.098967606452  0.005077487353  -0.000171806325   0.103873287479  -0.133490448706
598  0.099033447101  0.099033447101  0.005362093061  -0.000145019515   0.104250520646  -0.141963875078
599  0.099119157955  0.099119157955  0.005172746410  -0.000135475563   0.104156428802  -0.137071191919
600  0.099137761551  0.099137761551  0.005374273443  -0.000218327501   0.104293707493  -0.140300507397
601  0.099189270655  0.099189270655  0.005430110803  -0.000209777731   0.104409603727  -0.142052571341
602  0.099212949335  0.099212949335  0.005903269335  -0.000029231827   0.105086986843  -0.159840784244
603  0.099250818982  0.099250818982  0.004909282633  -0.000138944908   0.104021156707  -0.129807567974
604  0.099283698018  0.099283698018  0.005424019922  -0.000272191170   0.104435526770  -0.140188472912
605  0.099325686331  0.099325686331  0.005944116923  -0.000115557790   0.105154245463  -0.158603253974
606  0.099364307577  0.099364307577  0.005153075528  -0.000103789393   0.104413593712  -0.137398144733
607  0.099377665861  0.099377665861  0.006024205209  -0.000098926193   0.105302944876  -0.161235137404
608  0.099385015913  0.099385015913  0.005133461306  -0.000108744332   0.104409732886  -0.136729583444
609  0.099410145344  0.099410145344  0.005069794287  -0.000116934660   0.104363004971  -0.134774244466
610  0.099496114339  0.099496114339  0.005178105268  -0.000239021012   0.104435198596  -0.134399397342
611  0.099524293028  0.099524293028  0.005133783457  -0.000151185912   0.104506890573  -0.135583454837
612  0.099582063995  0.099582063995  0.005316400417  -0.000150371644   0.104748092767  -0.140574875346
613  0.099594449001  0.099594449001  0.006035317828  -0.000331261975   0.105298504855  -0.155215345453
614  0.099618034398  0.099618034398  0.005152634050  -0.000139304104   0.104631364344  -0.136419726509
615  0.099753910570  0.099753910570  0.005438699865  -0.000164887774   0.105027722661  -0.143507810336
616  0.099818180208  0.099818180208  0.004969287987  -0.000065527694   0.104721940501  -0.133438182850
617  0.099860992704  0.099860992704  0.005296784610  -0.000123541946   0.105034235369  -0.140771175433
618  0.099871305467  0.099871305467  0.004951530600  -0.000095883705   0.104726952361  -0.132128949892
619  0.099893845450  0.099893845450  0.005287675774  -0.000149409880   0.105032111344  -0.139819408548
620  0.099946838537  0.099946838537  0.004950035310  -0.000064879094   0.104831994753  -0.132931939869
621  0.100055339778  0.100055339778  0.004917836178  -0.000058806389   0.104914369567  -0.132221003196
622  0.100067022946  0.100067022946  0.005029030491  -0.000083523445   0.105012529992  -0.134574170431
623  0.100079282874  0.100079282874  0.005066650610  -0.000115663295   0.105030270189  -0.134723296228
624  0.100099712839  0.100099712839  0.005234360001  -0.000107668509   0.105226404331  -0.139504452867
625  0.100113723775  0.100113723775  0.005148409042  -0.000091252296   0.105170880521  -0.137612315060
626  0.100129315507  0.100129315507  0.005226144264  -0.000216412849   0.105139046922  -0.136321805450
627  0.100135138002  0.100135138002  0.005149765133  -0.000115985729   0.105168917406  -0.136976184884
628  0.100266067489  0.100266067489  0.005136035042  -0.000190679172   0.105211423359  -0.134570056742
629  0.100272431046  0.100272431046  0.005214932796  -0.000254394385   0.105232969457  -0.134983194932
630  0.100317584385  0.100317584385  0.005349012653  -0.000094795405   0.105571801634  -0.142974607235
631  0.100370493235  0.100370493235  0.005293760428  -0.000127658858   0.105536594805  -0.140576856253
632  0.100555421336  0.100555421336  0.005332348744  -0.000176809052   0.105710961028  -0.140289452782
633  0.100613340948  0.100613340948  0.005198513917  -0.000164738388   0.105647116477  -0.136976079425
634  0.100702793378  0.100702793378  0.005257547571  -0.000126473302   0.105833867647  -0.139623714354
635  0.100715143096  0.100715143096  0.005260517213  -0.000130838984   0.105844821326  -0.139585726186
636  0.100767651516  0.100767651516  0.005195638175  -0.000130724870   0.105832564822  -0.137823381916
637  0.100799171069  0.100799171069  0.005181534198  -0.000131399273   0.105849305994  -0.137421241493
638  0.100905513995  0.100905513995  0.005328599026  -0.000085504138   0.106148608883  -0.142671952226
639  0.100969596116  0.100969596116  0.005387060145  -0.000188375637   0.106168280624  -0.141463483610
640  0.101102951447  0.101102951447  0.005424656162  -0.000092335552   0.106435272058  -0.145099909056
641  0.101134058735  0.101134058735  0.005419124716  -0.000106763015   0.106446420436  -0.144556799195
642  0.101157625512  0.101157625512  0.005347837688  -0.000107997484   0.106397465717  -0.142583387743
643  0.101169867903  0.101169867903  0.005406272854  -0.000126888910   0.106449251848  -0.143659428264
644  0.101205094937  0.101205094937  0.005428379375  -0.000169234190   0.106464240121  -0.143108703266
645  0.101237806696  0.101237806696  0.005365871008  -0.000187027751   0.106416649953  -0.140923575416
646  0.101276524828  0.101276524828  0.004941532962  -0.000070112003   0.106147945786  -0.132558184277
647  0.101375779302  0.101375779302  0.005295958661  -0.000125836503   0.106545901460  -0.140686262097
648  0.101421601596  0.101421601596  0.005290635508  -0.000168641616   0.106543595488  -0.139376624596
649  0.101481944795  0.101481944795  0.004996975225  -0.000034798354   0.106444121666  -0.135027779706
650  0.101502338131  0.101502338131  0.005257657954  -0.000108642124   0.106651353961  -0.140111929350
651  0.101509989025  0.101509989025  0.005238719066  -0.000095588511   0.106653119580  -0.139951782790
652  0.101534438628  0.101534438628  0.005243570700  -0.000133626062   0.106644383265  -0.139048747502
653  0.101714118120  0.101714118120  0.005387962257  -0.000131259134   0.106970821243  -0.143042251350
654  0.101765073488  0.101765073488  0.005354654093  -0.000155945551   0.106963782029  -0.141464137603
655  0.101773846583  0.101773846583  0.005364202875  -0.000172857079   0.106965192378  -0.141263786980
656  0.102283226436  0.102283226436  0.005330529754  -0.000082757191   0.107530998998  -0.142799238306
657  0.102373727154  0.102373727154  0.005215132365  -0.000107692149   0.107481167370  -0.138980598684
658  0.102436335066  0.102436335066  0.005224738377  -0.000168318020   0.107492755423  -0.137592276911
659  0.102511609902  0.102511609902  0.005352907365  -0.000071847740   0.107792669527  -0.143705025875
660  0.102625599237  0.102625599237  0.005507143566  -0.000137186775   0.107995556028  -0.146124042229
661  0.102669603536  0.102669603536  0.005489596134  -0.000153519249   0.108005680421  -0.145202122546
662  0.103030559976  0.103030559976  0.005167971413  -0.000165333632   0.108033197757  -0.136128777705
663  0.103274970257  0.103274970257  0.005551690363  -0.000236685761   0.108589974859  -0.144628716226
664  0.103561456087  0.103561456087  0.005496190426  -0.000175314906   0.108882331607  -0.144788472130
665  0.103630548033  0.103630548033  0.005538846186  -0.000269417835   0.108899976383  -0.143388522619
666  0.104058903676  0.104058903676  0.005504550225  -0.000129003149   0.109434450752  -0.146276161685
