0	0.00170   	-0.00216  	-0.00323  	772.66386 	 (-0.00000  )
1	-0.00443  	0.00021   	0.01878   	787.25146 	 (-0.00000  )
2	-0.00218  	0.00274   	-0.01922  	789.17689 	 (-0.00000  )
3	0.00509   	-0.00055  	0.00300   	788.87319 	 (-0.00000  )
4	0.00597   	0.00184   	-0.08877  	965.66069 	 (-0.00000  )
5	-0.00977  	0.01501   	0.03925   	957.56281 	 (0.00000   )
6	0.01160   	-0.01135  	0.01414   	961.67242 	 (-0.00000  )
7	0.00101   	0.00395   	0.01055   	958.49996 	 (0.00000   )
8	-0.00049  	-0.01698  	0.02260   	950.49642 	 (0.00000   )
9	-0.01342  	0.00338   	-0.01521  	966.01392 	 (0.00000   )
10	-0.00072  	-0.00178  	-0.00786  	960.53647 	 (-0.00000  )
11	0.00177   	0.00177   	-0.00767  	955.59579 	 (0.00000   )
12	-0.00205  	-0.00067  	0.00599   	953.49782 	 (-0.00000  )
13	0.00470   	0.00052   	0.00310   	971.33260 	 (0.00000   )
14	0.00484   	0.00153   	-0.00791  	967.41391 	 (-0.00000  )
15	0.02923   	-0.03800  	0.01975   	945.85489 	 (-0.00000  )
16	-0.02329  	0.02988   	-0.11711  	939.93547 	 (-0.00000  )
17	-0.01257  	0.01479   	0.13438   	939.70637 	 (0.00000   )
18	-0.00557  	0.00264   	-0.02788  	939.11396 	 (-0.00000  )
19	-0.00304  	-0.00165  	0.37239   	926.01380 	 (-0.00000  )
20	0.00574   	-0.00196  	-0.35909  	928.92745 	 (0.00000   )
21	0.00423   	-0.00068  	-0.06795  	927.52855 	 (-0.00000  )
22	-0.00170  	-0.00121  	0.06570   	927.29461 	 (0.00000   )
23	0.00165   	-0.00008  	-0.00064  	968.92455 	 (0.00000   )
24	0.00237   	-0.00503  	-0.09209  	937.30193 	 (-0.00000  )
25	-0.00579  	0.00621   	0.09201   	939.37823 	 (0.00000   )
26	-0.00254  	0.00292   	0.03264   	938.62788 	 (-0.00000  )
27	0.00500   	-0.00286  	-0.03272  	939.22067 	 (-0.00000  )
28	-0.02855  	-0.01751  	-0.06627  	1127.31524	 (-0.00000  )
29	-0.00373  	0.00100   	-0.00743  	1048.51089	 (0.00000   )
30	-0.03136  	0.00313   	-0.00721  	1036.31977	 (-0.00000  )
31	0.01042   	-0.01462  	0.00371   	1087.64233	 (0.00000   )
32	-0.01009  	-0.00925  	-0.02154  	1063.52707	 (-0.00000  )
33	-0.01164  	0.01910   	-0.04607  	1077.50404	 (-0.00000  )
34	-0.02047  	0.01267   	-0.03593  	1044.40159	 (0.00000   )
35	-0.02002  	0.02441   	0.00491   	1023.86670	 (-0.00000  )
36	0.06207   	-0.05608  	0.03704   	1022.28127	 (-0.00000  )
37	-0.03449  	-0.02718  	-0.00182  	1025.48454	 (0.00000   )
38	0.01408   	0.00177   	-0.01758  	1062.93789	 (0.00000   )
39	-0.01434  	-0.01147  	-0.00747  	1082.66230	 (-0.00000  )
40	-0.04127  	0.03014   	0.02254   	1077.93130	 (0.00000   )
41	-0.04248  	-0.10400  	-0.00182  	1091.84933	 (0.00000   )
42	0.09923   	0.08843   	-0.03045  	1084.14473	 (0.00000   )
43	-0.00685  	-0.00342  	-0.01439  	1102.70295	 (-0.00000  )
44	0.05065   	-0.06902  	-0.03334  	1085.96870	 (0.00000   )
45	-0.09214  	0.00583   	0.05162   	1092.92901	 (-0.00000  )
46	0.01725   	0.01790   	-0.05331  	1069.56388	 (-0.00000  )
47	0.06295   	0.01578   	0.03270   	1083.94859	 (0.00000   )
48	0.00752   	0.00552   	-0.02010  	1081.73511	 (0.00000   )
49	-0.00524  	-0.00827  	0.03615   	1040.13096	 (-0.00000  )
50	0.01956   	-0.00243  	-0.01216  	1035.86734	 (-0.00000  )
51	0.00134   	0.00793   	-0.24767  	1048.96956	 (-0.00000  )
52	-0.00017  	0.02429   	0.28369   	1036.04693	 (0.00000   )
53	-0.11624  	0.05125   	0.11760   	1064.36297	 (0.00000   )
54	-0.12388  	-0.05236  	-0.52568  	1084.94569	 (-0.00000  )
55	0.18544   	0.02320   	0.18733   	1082.82365	 (-0.00000  )
56	-0.09081  	-0.00533  	0.05359   	1083.23665	 (0.00000   )
57	0.09227   	-0.01997  	0.19152   	1082.35957	 (-0.00000  )
58	0.02945   	0.01742   	-0.11270  	1048.76437	 (-0.00000  )
59	-0.01039  	-0.02357  	-0.07980  	1030.27526	 (-0.00000  )
60	0.02822   	0.00539   	0.39056   	1023.47166	 (0.00000   )
61	0.05138   	0.01114   	0.16114   	1056.44588	 (0.00000   )
62	0.00155   	0.00165   	-0.17698  	1080.07774	 (0.00000   )
63	-0.04219  	-0.02289  	-0.12863  	1072.93680	 (-0.00000  )
64	-0.01208  	0.01534   	0.00780   	1025.44356	 (-0.00000  )
65	-0.08726  	-0.12028  	-0.05692  	1021.95861	 (0.00000   )
66	-0.01775  	0.25013   	-0.13255  	1019.61984	 (-0.00000  )
67	0.20057   	-0.23937  	0.14426   	998.25452 	 (-0.00000  )
68	-0.09517  	0.10427   	0.01386   	1033.36553	 (0.00000   )
69	0.01311   	-0.03955  	0.05248   	1017.59929	 (-0.00000  )
70	-0.03928  	-0.06461  	0.09725   	1015.93079	 (-0.00000  )
71	-0.53507  	-0.43853  	-0.04622  	1023.11990	 (-0.00000  )
72	0.46629   	0.49742   	-0.07396  	1024.70843	 (0.00000   )
73	0.16517   	0.10051   	0.06970   	1030.48507	 (-0.00000  )
74	0.04372   	-0.01670  	-0.00835  	1072.82000	 (0.00000   )
75	-0.08810  	0.07501   	0.03618   	1017.39934	 (-0.00000  )
76	-0.11283  	-0.10539  	-0.00720  	1011.55968	 (-0.00000  )
77	0.04704   	-0.09322  	-0.00552  	1050.43599	 (0.00000   )
78	-0.01189  	-0.01549  	-0.11269  	1090.66464	 (-0.00000  )
79	0.03878   	0.12542   	0.03278   	1058.68683	 (-0.00000  )
80	-0.01928  	-0.14798  	-0.03388  	1044.14490	 (0.00000   )
81	0.07882   	0.00527   	0.15146   	1014.45788	 (0.00000   )
82	-0.02831  	0.05213   	0.07120   	1032.23560	 (0.00000   )
83	-0.02538  	0.05593   	-0.09355  	1014.46559	 (-0.00000  )
84	-0.11098  	0.04892   	0.04693   	1073.15716	 (-0.00000  )
85	0.10993   	-0.08702  	0.12235   	1061.84879	 (-0.00000  )
86	-0.03174  	-0.02008  	-0.00732  	1027.57654	 (-0.00000  )
87	-0.07192  	0.02494   	0.09206   	1027.64912	 (-0.00000  )
88	0.17364   	-0.08780  	0.06056   	1057.86896	 (-0.00000  )
89	-0.14393  	0.09725   	-0.04764  	1075.64432	 (-0.00000  )
90	0.03970   	0.04898   	-0.05133  	1090.55091	 (0.00000   )
91	0.03388   	0.02092   	-0.06155  	1065.92515	 (0.00000   )
92	-0.05660  	-0.04950  	0.01106   	1059.62854	 (-0.00000  )
93	0.03420   	0.02918   	-0.00309  	1007.03606	 (0.00000   )
94	-0.00563  	0.00967   	-0.01923  	1077.01150	 (-0.00000  )
95	0.12421   	-0.10318  	-0.05922  	1071.91273	 (0.00000   )
96	-0.06929  	0.09954   	-0.03489  	1014.75302	 (-0.00000  )
97	0.02292   	0.02056   	-0.00194  	1079.09296	 (0.00000   )
98	0.05591   	0.08582   	-0.01335  	1072.75684	 (0.00000   )
99	-0.43066  	-0.18785  	-0.00639  	1042.32244	 (0.00000   )
100	0.32173   	0.05401   	0.05515   	1071.45855	 (0.00000   )
101	-0.11982  	0.11651   	-0.05746  	1067.99302	 (0.00000   )
102	0.09564   	-0.12724  	-0.05296  	1060.60213	 (-0.00000  )
103	-0.01684  	0.01924   	-0.01481  	1053.21320	 (0.00000   )
104	-0.02077  	0.00149   	-0.15030  	1113.29182	 (-0.00000  )
105	-0.03536  	0.03867   	-0.31468  	1155.39009	 (0.00000   )
106	0.14471   	0.15649   	0.07142   	861.46727 	 (-0.00000  )
107	0.03154   	0.01761   	0.00358   	1055.02903	 (0.00000   )
108	-0.04867  	-0.04342  	0.06129   	916.78168 	 (-0.00000  )
109	-0.24633  	-0.09667  	-0.07846  	1198.75399	 (-0.00000  )
110	-0.06587  	-0.07108  	-0.21219  	1014.45866	 (0.00000   )
111	0.02179   	-0.00447  	0.25402   	1005.51773	 (-0.00000  )
112	-0.12020  	-0.09845  	0.04357   	886.43716 	 (0.00000   )
113	-0.13463  	-0.02342  	-0.10412  	1183.35844	 (-0.00000  )
114	-0.01673  	-0.01742  	0.01255   	1037.05513	 (0.00000   )
115	-0.10059  	0.01640   	-0.40301  	1172.98733	 (0.00000   )
116	-0.19973  	-0.15634  	0.04072   	885.88308 	 (-0.00000  )
117	0.09258   	0.03697   	0.02162   	1054.65713	 (-0.00000  )
118	0.02166   	-0.07189  	-0.26020  	1165.90761	 (-0.00000  )
119	0.74414   	0.60538   	0.15300   	1009.08179	 (-0.00000  )
120	-0.60942  	-0.73182  	-0.07560  	989.16965 	 (-0.00000  )
121	-0.22031  	0.08757   	-0.18357  	1031.32118	 (0.00000   )
122	-0.01560  	-0.01283  	0.02606   	1012.61790	 (0.00000   )
123	-0.01027  	-0.02231  	-0.04180  	1050.33229	 (-0.00000  )
124	0.09071   	-0.04046  	0.00104   	1061.05361	 (0.00000   )
125	-0.02526  	0.08387   	0.09405   	1053.15268	 (-0.00000  )
126	-0.08611  	-0.00243  	0.55500   	1178.90297	 (0.00000   )
127	-0.02692  	-0.00967  	0.02192   	965.34510 	 (0.00000   )
128	0.01227   	0.00626   	-0.00887  	1044.81763	 (-0.00000  )
129	0.10438   	-0.17668  	0.33748   	1185.89949	 (-0.00000  )
130	0.00206   	0.00024   	-0.10826  	1023.99911	 (0.00000   )
131	0.00235   	0.01605   	0.11823   	1038.55936	 (0.00000   )
132	-0.17871  	0.01845   	-0.04674  	1190.43000	 (-0.00000  )
133	-0.02172  	-0.01795  	-0.52034  	1132.80278	 (-0.00000  )
134	0.19606   	-0.33443  	0.61802   	1137.81658	 (-0.00000  )
135	0.11860   	0.23528   	0.63186   	1131.94285	 (-0.00000  )
136	0.21804   	-0.28578  	-0.84856  	1143.51114	 (0.00000   )
137	-0.46509  	0.29735   	-0.14634  	1136.95969	 (-0.00000  )
138	0.16304   	0.01351   	-0.21869  	1148.59974	 (0.00000   )
139	-0.21403  	-0.20587  	0.06482   	1173.41545	 (-0.00000  )
140	-0.03753  	0.16082   	0.18776   	1151.93794	 (0.00000   )
141	0.05601   	0.58048   	-0.21186  	1121.55993	 (-0.00000  )
142	-0.15416  	-0.55219  	-0.08403  	1115.45344	 (0.00000   )
143	0.02018   	-0.20405  	-0.36035  	1168.70641	 (0.00000   )
144	0.07177   	0.00357   	0.38327   	1175.18463	 (0.00000   )
145	0.02465   	0.05038   	-0.14998  	1164.89100	 (-0.00000  )
146	-0.05339  	-0.06508  	-0.14289  	1146.16762	 (0.00000   )
147	0.11047   	-0.04868  	-0.05747  	1156.12121	 (-0.00000  )
148	0.09561   	-0.04718  	-0.42420  	1163.94530	 (-0.00000  )
149	0.12858   	0.06442   	0.20192   	1174.96105	 (-0.00000  )
150	-0.11487  	0.03158   	0.10202   	1158.01296	 (-0.00000  )
151	-0.20900  	0.15543   	0.04229   	1173.83387	 (0.00000   )
152	-0.04120  	-0.35849  	-0.03791  	1167.90493	 (0.00000   )
153	0.03889   	0.02648   	-0.47612  	1179.89642	 (0.00000   )
154	-0.36583  	0.28003   	0.15319   	1160.71583	 (-0.00000  )
155	0.27838   	-0.26398  	0.25946   	1151.12162	 (-0.00000  )
156	0.31369   	-0.07550  	-0.37586  	1161.86630	 (0.00000   )
157	-0.03372  	0.04268   	-0.01205  	1174.09017	 (0.00000   )
158	0.17051   	0.02275   	0.02774   	1153.95788	 (0.00000   )
159	-0.13110  	-0.13268  	0.18567   	1146.88482	 (-0.00000  )
160	0.08700   	0.13899   	-0.91869  	1161.03706	 (-0.00000  )
161	-0.16286  	-0.36476  	-0.39054  	1150.60180	 (0.00000   )
162	-0.11412  	-0.19042  	0.10877   	1143.72180	 (-0.00000  )
163	-0.01806  	-0.46443  	-0.60933  	1154.77654	 (0.00000   )
164	-0.00240  	0.10272   	0.08035   	1159.39611	 (0.00000   )
165	-0.07184  	0.09121   	-0.13559  	1159.97580	 (0.00000   )
166	-0.37092  	0.10212   	-0.08356  	1160.34408	 (0.00000   )
167	0.13672   	-0.03385  	0.44696   	1157.48521	 (-0.00000  )
168	-0.23694  	-0.02771  	0.47791   	1163.03679	 (-0.00000  )
169	-0.26591  	0.11896   	0.53284   	1152.83850	 (0.00000   )
170	0.01430   	0.56465   	-0.50245  	1169.99414	 (-0.00000  )
171	-0.32900  	0.20705   	0.00093   	1168.47759	 (-0.00000  )
172	0.03139   	-0.05582  	-0.07910  	1166.69207	 (-0.00000  )
173	0.15558   	-0.04417  	-0.04061  	1176.65054	 (0.00000   )
174	-0.20412  	0.13261   	0.43158   	1183.61036	 (-0.00000  )
175	-0.30844  	-0.11816  	-0.19722  	1172.84207	 (0.00000   )
176	0.06513   	-0.11915  	-0.07334  	1169.86878	 (-0.00000  )
177	-0.04276  	-0.09807  	0.09892   	1166.38339	 (0.00000   )
178	0.12441   	-0.17468  	0.03001   	1161.84306	 (0.00000   )
179	0.07931   	0.30105   	0.28728   	1152.75195	 (-0.00000  )
180	0.28314   	0.04179   	-0.20460  	1156.67232	 (0.00000   )
181	-0.08758  	-0.26809  	-0.00557  	1167.01578	 (-0.00000  )
182	-0.17558  	0.12612   	-0.00848  	1155.27199	 (-0.00000  )
183	0.17081   	-0.09816  	0.26537   	1157.93881	 (0.00000   )
184	0.13131   	0.04345   	0.40053   	1168.65656	 (0.00000   )
185	-0.14068  	-0.31076  	0.15752   	1196.54367	 (-0.00000  )
186	0.38299   	0.05802   	0.06064   	1183.73308	 (-0.00000  )
187	0.01543   	0.14714   	-0.40213  	1182.78825	 (-0.00000  )
188	-0.20575  	-0.15651  	0.10515   	1162.69497	 (-0.00000  )
189	0.07336   	0.14771   	-0.51034  	1135.57401	 (-0.00000  )
190	-0.12914  	-0.02766  	-0.00926  	1162.37941	 (-0.00000  )
191	0.25558   	0.15051   	-0.04987  	1177.46587	 (0.00000   )
192	-0.09989  	-0.31429  	-0.61205  	1182.87023	 (0.00000   )
193	0.05041   	0.26260   	0.54234   	1195.60560	 (0.00000   )
194	-0.12488  	0.06820   	-0.31215  	1176.04120	 (-0.00000  )
195	-0.05771  	-0.09463  	0.57940   	1131.77519	 (-0.00000  )
196	0.08881   	-0.10962  	0.04187   	1187.68716	 (0.00000   )
197	-0.01515  	0.20332   	-0.05105  	1165.97630	 (0.00000   )
198	0.00090   	-0.03046  	-0.08242  	1176.04922	 (0.00000   )
199	-0.03641  	-0.00605  	0.31884   	1155.30126	 (0.00000   )
200	0.00097   	-0.08593  	-0.18652  	1165.85090	 (0.00000   )
201	0.29161   	0.22340   	-0.11757  	1145.96338	 (-0.00000  )
202	-0.11914  	-0.07956  	-0.29697  	1143.94706	 (0.00000   )
203	0.09688   	-0.01307  	0.82632   	1143.54101	 (0.00000   )
204	0.28703   	-0.21423  	0.24381   	1145.45926	 (-0.00000  )
205	-0.15363  	-0.04433  	0.00291   	1171.72421	 (0.00000   )
206	-0.04679  	0.34164   	-0.45136  	1166.51449	 (-0.00000  )
207	0.11626   	0.29317   	-0.21745  	1151.79469	 (0.00000   )
208	-0.20830  	-0.03871  	-0.29254  	1147.36072	 (0.00000   )
209	-0.02013  	-0.04169  	-0.13032  	1145.65682	 (0.00000   )
210	0.06554   	-0.20066  	-0.56404  	1127.64209	 (-0.00000  )
211	-0.01933  	-0.10409  	0.03782   	1133.94894	 (-0.00000  )
212	-0.15460  	0.22582   	0.52585   	1138.51603	 (-0.00000  )
213	-0.07530  	0.04688   	-0.05985  	1166.30392	 (0.00000   )
214	-0.10585  	-0.14119  	0.16725   	1138.87776	 (0.00000   )
215	-0.13250  	-0.04626  	-0.12318  	1136.81986	 (0.00000   )
216	0.08466   	-0.30167  	0.94581   	1110.10450	 (-0.00000  )
217	0.21705   	-0.29006  	-1.16371  	1108.12933	 (0.00000   )
218	0.05142   	0.02194   	0.10704   	1137.61612	 (-0.00000  )
219	0.33529   	-0.23786  	-0.93867  	1117.48821	 (0.00000   )
220	0.22183   	-0.24233  	0.07954   	1153.33617	 (-0.00000  )
221	-0.07930  	0.31910   	-0.27448  	1109.49067	 (0.00000   )
222	0.24343   	-0.00137  	-0.08236  	1135.28311	 (0.00000   )
223	0.00650   	0.08033   	-0.38076  	1135.02975	 (-0.00000  )
224	-0.25437  	-0.09300  	0.35523   	1142.25721	 (-0.00000  )
225	-0.05126  	0.11310   	-0.56218  	1128.13367	 (0.00000   )
226	0.05022   	0.08449   	0.21678   	1132.22111	 (-0.00000  )
227	-0.08280  	0.02755   	-0.03155  	1159.05385	 (-0.00000  )
228	-0.19201  	0.11038   	0.24680   	1166.73999	 (-0.00000  )
229	-0.13251  	0.04923   	0.55755   	1139.05208	 (-0.00000  )
230	0.04468   	0.01855   	-0.09178  	1110.21442	 (0.00000   )
231	0.08092   	-0.04611  	-0.09459  	1197.24471	 (0.00000   )
232	-0.06886  	-0.10544  	-0.02385  	1154.07118	 (0.00000   )
233	0.00826   	0.03934   	0.17383   	1151.66909	 (0.00000   )
234	-0.05386  	0.08974   	-0.11753  	1182.45368	 (0.00000   )
235	-0.11000  	0.01013   	-0.03549  	1167.88597	 (0.00000   )
236	-0.16089  	0.04751   	0.25427   	1166.82818	 (-0.00000  )
237	-0.08304  	0.03982   	-0.09896  	1118.94238	 (-0.00000  )
238	0.16447   	-0.00639  	-0.86354  	1119.29777	 (-0.00000  )
239	-0.03024  	0.02640   	-0.05508  	1173.53022	 (-0.00000  )
240	0.07037   	-0.06817  	0.20671   	1157.30487	 (0.00000   )
241	-0.03325  	0.00083   	-0.21459  	1162.51241	 (-0.00000  )
242	0.08939   	-0.25728  	0.31520   	1129.17346	 (0.00000   )
243	-0.23764  	0.07776   	0.62958   	1122.36880	 (-0.00000  )
244	-0.05467  	-0.03165  	-0.08543  	1131.53166	 (-0.00000  )
245	-0.43716  	-0.25648  	-0.60125  	1201.58305	 (0.00000   )
246	-0.12974  	0.20937   	0.19289   	1183.56723	 (0.00000   )
247	0.07558   	-0.01526  	0.17535   	1158.52189	 (0.00000   )
248	-0.52616  	0.40303   	0.49607   	1173.49981	 (-0.00000  )
249	0.80280   	-0.44938  	0.07625   	1182.13410	 (-0.00000  )
250	0.58741   	-0.42514  	-0.05235  	1163.62537	 (0.00000   )
251	-0.17660  	0.49484   	0.10753   	1160.32337	 (-0.00000  )
252	-0.09870  	0.09749   	0.00901   	1163.72608	 (-0.00000  )
253	0.08926   	-0.13967  	0.03335   	1154.42866	 (0.00000   )
254	0.01345   	0.03462   	-0.00917  	1163.35115	 (-0.00000  )
255	0.00994   	-0.00649  	0.05053   	1161.87877	 (-0.00000  )
256	0.00899   	0.01537   	0.00870   	1153.61861	 (0.00000   )
257	-0.00272  	-0.00629  	0.00334   	1153.95450	 (0.00000   )
258	-0.03489  	-0.10021  	-0.31175  	1198.79859	 (-0.00000  )
259	-0.03204  	0.06040   	-0.01702  	1152.32095	 (-0.00000  )
260	-0.32091  	-0.25673  	-0.13105  	1145.88934	 (0.00000   )
261	0.30923   	0.29359   	0.09908   	1163.74799	 (-0.00000  )
262	-0.00076  	-0.05577  	0.06922   	1153.08157	 (0.00000   )
263	0.12805   	0.19510   	-0.01318  	1141.06350	 (-0.00000  )
264	-0.03981  	-0.07446  	-0.36402  	1105.68631	 (-0.00000  )
265	-0.00522  	-0.00447  	-0.07718  	1164.30699	 (-0.00000  )
266	0.04095   	0.04794   	-0.41891  	1104.83739	 (0.00000   )
267	0.03723   	0.09205   	-0.14035  	1131.91222	 (-0.00000  )
268	0.12980   	0.10382   	0.47983   	1060.27708	 (0.00000   )
269	0.10209   	0.07428   	-0.02869  	1152.03004	 (-0.00000  )
270	-0.05391  	-0.04890  	-0.01359  	1152.52330	 (-0.00000  )
271	0.26304   	-0.07179  	0.04236   	1170.69767	 (0.00000   )
272	-0.07079  	0.08272   	0.07612   	1157.73768	 (-0.00000  )
273	-0.04289  	-0.05167  	0.09837   	1174.38399	 (0.00000   )
274	0.01008   	0.01975   	0.05774   	1150.90859	 (-0.00000  )
275	-0.07989  	-0.23916  	0.15416   	1142.76000	 (0.00000   )
276	0.04090   	-0.14894  	-0.15014  	1153.85773	 (0.00000   )
277	-0.16427  	-0.02458  	-0.18598  	1096.05447	 (-0.00000  )
278	0.01480   	-0.01782  	-0.33829  	1104.30524	 (0.00000   )
279	-0.06658  	-0.09096  	0.18248   	1197.99935	 (-0.00000  )
280	-0.09286  	0.03717   	0.10293   	1177.03359	 (-0.00000  )
281	-0.04438  	-0.04281  	-0.05653  	1144.30935	 (0.00000   )
282	-0.10207  	-0.16445  	0.23369   	1058.74645	 (-0.00000  )
283	-0.02245  	0.00249   	0.02420   	1131.90399	 (0.00000   )
284	-0.18977  	0.09592   	-0.02599  	1214.97054	 (0.00000   )
285	0.00896   	0.02475   	0.20787   	1138.69216	 (0.00000   )
286	-0.01225  	0.01838   	0.05841   	1131.79950	 (-0.00000  )
287	-0.27448  	-0.29181  	-0.27189  	1229.65303	 (-0.00000  )
288	0.11190   	0.19724   	0.27481   	1063.35593	 (-0.00000  )
289	-0.20107  	-0.12454  	-0.22578  	1052.80195	 (-0.00000  )
290	-0.24697  	-0.30375  	-0.02120  	1112.43233	 (0.00000   )
291	0.09312   	-0.04445  	0.32701   	1137.38314	 (-0.00000  )
292	0.34365   	0.30180   	0.80476   	1134.78975	 (0.00000   )
293	-0.05498  	0.00565   	-0.75451  	1124.83417	 (-0.00000  )
294	-0.30123  	0.03270   	-0.13954  	1241.04448	 (0.00000   )
295	-0.00467  	-0.01456  	0.03815   	1127.93701	 (-0.00000  )
296	-0.08394  	-0.07497  	-0.03811  	1156.27796	 (-0.00000  )
297	-0.00380  	0.01219   	-0.06055  	1119.42629	 (-0.00000  )
298	-0.01035  	0.04849   	0.02517   	1119.19239	 (-0.00000  )
299	-0.30096  	0.26325   	-0.08496  	1212.30761	 (0.00000   )
300	-0.46378  	0.31262   	0.38919   	1018.79046	 (-0.00000  )
301	-0.05539  	-0.12374  	-0.29753  	1091.04472	 (0.00000   )
302	0.05101   	-0.58322  	0.11564   	1052.14549	 (0.00000   )
303	-0.01075  	-0.01722  	-0.24162  	1249.94330	 (-0.00000  )
304	-0.02900  	-0.01989  	-0.00772  	1131.65896	 (0.00000   )
305	-0.49701  	0.19765   	-0.12900  	1237.58326	 (0.00000   )
306	0.01120   	-0.01277  	0.02200   	1161.66810	 (0.00000   )
307	-0.00406  	0.00653   	-0.02767  	1165.59210	 (0.00000   )
308	0.57351   	-0.05303  	-0.31256  	1250.26845	 (-0.00000  )
309	-0.00339  	-0.00158  	0.01041   	1168.01168	 (0.00000   )
310	0.00282   	0.04225   	-0.03063  	1168.97204	 (-0.00000  )
311	0.08217   	0.38834   	0.96032   	1246.88584	 (-0.00000  )
312	-0.01794  	-0.03502  	0.00365   	1153.74041	 (0.00000   )
313	0.16697   	-0.05706  	-0.17781  	1245.76772	 (-0.00000  )
314	0.02197   	-0.13965  	-0.64222  	1235.53474	 (-0.00000  )
315	-0.51139  	-0.60835  	0.05860   	1018.97906	 (0.00000   )
316	0.17224   	-0.32364  	-0.10648  	1245.86364	 (0.00000   )
317	-0.05151  	-0.04634  	-0.09635  	1263.77511	 (0.00000   )
318	0.40201   	0.42742   	0.30430   	1042.09972	 (-0.00000  )
319	0.20016   	-0.01757  	-0.00428  	1257.99381	 (-0.00000  )
320	0.14994   	0.10305   	-0.96925  	1149.62107	 (-0.00000  )
321	0.06976   	0.05976   	0.87934   	1139.12928	 (0.00000   )
322	0.40581   	0.13875   	-0.01970  	1039.58655	 (-0.00000  )
323	-0.03994  	-0.21158  	-0.34592  	1270.47684	 (0.00000   )
324	0.10518   	-0.04629  	-1.05045  	1166.03157	 (0.00000   )
325	-0.03683  	0.13380   	0.98719   	1168.67426	 (0.00000   )
326	-0.39582  	-0.27053  	0.54991   	1265.61500	 (0.00000   )
327	0.00708   	-0.02197  	-0.00471  	1271.47435	 (0.00000   )
328	-0.79089  	-0.45495  	0.05955   	1013.16690	 (0.00000   )
329	-0.10659  	-0.17795  	0.01714   	1259.76218	 (0.00000   )
330	0.19089   	-0.25701  	-0.09335  	1213.67593	 (-0.00000  )
331	0.01348   	-0.01089  	-0.00451  	1078.75024	 (0.00000   )
332	0.32411   	0.37267   	0.00288   	1239.78951	 (0.00000   )
333	0.00646   	-0.01146  	0.01782   	1084.83392	 (-0.00000  )
334	0.00860   	0.02729   	-0.01557  	1082.14546	 (0.00000   )
335	-0.22822  	-0.05641  	-0.47310  	1226.41528	 (0.00000   )
336	-0.25824  	0.13504   	0.09211   	1240.65721	 (-0.00000  )
337	-0.02716  	-0.00196  	0.00017   	1079.17005	 (-0.00000  )
338	0.10805   	0.22055   	0.07996   	1220.48008	 (-0.00000  )
339	-0.18213  	-0.49877  	-0.70856  	1232.23124	 (-0.00000  )
340	-0.05814  	0.14977   	0.01007   	1231.86580	 (-0.00000  )
341	0.51377   	-0.29364  	0.32191   	1227.65515	 (0.00000   )
342	0.26822   	0.04806   	-0.49543  	1232.00429	 (-0.00000  )
343	-0.29261  	-0.29496  	0.11973   	1233.51414	 (0.00000   )
344	-0.31846  	0.14986   	-0.58791  	1221.46512	 (-0.00000  )
345	-0.37611  	0.02192   	-0.39583  	1228.13670	 (0.00000   )
346	-0.08373  	-0.04155  	-0.08904  	1232.30951	 (-0.00000  )
347	-0.02918  	-0.35285  	-0.20674  	1233.71514	 (-0.00000  )
348	-0.20225  	0.21365   	-0.19619  	1229.14836	 (0.00000   )
349	-0.05986  	-0.33022  	-0.59767  	1223.48596	 (-0.00000  )
350	-0.07018  	0.18064   	-0.42851  	1238.83788	 (-0.00000  )
351	-0.20935  	-0.17622  	0.40556   	1238.57842	 (0.00000   )
352	-0.02344  	0.11288   	-0.25596  	1236.86314	 (-0.00000  )
353	-0.14253  	-0.14769  	-0.30158  	1250.00822	 (-0.00000  )
354	-0.07660  	-0.16505  	-0.46828  	1241.39948	 (0.00000   )
355	-0.18244  	-0.43821  	0.06136   	1259.71568	 (0.00000   )
356	-0.24193  	-0.08545  	-0.36840  	1243.85240	 (-0.00000  )
357	-0.30567  	0.10530   	-0.52291  	1246.95944	 (0.00000   )
358	-0.52074  	0.19131   	0.00803   	1252.53757	 (-0.00000  )
359	-0.11187  	-0.02216  	0.08299   	1217.02582	 (-0.00000  )
360	0.18136   	0.17740   	0.17932   	1247.67815	 (-0.00000  )
361	0.16599   	-0.04326  	0.40228   	1241.78047	 (-0.00000  )
362	0.30128   	-0.21765  	0.07030   	1233.26852	 (-0.00000  )
363	0.23652   	-0.03473  	-0.40547  	1219.87905	 (-0.00000  )
364	0.07391   	-0.13023  	-0.02519  	1231.61801	 (-0.00000  )
365	-0.01818  	-0.26048  	-0.09061  	1205.52497	 (0.00000   )
366	0.14382   	0.14665   	0.05783   	1225.34628	 (-0.00000  )
367	-0.36651  	-0.09655  	0.08672   	1204.61451	 (-0.00000  )
368	-0.62378  	-0.26895  	-0.48917  	1249.34078	 (0.00000   )
369	-0.52276  	0.13032   	-0.19452  	1230.33839	 (0.00000   )
370	0.06947   	0.04394   	0.32574   	1211.44689	 (-0.00000  )
371	0.19346   	0.05747   	-0.00753  	1233.00295	 (0.00000   )
372	0.04008   	0.01531   	0.37212   	1210.73953	 (0.00000   )
373	0.04226   	-0.28003  	0.25933   	1205.50675	 (0.00000   )
374	-0.00415  	-0.08648  	-0.43342  	1189.78258	 (0.00000   )
375	0.13791   	-0.34047  	0.09025   	1228.14382	 (-0.00000  )
376	-0.03855  	0.26855   	-0.55533  	1168.52651	 (0.00000   )
377	-0.08708  	-0.12690  	0.23309   	1215.19030	 (-0.00000  )
378	0.31123   	-0.23833  	-0.12736  	1175.56305	 (0.00000   )
379	-0.35209  	0.53677   	-0.47332  	1264.30549	 (0.00000   )
380	-0.28397  	-0.16255  	-0.16022  	1234.43383	 (0.00000   )
381	0.05451   	0.13547   	0.10066   	1234.04861	 (0.00000   )
382	0.12051   	-0.12312  	-0.10960  	1242.18066	 (-0.00000  )
383	0.12345   	-0.07964  	-0.16041  	1249.21100	 (-0.00000  )
384	-0.13033  	-0.10905  	-0.32306  	1251.55268	 (0.00000   )
385	0.18254   	-0.13576  	0.07525   	1243.93404	 (-0.00000  )
386	0.01840   	0.35407   	-0.19768  	1232.68834	 (0.00000   )
387	0.18921   	-0.00363  	-0.07390  	1246.59927	 (-0.00000  )
388	-0.03458  	-0.03170  	-0.40511  	1260.28906	 (-0.00000  )
389	-0.17958  	-0.15390  	-0.26525  	1247.94074	 (0.00000   )
390	0.12160   	0.00962   	-0.11996  	1279.81279	 (-0.00000  )
391	-0.29303  	0.26217   	0.04108   	1240.35514	 (0.00000   )
392	0.27009   	-0.14821  	0.05299   	1260.90743	 (0.00000   )
393	-0.00540  	0.00608   	0.28362   	1245.72022	 (-0.00000  )
394	0.47494   	-0.16221  	0.03014   	1236.39020	 (0.00000   )
395	0.16486   	0.34237   	0.20829   	1237.79773	 (-0.00000  )
396	-0.59385  	0.15327   	0.12806   	1296.16494	 (0.00000   )
397	0.17315   	0.11460   	-0.43406  	1238.35045	 (-0.00000  )
398	-0.15589  	-0.42804  	0.25843   	1289.23687	 (-0.00000  )
399	0.17713   	-0.03794  	-0.22169  	1286.91814	 (-0.00000  )
400	-0.26457  	-0.13398  	0.30799   	1239.58197	 (0.00000   )
401	-0.08464  	-0.19140  	0.10729   	1242.27318	 (0.00000   )
402	0.11733   	0.04131   	-0.14650  	1295.05525	 (0.00000   )
403	-0.16768  	-0.06065  	0.08702   	1283.14309	 (0.00000   )
404	0.04868   	0.10825   	-0.15034  	1285.44826	 (0.00000   )
405	-0.25302  	-0.23802  	-0.32104  	1233.45948	 (-0.00000  )
406	-0.10024  	0.12562   	0.02519   	1284.01974	 (-0.00000  )
407	-0.19301  	0.15509   	-0.00730  	1280.16047	 (-0.00000  )
408	0.08237   	-0.02664  	0.13374   	1279.86843	 (-0.00000  )
409	-0.04752  	-0.00746  	-0.34185  	1236.31821	 (-0.00000  )
410	-0.17251  	-0.12247  	0.01072   	1239.00381	 (0.00000   )
411	0.07383   	-0.08799  	0.25539   	1277.94738	 (0.00000   )
412	0.07645   	0.16556   	0.03149   	1250.95349	 (0.00000   )
413	0.04217   	-0.16573  	-0.06888  	1253.48937	 (0.00000   )
414	-0.21874  	-0.37693  	-0.32202  	1260.63997	 (-0.00000  )
415	0.01247   	-0.01262  	0.10808   	1244.44514	 (0.00000   )
416	-0.19145  	-0.13903  	-0.34324  	1259.01085	 (-0.00000  )
417	-0.16361  	-0.21853  	-0.13372  	1249.72342	 (-0.00000  )
418	0.24950   	0.07265   	-0.08427  	1277.46567	 (0.00000   )
419	-0.05797  	-0.01029  	-0.47492  	1262.86014	 (-0.00000  )
420	-0.25568  	-0.01974  	-0.47821  	1267.27605	 (0.00000   )
421	-0.05571  	-0.39659  	0.28191   	1255.21622	 (-0.00000  )
422	-0.37090  	-0.11668  	-0.70553  	1253.67833	 (0.00000   )
423	0.08823   	-0.01339  	0.17113   	1268.34340	 (-0.00000  )
424	0.67795   	0.71415   	0.12545   	1270.34909	 (-0.00000  )
425	0.20624   	0.14340   	0.32526   	1268.46995	 (0.00000   )
426	-0.32362  	0.08834   	-0.21643  	1276.53464	 (-0.00000  )
427	0.37462   	-0.01531  	0.65378   	1238.41585	 (-0.00000  )
428	0.08112   	-0.00968  	0.00976   	1231.43700	 (0.00000   )
429	-0.36914  	-0.15951  	0.19681   	1240.36077	 (-0.00000  )
430	-0.13742  	0.21410   	0.21418   	1238.09174	 (0.00000   )
431	0.18788   	-0.45857  	0.41838   	1243.72708	 (-0.00000  )
432	0.12848   	0.24310   	0.38137   	1295.41563	 (0.00000   )
433	-0.29169  	-0.24511  	0.34008   	1244.24156	 (0.00000   )
434	-0.18561  	-0.39273  	-0.35453  	1261.63790	 (0.00000   )
435	-0.33017  	-0.13357  	0.26658   	1237.54009	 (-0.00000  )
436	0.36509   	0.03880   	-0.10807  	1278.75163	 (0.00000   )
437	-0.27348  	0.31125   	-0.58408  	1287.22503	 (-0.00000  )
438	0.11531   	0.07958   	0.16460   	1242.32782	 (0.00000   )
439	0.21850   	-0.16251  	-0.07941  	1222.13832	 (-0.00000  )
440	-0.30200  	0.09540   	0.17667   	1242.03949	 (0.00000   )
441	-0.29929  	-0.37768  	-0.27276  	1230.19986	 (-0.00000  )
442	0.20099   	0.42171   	0.16171   	1225.63329	 (-0.00000  )
443	-0.25485  	-0.02563  	0.30696   	1229.54423	 (0.00000   )
444	0.34893   	0.35443   	-0.10774  	1203.54826	 (-0.00000  )
445	0.28447   	-0.52924  	-0.07683  	1228.77348	 (0.00000   )
446	0.04549   	0.30346   	0.18877   	1198.38908	 (-0.00000  )
447	-0.33630  	1.03017   	-0.20363  	1238.01252	 (-0.00000  )
448	0.24566   	-0.46890  	0.07277   	1207.27421	 (0.00000   )
449	-0.17125  	-0.42393  	0.01285   	1224.65004	 (0.00000   )
450	0.12173   	0.06136   	0.25784   	1191.14451	 (0.00000   )
451	-0.22278  	-0.09988  	-0.14873  	1181.64548	 (-0.00000  )
452	0.73343   	-0.06981  	0.36910   	1233.52891	 (-0.00000  )
453	-0.01272  	0.05799   	0.01347   	1142.35269	 (-0.00000  )
454	-0.01742  	-0.46050  	-0.17964  	1211.90683	 (0.00000   )
455	0.26730   	-0.25055  	0.59508   	1214.71530	 (0.00000   )
456	-0.52173  	0.13756   	0.33658   	1217.36319	 (-0.00000  )
457	-0.04252  	0.44556   	0.17699   	1217.06416	 (-0.00000  )
458	0.21068   	0.25803   	-0.26116  	1235.97885	 (0.00000   )
459	-0.22821  	-0.58708  	0.21903   	1258.05300	 (-0.00000  )
460	-0.00670  	-0.13628  	-0.57173  	1209.16048	 (0.00000   )
461	0.00948   	0.18660   	0.08138   	1236.22266	 (-0.00000  )
462	-0.24104  	-0.18647  	-0.47222  	1252.94405	 (0.00000   )
463	-0.09520  	0.26518   	-0.10275  	1242.38753	 (-0.00000  )
464	0.47299   	0.12365   	-0.09009  	1214.26938	 (0.00000   )
465	0.17177   	0.58691   	-0.10835  	1208.24484	 (-0.00000  )
466	-0.10514  	0.02126   	-0.32145  	1214.71432	 (0.00000   )
467	0.35491   	-0.22001  	-0.12343  	1232.34756	 (-0.00000  )
468	0.06452   	0.39908   	0.35559   	1214.16295	 (0.00000   )
469	0.24958   	0.06261   	-0.20807  	1209.34487	 (-0.00000  )
470	0.77282   	0.38265   	-0.08056  	1209.88809	 (-0.00000  )
471	-0.15711  	-0.12792  	0.44795   	1134.11778	 (0.00000   )
472	0.18797   	0.02198   	0.06763   	1247.44665	 (0.00000   )
473	0.63031   	-0.38023  	0.04639   	1274.53977	 (-0.00000  )
474	-0.00035  	-0.15053  	-0.19984  	1213.96811	 (0.00000   )
475	-0.48315  	0.75145   	-0.01895  	1241.80271	 (0.00000   )
476	0.31950   	-0.48595  	0.11751   	1206.45091	 (0.00000   )
477	0.03431   	-0.08008  	-0.22121  	1245.13795	 (0.00000   )
478	0.27702   	0.36957   	-0.13377  	1174.37578	 (-0.00000  )
479	-0.50111  	0.21652   	0.25533   	1169.37751	 (-0.00000  )
480	-0.69586  	-0.63911  	-0.36161  	1152.90121	 (0.00000   )
481	0.14148   	0.40128   	0.21637   	1255.47392	 (-0.00000  )
482	0.00386   	0.03740   	-0.26141  	1190.98781	 (-0.00000  )
483	0.12292   	-0.43656  	-0.24984  	1247.55400	 (-0.00000  )
484	-0.33639  	-0.13551  	0.05797   	1248.20152	 (-0.00000  )
485	-0.00161  	-0.27015  	-0.23039  	1221.97994	 (0.00000   )
486	-0.21897  	0.50650   	0.11687   	1244.91284	 (-0.00000  )
487	-0.23934  	-0.26958  	-0.13878  	1243.56437	 (-0.00000  )
488	0.09672   	0.09283   	0.05827   	1158.83048	 (-0.00000  )
489	-0.02775  	0.12939   	0.86880   	1315.58659	 (0.00000   )
490	-0.24277  	0.24463   	0.53264   	1230.28022	 (0.00000   )
491	0.02897   	0.29564   	0.07364   	1156.01150	 (0.00000   )
492	-0.00206  	-0.06240  	-0.26792  	1218.86362	 (0.00000   )
493	0.13809   	-0.14200  	-0.23932  	1153.39696	 (0.00000   )
494	-0.03134  	-0.16752  	-0.75834  	1291.64127	 (-0.00000  )
495	-0.30228  	0.44481   	-0.21575  	1261.04738	 (0.00000   )
496	0.23533   	-0.23574  	0.22359   	1212.87234	 (0.00000   )
497	-0.02130  	-0.25589  	-0.09744  	1127.58690	 (0.00000   )
498	0.15644   	-0.07103  	0.00832   	1206.77676	 (-0.00000  )
499	0.03228   	-0.21921  	0.19738   	1211.49797	 (-0.00000  )
500	0.34381   	-0.10205  	0.00265   	1137.23978	 (0.00000   )
501	0.03493   	-0.29381  	-0.43500  	1146.70081	 (0.00000   )
502	0.14459   	-0.10451  	-0.46076  	1133.40895	 (-0.00000  )
503	-0.41553  	0.45249   	-0.25237  	1146.13430	 (-0.00000  )
504	0.11676   	-0.14473  	0.18633   	1126.56216	 (0.00000   )
505	0.00617   	0.10819   	-0.34640  	1151.96493	 (0.00000   )
506	-0.67846  	-0.51877  	-0.21768  	1140.66532	 (0.00000   )
507	0.16362   	0.38307   	-0.24720  	1121.41498	 (-0.00000  )
508	0.19409   	0.67467   	0.12451   	1161.63947	 (0.00000   )
509	0.01173   	-0.53920  	0.05212   	1162.74850	 (-0.00000  )
510	-0.07904  	0.06916   	0.52857   	1127.84426	 (0.00000   )
511	0.15432   	-0.50033  	-0.02672  	1206.28340	 (0.00000   )
512	0.38393   	0.09337   	0.27169   	1165.29899	 (0.00000   )
513	-0.58446  	-0.25350  	0.06279   	1167.17028	 (0.00000   )
514	-0.63332  	-0.62303  	-0.07006  	1240.39329	 (-0.00000  )
515	0.15843   	-0.11240  	0.35981   	1178.34617	 (-0.00000  )
516	-0.49960  	-0.37468  	-0.36541  	1304.19953	 (-0.00000  )
517	-0.10667  	-0.14867  	-0.40878  	1197.04134	 (-0.00000  )
518	0.08177   	-0.77005  	0.06327   	1175.25553	 (-0.00000  )
519	-0.67603  	0.19987   	-0.18300  	1281.99186	 (-0.00000  )
520	0.38879   	0.24125   	0.13247   	1168.73904	 (0.00000   )
521	-0.40616  	0.67083   	0.12266   	1143.42293	 (-0.00000  )
522	0.33925   	0.01571   	-0.56149  	1180.46972	 (0.00000   )
523	-0.79983  	0.18504   	0.04959   	1147.14354	 (-0.00000  )
524	0.84296   	-0.28211  	-0.21550  	1140.60355	 (-0.00000  )
525	-0.27469  	0.20079   	-0.07648  	1142.66908	 (-0.00000  )
526	-0.28552  	0.18882   	-0.98869  	1298.00210	 (-0.00000  )
527	-0.05456  	-0.10505  	0.33900   	1125.57844	 (-0.00000  )
528	-0.21956  	-0.37137  	-0.80523  	1195.25879	 (-0.00000  )
529	-0.00987  	-0.09572  	0.11427   	1191.81859	 (0.00000   )
530	0.02098   	-0.60506  	-0.25106  	1127.20493	 (0.00000   )
531	-0.89613  	-0.41161  	-0.79184  	1326.44963	 (-0.00000  )
532	-0.42780  	-1.11198  	-1.01451  	1196.48798	 (0.00000   )
533	-0.49393  	-0.00325  	-0.40798  	1325.56322	 (-0.00000  )
534	-0.13017  	0.26001   	0.69250   	1198.00909	 (-0.00000  )
535	0.44446   	0.69614   	-0.24642  	1192.97888	 (0.00000   )
536	-0.24158  	0.17570   	-0.38053  	1273.40063	 (0.00000   )
537	0.07916   	0.41127   	0.61563   	1188.36769	 (0.00000   )
538	-0.65863  	-0.20992  	0.39471   	1197.26200	 (0.00000   )
539	-1.09613  	0.97137   	-0.02999  	1088.63278	 (0.00000   )
540	-0.19755  	-0.23334  	-0.52048  	1319.52211	 (-0.00000  )
541	0.70241   	-0.71064  	0.30091   	1104.08392	 (-0.00000  )
542	-0.16219  	0.51040   	0.70290   	1157.03682	 (-0.00000  )
543	0.93999   	-0.95513  	-0.06243  	1187.66867	 (-0.00000  )
544	-0.32459  	0.27550   	0.20606   	1330.85691	 (0.00000   )
545	0.16371   	0.18944   	0.14918   	1078.01172	 (0.00000   )
546	0.15071   	-0.19554  	-0.35771  	1298.45765	 (0.00000   )
547	0.55184   	0.20552   	0.31214   	1036.32923	 (-0.00000  )
548	0.11775   	-0.14062  	-1.00735  	1301.63408	 (0.00000   )
549	-0.02827  	0.38771   	0.56283   	1034.57315	 (-0.00000  )
550	-0.48103  	-0.11990  	0.08857   	1027.49409	 (0.00000   )
551	0.27300   	-0.12989  	-0.19938  	1304.20631	 (-0.00000  )
552	-0.01161  	-0.06766  	0.07897   	1124.69674	 (0.00000   )
553	-0.10854  	-0.43930  	0.11610   	1306.25490	 (-0.00000  )
554	0.47625   	0.59692   	-0.52194  	1015.74286	 (0.00000   )
555	-0.23664  	-1.01367  	0.14079   	1038.67810	 (0.00000   )
556	-0.01841  	0.20954   	-0.12256  	1343.97599	 (0.00000   )
557	0.05833   	0.30636   	0.55190   	1042.26815	 (-0.00000  )
558	0.26605   	-0.01546  	0.12797   	1080.39624	 (-0.00000  )
559	-0.29986  	-0.15670  	-0.38520  	1374.32775	 (-0.00000  )
560	-1.24214  	-0.52429  	-0.85557  	1014.35866	 (0.00000   )
561	-0.00078  	-0.01711  	0.04651   	1154.32044	 (0.00000   )
562	-0.01085  	0.00151   	-0.05341  	1163.01084	 (0.00000   )
563	0.10079   	-0.52384  	0.67357   	1332.12369	 (-0.00000  )
564	0.12190   	0.00629   	0.41142   	1312.04598	 (0.00000   )
565	0.22964   	0.25346   	1.08419   	1316.55559	 (0.00000   )
566	0.35127   	-0.05901  	-0.40028  	1247.36871	 (0.00000   )
567	0.04466   	-0.07396  	0.02574   	1137.83800	 (0.00000   )
568	0.15231   	0.04219   	-0.17625  	1169.45573	 (0.00000   )
569	0.01504   	-0.03192  	0.04863   	1129.04607	 (-0.00000  )
570	-0.13857  	-0.09438  	-0.37131  	1266.42809	 (0.00000   )
571	-0.16263  	-0.16509  	-0.17508  	1281.42182	 (0.00000   )
572	0.33510   	-0.15422  	-0.08264  	1276.92023	 (0.00000   )
573	0.00519   	-0.00133  	-0.00662  	1158.71921	 (-0.00000  )
574	0.46394   	-0.01978  	-0.42803  	1265.49583	 (-0.00000  )
575	0.19571   	0.05496   	-0.28353  	1204.61042	 (-0.00000  )
576	0.24945   	0.26654   	-0.16777  	1313.89692	 (-0.00000  )
577	-0.00300  	-0.00933  	0.00791   	1165.53509	 (-0.00000  )
578	0.20069   	0.05509   	0.00129   	1140.62708	 (-0.00000  )
579	-0.20375  	0.14218   	-0.11784  	1187.94830	 (0.00000   )
580	-0.47541  	0.25416   	-0.06788  	1212.84844	 (-0.00000  )
581	0.14120   	0.35336   	0.14797   	1182.28127	 (0.00000   )
582	0.01706   	-0.45005  	-0.34984  	1327.65056	 (-0.00000  )
583	0.00623   	0.00714   	0.06379   	1136.47538	 (-0.00000  )
584	0.00791   	0.00547   	-0.04252  	1132.42058	 (-0.00000  )
585	0.02950   	-0.53995  	0.15568   	1351.35507	 (0.00000   )
586	-0.00707  	-0.02040  	-0.02876  	1188.98831	 (0.00000   )
587	-0.02110  	0.01252   	0.01352   	1185.60979	 (-0.00000  )
588	-0.16240  	-0.46325  	-0.02731  	1367.65994	 (-0.00000  )
589	-0.03063  	-0.00137  	-0.00097  	1125.20828	 (-0.00000  )
590	-0.05106  	0.05508   	-0.01480  	1185.73008	 (0.00000   )
591	0.03513   	-0.05613  	0.00344   	1174.00172	 (0.00000   )
592	-0.78354  	0.06588   	0.35711   	1374.38987	 (-0.00000  )
593	-0.19716  	0.12750   	-0.61419  	1346.88531	 (-0.00000  )
594	-0.29743  	0.36488   	-0.22601  	1351.88562	 (0.00000   )
595	0.20775   	-0.11835  	-0.32753  	1319.84430	 (0.00000   )
596	0.20199   	-0.42499  	0.39309   	1287.68112	 (-0.00000  )
597	0.39035   	0.22463   	-1.06623  	1366.51126	 (-0.00000  )
598	-0.65274  	0.09603   	-1.01671  	1296.00184	 (-0.00000  )
599	-0.37521  	-0.44932  	-1.02690  	1335.87438	 (0.00000   )
600	-0.20480  	-0.25866  	-0.36069  	1304.35342	 (-0.00000  )
601	-0.36462  	-0.07734  	-1.30443  	1290.89307	 (0.00000   )
602	-0.22785  	-0.37500  	0.09079   	985.61058 	 (0.00000   )
603	-0.27373  	-0.10972  	-0.19165  	1357.10521	 (-0.00000  )
604	-0.14067  	-0.10966  	0.31902   	1288.41459	 (0.00000   )
605	0.33760   	0.36918   	0.10082   	982.01623 	 (-0.00000  )
606	-0.70870  	0.02926   	0.70398   	1386.23054	 (0.00000   )
607	0.33812   	0.13511   	0.06239   	982.15554 	 (-0.00000  )
608	-0.43864  	-0.39024  	-0.79829  	1346.17387	 (0.00000   )
609	0.17211   	-0.18668  	0.90649   	1305.22358	 (-0.00000  )
610	-0.09217  	-0.04663  	-0.51084  	1331.95745	 (0.00000   )
611	0.55513   	-0.41997  	0.72191   	1282.91539	 (-0.00000  )
612	0.03447   	-0.41482  	-0.67702  	1273.48867	 (-0.00000  )
613	-0.65264  	-0.29944  	0.08068   	978.57204 	 (0.00000   )
614	0.21600   	0.03998   	-0.32926  	1271.38694	 (-0.00000  )
615	-0.47610  	-0.01041  	-1.14308  	1273.59477	 (0.00000   )
616	-0.93504  	-0.82323  	-0.47180  	1345.29298	 (-0.00000  )
617	-0.18406  	-0.39799  	-0.39353  	1310.67325	 (0.00000   )
618	-0.61313  	-0.93137  	-0.25997  	1338.06723	 (-0.00000  )
619	-0.78117  	0.52227   	-1.96549  	1314.47952	 (-0.00000  )
620	0.22606   	-0.08628  	-0.13981  	1285.85755	 (0.00000   )
621	-0.01232  	-0.29570  	-0.13034  	1304.50261	 (-0.00000  )
622	-1.02378  	-0.48664  	-0.40747  	1335.92791	 (-0.00000  )
623	-1.03189  	-0.81366  	-1.14879  	1398.04901	 (-0.00000  )
624	-0.48977  	-0.02282  	-0.97630  	1253.36265	 (0.00000   )
625	-0.21341  	-0.29731  	-0.89581  	1274.13487	 (-0.00000  )
626	0.37300   	0.17252   	-0.38836  	1396.52514	 (-0.00000  )
627	-0.38019  	-0.27385  	-0.94174  	1258.80469	 (-0.00000  )
628	-2.03555  	0.00466   	0.07606   	1408.69122	 (-0.00000  )
629	0.31746   	-1.49666  	0.01278   	1411.22790	 (0.00000   )
630	-0.78817  	0.34134   	-1.27549  	1218.95114	 (-0.00000  )
631	-0.37101  	0.26462   	-1.34770  	1226.48335	 (-0.00000  )
632	0.34137   	0.36567   	-0.12759  	1308.58043	 (0.00000   )
633	-0.77950  	-0.07753  	-2.14715  	1326.88107	 (0.00000   )
634	-0.28270  	-0.01115  	-0.90015  	1294.16212	 (0.00000   )
635	0.79233   	0.12316   	1.20739   	1299.27081	 (0.00000   )
636	0.69071   	-1.10508  	-0.96734  	1293.25134	 (-0.00000  )
637	-1.27049  	0.83324   	-0.30478  	1301.00060	 (0.00000   )
638	0.53075   	0.17203   	1.03957   	1217.85731	 (0.00000   )
639	0.65111   	-0.09650  	0.71086   	1220.68896	 (0.00000   )
640	0.07868   	-0.01040  	0.22735   	1250.83667	 (0.00000   )
641	0.09307   	-0.03955  	-0.23885  	1247.29336	 (0.00000   )
642	0.35892   	0.03907   	1.12874   	1210.72048	 (0.00000   )
643	-0.24007  	-0.04032  	-0.60107  	1252.91484	 (-0.00000  )
644	0.00338   	0.03518   	0.63825   	1243.40214	 (-0.00000  )
645	0.68814   	-0.22658  	0.88962   	1212.24074	 (0.00000   )
646	-0.54068  	-0.74285  	-0.26623  	1208.87236	 (0.00000   )
647	-0.97122  	-0.55430  	-0.36028  	1288.98220	 (0.00000   )
648	1.55242   	0.65185   	1.00949   	1295.94187	 (-0.00000  )
649	-0.97742  	-0.82776  	-0.21607  	1203.49862	 (0.00000   )
650	-0.58709  	1.05886   	0.84001   	1233.13262	 (0.00000   )
651	-0.08478  	0.37886   	0.13884   	1187.85491	 (-0.00000  )
652	1.70828   	-1.34800  	0.71161   	1260.09114	 (-0.00000  )
653	0.19880   	-0.34053  	-0.75798  	1230.44486	 (0.00000   )
654	-0.35227  	0.23595   	-1.01256  	1175.66548	 (-0.00000  )
655	-0.58157  	0.00760   	-0.99203  	1173.06610	 (-0.00000  )
656	0.75918   	0.15042   	1.02650   	1093.85681	 (0.00000   )
657	-0.49880  	-1.02802  	-1.11018  	1485.19155	 (-0.00000  )
658	-0.78941  	-0.93021  	0.31680   	1485.48109	 (0.00000   )
659	0.26752   	-0.30475  	1.02100   	1091.22402	 (0.00000   )
660	-0.86752  	0.40265   	-0.27518  	1381.08948	 (-0.00000  )
661	-0.31402  	0.44663   	-2.31711  	1378.44303	 (0.00000   )
662	-0.67930  	-0.92454  	-1.10398  	1479.00867	 (-0.00000  )
663	-0.38777  	0.13938   	-2.00182  	1362.10149	 (-0.00000  )
664	0.81525   	0.01602   	0.48651   	1364.18139	 (0.00000   )
665	0.25795   	-0.06224  	1.22574   	1364.51385	 (0.00000   )
666	0.59266   	-0.11895  	0.21978   	1351.93419	 (0.00000   )
