0 0.05960117 0.07091765  0.00016795 -0.006321413070  0.008704900128 -0.011760683710  0.001171601450 -0.047490368367 -0.032272937182
1 3.96202545 0.07163548  0.74967224  2.482220618039  1.281936116591 -2.549503379659 -1.179067138840  0.034997612409  0.038400424140
2 4.26932065 0.07179364  0.87239315  3.017730313337  0.193765502396  3.011733428473  0.109708340478 -0.000402876639 -0.016827430357
3 4.59404280 0.07188020  1.01136544  0.042406606009 -0.007199709135 -0.039913825314  0.026752797959 -4.497931768851  0.932566381739
4 0.00000397 0.07520823  0.00000000  0.000001426422  0.000001971648  0.000002992184 -0.000000859118  0.000000309139 -0.000000172920
5 0.00000591 0.07535838  0.00000000 -0.000001900676 -0.000000416047  0.000000776843 -0.000000312798  0.000001638344 -0.000005271016
6 0.00008093 0.07560372  0.00000000  0.000013451898  0.000060678490 -0.000010754068 -0.000050684197 -0.000000786300  0.000001058146
7 0.00000441 0.07605169  0.00000000 -0.000002024052  0.000002963145 -0.000002362432 -0.000000683025  0.000000553046 -0.000000500349
8 0.00000489 0.07616596  0.00000000 -0.000001631930  0.000000428581 -0.000003137076  0.000003328992 -0.000000411667 -0.000000086855
9 0.00015535 0.07627524  0.00000000  0.000113461718  0.000006484581  0.000105820562 -0.000000327525 -0.000004511830  0.000000414241
10 0.00018599 0.07664977  0.00000000  0.000130568595  0.000030593987 -0.000125555346 -0.000029075324  0.000000563775  0.000000305910
11 0.00018332 0.07667406  0.00000000 -0.000076939421  0.000104673611  0.000071779998 -0.000107607415  0.000000293569  0.000000052819
12 0.00027464 0.07700217  0.00000000 -0.000190928927  0.000004313225 -0.000194919539  0.000003978030  0.000030726161 -0.000000749562
13 0.00000875 0.07718391  0.00000000  0.000001937317  0.000000001900  0.000002853609 -0.000000503512  0.000002139639  0.000007731620
14 0.00000222 0.07732880  0.00000000 -0.000000798594  0.000000436146  0.000001874540 -0.000000323018  0.000000687140  0.000000085329
15 0.00024963 0.07785645  0.00000000 -0.000087877271  0.000001977443 -0.000087023615  0.000003123451 -0.000216716981  0.000006477504
16 0.00000828 0.07789519  0.00000000  0.000002653464  0.000001862089  0.000001336076  0.000000729689  0.000007105740  0.000002305751
17 0.00000848 0.07792322  0.00000000 -0.000003916605  0.000004266959 -0.000001507387  0.000002780061 -0.000003641139  0.000003879921
18 0.00009131 0.07797899  0.00000000  0.000015358883  0.000061550450 -0.000021199258 -0.000061983155 -0.000004399654  0.000001532629
19 0.00020181 0.07818826  0.00000000 -0.000027315012  0.000137554654  0.000026172830 -0.000141141300 -0.000017784128 -0.000011694648
20 0.00009315 0.07819091  0.00000000 -0.000012086515 -0.000043606640  0.000006515381  0.000044771301 -0.000067376045 -0.000006500955
21 0.00000452 0.07830423  0.00000000  0.000000089469 -0.000000485702  0.000000611032 -0.000001159267 -0.000000915697 -0.000004203857
22 0.00000274 0.07834134  0.00000000  0.000000515873  0.000000637073 -0.000000916761 -0.000001847388 -0.000000786654 -0.000001405314
23 0.00038633 0.07869441  0.00000001  0.000000580497  0.000000548714  0.000000841837 -0.000000048411 -0.000317723204 -0.000219781218
24 0.00003344 0.07942849  0.00000000  0.000002308799  0.000001518111  0.000001468779  0.000001892889 -0.000021885831 -0.000025011631
25 0.00054580 0.07943896  0.00000002 -0.000049874139  0.000006659306 -0.000049453960  0.000007917001  0.000535493792 -0.000078155654
26 0.00000504 0.07945891  0.00000000 -0.000000265906  0.000001791715  0.000000048886  0.000000592674 -0.000000513159  0.000004638126
27 0.00000167 0.07947089  0.00000000  0.000000446172 -0.000000614895  0.000000455353 -0.000001182905 -0.000000694011  0.000000362560
28 0.08266400 0.07961675  0.00036270  0.003155047504  0.010538783781 -0.022287370059 -0.034877282773 -0.032362750383 -0.062863485163
29 0.21645263 0.07985851  0.00249434  0.018833474901  0.024960304703 -0.005356848090  0.003079117593  0.184900609862 -0.107924102652
30 0.12921574 0.08007314  0.00089131 -0.061242983981  0.020686817359 -0.009469698395  0.012601816722 -0.109481897315  0.016831280246
31 1.82876480 0.08025950  0.17894555  1.226615030649 -0.424046714718  1.199259753895 -0.470606240877 -0.006791810888  0.015501924837
32 1.67902437 0.08037853  0.15106463  1.075839702893 -0.473376561550 -1.033711795267  0.604385840256  0.043611949923  0.043151728609
33 1.00114909 0.08063634  0.05388118 -0.017565375979  0.086484733541 -0.077008459001 -0.062512092601  0.084450746876 -0.988706911788
34 2.08350021 0.08073013  0.23363154  0.867735561354  0.936983416806 -1.599261013622 -0.368921073801  0.021190820109  0.126026099072
35 1.66392155 0.08074168  0.14902948 -1.363337889234  0.238099860621 -0.376544733740  0.835464384731 -0.066539516576 -0.095073564840
36 0.70189672 0.08079799  0.02653724  0.192164830715  0.161570290627 -0.077389071282 -0.239060932631 -0.310520618107 -0.519677281542
37 3.52603143 0.08095617  0.67101322 -0.050102628237 -0.048843790371  0.005044360583 -0.094514256435 -3.104687386472  1.667321054118
38 1.14647144 0.08105060  0.07102176  0.262999487809  0.630567640217 -0.282485187967 -0.820531131503  0.240273555501 -0.191864202830
39 0.88306279 0.08106169  0.04214126 -0.591161793592  0.397164207459 -0.375633760465  0.345847911195 -0.085735885998 -0.067276097210
40 0.72978048 0.08121652  0.02883617 -0.144871330222  0.505363177583  0.156692037917 -0.446148886122  0.166257766893 -0.070406261606
41 1.04586391 0.08132265  0.05930218  0.442883516989 -0.545156237482  0.520503602264 -0.573332422148 -0.029068833453  0.003334243675
42 1.64380598 0.08132636  0.14650121  0.204088359014 -1.157138462088  0.254451524349 -1.116810503250  0.097261378036 -0.002356314935
43 0.84165503 0.08175509  0.03860929 -0.043356200108 -0.002222390806 -0.002433715598 -0.006732509060  0.133194083539 -0.829883468790
44 0.28109828 0.08208905  0.00432425  0.082566583227 -0.144724404965 -0.006128941799  0.182237001712 -0.092731542471 -0.096988767495
45 0.80362296 0.08209511  0.03534522 -0.278498412409  0.388224420045  0.295704355231 -0.356154063290  0.428226750824 -0.140944541200
46 1.68668886 0.08211782  0.15574572 -0.001242991530  0.074055350608 -0.062552764990 -0.037932818737  0.240893837100  1.666148848538
47 2.25109063 0.08214015  0.27749181  0.057513261482  0.057436442760 -0.078319218620 -0.055265073600  0.784122015456  2.106363415889
48 0.76916951 0.08221724  0.03242767 -0.486302474130  0.204795084611 -0.516100750730  0.190868718271  0.013394937326 -0.101095670366
49 1.59593416 0.08238782  0.13989484 -0.707533463951 -0.808295287527  0.699961116377  0.946608459149  0.074528354381  0.038644022561
50 1.73631122 0.08241668  0.16564526  1.003642169908  0.777739392339  0.902268848603  0.766865751436 -0.008031829102  0.019073900744
51 0.06246690 0.08258874  0.00021485  0.015273465574 -0.038514734370 -0.006035622029  0.020174731131  0.000559403892 -0.041733540222
52 0.12855352 0.08264319  0.00091051  0.021177939002 -0.028363107520 -0.006293054834 -0.010839154466  0.098508995533 -0.073565791497
53 2.28384901 0.08272715  0.28766802  0.007765200748  0.007650572849 -0.018182246909  0.026388662015 -1.984287704135 -1.130231321910
54 1.15102375 0.08275173  0.07308940  0.045921432113  0.073605674449  0.049259136872 -0.076241909931  0.941512827166 -0.650110308642
55 0.53691180 0.08275749  0.01590457 -0.038011478286  0.291056762716  0.214853378954  0.245605947926 -0.102731840480 -0.291680108251
56 0.57838987 0.08277981  0.01846182  0.270190875570  0.182536443812 -0.355179205145  0.049430996185  0.279087927220  0.147398817141
57 0.37748930 0.08278203  0.00786419 -0.255305245496  0.059733671901  0.155422331378 -0.160109341613 -0.036844309737 -0.150335239605
58 0.07794339 0.08285102  0.00033556  0.015966013908  0.036953346131  0.044764238604 -0.028986770291 -0.037589861798  0.014058507436
59 1.21253066 0.08287581  0.08123103  0.728329648732 -0.163243267853 -0.951397979191  0.078544783964  0.009849974885 -0.041155124156
60 1.00083909 0.08289451  0.05535579 -0.452630914395 -0.742420091461 -0.057815225645 -0.489831689524 -0.001116380692 -0.048348828440
61 0.14668323 0.08290712  0.00118922  0.037344629834 -0.009646664375 -0.018860051370  0.103296973639  0.028292419141 -0.090564131902
62 0.90609752 0.08294916  0.04540154 -0.619601821668  0.106137581531 -0.612178157123  0.225231359805 -0.001363524662  0.018654306325
63 0.26045841 0.08299674  0.00375359  0.143064991764 -0.066715879458 -0.191737585211 -0.017387466882 -0.072804850812  0.023533186196
64 0.02023932 0.08301192  0.00002267 -0.005325761029 -0.005982367972 -0.013240718352  0.012233523337  0.001489321520  0.004275951328
65 1.01633938 0.08331805  0.05737535  0.690103063960 -0.037901941934 -0.675645716004  0.012185235430  0.305825712673 -0.071357990606
66 0.95394390 0.08335893  0.05057159  0.023720633242  0.607694164262 -0.106962085295 -0.500320163622 -0.167770447765 -0.500245963921
67 0.56167493 0.08339493  0.01753955  0.368839216789  0.096665298931  0.397516653573 -0.033289860911  0.038397155474 -0.097417335817
68 0.97703526 0.08341494  0.05308515 -0.729082253932 -0.047115026886 -0.647495408992 -0.037205428708  0.006168831057 -0.012022514314
69 0.00009325 0.08368050  0.00000000 -0.000013204983  0.000052877290 -0.000005293931 -0.000075177746 -0.000000224169 -0.000006713539
70 1.86726420 0.08368452  0.19452051  0.051870067595 -0.930673459435  0.409828060597  1.556540827785  0.029686460926  0.161778605726
71 0.82930987 0.08371047  0.03838152  0.620946979816 -0.136881322511  0.498768712065 -0.165905772292 -0.070194201658 -0.047127772776
72 1.83205295 0.08372209  0.18733756  1.500819366135 -0.048701089241  1.008130592486 -0.291898487956 -0.004139928311  0.006186400529
73 0.15337895 0.08377423  0.00131386 -0.005812892360 -0.080876169214 -0.036639960234  0.071094495635 -0.085746490870  0.056577220169
74 0.15553414 0.08384648  0.00135221  0.045328935561 -0.005320667196  0.063266340503 -0.075926476836  0.110198966465 -0.014020536204
75 0.60761937 0.08387862  0.02064540  0.338940490160 -0.149266129649 -0.269279932704  0.143390448721 -0.317553845536  0.195262170672
76 0.00003309 0.08389165  0.00000000 -0.000008478501  0.000014824706 -0.000007617765  0.000026912471  0.000004306563  0.000001604601
77 0.45455271 0.08389433  0.01155606 -0.073795583637 -0.222765389014  0.039521976188  0.214121471136  0.075264947735  0.313804331585
78 0.11367564 0.08393442  0.00072308  0.037146725333  0.002512170324  0.013574176606  0.025310106159 -0.066133137113  0.079608475570
79 1.68045489 0.08397079  0.15808502 -0.035843106298  0.031269209798  0.010077433725 -0.073389495088 -0.928136227787  1.398120776032
80 0.68756145 0.08398121  0.02646756  0.075115449595 -0.012909187005 -0.207293236166 -0.113283506794  0.641161162541  0.006363909374
81 0.00024780 0.08399286  0.00000000  0.000114477787  0.000207602692 -0.000010098052  0.000060390082 -0.000022766521 -0.000030539810
82 0.51339004 0.08400298  0.01476041 -0.142234391977  0.304410612672 -0.018686192770  0.011225358363 -0.158460039408  0.353677998682
83 0.00024656 0.08401444  0.00000000  0.000023598395  0.000069065249  0.000158881251 -0.000173517239  0.000007269980  0.000007716419
84 0.14512592 0.08404611  0.00118009 -0.041581190994  0.017314630240  0.012351394160  0.009885403578 -0.122720765368  0.061008828148
85 0.29495642 0.08405606  0.00487521 -0.090629467661  0.040311476124  0.075117898359 -0.184148113156 -0.145225502238  0.128518095948
86 1.11901060 0.08411015  0.07021430  0.712549115272 -0.112377278601  0.813069120774 -0.262723929548 -0.027365037139 -0.031236586165
87 0.00004750 0.08411797  0.00000000  0.000025785193  0.000028848134  0.000008344723 -0.000026099561 -0.000002728650 -0.000000892331
88 0.26301158 0.08412857  0.00387973  0.074070657584  0.008311961096 -0.160193060728 -0.068238338248 -0.032866636608 -0.179502188571
89 0.68277187 0.08412916  0.02614608 -0.145555591079  0.013208882926  0.030691046132 -0.072250939101  0.487542785710 -0.448281621320
90 0.22269818 0.08414385  0.00278205 -0.048943070664  0.136009232187 -0.125194807397 -0.100307508791  0.005969289976  0.054125566943
91 1.00936804 0.08415711  0.05716085 -0.670839749624  0.449394764596  0.453939650573 -0.371018202874 -0.101440644887  0.113297384644
92 0.28438987 0.08420317  0.00454010  0.065574698652 -0.003790847878 -0.062810496102  0.020522146849  0.216495132408 -0.159143732476
93 0.00014764 0.08420994  0.00000000 -0.000056221408 -0.000075753588  0.000087594490  0.000070430880  0.000010218786 -0.000012662051
94 0.32081387 0.08424974  0.00578074  0.082021933217  0.217549669865 -0.047579810219 -0.206865692374 -0.008051007207  0.061188304122
95 0.00004158 0.08425799  0.00000000 -0.000036108340 -0.000009673587  0.000014669830 -0.000005869353  0.000004677362  0.000007736129
96 0.00011654 0.08431041  0.00000000 -0.000082424559 -0.000026022916 -0.000071457112 -0.000031395360 -0.000004108650  0.000001060935
97 0.02961029 0.08432084  0.00004929  0.019875149793  0.000076237324  0.018796992240  0.003394880274  0.010260016610 -0.003409053014
98 0.91827022 0.08437023  0.04742845  0.600369174827  0.217023452819  0.624807739136  0.212535719456  0.000295488739  0.011028882305
99 0.08930452 0.08439641  0.00044872 -0.053915742827 -0.017163358015 -0.034087092953 -0.017682875359 -0.014902218657  0.055471791221
100 0.06649436 0.08440353  0.00024879 -0.011468736971 -0.043929084885  0.034424073207  0.015021038343  0.029908710105 -0.007417844262
101 0.46642519 0.08442555  0.01224466 -0.315409849162 -0.106864356821  0.262079524816  0.103635424752  0.151997507955  0.064186227838
102 0.40008237 0.08445420  0.00901216 -0.215607060076 -0.124017120164  0.192104412612  0.153152456386 -0.174675506061 -0.085603377758
103 0.37231902 0.08451106  0.00781003  0.007224707159 -0.003249348838  0.000115106908  0.006616261629 -0.092683789790 -0.360450589195
104 0.00001826 0.08456122  0.00000000  0.000013189942 -0.000003212445  0.000009726119  0.000006892584  0.000001997234 -0.000001693208
105 0.00003541 0.08476284  0.00000000 -0.000007162858 -0.000006725402 -0.000033509791 -0.000000973410 -0.000003325502  0.000004723206
106 0.26175361 0.08495041  0.00388025 -0.117933604801 -0.060660560133  0.131968134787 -0.085751096095 -0.149901000975  0.060726986270
107 0.08374299 0.08510258  0.00039788  0.028160667812 -0.053961671582  0.047553067068 -0.026191135753  0.018285728366 -0.005134796410
108 0.81591043 0.08517549  0.03780144  0.371920017034  0.543147738543 -0.422029078268 -0.221998230198  0.041726447112 -0.056947424797
109 0.00025052 0.08517758  0.00000000 -0.000211604031 -0.000030650927  0.000129851827  0.000009005049 -0.000007124756  0.000007152556
110 1.00883398 0.08519853  0.05780698 -0.623446981076 -0.311782365755 -0.273454592972  0.675591336684 -0.008849795918 -0.023921433381
111 1.06334819 0.08522439  0.06424268  0.683378344021  0.242696022103  0.444519728215  0.633266936814  0.071126022074  0.033441651696
112 0.44468188 0.08527033  0.01124102  0.156056266943  0.123213577501 -0.342909805904 -0.116820186460 -0.164198555283 -0.003401420069
113 0.00017556 0.08534053  0.00000000 -0.000092669808 -0.000029471675 -0.000146108486  0.000003272473 -0.000000463117  0.000002656672
114 0.12365484 0.08541956  0.00087074  0.084684163042 -0.024638352141 -0.077026861705 -0.036427375474  0.015738440331 -0.002067441962
115 0.00006981 0.08548647  0.00000000 -0.000031192883  0.000045780728  0.000034413907 -0.000024751884  0.000002345727 -0.000001289961
116 0.85895082 0.08549114  0.04205004 -0.188506115260 -0.102522816672  0.109911131947  0.176223668362  0.639605116189 -0.489408921464
117 0.40670310 0.08573545  0.00945419 -0.000651247501 -0.042499698777  0.021113165721  0.071117752277  0.074431876798 -0.390585663727
118 0.00010622 0.08573817  0.00000000  0.000016481951 -0.000079727350  0.000006298396  0.000060438855  0.000002679962  0.000030901276
119 0.25719365 0.08577745  0.00378270 -0.151247458057 -0.098505471278 -0.171460932610 -0.007760862847  0.009765282385 -0.063364116498
120 0.16149445 0.08577827  0.00149142  0.032655964508 -0.085956875625 -0.066370621831 -0.095036678280 -0.017388829870  0.062338263615
121 0.21016700 0.08578480  0.00252609  0.111639445216 -0.094800028448  0.015610910155  0.133539194065  0.066940765273 -0.012738613131
122 1.00673741 0.08585891  0.05801316 -0.004001426134  0.706355507012  0.009307436381 -0.717266285458  0.002672847448 -0.001181882953
123 0.21613207 0.08589227  0.00267486  0.122980723378  0.082218965735  0.097043407181  0.053497691910  0.088658448448 -0.068477067856
124 0.76227128 0.08592283  0.03328407 -0.387302827334  0.373629382019 -0.411818619522  0.348487366175 -0.020347093362 -0.001756992466
125 0.15882560 0.08593585  0.00144519 -0.019532715743 -0.056074709548  0.014354685770 -0.038309592625 -0.078808333315  0.117538229342
126 0.00012226 0.08595875  0.00000000 -0.000004920767  0.000080770113  0.000023088496 -0.000088467205 -0.000002383200 -0.000005866165
127 0.03845776 0.08599610  0.00008479  0.014069660181  0.000645009071  0.019075077412 -0.020241593462 -0.013595395312  0.017950283476
128 0.12193170 0.08601477  0.00085254  0.024886543530 -0.063021940522  0.019234556188 -0.096017895628 -0.024070263410  0.010365902155
129 0.00008131 0.08601894  0.00000000  0.000055650457 -0.000043193420 -0.000012805630  0.000037847893  0.000006437615 -0.000003278988
130 1.76781089 0.08609144  0.17936609  0.884490622887  0.987470541032  0.893326581411  0.754764337847 -0.003604759612 -0.004364209978
131 1.33542457 0.08610078  0.10236572 -0.249130426765 -0.795071157335  0.548686629397  0.887561870700  0.018071417555 -0.002237453392
132 0.00006765 0.08625105  0.00000000  0.000047544919  0.000021902761  0.000034574623  0.000015398625  0.000016678922  0.000011200481
133 0.00005239 0.08636349  0.00000000 -0.000027547527  0.000030151681 -0.000026901460 -0.000018481563  0.000002859746  0.000001742211
134 0.00005993 0.08640984  0.00000000 -0.000042754486 -0.000003039836 -0.000041027523  0.000007629419  0.000003548097  0.000000452312
135 0.00005817 0.08643237  0.00000000  0.000036526812 -0.000009762664  0.000043395692 -0.000006770827 -0.000004887326 -0.000001196829
136 0.00003580 0.08652686  0.00000000 -0.000006882250  0.000016982363  0.000001391521  0.000030591772 -0.000002819569 -0.000000546654
137 0.00006041 0.08658758  0.00000000  0.000041051582 -0.000013677222  0.000027021516 -0.000025648903  0.000017130041 -0.000009750683
138 0.00013867 0.08664844  0.00000000 -0.000089703547  0.000020375695 -0.000099504059  0.000008767116 -0.000027842563  0.000003795453
139 0.00005098 0.08671983  0.00000000 -0.000014311062 -0.000045630473  0.000003765298  0.000017237158 -0.000000311887 -0.000001000614
140 0.00003890 0.08675448  0.00000000  0.000028201021 -0.000009125739  0.000025128543  0.000001529166  0.000000987598 -0.000000427888
141 0.00004503 0.08678709  0.00000000  0.000022127174 -0.000024532091 -0.000028461884  0.000009655029 -0.000005164947  0.000002446942
142 0.00007673 0.08679878  0.00000000  0.000055812243 -0.000002298903 -0.000052232057  0.000005822567  0.000002108127  0.000001000735
143 0.00001240 0.08685758  0.00000000  0.000004392177 -0.000010559658  0.000000711539  0.000001319452 -0.000002985194 -0.000003447878
144 0.00001202 0.08691095  0.00000000 -0.000005175159  0.000004168987 -0.000002620386  0.000001567915  0.000006994429  0.000006479878
145 0.00002265 0.08709128  0.00000000 -0.000010224271  0.000008703433 -0.000009736619  0.000003456239  0.000013884797  0.000005767393
146 0.00003237 0.08713730  0.00000000  0.000025400409  0.000002166772  0.000019770072 -0.000001909081  0.000000540617  0.000001693840
147 0.00000891 0.08715197  0.00000000  0.000002008048  0.000001554765  0.000007863602  0.000001477164 -0.000000893293 -0.000002860459
148 0.00002158 0.08717331  0.00000000  0.000013615836 -0.000006119438 -0.000001164733 -0.000015439836 -0.000000679207  0.000001620975
149 0.00001695 0.08719298  0.00000000 -0.000010756218 -0.000002630141 -0.000002130855 -0.000006182751 -0.000000363357 -0.000011031836
150 0.00001626 0.08722213  0.00000000 -0.000006414292  0.000002041123 -0.000008161566 -0.000002884671 -0.000010375968  0.000006044947
151 0.00003261 0.08729157  0.00000000 -0.000022912542 -0.000009452572  0.000014901084  0.000001907293  0.000009792657  0.000011304234
152 0.00002423 0.08732568  0.00000000 -0.000008743213  0.000006297678 -0.000005919242 -0.000017926326  0.000004452034  0.000009732468
153 0.00002849 0.08739412  0.00000000  0.000008577056 -0.000012889630 -0.000006950785  0.000010272395 -0.000020426582  0.000001033841
154 0.00004172 0.08744594  0.00000000 -0.000019376600 -0.000020033032  0.000013709661  0.000023884349 -0.000010912773 -0.000009301626
155 0.00003560 0.08747156  0.00000000  0.000013295073 -0.000025501267 -0.000018774496 -0.000002916689 -0.000003097282 -0.000008350869
156 0.00008911 0.08749025  0.00000000  0.000049249498 -0.000025872053 -0.000016855706  0.000062194545  0.000023458871  0.000011983429
157 0.00003348 0.08752884  0.00000000 -0.000018231029 -0.000018299561 -0.000014525623 -0.000009964650 -0.000007621612 -0.000009244659
158 0.00006303 0.08766554  0.00000000 -0.000030601960  0.000023112822  0.000048065261  0.000010832042  0.000007779511  0.000003745058
159 0.00009670 0.08768634  0.00000000 -0.000032805994  0.000071335829  0.000033176666 -0.000044361033 -0.000008787185 -0.000006316984
160 0.00005423 0.08774854  0.00000000 -0.000018945643 -0.000042490556  0.000022723997  0.000008305803 -0.000004141208 -0.000013203924
161 0.00011289 0.08778733  0.00000000 -0.000041759103 -0.000010347859 -0.000051829171  0.000027015855 -0.000085642381  0.000011902281
162 0.00001532 0.08786208  0.00000000 -0.000007356926 -0.000001545876  0.000007408282 -0.000007404758  0.000004834092 -0.000006716437
163 0.00004575 0.08788872  0.00000000 -0.000027398317 -0.000010267953  0.000017576650  0.000007724687 -0.000008123187  0.000028331480
164 0.00004797 0.08792308  0.00000000  0.000012842287  0.000034323328 -0.000029269728 -0.000008224767  0.000004935066 -0.000003111193
165 0.00007410 0.08793562  0.00000000  0.000015832018 -0.000019702002 -0.000039377008  0.000051118066 -0.000026191511 -0.000001545900
166 0.00007551 0.08798072  0.00000000 -0.000014107795  0.000068037052 -0.000016938859  0.000012623299  0.000018395774 -0.000009458037
167 0.00007278 0.08807257  0.00000000 -0.000012237438 -0.000029283968 -0.000044425254  0.000018997027  0.000041012731 -0.000016527117
168 0.00013175 0.08809398  0.00000000 -0.000024208735 -0.000044675826 -0.000031429624  0.000075435438  0.000086021578 -0.000026434830
169 0.00011435 0.08817575  0.00000000  0.000044603535 -0.000071346112 -0.000008260371  0.000056363783 -0.000046837027  0.000023602975
170 0.00004421 0.08820786  0.00000000 -0.000026848781  0.000013623560  0.000005262863 -0.000022445854  0.000022509113  0.000003168749
171 0.00006192 0.08823859  0.00000000 -0.000002409692 -0.000008843901  0.000009428121 -0.000024957318 -0.000020063417  0.000051335954
172 0.00007573 0.08827588  0.00000000  0.000003305129 -0.000016792432  0.000023541468  0.000037490451 -0.000052925656 -0.000026105027
173 0.00006621 0.08828795  0.00000000  0.000015218085 -0.000014058057  0.000010418963  0.000029293601  0.000052516671  0.000015166215
174 0.00005190 0.08831237  0.00000000 -0.000013336801 -0.000007671753 -0.000016965235 -0.000019172232 -0.000030739797 -0.000029275700
175 0.00005939 0.08834740  0.00000000 -0.000010483983 -0.000026675503 -0.000006470029 -0.000050420924  0.000007825995  0.000007750398
176 0.00003797 0.08835675  0.00000000  0.000031907022  0.000012652841 -0.000008768765  0.000013451132  0.000002307597 -0.000000668203
177 0.00006798 0.08842718  0.00000000 -0.000020826428  0.000041194016 -0.000022779864 -0.000041307813 -0.000014903317  0.000006601430
178 0.00005481 0.08845428  0.00000000 -0.000004640775  0.000035724370 -0.000039861522  0.000000696228  0.000005259567 -0.000009441646
179 0.00001995 0.08848470  0.00000000  0.000006814115  0.000009376503 -0.000003003318  0.000014442332 -0.000003191086 -0.000005985413
180 0.00003834 0.08849715  0.00000000  0.000019868211  0.000003534623 -0.000029154363  0.000014125818  0.000001954526  0.000003046305
181 0.00013949 0.08852050  0.00000000 -0.000073858568 -0.000084125670  0.000054892219  0.000058878792  0.000019746769  0.000007454637
182 0.00005868 0.08853245  0.00000000  0.000027827119  0.000015726045 -0.000024064401 -0.000028831674  0.000019981008  0.000024750650
183 0.00005045 0.08854892  0.00000000  0.000002389643  0.000029308624  0.000003120024 -0.000030128347  0.000014569529  0.000023464330
184 0.00002872 0.08857450  0.00000000  0.000016695789  0.000003879200 -0.000014771892  0.000012107079  0.000012549335 -0.000002990200
185 0.00003794 0.08859424  0.00000000  0.000013877300  0.000000971055  0.000004170443 -0.000024901581  0.000024423853 -0.000003475725
186 0.00001524 0.08862096  0.00000000 -0.000004036417 -0.000001920608 -0.000013178143  0.000003476496  0.000003645467 -0.000003658370
187 0.00005440 0.08863398  0.00000000  0.000033680513  0.000001839187  0.000042282322 -0.000002539417 -0.000003381328  0.000003942576
188 0.00007165 0.08865379  0.00000000  0.000050091361 -0.000008374244  0.000049424024 -0.000008819321  0.000003980138 -0.000004278780
189 0.00009491 0.08866401  0.00000000  0.000065041282 -0.000000528077  0.000068243324  0.000001175263  0.000008706732 -0.000006572027
190 0.00004255 0.08867821  0.00000000 -0.000027576725  0.000010626025 -0.000025380178  0.000016557523 -0.000000983491 -0.000004268346
191 0.00011897 0.08869687  0.00000000  0.000085142869 -0.000007609077  0.000075393335 -0.000029847994  0.000016233353 -0.000002744656
192 0.00002813 0.08871863  0.00000000  0.000004381316 -0.000002290188  0.000008099519 -0.000008593131  0.000023461765  0.000008777617
193 0.00006223 0.08873178  0.00000000 -0.000018455845 -0.000024091493 -0.000032311283 -0.000035452902 -0.000006523142  0.000024659399
194 0.00011818 0.08874709  0.00000000 -0.000073916318 -0.000009045291 -0.000080102431 -0.000013297032  0.000042675270  0.000002517213
195 0.00003645 0.08879227  0.00000000  0.000024065417  0.000000994125  0.000021503792 -0.000006082841  0.000008021067 -0.000013600061
196 0.00004293 0.08880129  0.00000000 -0.000023153690 -0.000001045439  0.000024302397  0.000013649439 -0.000021544700  0.000008068578
197 0.00004723 0.08882437  0.00000000  0.000016488514  0.000018705314 -0.000033694661 -0.000017886865  0.000006556633 -0.000010540766
198 0.00005634 0.08882881  0.00000000 -0.000001288122  0.000043072970 -0.000013205446 -0.000003063725 -0.000031288331  0.000012444860
199 0.00005318 0.08886242  0.00000000  0.000007209300  0.000011764968 -0.000017872537  0.000021669877 -0.000008373928  0.000042173113
200 0.00012635 0.08893575  0.00000000 -0.000090692033 -0.000021710112 -0.000080523520 -0.000014103748 -0.000021159722 -0.000011744046
201 0.00011249 0.08895061  0.00000000 -0.000043759942 -0.000034387934 -0.000061463584 -0.000038461187 -0.000059368045 -0.000027825692
202 0.00013077 0.08897548  0.00000000 -0.000032799118 -0.000055888532 -0.000010998869  0.000026303932 -0.000092554444 -0.000059350681
203 0.18929033 0.08897592  0.00212539 -0.012325421447  0.149467601771 -0.036495050506  0.000015583502  0.060952645470  0.091056223466
204 0.00017198 0.08905392  0.00000000  0.000060792055 -0.000000297336  0.000019936161  0.000003460737  0.000146408182 -0.000063530115
205 0.00006306 0.08907356  0.00000000  0.000021580743  0.000011666770  0.000037964851 -0.000004002757  0.000019569763  0.000039178824
206 0.33750181 0.08910710  0.00676664 -0.036963599416  0.018765118662 -0.285849573243 -0.153193947367  0.081529008676  0.019070630807
207 0.00012325 0.08912381  0.00000000 -0.000023210636 -0.000081624535  0.000002758403  0.000088060738 -0.000001371808 -0.000014990997
208 0.00014968 0.08913109  0.00000000 -0.000100205588 -0.000062306448 -0.000024327627  0.000075353724  0.000046828969  0.000004303002
209 0.00022474 0.08915403  0.00000000  0.000021744744  0.000137962549 -0.000099351305 -0.000143796089  0.000002066582 -0.000021197205
210 0.59418399 0.08916469  0.02098667 -0.072731417694 -0.400135914803  0.127664709536 -0.315699275918  0.202546369902  0.175118997116
211 0.00010232 0.08917982  0.00000000  0.000017367344 -0.000043832468  0.000025134104 -0.000000021578  0.000086098410 -0.000014225348
212 0.48277817 0.08918145  0.01385730  0.066143703718 -0.448807002056 -0.104708206044  0.009195230131 -0.125999249253 -0.018651363510
213 0.00010327 0.08921379  0.00000000  0.000014350531 -0.000065152478 -0.000040353283  0.000065874614 -0.000012860455 -0.000009023829
214 0.51840865 0.08924072  0.01598882  0.134732046614  0.121903398578 -0.469686424630 -0.099799020279  0.056790204702  0.044091397362
215 0.00004945 0.08927649  0.00000000  0.000017449024 -0.000025380271  0.000014975632  0.000034162929 -0.000008513887 -0.000005715183
216 0.00002209 0.08930815  0.00000000 -0.000008950958  0.000006078174 -0.000013309227 -0.000005099647 -0.000012211567  0.000004333825
217 0.00006921 0.08938097  0.00000000  0.000000032240  0.000010916769  0.000037724175  0.000031602507  0.000046697347  0.000008265365
218 0.71833205 0.08941044  0.03075725 -0.244323811121  0.033017872195 -0.109800580620  0.259097573285 -0.381398684999  0.480170753545
219 0.00005424 0.08942043  0.00000000 -0.000029818767 -0.000028683158 -0.000019030131  0.000024464598 -0.000009913046 -0.000013079977
220 0.50048950 0.08945947  0.01493912 -0.060886167543 -0.019779659485  0.088939660402  0.032269149067 -0.104970723126  0.475837115963
221 0.00002196 0.08946785  0.00000000 -0.000005491192  0.000011379209  0.000000252329  0.000017015123  0.000001037176  0.000005644541
222 0.00004139 0.08947763  0.00000000 -0.000024839632  0.000013402547 -0.000019803772  0.000014778870 -0.000010387379  0.000014081945
223 0.55147358 0.08952376  0.01815083  0.069999910438 -0.114644510346  0.196333540142 -0.052759715661 -0.427682837593  0.248669869115
224 0.32876961 0.08953563  0.00645191  0.133243125944 -0.168614960851  0.230884919806 -0.062291548430 -0.066954470547  0.015288526349
225 0.33717212 0.08958422  0.00678959 -0.016581860613  0.300738271183 -0.144225723325  0.041753635400  0.004635640859  0.020016472457
226 0.00006322 0.08960423  0.00000000 -0.000050950279  0.000014842442 -0.000033775996 -0.000006028401  0.000000510725 -0.000001766485
227 0.00005376 0.08962484  0.00000000 -0.000033699934  0.000004353225 -0.000037483150  0.000008773954  0.000015164799 -0.000004875610
228 0.00003239 0.08963727  0.00000000 -0.000000301352  0.000004603583  0.000008990232 -0.000019065403 -0.000019185656  0.000014668861
229 0.00006821 0.08964776  0.00000000 -0.000030612378  0.000003449414  0.000016831940  0.000026303441  0.000028153383 -0.000043997463
230 0.39309567 0.08965209  0.00923561  0.021385903298 -0.035552364950  0.212124773972  0.063906407786  0.287711818474  0.144719865640
231 0.00001587 0.08967024  0.00000000  0.000002368913  0.000001075648 -0.000004393659  0.000014903715  0.000000922106  0.000001653073
232 0.23484026 0.08970780  0.00329825 -0.024028674693 -0.046999558206  0.015097779387  0.075512095556  0.072179336079 -0.203036297506
233 0.00025880 0.08971569  0.00000000  0.000162574645 -0.000067868604  0.000168722669 -0.000084289988 -0.000009574627  0.000016630963
234 0.00020002 0.08974367  0.00000000 -0.000010941638 -0.000008927928  0.000023732560 -0.000036163560  0.000194492603  0.000010524648
235 0.00027295 0.08975558  0.00000000 -0.000013913512  0.000028916567  0.000000087821  0.000021636079  0.000239578647  0.000124919935
236 0.00045384 0.08977184  0.00000001  0.000061019576 -0.000006719049  0.000025896817 -0.000011347913  0.000444882553 -0.000058976498
237 0.56590654 0.08977595  0.01916718  0.237820420368  0.353409635630 -0.012356917823 -0.344456384974 -0.099159738426  0.100785597528
238 0.27316110 0.08981329  0.00446773  0.083872875626  0.022305307143  0.043601479744 -0.138482143415  0.051569467107  0.208199416989
239 0.00003069 0.08982318  0.00000000  0.000011740140 -0.000007058269  0.000014995255  0.000005408397 -0.000011451539 -0.000019216040
240 0.00002334 0.08984198  0.00000000  0.000011087879  0.000006042432  0.000016189136  0.000000078707  0.000008268312 -0.000007396820
241 0.00005391 0.08988794  0.00000000  0.000003912766 -0.000008512073  0.000006624158 -0.000010212196 -0.000010667584  0.000050566935
242 0.57032591 0.08994234  0.01950380  0.070580010115  0.157464151669  0.104514344915  0.242721792937  0.366359442929 -0.302388470609
243 0.73254958 0.08995688  0.03218231 -0.083088784583  0.088689317583 -0.076156263336 -0.008086572472 -0.623201921741 -0.357230375798
244 0.00014058 0.08998682  0.00000000  0.000095548101 -0.000027127021  0.000092749632 -0.000032328947 -0.000012604818  0.000009600050
245 0.00008129 0.09006017  0.00000000 -0.000015260710 -0.000054322135  0.000035653281  0.000041566807 -0.000020387594  0.000003083167
246 0.00004990 0.09006629  0.00000000  0.000013395315  0.000038728495 -0.000022101512 -0.000016538651  0.000006642336 -0.000002199150
247 0.00002076 0.09008762  0.00000000  0.000005315377  0.000004365976 -0.000001339152 -0.000009405034  0.000008732065  0.000014732307
248 0.00006087 0.09010642  0.00000000  0.000007897955  0.000038175007  0.000004173121 -0.000046145190 -0.000005510080  0.000002845310
249 0.00003187 0.09012348  0.00000000  0.000024718015  0.000005043875 -0.000016253664 -0.000010693198  0.000000905177  0.000000439314
250 0.00004528 0.09018185  0.00000000 -0.000006872277 -0.000005966191  0.000005877733  0.000003519557  0.000043759229 -0.000002312429
251 0.00006937 0.09019441  0.00000000  0.000003951158  0.000009916552  0.000002997452 -0.000009641073 -0.000067543507  0.000005868975
252 0.00001812 0.09023878  0.00000000 -0.000000323560  0.000005338966  0.000004966312  0.000003613750  0.000000486598  0.000016182205
253 0.00002211 0.09026347  0.00000000 -0.000004792648  0.000013600289  0.000003852570 -0.000014708496  0.000001171110  0.000006938922
254 0.00001035 0.09030563  0.00000000  0.000000612528 -0.000004050520  0.000000122370  0.000005954521 -0.000004470921 -0.000005899758
255 0.00001627 0.09034029  0.00000000 -0.000000916391  0.000008299331 -0.000000066138  0.000009699730  0.000004109279 -0.000009164322
256 0.00001149 0.09037407  0.00000000  0.000000396236 -0.000004010096  0.000000580881 -0.000001652952 -0.000009916559  0.000003789041
257 0.00006761 0.09038859  0.00000000 -0.000028011983 -0.000026289849  0.000033438528  0.000031730131 -0.000023075684 -0.000020931633
258 0.55691752 0.09040156  0.01869246  0.060963698067 -0.076602753085 -0.026589640188  0.066729479242 -0.324379302422  0.436108710195
259 0.23662854 0.09046185  0.00337682 -0.158570693342  0.037850828103 -0.161402093180  0.016355943181 -0.053474040036  0.015430168004
260 0.00026836 0.09051988  0.00000000 -0.000029394800  0.000036783397 -0.000020158947  0.000040394203  0.000159774494 -0.000205509087
261 0.00025174 0.09053345  0.00000000 -0.000029797815  0.000016276756 -0.000029908880  0.000021611424  0.000186624155 -0.000161341414
262 0.21864245 0.09054602  0.00288567 -0.027187642240  0.000384194546  0.035507704440  0.013338345963 -0.144646862415 -0.157174367471
263 0.00018439 0.09056489  0.00000000 -0.000017468743  0.000008625921 -0.000017287335  0.000002482570  0.000174979730 -0.000051937164
264 0.00005975 0.09057067  0.00000000  0.000008083383  0.000005142918 -0.000000121932 -0.000006598869  0.000054090064 -0.000022553875
265 0.25861054 0.09057375  0.00403835 -0.018273132118  0.012393109033  0.068149950716 -0.016549724656  0.241732710559 -0.055126229994
266 0.00007862 0.09060901  0.00000000 -0.000000994263 -0.000003143659  0.000013736519 -0.000006184953 -0.000073160076  0.000024316367
267 0.00001437 0.09063573  0.00000000  0.000007284808  0.000008492173 -0.000003048146 -0.000004919368  0.000006753022 -0.000001518903
268 0.00010499 0.09065318  0.00000000  0.000040757443 -0.000020718889 -0.000013407920 -0.000027750306 -0.000018493486  0.000087411427
269 0.20971872 0.09066636  0.00265846  0.125730515794  0.083433706207 -0.071209332906 -0.094347408901 -0.037019821614 -0.076615443162
270 0.00004942 0.09067716  0.00000000 -0.000020072089  0.000010281174  0.000019275192 -0.000033668433  0.000020708325 -0.000000457537
271 0.00007291 0.09068486  0.00000000 -0.000019731592  0.000004666085 -0.000014830053  0.000011677181 -0.000057851326  0.000034662186
272 0.00004459 0.09069505  0.00000000 -0.000033329889  0.000004568581 -0.000010854331 -0.000002184025 -0.000004821896  0.000026665300
273 0.00002604 0.09074676  0.00000000 -0.000004181902  0.000013048592 -0.000007655920 -0.000014755994  0.000013819235 -0.000004789313
274 0.13852899 0.09076353  0.00116119  0.116497979764  0.039751651826 -0.060702625070  0.007986182618 -0.014738636589  0.008514273645
275 0.00003376 0.09077523  0.00000000 -0.000018022469  0.000006727501  0.000021819545 -0.000006289365  0.000005217425  0.000015069044
276 0.09380676 0.09078305  0.00053258  0.034279933747  0.026304392193 -0.043408700776 -0.049980490842 -0.025740161963  0.043448268255
277 0.00007959 0.09080498  0.00000000 -0.000011642547 -0.000033887594 -0.000022024790  0.000031967721  0.000057866712 -0.000013969557
278 0.00009855 0.09081231  0.00000000 -0.000021876061  0.000003303192  0.000022242628 -0.000003367395  0.000059248100  0.000072159206
279 0.33735211 0.09082563  0.00689103 -0.164404008135 -0.108596967492  0.023220629937  0.239532302866  0.087123402905 -0.097360454031
280 0.00006240 0.09084016  0.00000000 -0.000011963767  0.000012260543  0.000003541973 -0.000027121345  0.000043381159  0.000031141060
281 0.00010936 0.09085014  0.00000000  0.000017860056  0.000069676992 -0.000024348475 -0.000076964624  0.000004537791  0.000015788899
282 0.00004271 0.09087539  0.00000000  0.000019270409  0.000033138749 -0.000001826801  0.000015276892 -0.000006419660 -0.000008775039
283 0.00002950 0.09088688  0.00000000 -0.000015333031  0.000003145947  0.000009082602 -0.000022335181  0.000005103060  0.000004234069
284 0.49974319 0.09090238  0.01513484  0.247990724080  0.161489569555  0.129615330052 -0.235663092818 -0.299691366879 -0.003582906825
285 0.00027381 0.09090691  0.00000000  0.000006875424 -0.000007345242 -0.000008693440  0.000023261173  0.000272242319  0.000011647918
286 0.00009185 0.09092288  0.00000000  0.000018736695  0.000064606031 -0.000023618919 -0.000048511221  0.000001444477 -0.000031607733
287 0.87988993 0.09094545  0.04694036  0.324210141938  0.387623688611 -0.397960624657  0.137818694299  0.542275222965  0.217744972302
288 0.00013446 0.09096658  0.00000000  0.000014174391 -0.000009262218  0.000024564329  0.000003867730  0.000092534466  0.000092798322
289 0.00007672 0.09098497  0.00000000 -0.000000734198 -0.000001744652  0.000011906173  0.000013618936 -0.000057481415 -0.000047444924
290 0.00018232 0.09099885  0.00000000  0.000001507666  0.000005402428  0.000004299913  0.000005874998  0.000161540634  0.000084036762
291 0.00023141 0.09101811  0.00000000 -0.000001509239  0.000002377985 -0.000000760333  0.000002748718 -0.000061230283  0.000223130621
292 0.00022586 0.09103476  0.00000000  0.000001580205  0.000006943298 -0.000009529135 -0.000005127812  0.000044166514  0.000221116520
293 0.00016913 0.09104396  0.00000000 -0.000011243089  0.000001122307 -0.000003295313 -0.000006587375  0.000165878365  0.000030148569
294 0.91955781 0.09105093  0.05132763  0.070277957805  0.259829751097 -0.378322851846  0.098507862988 -0.708572667705 -0.343844245162
295 0.00002577 0.09106864  0.00000000 -0.000001093600 -0.000006832925  0.000002844316  0.000000216235 -0.000003090581  0.000024465869
296 0.33449684 0.09109950  0.00679530  0.203479429152 -0.204118621936  0.107531598482 -0.107673368251 -0.051287258359  0.055071441999
297 0.00001912 0.09113092  0.00000000  0.000000755912  0.000006280919 -0.000001275684  0.000001417988  0.000012504376 -0.000012868150
298 0.00002741 0.09114830  0.00000000  0.000001547215 -0.000005256639  0.000003967690 -0.000000206079  0.000002228578  0.000026470814
299 0.38651251 0.09118587  0.00908162  0.067625958852  0.026400287292 -0.291681547422  0.173948555174  0.111939598910 -0.127495016881
300 0.00008799 0.09122176  0.00000000 -0.000010355531  0.000001902380 -0.000014454511  0.000008830396  0.000085079343 -0.000010274433
301 0.00006433 0.09124136  0.00000000  0.000008660251 -0.000002032547 -0.000021405687  0.000007669141  0.000056161405  0.000019705253
302 0.00010427 0.09125736  0.00000000 -0.000008974646  0.000003131654  0.000004387626 -0.000015187597  0.000102390760  0.000006997249
303 0.44131743 0.09132193  0.01185730 -0.109665334200  0.251077325275  0.144799754002 -0.227554246952  0.210622541986 -0.050842924813
304 0.00010018 0.09133886  0.00000000  0.000038422663 -0.000037397818 -0.000046501398  0.000055874597  0.000023125453 -0.000036632356
305 0.51464762 0.09137685  0.01613485 -0.237352166501  0.078942349002 -0.253132217948 -0.005348285129 -0.106585954946  0.356130780934
306 0.00026457 0.09137864  0.00000000 -0.000101794077  0.000014447139 -0.000067739652  0.000002605553  0.000233973005 -0.000009242598
307 0.00007067 0.09143506  0.00000000  0.000004101532  0.000046120039 -0.000020696146 -0.000044711139 -0.000015650182 -0.000013329134
308 0.49925341 0.09144203  0.01519486  0.369678683599  0.059700479476  0.267198534668  0.010346102857  0.098004699066  0.167094206637
309 0.00001059 0.09150424  0.00000000 -0.000000537111 -0.000000005862  0.000000037126 -0.000006934030 -0.000005841245  0.000005453775
310 0.00004155 0.09152264  0.00000000  0.000018218361  0.000024173423  0.000017419662  0.000021461831 -0.000003096744 -0.000006024924
311 0.47778165 0.09156069  0.01393403  0.095992491268  0.355482362899  0.174687392191  0.244669690512  0.006252554651  0.047697004173
312 0.00021529 0.09157403  0.00000000 -0.000139642463  0.000006599506 -0.000149493576  0.000005993636  0.000066306268 -0.000005181476
313 0.52318819 0.09158756  0.01671326 -0.106281917348  0.078959140822 -0.158560791143  0.283645439144  0.183931911003 -0.341713736239
314 0.22562816 0.09163500  0.00310997  0.027231878737  0.044803364469 -0.078578937088  0.153560127709 -0.111332584591 -0.077516715273
315 0.00002246 0.09164966  0.00000000 -0.000011815096 -0.000004570486  0.000005027124 -0.000001702990  0.000017615413 -0.000002296155
316 0.44735808 0.09167651  0.01223143 -0.101040397096 -0.071151169875 -0.330204567871  0.238404568246  0.116720628804  0.073226398126
317 0.68807065 0.09178359  0.02896942 -0.306823921397 -0.287912008073 -0.129865239759  0.229142988920 -0.314137671721  0.358263879496
318 0.00002679 0.09179236  0.00000000  0.000012427734  0.000013930485 -0.000013307117 -0.000005638473 -0.000001988262 -0.000012503881
319 0.65859513 0.09183116  0.02655436 -0.006947453581  0.509737675053  0.285600540524 -0.030320167632 -0.298536290361 -0.047496070708
320 0.00001871 0.09185395  0.00000000 -0.000005086512  0.000007143604  0.000001718420 -0.000000850840 -0.000003198344 -0.000016105724
321 0.00002398 0.09189484  0.00000000 -0.000015849095 -0.000013055405  0.000007647015  0.000009513005  0.000000350824 -0.000002121054
322 0.00005787 0.09195084  0.00000000  0.000026554944  0.000032968008 -0.000023845669 -0.000031324114 -0.000002572035  0.000000691138
323 0.76747403 0.09197419  0.03611621  0.014519618078 -0.040311201462 -0.276688592376 -0.076259959025  0.193553370167 -0.683626730346
324 0.00021457 0.09198718  0.00000000  0.000113873175 -0.000091220334 -0.000121466124  0.000098938318  0.000012577936  0.000007075702
325 0.00011721 0.09200062  0.00000000 -0.000033006523  0.000053916492  0.000026226859 -0.000055126595  0.000075407784  0.000018115483
326 0.59512708 0.09209761  0.02174586 -0.179961624735 -0.102376855288 -0.483175596187  0.153995127020 -0.196487482611  0.124613597931
327 0.60659757 0.09211901  0.02259744  0.403460658569 -0.343973224881  0.241193394335 -0.067364444141 -0.087630394121 -0.128340274774
328 0.00003225 0.09220003  0.00000000 -0.000014495458 -0.000012566917 -0.000012246344  0.000020189886  0.000005399005 -0.000009240230
329 0.74358478 0.09222941  0.03399689  0.239637006122  0.342637248211 -0.604629667832  0.055339210774  0.096608680326  0.010929411446
330 0.22028324 0.09227600  0.00298511  0.045979073691 -0.073142317116 -0.010083133338  0.145956330287 -0.134700106450  0.038881780431
331 0.00013205 0.09245763  0.00000000 -0.000005824531  0.000073608141 -0.000014945735  0.000005932121 -0.000041631995  0.000099969885
332 1.23609143 0.09245952  0.09418062  0.279526584872 -0.568996816789  0.147458131627 -0.027233104262  0.632600284863 -0.838666121540
333 0.00002948 0.09246378  0.00000000  0.000003668280  0.000007954674 -0.000010960155  0.000001208638 -0.000012530342  0.000022660652
334 0.00001712 0.09246935  0.00000000 -0.000006534624  0.000009106942  0.000005664800  0.000010279577 -0.000003741183 -0.000003964086
335 1.42942159 0.09247788  0.12597005  0.177423952603 -0.511069716476 -0.226415609389  0.505420654135 -0.498679089457  1.093242730968
336 1.45352162 0.09249319  0.13027512  0.218401042044 -0.056062958821  0.468891857208 -0.684353303110 -0.309792283753  1.130359567628
337 0.00065964 0.09254169  0.00000003 -0.000074858270 -0.000005133064 -0.000072068165 -0.000004863439 -0.000650389618 -0.000035586319
338 0.30400074 0.09256200  0.00570283  0.025621379938  0.062646276113  0.175833341612 -0.186221023047 -0.105372232684 -0.105529621064
339 0.40731435 0.09256491  0.01023799 -0.100644676500 -0.241884959205  0.161108981501  0.025227665872 -0.059107689609 -0.259193045041
340 0.37520877 0.09259169  0.00869014  0.150913001314 -0.042195455302  0.244262847593 -0.010439506318 -0.236172760398 -0.025991049588
341 0.64044279 0.09260412  0.02532210  0.126155327685  0.205245977949 -0.069746007040 -0.015244595663  0.332174345175  0.486507132774
342 0.50335101 0.09263280  0.01564644 -0.452061506508 -0.170575345299 -0.113498798529 -0.074527648051 -0.034275948939 -0.017190107634
343 0.50426566 0.09265484  0.01570709 -0.185616437481 -0.129832364415 -0.098987656664 -0.141756719227 -0.400834043128 -0.111411378060
344 0.42727938 0.09267449  0.01127958 -0.230472490787  0.043368490386  0.016129963241  0.341422762249  0.100813963985  0.024002966016
345 0.58814729 0.09269502  0.02137654  0.016469591015  0.286732210188 -0.369118483277  0.045638243627 -0.283057059467 -0.212080216972
346 0.59262704 0.09271122  0.02170721 -0.381580698550  0.035610135494 -0.107580694834 -0.092743621821  0.417394201277  0.099709550786
347 0.65361890 0.09272746  0.02640987 -0.329761226666 -0.163684243159 -0.108866202479 -0.276554289389 -0.401770636930  0.204765476112
348 0.51387959 0.09277252  0.01633243  0.066683802030 -0.027733151527  0.122139258867  0.150232935975  0.412544107829  0.226220697744
349 0.46062692 0.09280392  0.01312725  0.173978329727  0.335885427675  0.102711825494  0.101072589978  0.197588935414 -0.096347839545
350 0.33439983 0.09282039  0.00691965 -0.096895657953  0.213088609282 -0.085714864325 -0.072357953661 -0.064856617153 -0.200595690063
351 0.36328472 0.09284233  0.00816863 -0.076800470250  0.014504157605  0.001107898245  0.242518658136 -0.237864924556 -0.102327210310
352 0.61869289 0.09286953  0.02369912  0.216384073430  0.063323100392 -0.212036697734 -0.490463766384 -0.213147434861 -0.031668716946
353 0.48249701 0.09291420  0.01442049 -0.168425579205  0.245906267136  0.327755143726  0.053517218369  0.179614341480 -0.037649143846
354 0.36701362 0.09293704  0.00834568  0.017093001627  0.235793860518  0.150596118265 -0.113331461490  0.144092974085 -0.150073593669
355 0.45037002 0.09294544  0.01256828  0.152908223274  0.029661297002  0.027763785827 -0.142496428361  0.238224523274 -0.317404243396
356 0.62631077 0.09303839  0.02433048  0.132573504598  0.005148206092  0.270045798590 -0.356120793023 -0.309167818991  0.281658390963
357 0.28457635 0.09305501  0.00502396 -0.084428980582 -0.235803509502 -0.088049206956 -0.015772034598  0.005234194907  0.101110505405
358 0.47433558 0.09309131  0.01396334 -0.101725677465  0.340447272640  0.150180703180 -0.232298832366 -0.129422426837 -0.073990732855
359 0.69528166 0.09310563  0.03000587 -0.337809799751 -0.212846860233  0.203598216357 -0.315878612466 -0.422917082469 -0.062505616102
360 0.53853812 0.09313289  0.01800714  0.097335931755  0.306208533023  0.180379912494  0.144491666371 -0.149335179176  0.333271076227
361 1.07234061 0.09316997  0.07142499  0.363398098203 -0.601242393185  0.288362774435  0.647000542197  0.331023982665 -0.212188893918
362 0.93999668 0.09320185  0.05490172  0.400625193255 -0.354582079087  0.385417487591  0.447832839079 -0.238593659038  0.437420769036
363 0.75209140 0.09325032  0.03516417 -0.119784713606 -0.107531635958 -0.242585420247  0.322854460612  0.193639227541  0.582366903562
364 0.62294401 0.09327203  0.02413005  0.270405503390 -0.221907923230 -0.463613301966  0.114097531798 -0.186289215757 -0.055115925398
365 1.07219797 0.09328957  0.07149765 -0.243161873366 -0.272170341220 -0.275788147639  0.481769377466  0.520018004217 -0.661683110325
366 1.04604008 0.09331149  0.06806761 -0.064695488826  0.645931715224  0.131347723756 -0.051497301263  0.698911555258 -0.405468856445
367 0.76974483 0.09334662  0.03687236 -0.240702649776 -0.136459276687 -0.309811675891  0.411354772334 -0.137355215134  0.481545140070
368 0.46515499 0.09336534  0.01346759  0.209376819568 -0.109983792849 -0.366826294467 -0.070133384449  0.035818334833 -0.140252985813
369 1.58370667 0.09339147  0.15615843  0.253555800368 -0.225252542755 -0.206494566093 -0.137908771757  1.402774120250 -0.603045186500
370 0.58287024 0.09341040  0.02115669 -0.138700579550  0.004874445306 -0.361938472890  0.410314115206 -0.058549156578  0.133007393693
371 0.46881486 0.09346511  0.01369497  0.446992218292  0.068845681086  0.030046866948  0.071342986809 -0.062819870403  0.072846612026
372 0.97494308 0.09349456  0.05924526  0.119165664500 -0.584264180470  0.503770536464 -0.554358768052  0.042570705470 -0.178992321660
373 1.35215649 0.09351127  0.11397947  0.302113087475 -0.777508908785  0.864656872802 -0.018073704734 -0.576904645699 -0.227503003814
374 1.23630754 0.09353771  0.09531220 -0.709642836786  0.023250802618  0.484018435271  0.776627680727  0.230510059042  0.365736907991
375 1.11066624 0.09357534  0.07695508 -0.072338927376  0.729253534588  0.490209257628  0.142882360080  0.408676025242 -0.518458551945
376 2.77702713 0.09359549  0.48119809  0.140347440519  0.836057342273 -0.027457018829  0.087801826091 -2.636118019665  0.188703756709
377 2.16273075 0.09362263  0.29194058 -0.203182287053 -0.490776037088 -0.120185002063  0.040071799584 -1.852760224734  0.972876920399
378 2.20895267 0.09368435  0.30475345 -0.217941473892  0.302226360710  0.014954629237 -0.167329266957 -1.597900222464  1.469396068937
379 1.24910958 0.09370758  0.09747305  0.020851780433  0.069914212565 -0.416222125932 -0.194773986771  0.940488194690 -0.677684403182
380 0.88681334 0.09374571  0.04915012  0.123256382625  0.439145772346 -0.312209980881 -0.003387839361 -0.179104350979 -0.669949135673
381 0.89656814 0.09382162  0.05027803  0.086048661164  0.051089034627 -0.118831144604  0.153445670585 -0.861944625468  0.114913079401
382 0.35693909 0.09385509  0.00797177  0.132236304056 -0.097362965946  0.058589786469  0.005424096642  0.251590128278 -0.183520435930
383 0.88963847 0.09388038  0.04953483 -0.050320736260 -0.175638655255  0.175502462270  0.139972435032 -0.145640713803 -0.828535385723
384 0.53328484 0.09391296  0.01780544 -0.051928609972 -0.237725087869  0.249228490387  0.229027877089 -0.177356663286 -0.281351959517
385 0.55992770 0.09393079  0.01963273  0.239206019695 -0.029848556685 -0.064107801606  0.123825210986 -0.473524160013 -0.108355652575
386 1.46307026 0.09398313  0.13411859  0.168178751074  0.112737493310 -0.062112135135 -0.121353251984 -1.347960851732  0.513807120521
387 0.68058184 0.09400464  0.02902811  0.142440365155  0.044586317351 -0.155930636894  0.067648026900 -0.623488335130  0.152597905713
388 0.88433544 0.09402093  0.04901933  0.335250632364 -0.077579387032 -0.252512469225 -0.248980111887 -0.512442959762 -0.524677234490
389 0.70089484 0.09404161  0.03079885 -0.193259137155  0.113531876655  0.096366511951  0.209707723181 -0.551842138889  0.288481222181
390 0.89440513 0.09407382  0.05017023  0.149943464207  0.420195388977 -0.055717438315 -0.287068703115  0.501760728456  0.513455567758
391 0.33881553 0.09410199  0.00720169 -0.092865885684  0.026293110700 -0.099609367113 -0.107789297487 -0.251347323282  0.144099015461
392 0.54954036 0.09413879  0.01895294 -0.218060109998  0.232845107768  0.143657362780  0.119187202501  0.250361970881 -0.320473725041
393 0.58415591 0.09417527  0.02142413 -0.091275263503 -0.195399147513  0.266998646982  0.022444746464  0.452793814642 -0.133835121590
394 0.47399244 0.09421019  0.01411073 -0.089258320168  0.120077342646 -0.088083562902 -0.176742096196  0.337604354993  0.222058628304
395 0.00003618 0.09423347  0.00000000 -0.000033440119  0.000007239376  0.000011042400  0.000002091017 -0.000003195662 -0.000001243113
396 0.46883867 0.09427730  0.01381538  0.076751459161  0.129854122415 -0.169730794362  0.169639339538 -0.041055060678  0.371194355450
397 0.00016686 0.09429724  0.00000000  0.000088133948 -0.000001004606  0.000021784642 -0.000064108273 -0.000068443160 -0.000103938935
398 0.50375943 0.09429849  0.01595364  0.132700223147  0.088857552723  0.195300282606  0.004609014906 -0.260225113822 -0.349839958719
399 0.65594962 0.09432985  0.02705820 -0.027091958984 -0.321890362336 -0.026376416815 -0.462026880927 -0.280643734685  0.181650951702
400 0.00008526 0.09433568  0.00000000  0.000002813874  0.000076040409 -0.000027471770 -0.000024667128 -0.000009711514  0.000004637385
401 0.00005958 0.09438893  0.00000000 -0.000005112599 -0.000044000419  0.000012837308  0.000036919000 -0.000005835689 -0.000005059895
402 0.27042252 0.09441827  0.00460310 -0.027624755050 -0.016074315370 -0.015793488740  0.165364830785  0.032388251769  0.208477496203
403 0.38015676 0.09444076  0.00909900  0.051926125112 -0.353229759404 -0.036301417712 -0.124050014450 -0.001100160925 -0.018551715630
404 0.24814117 0.09445836  0.00387746 -0.026297285171 -0.119623081372  0.130724027643 -0.124352283403  0.007656593363  0.118160589282
405 0.00002182 0.09448107  0.00000000 -0.000013512488  0.000000226321 -0.000011957831  0.000007850812  0.000007941248  0.000005073862
406 0.13143553 0.09449750  0.00108831  0.038364562903 -0.026017986159 -0.102123586092  0.000766403834 -0.066237741351 -0.017586062123
407 0.26234496 0.09451629  0.00433671 -0.032292778308  0.131197836103  0.222014967297  0.035568463791 -0.001509439408 -0.003337666158
408 0.18129146 0.09453459  0.00207135  0.122681094176  0.005488116456 -0.015814882706 -0.128588904065 -0.000320393124  0.031630719374
409 0.00004557 0.09458624  0.00000000 -0.000020941844  0.000036945865  0.000010122817 -0.000010293720 -0.000005763077 -0.000005575618
410 0.00003822 0.09463661  0.00000000  0.000021638563  0.000024618102  0.000014404672 -0.000013294652  0.000001438775 -0.000000630066
411 0.48681704 0.09463983  0.01495251 -0.293163766754 -0.249127554240 -0.208349300320  0.207137959874 -0.014091541409  0.049670554988
412 0.20776069 0.09467232  0.00272432  0.069042470571 -0.016239795562 -0.028633315665 -0.106888251393  0.057258490094 -0.150367581977
413 0.33102971 0.09470815  0.00691879  0.194962094558 -0.151220692187 -0.084828482805 -0.167540572664  0.112743831755  0.026941845407
414 0.38831641 0.09473400  0.00952327 -0.177729420228  0.237452982214 -0.180781600844 -0.172926578847 -0.006802796148 -0.013641937865
415 0.00002729 0.09474670  0.00000000 -0.000002034090 -0.000002984149 -0.000026694676  0.000002308441  0.000003527019  0.000001113788
416 0.30149331 0.09476307  0.00574253  0.116510196596  0.084223954041  0.117191196255 -0.210483503569  0.103056362468 -0.039651242881
417 0.25437319 0.09479919  0.00408937  0.028524383063 -0.139776730099 -0.156617766755  0.007404920183 -0.125027265397  0.064333294158
418 0.46546979 0.09482748  0.01369702 -0.394614241864 -0.158918603006  0.181853630780 -0.035215821260  0.037059213201  0.001523346844
419 0.75526887 0.09483960  0.03606630  0.405507232780 -0.193815493005  0.311372206672  0.517311387334  0.039732585422  0.047834081486
420 0.76488597 0.09487379  0.03700398  0.412035350801 -0.292467862572  0.081637105837  0.562463175236  0.026273190448 -0.077590263050
421 0.54080451 0.09489752  0.01850309 -0.097285021538 -0.419062094513  0.134831086611  0.288109388356  0.009964727228  0.078143239703
422 0.80807263 0.09492999  0.04132501 -0.339185612065  0.470631799001  0.484149149097  0.275739475443 -0.032803345053  0.070224512165
423 0.43826352 0.09494935  0.01215826  0.396933601973 -0.003853690341  0.164740775167 -0.054331239840 -0.015322590318  0.064634297042
424 0.99982031 0.09498746  0.06330222  0.113373669001 -0.574858238911 -0.465167907011 -0.662080889539  0.034983685978  0.019207237546
425 0.82497312 0.09500014  0.04310350  0.577253207346  0.329496649933  0.299598703467 -0.353945141643 -0.085563183944 -0.128194154837
426 0.48923095 0.09504302  0.01516550 -0.089175755310  0.083756767493 -0.313975996412  0.348496398640 -0.021693920317 -0.062274576325
427 0.58525322 0.09505644  0.02170591  0.209828196515 -0.453770561304  0.211910904810 -0.198925048654 -0.086026356969  0.026604538755
428 0.34465956 0.09508124  0.00752981  0.043673621256 -0.177682115457  0.248210328647 -0.123996098940  0.012698866777 -0.090372729285
429 0.47403291 0.09510769  0.01424759  0.193579481084  0.033683108942  0.321798684427  0.258665947109 -0.067318064172  0.105382359223
430 0.38492990 0.09513283  0.00939729  0.159530794831  0.305894310369 -0.044098457979  0.019796245162  0.124595038365  0.106250331155
431 0.39023915 0.09514156  0.00965919  0.103163283127 -0.070784320304  0.014518511805  0.303627087042  0.095268586220  0.187502567842
432 0.19462856 0.09516413  0.00240323 -0.095723796849  0.144209854761 -0.061820911231 -0.030529823266  0.023508530568 -0.051129284524
433 0.00005267 0.09517850  0.00000000  0.000009097322  0.000048111181  0.000005810908 -0.000017547369  0.000005654776 -0.000001679296
434 0.29793745 0.09519351  0.00563334  0.241078431267  0.008990605182 -0.100819828436  0.131523672133  0.049423212990 -0.025716100866
435 0.00001966 0.09520930  0.00000000 -0.000004921242  0.000005544356  0.000017126983  0.000006082357 -0.000001001154 -0.000000633603
436 0.48051079 0.09521337  0.01465592 -0.329754661669  0.188718811048  0.058155898418 -0.284287216942  0.033422900223  0.034918045812
437 0.88592352 0.09522882  0.04982756 -0.201617962769  0.564756562963 -0.643190691756 -0.104077605837 -0.014799026458 -0.022699769717
438 0.00002184 0.09524181  0.00000000 -0.000014579289  0.000002673690 -0.000002736898 -0.000014583085  0.000006077948  0.000000321554
439 0.25262954 0.09527626  0.00405379  0.059155945734  0.234701990879 -0.033032325939  0.064071570140  0.003111875263  0.005590289221
440 0.19182314 0.09529782  0.00233773 -0.014759165487  0.013840697206  0.087589558883  0.053368419992 -0.159853405552 -0.017705590609
441 0.00001390 0.09531124  0.00000000  0.000000308544 -0.000009608196 -0.000002222428  0.000001736106  0.000008709318  0.000004108800
442 0.14694411 0.09533681  0.00137238  0.009781562001 -0.105629419345  0.034911064508  0.011461071724  0.089087631373  0.032443373517
443 0.31071608 0.09534610  0.00613676 -0.114504228570  0.067435758188  0.180449331351 -0.146056405900 -0.077648461886  0.137702442705
444 0.52845525 0.09535939  0.01775369  0.285576738005  0.273756478664 -0.327773554278 -0.048656652183 -0.097412896568  0.058957845628
445 0.25700231 0.09537920  0.00419988  0.057629048615 -0.185829897002  0.098315513927 -0.049124117546 -0.126036772394 -0.015229590305
446 0.15567390 0.09540133  0.00154133  0.054013578078  0.001150841239 -0.116594565967  0.080141131996 -0.018396235038  0.030987987761
447 0.00003980 0.09540268  0.00000000  0.000035786662 -0.000008840229  0.000002203777  0.000011601968 -0.000009035369  0.000002024813
448 0.21745756 0.09541740  0.00300805 -0.171613424054  0.036962890620 -0.057822089935 -0.082151121138 -0.049009246327  0.063057589690
449 0.00002090 0.09542941  0.00000000  0.000014840887 -0.000004210770 -0.000004383975  0.000007950776  0.000009646530 -0.000004849820
450 0.23932385 0.09543287  0.00364400  0.084359062386 -0.001101271801  0.185732254492 -0.062961952389 -0.005521125111  0.108014270551
451 0.26006375 0.09544825  0.00430364  0.214661096198 -0.107644875911 -0.063636662939  0.040950487374  0.029840602092  0.057873313601
452 0.00003434 0.09544907  0.00000000 -0.000004187439 -0.000026898558  0.000019487061  0.000004401157 -0.000004950189  0.000003857732
453 0.11235488 0.09551261  0.00080381  0.035530706509 -0.003589407059  0.089347289891 -0.053082223357  0.010646041526 -0.020839968535
454 0.00003373 0.09552831  0.00000000  0.000011026045 -0.000021601878 -0.000002539483  0.000023297867  0.000000211851  0.000000162234
455 0.00008944 0.09556372  0.00000000  0.000052233954  0.000040785212  0.000006651120  0.000059000676 -0.000006126991 -0.000006749798
456 0.00004604 0.09558008  0.00000000  0.000012401248 -0.000027170865 -0.000032684850  0.000011529480  0.000004909024  0.000001463360
457 0.00005332 0.09559636  0.00000000  0.000016385919  0.000026103704  0.000013637115  0.000041313587 -0.000000438686 -0.000000638862
458 0.42467065 0.09560277  0.01149433 -0.103755291026 -0.281643792376 -0.188438889504  0.221657051029  0.074883940216  0.002846734175
459 1.19941491 0.09562485  0.09171036  0.330647327561 -0.723100362235 -0.893118465898  0.075445957230 -0.015760262063 -0.052851290194
460 0.00004895 0.09562815  0.00000000  0.000031948530  0.000024453550 -0.000010995168 -0.000024924192  0.000005523035  0.000002147230
461 0.39145691 0.09564029  0.00977052 -0.244814848059 -0.175348854095  0.071072463999  0.237825097105  0.030430140350 -0.004349664357
462 1.22752741 0.09567379  0.09610901  0.847867634980  0.339582736679  0.360724916428  0.736192728672 -0.002733601361 -0.022757817682
463 0.39775821 0.09573215  0.01009729  0.171529076166  0.133407921242  0.166131802228  0.284661822302  0.046606871595  0.013688270224
464 0.00003189 0.09575209  0.00000000  0.000015181493  0.000011575949  0.000012958790  0.000018956791  0.000006390814  0.000009193207
465 0.33565957 0.09575601  0.00719238 -0.057635761860 -0.217104198159 -0.163875807737 -0.180494492292 -0.048659923408 -0.020246107777
466 0.38866818 0.09577877  0.00964575  0.081715042072 -0.061045224894  0.172565909228 -0.331785398903  0.017562122047 -0.022138564142
467 0.25498090 0.09578360  0.00415160  0.119171780643 -0.093566605007  0.178980139877  0.051326255904 -0.060133074913  0.061435956019
468 0.00006518 0.09579015  0.00000000  0.000061704463  0.000005311868 -0.000015083125 -0.000013085219  0.000003396524 -0.000001727091
469 0.10382718 0.09579832  0.00068848 -0.008966705212 -0.079474875927 -0.011331751239  0.031705263851  0.056373029300  0.008477855946
470 0.00004067 0.09582745  0.00000000 -0.000035087659  0.000005422117 -0.000018796248  0.000003594426 -0.000005096009  0.000001123531
471 0.11831459 0.09583935  0.00089439  0.060109497796 -0.042803905235 -0.006544762482  0.008802156722  0.091583091628 -0.006726229553
472 0.79390794 0.09584983  0.04027545  0.575768698608 -0.358864552463 -0.410063548030 -0.035778317713 -0.023305447501 -0.004595164003
473 0.22755044 0.09586470  0.00330920  0.185527838367 -0.052618461323  0.094165014781  0.074934178284  0.006836159242  0.007810827844
474 0.00003321 0.09588599  0.00000000 -0.000002507992  0.000003649538 -0.000031799881 -0.000006114458 -0.000003680291 -0.000004573358
475 0.19479270 0.09590292  0.00242597 -0.060580060434 -0.000041790987 -0.167825787045 -0.071575161497  0.020830792059  0.023491078015
476 0.00006848 0.09591709  0.00000000  0.000014562003 -0.000037349003 -0.000016648045 -0.000052669345 -0.000003468285 -0.000004345877
477 0.23147359 0.09592223  0.00342634  0.034676426155 -0.086477629892  0.110068662449 -0.180910368981 -0.005735862225  0.004755546457
478 0.00007353 0.09595048  0.00000000  0.000059061687 -0.000029491054 -0.000002347775 -0.000029900519  0.000007873720 -0.000009308075
479 0.00003930 0.09599332  0.00000000  0.000017078470  0.000026738566 -0.000010947840 -0.000020287488  0.000000829158  0.000002372246
480 0.18849563 0.09599899  0.00227393  0.015686114406  0.081609297506 -0.024615668982  0.148689095174  0.010467460187  0.076161175354
481 0.27487802 0.09604248  0.00483785  0.002713676793  0.177959282972 -0.066789148544  0.196644331307 -0.025223008212 -0.010727036865
482 0.00018463 0.09605217  0.00000000  0.000070211626  0.000023662983  0.000165345015 -0.000030169447 -0.000005907310  0.000017737748
483 0.36394701 0.09605273  0.00848193  0.156416196230  0.016616680918  0.320241872663 -0.031357503689 -0.056872262724  0.030703057178
484 0.23341572 0.09605519  0.00348891  0.107860880851  0.026687254611  0.021166958587 -0.192810482193 -0.032449671857 -0.058820178944
485 0.25203745 0.09606998  0.00406843  0.046803007129 -0.013348271504  0.220914091680  0.091326735676 -0.050748709723 -0.037883193195
486 0.34415909 0.09608371  0.00758712  0.072766769043  0.319846769750  0.003706103606 -0.036831039192 -0.096626750121  0.011896755172
487 0.62459974 0.09610020  0.02499405  0.215875315012 -0.355119664485  0.451190121011 -0.091187271333  0.054073692199 -0.051000945882
488 0.00003997 0.09610879  0.00000000 -0.000032867312 -0.000013387307  0.000001351949  0.000014626563 -0.000010738882  0.000002721066
489 0.92796061 0.09613842  0.05519056 -0.278963076173  0.541632157550 -0.287591262103 -0.638110242095 -0.001956631114  0.005277693903
490 0.66210811 0.09617394  0.02810761 -0.109047165907 -0.346624478191 -0.522830274392  0.158927014056  0.056087702345  0.067765867342
491 0.00011929 0.09617563  0.00000000  0.000017065072 -0.000110009744  0.000007331043  0.000028857266  0.000030800276 -0.000001077823
492 0.66421256 0.09618831  0.02829080 -0.044574115070 -0.511558171250  0.175814358195 -0.363213423192  0.116809663584 -0.031945756625
493 0.00007342 0.09619310  0.00000000  0.000056367116  0.000019196850  0.000033378752  0.000020083903  0.000012584410  0.000012980285
494 1.08617858 0.09621325  0.07567390  0.629277456467 -0.814338921349  0.001048783172 -0.343303421391 -0.051161552496  0.013040996266
495 1.04052489 0.09622125  0.06945199  0.314680700556 -0.223684617934 -0.819027563107  0.506843600074 -0.049183301512 -0.059310296430
496 0.25996757 0.09625316  0.00433673 -0.019683853216  0.148427825465 -0.119541175866 -0.031978098997  0.041372049022  0.167751378603
497 0.00007426 0.09625977  0.00000000 -0.000029873785  0.000043839985  0.000017738804  0.000046272101 -0.000003270822  0.000015283358
498 0.36449014 0.09629067  0.00852834 -0.315168645042 -0.085759206579 -0.002125526415  0.146483302507  0.052340652004  0.044336512324
499 0.18586748 0.09631070  0.00221815 -0.008191530148 -0.028842314335 -0.032104416022  0.022190255380  0.087111361614  0.156640513919
500 0.00010525 0.09632551  0.00000000  0.000066961589 -0.000021471506 -0.000069140454 -0.000036390642  0.000004550066 -0.000002855839
501 0.00002528 0.09635662  0.00000000  0.000009038570 -0.000004641038  0.000018094582  0.000012610307  0.000004030389  0.000005766636
502 0.00009768 0.09637400  0.00000000  0.000066919040 -0.000006080871 -0.000070342868  0.000004316614 -0.000006708456 -0.000003696625
503 0.00002533 0.09640466  0.00000000 -0.000014190902  0.000015388801 -0.000010049902 -0.000009319783 -0.000003206036  0.000002329553
504 0.00004010 0.09643646  0.00000000  0.000017983223  0.000002664350  0.000035322537 -0.000003926256  0.000002702964 -0.000002653261
505 0.00002273 0.09647870  0.00000000  0.000019136199  0.000007144028 -0.000005543089  0.000002603476  0.000007762826  0.000001252792
506 0.00001689 0.09650059  0.00000000  0.000015772241  0.000000052595 -0.000002876378 -0.000004564403 -0.000001543707 -0.000002202356
507 0.19026733 0.09659491  0.00233126 -0.137792161086 -0.060062525538  0.096676490499  0.049723656888 -0.003462185861  0.042150898756
508 0.32842017 0.09660782  0.00694673  0.055501467444  0.023961600120  0.011055483867  0.322092402715 -0.008462250502  0.016367208694
509 0.44123547 0.09661971  0.01254051  0.099868885148 -0.034269825237  0.406339145380  0.130649767037 -0.036371220487 -0.006066280739
510 0.21236054 0.09663935  0.00290543 -0.042038702762  0.148666050038  0.131082139034  0.004802456593  0.062242391336 -0.012183811661
511 0.00004785 0.09665781  0.00000000  0.000014289272 -0.000002475707  0.000045342863 -0.000004437130  0.000001800243  0.000000488380
512 0.31033840 0.09666092  0.00620627 -0.002059975681 -0.299302065496 -0.061810869941 -0.032711128355  0.031022455572 -0.029511994041
513 0.14641026 0.09668982  0.00138176 -0.142453261521  0.023481195546  0.002342819450  0.010245792238 -0.004034788259  0.021562041326
514 0.00019916 0.09668993  0.00000000  0.000188289984 -0.000032374361 -0.000031792931 -0.000019182341  0.000009433698 -0.000041202551
515 0.34308455 0.09670749  0.00758877 -0.327290627990 -0.067592250237  0.068880075709  0.031136015256 -0.004321831042 -0.016927746083
516 0.00009206 0.09674058  0.00000000  0.000086439507  0.000002172659 -0.000022133169 -0.000019642730  0.000002512454 -0.000010752973
517 0.07560640 0.09674289  0.00036868 -0.039442746533 -0.031607704877  0.006026501248  0.041988350939  0.024107388157  0.027947171994
518 0.14460922 0.09676476  0.00134902  0.093412660820  0.047529080967  0.007075931226 -0.047541994689 -0.001253319855 -0.087264001118
519 0.00004650 0.09677865  0.00000000 -0.000015090800 -0.000024239051 -0.000029626924  0.000021117275  0.000004026203 -0.000002729852
520 0.16745568 0.09678388  0.00180930 -0.115673165215 -0.041497106449 -0.040938448637 -0.087399070093 -0.017730311708 -0.057534315258
521 0.16820803 0.09679549  0.00182582  0.098550035726 -0.072418827811  0.067115446511 -0.074485000658  0.057208955978  0.003461481346
522 0.12363502 0.09681570  0.00098659 -0.079350696018  0.011092832614 -0.030864039450 -0.087582301218  0.002551453125  0.015371231734
523 0.19859976 0.09683212  0.00254616  0.024809384494 -0.011355148798  0.126046665671  0.146935953411 -0.017787988228 -0.030051135427
524 0.06526674 0.09684857  0.00027503 -0.048791149721 -0.004970868140  0.032546115101  0.001038796731  0.001695816921  0.028129300243
525 0.12579126 0.09686488  0.00102182  0.102490472685 -0.039931483984  0.030480747179 -0.044391659480  0.006816422642  0.027900928605
526 0.00041882 0.09686504  0.00000001 -0.000346458359  0.000051014833 -0.000122171222  0.000166321635 -0.000034497183 -0.000094833048
527 0.14425477 0.09687582  0.00134395 -0.019849853787  0.066809226622 -0.091929162908  0.084680435174 -0.012636289604  0.013058585082
528 0.08308938 0.09689960  0.00044599 -0.075148714744  0.004872180387 -0.012864421503  0.027270087895  0.010281700910  0.014761863175
529 0.17281975 0.09692336  0.00192985 -0.090077036998  0.004738714686 -0.013760017712 -0.144225127382  0.023126730056  0.014327128665
530 0.12773873 0.09693544  0.00105448 -0.078950346240  0.009327894776 -0.080225660316 -0.014802726700 -0.056831754260 -0.010577877815
531 0.00009050 0.09693906  0.00000000 -0.000036514414 -0.000003072283  0.000065221425  0.000048464033  0.000003080298  0.000015321491
532 0.11491242 0.09696673  0.00085362  0.018015270597 -0.043651254983 -0.011508462486 -0.098029306847  0.010653691673 -0.033454306780
533 0.00006236 0.09699082  0.00000000  0.000039197657  0.000044053203  0.000013474507  0.000003939823  0.000013432167  0.000005849661
534 0.15097452 0.09700576  0.00147405  0.100901455464 -0.043390052306  0.071667984153 -0.073313205718  0.000894136816 -0.014750535373
535 0.12833143 0.09702061  0.00106522 -0.025669072138  0.030193095171 -0.119428209214  0.004468837236 -0.023865066396 -0.006769262930
536 0.00007111 0.09703748  0.00000000  0.000018124668  0.000020960870 -0.000000373648  0.000061742149  0.000001463887  0.000021772101
537 0.08780269 0.09705266  0.00049881 -0.067844624179 -0.042829205826 -0.029164312071  0.004826941038  0.003176769198 -0.019700999351
538 0.16601036 0.09708292  0.00178370  0.128654257507 -0.003092367171  0.087655812124 -0.056871649150 -0.008406290984  0.003060473754
539 0.13471715 0.09711445  0.00117500  0.039516463087  0.078044685213  0.012160418829 -0.047143322341 -0.089893489497  0.006706584671
540 0.00005186 0.09712081  0.00000000 -0.000038145318  0.000011768295  0.000007585045 -0.000010823579 -0.000030243355 -0.000002624368
541 0.14253730 0.09714429  0.00131578 -0.075467808108 -0.017065717260  0.011073305577  0.082160279182  0.052488593816 -0.068573098282
542 0.12833125 0.09717791  0.00106694  0.031765938079 -0.072110057427  0.041215018759 -0.028880457345 -0.083337566765 -0.027965449273
543 0.22292148 0.09719756  0.00322009 -0.073821790050 -0.154065799019 -0.079575123684 -0.118228005360  0.004179796177 -0.013435978690
544 0.00004647 0.09720319  0.00000000 -0.000032317646  0.000009644946  0.000009529888 -0.000025748673 -0.000016241863 -0.000001987744
545 0.25672255 0.09727286  0.00427394  0.000028096489 -0.092242278988  0.064102531769  0.032680847230 -0.192667663244  0.122881360377
546 0.00004654 0.09733644  0.00000000  0.000036692905 -0.000012293141  0.000010239571  0.000023073947  0.000000850749 -0.000005537115
547 0.11931410 0.09734959  0.00092390  0.045744836156 -0.016716141613 -0.043324010693  0.088265152570  0.025150403671  0.039542198453
548 0.00007279 0.09736634  0.00000000  0.000021457069  0.000030912473 -0.000027006503 -0.000054646717 -0.000011497041 -0.000005823813
549 0.21729715 0.09741610  0.00306653  0.044475765008  0.151445343395 -0.059976520051  0.128188913665  0.031913833608  0.035442780742
550 0.14302502 0.09747648  0.00132933 -0.008286842846 -0.103493528569 -0.077243564323  0.022971892778  0.049579897936 -0.026909701838
551 0.00008145 0.09752427  0.00000000  0.000057533006  0.000043501307 -0.000008443427 -0.000034888848  0.000011791888  0.000002117954
552 0.08690730 0.09755151  0.00049120 -0.006346561204  0.032334748247  0.011176453442 -0.004780729248 -0.076802151058  0.020511599722
553 0.00006870 0.09756775  0.00000000  0.000026862923  0.000028881756  0.000050981454 -0.000022610647 -0.000007286745 -0.000000508901
554 0.33190222 0.09757860  0.00716611 -0.048209180723 -0.038090018822 -0.081113638347 -0.071315872679 -0.304115827559 -0.047247152057
555 0.35029145 0.09761331  0.00798504  0.150517686961 -0.026450166012  0.007502937447  0.013845792889 -0.285040169002 -0.133615179211
556 0.00006164 0.09761775  0.00000000 -0.000001665508 -0.000002734503  0.000035388880  0.000041608385  0.000021363969  0.000018671304
557 0.43937484 0.09768803  0.01257247  0.103490601142  0.111058763939 -0.090797376848 -0.117905140469 -0.042000812558  0.382225121475
558 0.34096669 0.09771402  0.00757338 -0.049004349759  0.053799945510  0.069193414386 -0.144200608799  0.272377195273 -0.105790092659
559 0.00007026 0.09773550  0.00000000  0.000061632288  0.000019925228  0.000012649838  0.000001786005 -0.000016869285 -0.000017137367
560 0.47977987 0.09781700  0.01501091  0.243256235551 -0.387082903747  0.013422167027 -0.123669468136  0.075506492907  0.002535635019
561 2.22631109 0.09785476  0.32334220 -1.348203726679  0.702833236691  1.405164464257 -0.816708295937 -0.051586163333  0.025932430980
562 2.10863692 0.09788524  0.29015468  0.717662253315  1.333400065158  0.739713230361  1.267324399117  0.005746097111 -0.005918008154
563 0.00009291 0.09790653  0.00000000 -0.000000091896 -0.000000259495  0.000090753069  0.000003998209  0.000012299064 -0.000015100607
564 0.00005894 0.09795661  0.00000000 -0.000009102882 -0.000018954285  0.000028822740 -0.000039997291  0.000002258127  0.000024418490
565 0.00004839 0.09801611  0.00000000 -0.000046427419  0.000005310675  0.000006010360 -0.000000526774 -0.000011005530 -0.000000309382
566 0.00005778 0.09807568  0.00000000 -0.000048540245  0.000013135735  0.000025100740 -0.000010715823 -0.000005950958  0.000005433464
567 0.00001967 0.09809607  0.00000000  0.000007397212 -0.000002492153  0.000017381297 -0.000004357312 -0.000001889121  0.000001182427
568 0.00002763 0.09813615  0.00000000  0.000011534150 -0.000010233068  0.000001660192  0.000003736153 -0.000021154513  0.000007844110
569 0.00001489 0.09814615  0.00000000  0.000001352996  0.000007424621  0.000008716557  0.000002532960  0.000008684662 -0.000002658331
570 0.00003577 0.09818616  0.00000000 -0.000002124035 -0.000024765087  0.000006537645  0.000012275000 -0.000020569009  0.000006730517
571 0.00011296 0.09820685  0.00000000 -0.000083910111 -0.000012972514  0.000052199619  0.000051335072  0.000001474079  0.000013702690
572 0.00009265 0.09822863  0.00000000  0.000036806420  0.000033935101 -0.000024195024 -0.000071966741  0.000016189206 -0.000007186711
573 0.08231829 0.09829541  0.00044405 -0.041480505386  0.004654084644 -0.070430940533  0.007178541149  0.002592055939  0.003903934767
574 0.00006395 0.09829991  0.00000000 -0.000036640874 -0.000037575017 -0.000000464284  0.000030976565 -0.000015701505 -0.000011366874
575 0.00006299 0.09831992  0.00000000 -0.000017694013 -0.000054763385  0.000003945734  0.000015648360 -0.000004842865 -0.000019271840
576 0.00005193 0.09835981  0.00000000  0.000018837782 -0.000040401392  0.000007410296  0.000017007166  0.000000284719  0.000019111904
577 0.06030631 0.09835998  0.00023848 -0.010788201085  0.043787081358 -0.002016435709  0.004534983007 -0.018791895280  0.035005569274
578 0.00004116 0.09838277  0.00000000 -0.000024866547 -0.000019329677  0.000018912408  0.000017267573 -0.000000050302 -0.000006824453
579 0.00004970 0.09838703  0.00000000 -0.000039689476 -0.000003868145  0.000027450112 -0.000008234971 -0.000007051235 -0.000002958294
580 0.00005804 0.09840359  0.00000000 -0.000022764207 -0.000028782057  0.000035848104  0.000026215609 -0.000006879613  0.000001644022
581 0.00003612 0.09840906  0.00000000 -0.000005150039  0.000018412024  0.000019053885 -0.000020257153 -0.000003512988  0.000012392202
582 0.00005652 0.09843124  0.00000000  0.000041207864  0.000032055441  0.000018674692 -0.000005436284  0.000008833680  0.000003608895
583 2.20435443 0.09845972  0.31895556 -1.643963110227  1.058053282021 -0.884413838607  0.503914706122 -0.024793002409  0.018826081466
584 2.05554549 0.09846639  0.27736453 -0.692969799882 -0.446196939853  1.503446773212  1.129714585313 -0.078261358848 -0.056888594073
585 0.00003682 0.09856747  0.00000000  0.000007974762  0.000005999529 -0.000028788538 -0.000019963062 -0.000004996516 -0.000001904919
586 0.09195618 0.09859176  0.00055579 -0.016284681532 -0.024527245573  0.058562037298  0.061335813929 -0.010523856059 -0.016935684713
587 0.17131945 0.09860017  0.00192930 -0.157967386256  0.037189162078 -0.054219446687  0.001053163878 -0.007431342163  0.004188455313
588 0.00008457 0.09860192  0.00000000  0.000036866941  0.000026591318  0.000053129650 -0.000047522846  0.000001145307 -0.000001766627
589 0.00003767 0.09860973  0.00000000  0.000018581387 -0.000008257920 -0.000005408505  0.000031226081 -0.000001154698  0.000000462492
590 0.06147252 0.09863618  0.00024849 -0.037638406936  0.021567751664  0.005592482595 -0.030225852782 -0.020217042590  0.023311924838
591 1.22670748 0.09867148  0.09898797 -0.875777758679 -0.093533770660 -0.849493817904 -0.086211866664 -0.000332025423 -0.001909491372
592 0.00007433 0.09868494  0.00000000  0.000033270688  0.000018229913 -0.000046936933  0.000041896386 -0.000001502848 -0.000011162613
593 0.00005334 0.09870317  0.00000000  0.000010331071 -0.000033750625 -0.000036545230 -0.000014163995 -0.000005896518  0.000005302395
594 0.00008493 0.09874118  0.00000000  0.000000708000  0.000007565300  0.000057712130 -0.000060577871 -0.000001970082  0.000012317455
595 0.00009483 0.09887485  0.00000000 -0.000082545440  0.000008401472  0.000010456520  0.000037683838 -0.000018973495  0.000014830330
596 0.00012190 0.09892781  0.00000000  0.000020017219  0.000015950357  0.000117056264  0.000005884422  0.000021616825 -0.000001053731
597 0.00004641 0.09896761  0.00000000 -0.000016631788  0.000026361887 -0.000019872365 -0.000009825821  0.000018345927  0.000018831548
598 0.00006497 0.09903345  0.00000000  0.000033124511 -0.000011103230 -0.000054128556 -0.000004237164 -0.000007146642 -0.000001103460
599 0.00002811 0.09911916  0.00000000 -0.000011271449  0.000002790050  0.000011165549  0.000023007656  0.000000921833 -0.000000654769
600 0.00008866 0.09913776  0.00000000 -0.000008257121 -0.000047318912  0.000005181826  0.000073741537 -0.000001777640  0.000009268177
601 0.00006564 0.09918927  0.00000000 -0.000020303498 -0.000035945631 -0.000033281721  0.000037057049 -0.000004716017 -0.000010044312
602 0.02557826 0.09921295  0.00004327 -0.012551174737  0.005335654090  0.011453097873 -0.009746064191 -0.015040062394  0.003985428248
603 0.00004979 0.09925082  0.00000000 -0.000010839719  0.000029150385  0.000025957360 -0.000000065995  0.000024114932  0.000016009261
604 0.00010973 0.09928370  0.00000000 -0.000090673034 -0.000016666067  0.000050883591 -0.000030253077 -0.000003142193  0.000005131437
605 0.03916471 0.09932569  0.00010157 -0.024981357170  0.001839131561 -0.029272999615 -0.004273168561  0.005583415278  0.000284311849
606 0.00003891 0.09936431  0.00000000 -0.000008986444  0.000013463380 -0.000025194409  0.000020645843  0.000013799626  0.000000900560
607 0.03787692 0.09937767  0.00009505  0.004062910291  0.017636509887  0.024883988235  0.006648311668  0.021010333200  0.001503365586
608 0.00007802 0.09938502  0.00000000  0.000037433240 -0.000026637854  0.000020254958  0.000059476715 -0.000004686153 -0.000002454869
609 0.00004233 0.09941015  0.00000000  0.000015941688  0.000020708260 -0.000000386638 -0.000031611952  0.000005495941 -0.000008921422
610 0.00015711 0.09949611  0.00000000 -0.000047272229  0.000078291461  0.000100608758 -0.000078230727 -0.000001877074 -0.000008631567
611 0.00012243 0.09952429  0.00000000 -0.000042118015  0.000067013891 -0.000074548725 -0.000051813206 -0.000021886149  0.000001495798
612 0.00014345 0.09958206  0.00000000 -0.000070345019 -0.000095109576  0.000061285042  0.000051828305  0.000006851670 -0.000009709020
613 0.01014824 0.09959445  0.00000684  0.002238625566 -0.005700066882  0.003528059627  0.000349718451  0.002837956787  0.006697838523
614 0.00017744 0.09961803  0.00000000  0.000055282908  0.000012591153  0.000151522854  0.000063836559  0.000033070868  0.000011864138
615 0.00017621 0.09975391  0.00000000 -0.000124267665  0.000025016247 -0.000106864943  0.000037962247 -0.000043364795  0.000015511212
616 0.05475987 0.09981818  0.00019955 -0.025404162989  0.005881915134 -0.028717587309 -0.000257617238  0.011985644670  0.036745785119
617 0.00008205 0.09986099  0.00000000 -0.000037164968 -0.000013628387 -0.000048310355 -0.000008630118 -0.000052489496 -0.000001048682
618 0.07314396 0.09987131  0.00035621 -0.003289606047 -0.015751319836  0.008805646187  0.034226545783 -0.039351625465  0.047891203290
619 0.00004216 0.09989385  0.00000000  0.000015132927 -0.000017675485 -0.000014776558  0.000002242652 -0.000022567405 -0.000022437579
620 0.00007336 0.09994684  0.00000000  0.000058952700  0.000031394776 -0.000013252901 -0.000024061078  0.000012891720  0.000000101453
621 0.00004165 0.10005534  0.00000000  0.000008822891  0.000009486198 -0.000023875994 -0.000031382373 -0.000001187638 -0.000003215313
622 0.05865501 0.10006702  0.00022951 -0.015294669432  0.023906368188  0.004211332689  0.011451453712  0.037219707419 -0.033178179486
623 0.00011359 0.10007928  0.00000000 -0.000095682137 -0.000003815302  0.000050003368 -0.000033864749 -0.000005614950 -0.000007343449
624 0.15716404 0.10009971  0.00164834 -0.003414801173 -0.030334499360 -0.029065483244  0.009975928624 -0.039910601029 -0.145710380209
625 0.11976167 0.10011372  0.00095728 -0.021201317852  0.035066561673  0.056284201184  0.022764333413  0.080647850681 -0.049734250588
626 0.00012719 0.10012932  0.00000000 -0.000039313945 -0.000069929476 -0.000021022053  0.000069475964  0.000065501774 -0.000013544610
627 0.16023263 0.10013514  0.00171395  0.021447787869  0.084028705344 -0.035369560634  0.020170190744 -0.115184144234  0.056819325056
628 0.00006233 0.10026607  0.00000000  0.000031188762 -0.000012637934 -0.000022098718  0.000009300070 -0.000017328255  0.000043336337
629 0.00006586 0.10027243  0.00000000  0.000030809597  0.000008845988 -0.000012836852 -0.000012038635  0.000052843995  0.000014429014
630 0.19676748 0.10031758  0.00258936  0.040301191587 -0.174850569889  0.032473626306 -0.030060126164 -0.012327561402 -0.066410965888
631 0.24302132 0.10037049  0.00395188 -0.176832575090  0.015544994424 -0.103055935838 -0.060358296775  0.077910890608 -0.084936450063
632 0.00001868 0.10055542  0.00000000 -0.000004275950 -0.000016295991 -0.000006356720  0.000003498605  0.000003455546 -0.000000748814
633 0.00003258 0.10061334  0.00000000 -0.000009737946 -0.000021423128 -0.000013697431  0.000016719608 -0.000000570324 -0.000006325092
634 0.00003401 0.10070279  0.00000000  0.000012038432 -0.000028166715 -0.000001832664 -0.000002794385 -0.000010652336  0.000009683643
635 0.00003729 0.10071514  0.00000000  0.000013878067 -0.000015604490  0.000020137287  0.000006582940 -0.000018965105  0.000012083309
636 0.00004683 0.10076765  0.00000000 -0.000027889755 -0.000026556178  0.000016101419 -0.000004884617  0.000019475156 -0.000006922212
637 0.00004118 0.10079917  0.00000000  0.000010161044 -0.000016772454  0.000003620427  0.000035219402  0.000003141015 -0.000006939063
638 0.47858807 0.10090551  0.01540804  0.033988536425  0.154584939802  0.020409698872  0.032460861511  0.394955660074  0.215718742127
639 0.40998772 0.10096960  0.01131465 -0.226539639665 -0.220592262271  0.007186748144 -0.222909014288  0.134327931660  0.018019541403
640 0.00001784 0.10110295  0.00000000 -0.000008995476  0.000010267574  0.000006845406 -0.000008253829 -0.000004087768  0.000000268423
641 0.00000734 0.10113406  0.00000000  0.000002322279 -0.000004611115 -0.000004255672 -0.000000090484  0.000000883044  0.000002895242
642 0.20902362 0.10115763  0.00294644  0.132049483339 -0.053192039916 -0.003110345478 -0.039617025977  0.147090621662 -0.014476904065
643 0.00001767 0.10116987  0.00000000  0.000011688281 -0.000005655158  0.000004394547  0.000001671646  0.000010546778 -0.000003220721
644 0.00001757 0.10120509  0.00000000 -0.000005101581 -0.000011798799 -0.000004404170  0.000000600832  0.000010563431  0.000003496588
645 0.33329490 0.10123781  0.00749737 -0.129578257994 -0.213306393509 -0.150173608345  0.073379591702  0.115264905106  0.087021114385
646 0.00001238 0.10127652  0.00000000  0.000005836267  0.000008888197 -0.000001824625  0.000002460610  0.000002868616  0.000004763535
647 0.00008445 0.10137578  0.00000000  0.000059268949 -0.000024293262  0.000045735036  0.000021857461  0.000008660125  0.000019587878
648 0.00005362 0.10142160  0.00000000 -0.000005256487  0.000015889314 -0.000039014199  0.000030099479 -0.000011341594  0.000006167372
649 0.00001618 0.10148194  0.00000000 -0.000003275458  0.000000876194  0.000000635255 -0.000012812676 -0.000007799804 -0.000004985492
650 0.00001753 0.10150234  0.00000000 -0.000000344029  0.000008771505 -0.000008846685  0.000011245092  0.000002681110 -0.000004275323
651 0.00002382 0.10150999  0.00000000  0.000004222887 -0.000006336448 -0.000016529862  0.000010498725 -0.000004323097  0.000010358546
652 0.00003996 0.10153444  0.00000000  0.000029554179  0.000008051368  0.000016476889  0.000001969282  0.000019569979 -0.000000076416
653 0.00001687 0.10171412  0.00000000  0.000002353033 -0.000006414520  0.000010761154  0.000008375724 -0.000004745038  0.000005426325
654 0.00001994 0.10176507  0.00000000  0.000007064856 -0.000006696455 -0.000003061980 -0.000016675083  0.000000127720 -0.000003939567
655 0.00002246 0.10177385  0.00000000  0.000012337118  0.000005980186  0.000013043763  0.000011231828  0.000001750430  0.000004134608
656 0.00001379 0.10228323  0.00000000 -0.000005457888 -0.000009218173  0.000002138567 -0.000006540896 -0.000002279616 -0.000004791972
657 0.18458652 0.10237373  0.00232540  0.001582082063  0.018513467758 -0.128175074434  0.051099263430  0.121175015050  0.001887432248
658 0.71820734 0.10243634  0.03522593  0.024080822185 -0.145003810798 -0.013586910571 -0.035296936028 -0.687954827850  0.139654821148
659 0.00002226 0.10251161  0.00000000 -0.000006103915  0.000010181834  0.000000280241  0.000013253025 -0.000013281363 -0.000001545052
660 0.60670636 0.10262560  0.02518382 -0.227195680969  0.157189670449 -0.118086340463  0.078654947332  0.431335681332 -0.292548599822
661 0.65775881 0.10266960  0.02961311  0.212300308399 -0.224276114795  0.358572157902  0.223132375637  0.365425937858 -0.159302527568
662 0.24144375 0.10303056  0.00400412 -0.065739850156 -0.014489262146  0.055467905407  0.212967359795 -0.059685938366  0.042062103361
663 1.79318646 0.10327497  0.22138833 -0.063067229346 -0.028399169448 -0.050167703635 -0.133700509668 -1.623315550879 -0.745109174128
664 0.95173756 0.10356146  0.06253761  0.386755491683  0.311043753565  0.096495850442 -0.313901784549  0.727624673934 -0.148972829918
665 1.98212990 0.10363055  0.27143182  0.036341480236  0.266646707488  0.295638317833 -0.295548726320 -1.441195793580 -1.266736517468
666 0.72263024 0.10405890  0.03622599 -0.042741936043  0.106869444201 -0.188776997188 -0.120686100996  0.084804803731  0.671976757954
