0 -0.259313454033481 9.23429e-07
1 -0.259313454033468 3.5085e-07
2 -0.259313454033463 5.87841e-07
3 -0.259290608472767 1.82466e-06
4 -0.259290608472712 7.90868e-07
5 -0.25875043884371 4.83556e-06
6 -0.258750438843654 1.62458e-06
7 -0.258729962924243 2.23289e-06
8 -0.258729962924195 1.69859e-07
9 -0.258729962924185 1.09691e-07
10 -0.257591183959781 5.76795e-07
11 -0.257591183959775 2.88992e-07
12 -0.257591183959771 3.29009e-08
13 -0.257591183959771 1.31603e-07
14 -0.257537216639355 2.86121e-07
15 -0.25753721663935 2.02609e-07
16 -0.256519193085258 1.2389e-07
17 -0.256519193085256 5.09426e-08
18 -0.256264042920048 9.53412e-08
19 -0.256264042920048 3.24763e-08
20 -0.256264042920045 7.56151e-08
21 -0.256264042920043 4.84288e-08
22 -0.256115120169004 9.79263e-08
23 -0.256115120169 6.80822e-08
24 -0.255665506315215 8.12762e-08
25 -0.255665506315211 3.16101e-08
26 -0.255665506315209 4.66778e-08
27 -0.255665506315205 7.44126e-08
28 -0.255611241735157 9.01797e-08
29 -0.255611241735153 2.04043e-08
30 -0.254915953851818 6.15519e-08
31 -0.254915953851815 6.58017e-08
32 -0.254915953851813 7.30955e-08
33 -0.25491595385181 4.72686e-08
34 -0.254060018526145 7.57984e-08
35 -0.25406001852614 7.98986e-08
36 -0.254039642477198 1.02564e-07
37 -0.254039642477195 1.15304e-07
38 -0.254039642477194 7.42259e-08
39 -0.254039642477192 9.85619e-09
40 -0.251466672101453 6.1777e-08
41 -0.251466672101449 7.1074e-08
42 -0.251466672101446 7.50625e-08
43 -0.251466672101442 6.1777e-08
44 -0.25126908332478 5.64968e-08
45 -0.251269083324775 6.2336e-08
46 -0.251161766283222 2.73752e-08
47 -0.251161766283221 8.59243e-08
48 -0.250843026610214 6.22246e-08
49 -0.250843026610209 2.41426e-08
50 -0.250843026610208 6.34394e-08
51 -0.250843026610205 7.62548e-08
52 -0.250428021690972 4.59285e-08
53 -0.250428021690969 5.55056e-08
54 -0.250177806927581 7.76971e-08
55 -0.250177806927576 7.98986e-08
56 -0.250177806927574 8.2041e-08
57 -0.250177806927569 7.55233e-08
58 -0.248911827382822 5.00494e-08
59 -0.248911827382819 6.9144e-08
60 -0.24593567352481 3.65002e-08
61 -0.245935673524805 3.44463e-08
62 -0.245935673524801 6.71586e-08
63 -0.2459356735248 5.25517e-08
64 -0.245829131889837 5.07379e-08
65 -0.245829131889834 6.16645e-08
66 -0.244326386718232 3.74387e-08
67 -0.244326386718227 2.63418e-08
68 -0.244326386718223 3.58287e-08
69 -0.244326386718214 5.4241e-08
70 -0.24384962656263 4.39994e-08
71 -0.243849626562627 4.47035e-08
72 -0.239686513736751 2.10734e-08
73 -0.239686513736744 6.28349e-08
74 -0.239029588566071 1.95356e-08
75 -0.239029588566064 6.05861e-08
76 -0.23902958856606 2.96857e-08
77 -0.239029588566044 4.89277e-08
78 -0.234065628805666 3.20462e-08
79 -0.234065628805658 4.10628e-08
80 -0.151552664075693 4.2188e-08
81 -0.15155266407569 6.53255e-08
82 -0.145716172699784 4.9281e-09
83 -0.145716172699782 3.72529e-08
84 -0.145279684947695 6.1777e-08
85 -0.145279684947692 1.46665e-08
86 -0.145279684947689 3.13899e-08
87 -0.145279684947684 2.51974e-08
88 -0.13958973838427 1.86265e-09
89 -0.139589738384262 3.30587e-08
90 -0.13950563633666 4.3444e-08
91 -0.139505636336659 3.72529e-09
92 -0.139505636336658 4.0766e-08
93 -0.139505636336656 6.19452e-08
94 -0.138830476790622 3.96879e-08
95 -0.138830476790621 4.03812e-08
96 -0.138830476790619 5.51293e-08
97 -0.138830476790616 2.58767e-08
98 -0.138564076502303 4.26786e-08
99 -0.1385640765023 4.42746e-08
100 -0.135232187963758 4.19819e-08
101 -0.135232187963756 3.81274e-08
102 -0.135146302307928 4.67891e-08
103 -0.135146302307926 2.38535e-08
104 -0.135146302307924 4.85361e-08
105 -0.135146302307924 1.43072e-08
106 -0.132722897971707 4.23931e-08
107 -0.132722897971704 3.65002e-08
108 -0.132722897971703 5.46235e-08
109 -0.132722897971702 4.95618e-08
110 -0.132539646752315 6.10993e-08
111 -0.132539646752312 2.09909e-08
112 -0.132399666039641 4.34839e-08
113 -0.13239966603964 6.16364e-08
114 -0.132385522177545 4.90693e-08
115 -0.132385522177545 1.46665e-08
116 -0.132385522177542 6.48457e-08
117 -0.13238552217754 3.03217e-08
118 -0.132380267435197 1.29048e-08
119 -0.132380267435193 2.9392e-08
120 -0.131952311494745 1.50171e-08
121 -0.131952311494743 4.83212e-08
122 -0.131952311494741 1.87194e-08
123 -0.13195231149474 3.4092e-08
124 -0.13130553985295 3.83994e-08
125 -0.131305539852948 4.84646e-08
126 -0.128046048182903 1.41855e-08
127 -0.128046048182901 2.18811e-08
128 -0.128046048182898 3.79907e-08
129 -0.128046048182897 3.37853e-08
130 -0.127973110027707 3.31111e-08
131 -0.127973110027706 3.46472e-08
132 -0.127714489632464 3.50949e-08
133 -0.127714489632461 3.46472e-08
134 -0.127674272400839 4.96667e-08
135 -0.127674272400837 1.98002e-08
136 -0.127674272400835 3.12236e-08
137 -0.127674272400834 4.81053e-08
138 -0.125540993667387 3.32157e-08
139 -0.125540993667386 3.01495e-08
