817
Cs -24.083904337443492 24.200566563412778 5.89236904
Cs -24.083904337443492 24.200566563412778 29.4618452
Cs -24.083904337443492 24.200566563412778 53.03132136
Cs -24.083904337443492 24.200566563412778 76.60079752000001
Cs -23.065554283296823 11.488948445413318 -5.892369039999998
Cs -23.252652022308745 23.135989796339455 -5.892369039999998
I -16.3984607136886 11.87613776555501 -0.8430801622432007
I -23.523179116481153 16.585558452700518 -0.8430801622432007
I -18.28822917587772 5.40679415834166 -5.892369039999998
Cs -23.896806598431574 12.553525212486644 5.89236904
Cs -23.065554283296823 11.488948445413318 17.677107120000002
Cs -23.709708859419656 0.9064838615605044 5.89236904
Cs -23.252652022308745 23.135989796339455 17.677107120000002
I -23.43918176524725 7.456915205199441 0.8430801622432001
I -16.3984607136886 11.87613776555501 22.7263959977568
I -23.523179116481153 16.585558452700518 22.7263959977568
I -23.43918176524725 7.456915205199441 10.9416579177568
I -16.3984607136886 11.87613776555501 12.6278182422432
I -23.523179116481153 16.585558452700518 12.6278182422432
I -18.44858176054638 17.02709035492454 5.89236904
I -18.28822917587772 5.40679415834166 17.677107120000002
Cs -23.896806598431574 12.553525212486644 29.4618452
Cs -23.065554283296823 11.488948445413318 41.24658328
Cs -23.709708859419656 0.9064838615605044 29.4618452
Cs -23.252652022308745 23.135989796339455 41.24658328
I -23.43918176524725 7.456915205199441 24.4125563222432
I -16.3984607136886 11.87613776555501 46.295872157756804
I -23.523179116481153 16.585558452700518 46.295872157756804
I -23.43918176524725 7.456915205199441 34.5111340777568
I -16.3984607136886 11.87613776555501 36.1972944022432
I -23.523179116481153 16.585558452700518 36.1972944022432
I -18.44858176054638 17.02709035492454 29.4618452
I -18.28822917587772 5.40679415834166 41.24658328
Cs -23.896806598431574 12.553525212486644 53.03132136
Cs -23.065554283296823 11.488948445413318 64.81605944
Cs -23.709708859419656 0.9064838615605044 53.03132136
Cs -23.252652022308745 23.135989796339455 64.81605944
I -23.43918176524725 7.456915205199441 47.9820324822432
I -16.3984607136886 11.87613776555501 69.8653483177568
I -23.523179116481153 16.585558452700518 69.8653483177568
I -23.43918176524725 7.456915205199441 58.0806102377568
I -16.3984607136886 11.87613776555501 59.7667705622432
I -23.523179116481153 16.585558452700518 59.7667705622432
I -18.44858176054638 17.02709035492454 53.03132136
I -18.28822917587772 5.40679415834166 64.81605944
Cs -23.896806598431574 12.553525212486644 76.60079752000001
Cs -23.065554283296823 11.488948445413318 88.38553560000001
Cs -23.709708859419656 0.9064838615605044 76.60079752000001
Cs -23.252652022308745 23.135989796339455 88.38553560000001
I -23.43918176524725 7.456915205199441 71.5515086422432
I -23.43918176524725 7.456915205199441 81.65008639775681
I -16.3984607136886 11.87613776555501 83.3362467222432
I -23.523179116481153 16.585558452700518 83.3362467222432
I -18.44858176054638 17.02709035492454 76.60079752000001
I -18.28822917587772 5.40679415834166 88.38553560000001
Cs -11.605610671382603 22.948892057327534 -5.892369039999998
I -4.93851710177438 23.336081377469228 -0.8430801622432007
I -6.828285563963501 16.866737770255877 -5.892369039999998
I -17.0538355092678 18.47532691488964 -5.892369039999998
Cs -12.436862986517355 24.01346882440086 5.89236904
Cs -11.605610671382603 22.948892057327534 17.677107120000002
Cs -12.249765247505437 12.366427473474722 5.89236904
Pb -17.751208634907087 17.751208634907087 0.0
Pb -17.751208634907087 17.751208634907087 11.78473808
I -19.103956556125578 23.626279504259166 0.8430801622432001
I -11.979238153333029 18.91685881711366 0.8430801622432001
I -4.93851710177438 23.336081377469228 22.7263959977568
I -19.103956556125578 23.626279504259166 10.9416579177568
I -11.979238153333029 18.91685881711366 10.9416579177568
I -4.93851710177438 23.336081377469228 12.6278182422432
I -6.828285563963501 16.866737770255877 17.677107120000002
I -17.0538355092678 18.47532691488964 17.677107120000002
Cs -12.436862986517355 24.01346882440086 29.4618452
Cs -11.605610671382603 22.948892057327534 41.24658328
Cs -12.249765247505437 12.366427473474722 29.4618452
Pb -17.751208634907087 17.751208634907087 23.56947616
Pb -17.751208634907087 17.751208634907087 35.354214240000005
I -19.103956556125578 23.626279504259166 24.4125563222432
I -11.979238153333029 18.91685881711366 24.4125563222432
I -4.93851710177438 23.336081377469228 46.295872157756804
I -19.103956556125578 23.626279504259166 34.5111340777568
I -11.979238153333029 18.91685881711366 34.5111340777568
I -4.93851710177438 23.336081377469228 36.1972944022432
I -6.828285563963501 16.866737770255877 41.24658328
I -17.0538355092678 18.47532691488964 41.24658328
Cs -12.436862986517355 24.01346882440086 53.03132136
Cs -11.605610671382603 22.948892057327534 64.81605944
Cs -12.249765247505437 12.366427473474722 53.03132136
Pb -17.751208634907087 17.751208634907087 47.13895232
Pb -17.751208634907087 17.751208634907087 58.9236904
I -19.103956556125578 23.626279504259166 47.9820324822432
I -11.979238153333029 18.91685881711366 47.9820324822432
I -4.93851710177438 23.336081377469228 69.8653483177568
I -19.103956556125578 23.626279504259166 58.0806102377568
I -11.979238153333029 18.91685881711366 58.0806102377568
I -4.93851710177438 23.336081377469228 59.7667705622432
I -6.828285563963501 16.866737770255877 64.81605944
I -17.0538355092678 18.47532691488964 64.81605944
Cs -12.436862986517355 24.01346882440086 76.60079752000001
Cs -11.605610671382603 22.948892057327534 88.38553560000001
Cs -12.249765247505437 12.366427473474722 76.60079752000001
Pb -17.751208634907087 17.751208634907087 70.70842848000001
Pb -17.751208634907087 17.751208634907087 82.49316656
I -19.103956556125578 23.626279504259166 71.5515086422432
I -11.979238153333029 18.91685881711366 71.5515086422432
I -19.103956556125578 23.626279504259166 81.65008639775681
I -11.979238153333029 18.91685881711366 81.65008639775681
I -4.93851710177438 23.336081377469228 83.3362467222432
I -6.828285563963501 16.866737770255877 88.38553560000001
I -17.0538355092678 18.47532691488964 88.38553560000001
Cs -0.7898216355912187 23.826371085388942 5.89236904
Cs -0.7898216355912187 23.826371085388942 29.4618452
Cs -0.7898216355912187 23.826371085388942 53.03132136
Cs -0.7898216355912187 23.826371085388942 76.60079752000001
Cs -22.69135880527298 -11.80513425643896 -5.892369039999998
Cs -22.8784565442849 -0.15809290551282196 -5.892369039999998
I -16.024265235664757 -11.417944936297268 -0.8430801622432007
I -23.14898363845731 -6.7085242491517585 -0.8430801622432007
I -17.914033697853878 -17.887288543510618 -5.892369039999998
Cs -23.52261112040773 -10.740557489365633 5.89236904
Cs -22.69135880527298 -11.80513425643896 17.677107120000002
Cs -23.335513381395813 -22.387598840291773 5.89236904
Cs -22.8784565442849 -0.15809290551282196 17.677107120000002
I -23.064986287223405 -15.837167496652835 0.8430801622432001
I -16.024265235664757 -11.417944936297268 22.7263959977568
I -23.14898363845731 -6.7085242491517585 22.7263959977568
I -23.064986287223405 -15.837167496652835 10.9416579177568
I -16.024265235664757 -11.417944936297268 12.6278182422432
I -23.14898363845731 -6.7085242491517585 12.6278182422432
I -18.074386282522536 -6.266992346927737 5.89236904
I -17.914033697853878 -17.887288543510618 17.677107120000002
Cs -23.52261112040773 -10.740557489365633 29.4618452
Cs -22.69135880527298 -11.80513425643896 41.24658328
Cs -23.335513381395813 -22.387598840291773 29.4618452
Cs -22.8784565442849 -0.15809290551282196 41.24658328
I -23.064986287223405 -15.837167496652835 24.4125563222432
I -16.024265235664757 -11.417944936297268 46.295872157756804
I -23.14898363845731 -6.7085242491517585 46.295872157756804
I -23.064986287223405 -15.837167496652835 34.5111340777568
I -16.024265235664757 -11.417944936297268 36.1972944022432
I -23.14898363845731 -6.7085242491517585 36.1972944022432
I -18.074386282522536 -6.266992346927737 29.4618452
I -17.914033697853878 -17.887288543510618 41.24658328
Cs -23.52261112040773 -10.740557489365633 53.03132136
Cs -22.69135880527298 -11.80513425643896 64.81605944
Cs -23.335513381395813 -22.387598840291773 53.03132136
Cs -22.8784565442849 -0.15809290551282196 64.81605944
I -23.064986287223405 -15.837167496652835 47.9820324822432
I -16.024265235664757 -11.417944936297268 69.8653483177568
I -23.14898363845731 -6.7085242491517585 69.8653483177568
I -23.064986287223405 -15.837167496652835 58.0806102377568
I -16.024265235664757 -11.417944936297268 59.7667705622432
I -23.14898363845731 -6.7085242491517585 59.7667705622432
I -18.074386282522536 -6.266992346927737 53.03132136
I -17.914033697853878 -17.887288543510618 64.81605944
Cs -23.52261112040773 -10.740557489365633 76.60079752000001
Cs -22.69135880527298 -11.80513425643896 88.38553560000001
Cs -23.335513381395813 -22.387598840291773 76.60079752000001
Cs -22.8784565442849 -0.15809290551282196 88.38553560000001
I -23.064986287223405 -15.837167496652835 71.5515086422432
I -23.064986287223405 -15.837167496652835 81.65008639775681
I -16.024265235664757 -11.417944936297268 83.3362467222432
I -23.14898363845731 -6.7085242491517585 83.3362467222432
I -18.074386282522536 -6.266992346927737 76.60079752000001
I -17.914033697853878 -17.887288543510618 88.38553560000001
Cs -11.23141519335876 -0.345190644524742 -5.892369039999998
Cs -11.418512932370682 11.301850706401396 -5.892369039999998
I -4.564321623750537 0.04199867561695042 -0.8430801622432007
I -11.689040026543088 4.7514193627624595 -0.8430801622432007
I -6.454090085939658 -6.427344931596399 -5.892369039999998
I -16.679640031243956 -4.8187557869626385 -5.892369039999998
Cs -12.062667508493512 0.7193861225485838 5.89236904
Cs -11.23141519335876 -0.345190644524742 17.677107120000002
Cs -11.875569769481594 -10.927655228377555 5.89236904
Cs -11.418512932370682 11.301850706401396 17.677107120000002
Pb -17.377013156883244 -5.542874066945188 0.0
Pb -17.564110895895165 6.10416728398095 0.0
Pb -17.377013156883244 -5.542874066945188 11.78473808
Pb -17.564110895895165 6.10416728398095 11.78473808
I -18.729761078101735 0.3321968024068907 0.8430801622432001
I -11.605042675309186 -4.377223884738618 0.8430801622432001
I -4.564321623750537 0.04199867561695042 22.7263959977568
I -11.689040026543088 4.7514193627624595 22.7263959977568
I -18.729761078101735 0.3321968024068907 10.9416579177568
I -11.605042675309186 -4.377223884738618 10.9416579177568
I -4.564321623750537 0.04199867561695042 12.6278182422432
I -11.689040026543088 4.7514193627624595 12.6278182422432
I -16.839992615912617 6.801540409620239 5.89236904
I -6.614442670608316 5.192951264986481 5.89236904
I -6.454090085939658 -6.427344931596399 17.677107120000002
I -16.679640031243956 -4.8187557869626385 17.677107120000002
Cs -12.062667508493512 0.7193861225485838 29.4618452
Cs -11.23141519335876 -0.345190644524742 41.24658328
Cs -11.875569769481594 -10.927655228377555 29.4618452
Cs -11.418512932370682 11.301850706401396 41.24658328
Pb -17.377013156883244 -5.542874066945188 23.56947616
Pb -17.564110895895165 6.10416728398095 23.56947616
Pb -17.377013156883244 -5.542874066945188 35.354214240000005
Pb -17.564110895895165 6.10416728398095 35.354214240000005
I -18.729761078101735 0.3321968024068907 24.4125563222432
I -11.605042675309186 -4.377223884738618 24.4125563222432
I -4.564321623750537 0.04199867561695042 46.295872157756804
I -11.689040026543088 4.7514193627624595 46.295872157756804
I -18.729761078101735 0.3321968024068907 34.5111340777568
I -11.605042675309186 -4.377223884738618 34.5111340777568
I -4.564321623750537 0.04199867561695042 36.1972944022432
I -11.689040026543088 4.7514193627624595 36.1972944022432
I -16.839992615912617 6.801540409620239 29.4618452
I -6.614442670608316 5.192951264986481 29.4618452
I -6.454090085939658 -6.427344931596399 41.24658328
I -16.679640031243956 -4.8187557869626385 41.24658328
Cs -12.062667508493512 0.7193861225485838 53.03132136
Cs -11.23141519335876 -0.345190644524742 64.81605944
Cs -11.875569769481594 -10.927655228377555 53.03132136
Cs -11.418512932370682 11.301850706401396 64.81605944
Pb -17.377013156883244 -5.542874066945188 47.13895232
Pb -17.564110895895165 6.10416728398095 47.13895232
Pb -17.377013156883244 -5.542874066945188 58.9236904
Pb -17.564110895895165 6.10416728398095 58.9236904
I -18.729761078101735 0.3321968024068907 47.9820324822432
I -11.605042675309186 -4.377223884738618 47.9820324822432
I -4.564321623750537 0.04199867561695042 69.8653483177568
I -11.689040026543088 4.7514193627624595 69.8653483177568
I -18.729761078101735 0.3321968024068907 58.0806102377568
I -11.605042675309186 -4.377223884738618 58.0806102377568
I -4.564321623750537 0.04199867561695042 59.7667705622432
I -11.689040026543088 4.7514193627624595 59.7667705622432
I -16.839992615912617 6.801540409620239 53.03132136
I -6.614442670608316 5.192951264986481 53.03132136
I -6.454090085939658 -6.427344931596399 64.81605944
I -16.679640031243956 -4.8187557869626385 64.81605944
Cs -12.062667508493512 0.7193861225485838 76.60079752000001
Cs -11.23141519335876 -0.345190644524742 88.38553560000001
Cs -11.875569769481594 -10.927655228377555 76.60079752000001
Cs -11.418512932370682 11.301850706401396 88.38553560000001
Pb -17.377013156883244 -5.542874066945188 70.70842848000001
Pb -17.564110895895165 6.10416728398095 70.70842848000001
Pb -17.377013156883244 -5.542874066945188 82.49316656
Pb -17.564110895895165 6.10416728398095 82.49316656
I -18.729761078101735 0.3321968024068907 71.5515086422432
I -11.605042675309186 -4.377223884738618 71.5515086422432
I -18.729761078101735 0.3321968024068907 81.65008639775681
I -11.605042675309186 -4.377223884738618 81.65008639775681
I -4.564321623750537 0.04199867561695042 83.3362467222432
I -11.689040026543088 4.7514193627624595 83.3362467222432
I -16.839992615912617 6.801540409620239 76.60079752000001
I -6.614442670608316 5.192951264986481 76.60079752000001
I -6.454090085939658 -6.427344931596399 88.38553560000001
I -16.679640031243956 -4.8187557869626385 88.38553560000001
Cs 0.22852841855545591 11.114752967389476 -5.892369039999998
Cs 0.04143067954353441 22.761794318315616 -5.892369039999998
I 6.895621988163679 11.501942287531168 -0.8430801622432007
I -0.22909641462887187 16.21136297467668 -0.8430801622432007
I 5.005853525974558 5.032598680317819 -5.892369039999998
I -5.21969641932974 6.641187824951579 -5.892369039999998
Cs -0.6027238965792954 12.179329734462803 5.89236904
Cs 0.22852841855545591 11.114752967389476 17.677107120000002
Cs -0.4156261575673774 0.5322883835366632 5.89236904
Cs 0.04143067954353441 22.761794318315616 17.677107120000002
Pb -5.91706954496903 5.91706954496903 0.0
Pb -6.10416728398095 17.56411089589517 0.0
Pb -5.91706954496903 5.91706954496903 11.78473808
Pb -6.10416728398095 17.56411089589517 11.78473808
I -7.2698174661875195 11.792140414321109 0.8430801622432001
I -0.14509906339496936 7.0827197271756 0.8430801622432001
I 6.895621988163679 11.501942287531168 22.7263959977568
I -0.22909641462887187 16.21136297467668 22.7263959977568
I -7.2698174661875195 11.792140414321109 10.9416579177568
I -0.14509906339496936 7.0827197271756 10.9416579177568
I 6.895621988163679 11.501942287531168 12.6278182422432
I -0.22909641462887187 16.21136297467668 12.6278182422432
I -5.380049003998401 18.261484021534457 5.89236904
I 4.8455009413059 16.6528948769007 5.89236904
I 5.005853525974558 5.032598680317819 17.677107120000002
I -5.21969641932974 6.641187824951579 17.677107120000002
Cs -0.6027238965792954 12.179329734462803 29.4618452
Cs 0.22852841855545591 11.114752967389476 41.24658328
Cs -0.4156261575673774 0.5322883835366632 29.4618452
Cs 0.04143067954353441 22.761794318315616 41.24658328
Pb -5.91706954496903 5.91706954496903 23.56947616
Pb -6.10416728398095 17.56411089589517 23.56947616
Pb -5.91706954496903 5.91706954496903 35.354214240000005
Pb -6.10416728398095 17.56411089589517 35.354214240000005
I -7.2698174661875195 11.792140414321109 24.4125563222432
I -0.14509906339496936 7.0827197271756 24.4125563222432
I 6.895621988163679 11.501942287531168 46.295872157756804
I -0.22909641462887187 16.21136297467668 46.295872157756804
I -7.2698174661875195 11.792140414321109 34.5111340777568
I -0.14509906339496936 7.0827197271756 34.5111340777568
I 6.895621988163679 11.501942287531168 36.1972944022432
I -0.22909641462887187 16.21136297467668 36.1972944022432
I -5.380049003998401 18.261484021534457 29.4618452
I 4.8455009413059 16.6528948769007 29.4618452
I 5.005853525974558 5.032598680317819 41.24658328
I -5.21969641932974 6.641187824951579 41.24658328
Cs -0.6027238965792954 12.179329734462803 53.03132136
Cs 0.22852841855545591 11.114752967389476 64.81605944
Cs -0.4156261575673774 0.5322883835366632 53.03132136
Cs 0.04143067954353441 22.761794318315616 64.81605944
Pb -5.91706954496903 5.91706954496903 47.13895232
Pb -6.10416728398095 17.56411089589517 47.13895232
Pb -5.91706954496903 5.91706954496903 58.9236904
Pb -6.10416728398095 17.56411089589517 58.9236904
I -7.2698174661875195 11.792140414321109 47.9820324822432
I -0.14509906339496936 7.0827197271756 47.9820324822432
I 6.895621988163679 11.501942287531168 69.8653483177568
I -0.22909641462887187 16.21136297467668 69.8653483177568
I -7.2698174661875195 11.792140414321109 58.0806102377568
I -0.14509906339496936 7.0827197271756 58.0806102377568
I 6.895621988163679 11.501942287531168 59.7667705622432
I -0.22909641462887187 16.21136297467668 59.7667705622432
I -5.380049003998401 18.261484021534457 53.03132136
I 4.8455009413059 16.6528948769007 53.03132136
I 5.005853525974558 5.032598680317819 64.81605944
I -5.21969641932974 6.641187824951579 64.81605944
Cs -0.6027238965792954 12.179329734462803 76.60079752000001
Cs 0.22852841855545591 11.114752967389476 88.38553560000001
Cs -0.4156261575673774 0.5322883835366632 76.60079752000001
Cs 0.04143067954353441 22.761794318315616 88.38553560000001
Pb -5.91706954496903 5.91706954496903 70.70842848000001
Pb -6.10416728398095 17.56411089589517 70.70842848000001
Pb -5.91706954496903 5.91706954496903 82.49316656
Pb -6.10416728398095 17.56411089589517 82.49316656
I -7.2698174661875195 11.792140414321109 71.5515086422432
I -0.14509906339496936 7.0827197271756 71.5515086422432
I -7.2698174661875195 11.792140414321109 81.65008639775681
I -0.14509906339496936 7.0827197271756 81.65008639775681
I 6.895621988163679 11.501942287531168 83.3362467222432
I -0.22909641462887187 16.21136297467668 83.3362467222432
I -5.380049003998401 18.261484021534457 76.60079752000001
I 4.8455009413059 16.6528948769007 76.60079752000001
I 5.005853525974558 5.032598680317819 88.38553560000001
I -5.21969641932974 6.641187824951579 88.38553560000001
Cs 11.688472030469674 22.57469657930369 -5.892369039999998
I 18.355565600077895 22.961885899445384 -0.8430801622432007
I 16.465797137888778 16.492542292232034 -5.892369039999998
I 6.240247192584478 18.101131436865796 -5.892369039999998
Cs 10.857219715334923 23.639273346377017 5.89236904
Cs 11.688472030469674 22.57469657930369 17.677107120000002
Cs 11.04431745434684 11.99223199545088 5.89236904
Pb 5.542874066945188 17.377013156883244 0.0
Pb 5.542874066945188 17.377013156883244 11.78473808
I 4.1901261457266985 23.252084026235323 0.8430801622432001
I 11.314844548519249 18.542663339089817 0.8430801622432001
I 18.355565600077895 22.961885899445384 22.7263959977568
I 4.1901261457266985 23.252084026235323 10.9416579177568
I 11.314844548519249 18.542663339089817 10.9416579177568
I 18.355565600077895 22.961885899445384 12.6278182422432
I 16.465797137888778 16.492542292232034 17.677107120000002
I 6.240247192584478 18.101131436865796 17.677107120000002
Cs 10.857219715334923 23.639273346377017 29.4618452
Cs 11.688472030469674 22.57469657930369 41.24658328
Cs 11.04431745434684 11.99223199545088 29.4618452
Pb 5.542874066945188 17.377013156883244 23.56947616
Pb 5.542874066945188 17.377013156883244 35.354214240000005
I 4.1901261457266985 23.252084026235323 24.4125563222432
I 11.314844548519249 18.542663339089817 24.4125563222432
I 18.355565600077895 22.961885899445384 46.295872157756804
I 4.1901261457266985 23.252084026235323 34.5111340777568
I 11.314844548519249 18.542663339089817 34.5111340777568
I 18.355565600077895 22.961885899445384 36.1972944022432
I 16.465797137888778 16.492542292232034 41.24658328
I 6.240247192584478 18.101131436865796 41.24658328
Cs 10.857219715334923 23.639273346377017 53.03132136
Cs 11.688472030469674 22.57469657930369 64.81605944
Cs 11.04431745434684 11.99223199545088 53.03132136
Pb 5.542874066945188 17.377013156883244 47.13895232
Pb 5.542874066945188 17.377013156883244 58.9236904
I 4.1901261457266985 23.252084026235323 47.9820324822432
I 11.314844548519249 18.542663339089817 47.9820324822432
I 18.355565600077895 22.961885899445384 69.8653483177568
I 4.1901261457266985 23.252084026235323 58.0806102377568
I 11.314844548519249 18.542663339089817 58.0806102377568
I 18.355565600077895 22.961885899445384 59.7667705622432
I 16.465797137888778 16.492542292232034 64.81605944
I 6.240247192584478 18.101131436865796 64.81605944
Cs 10.857219715334923 23.639273346377017 76.60079752000001
Cs 11.688472030469674 22.57469657930369 88.38553560000001
Cs 11.04431745434684 11.99223199545088 76.60079752000001
Pb 5.542874066945188 17.377013156883244 70.70842848000001
Pb 5.542874066945188 17.377013156883244 82.49316656
I 4.1901261457266985 23.252084026235323 71.5515086422432
I 11.314844548519249 18.542663339089817 71.5515086422432
I 4.1901261457266985 23.252084026235323 81.65008639775681
I 11.314844548519249 18.542663339089817 81.65008639775681
I 18.355565600077895 22.961885899445384 83.3362467222432
I 16.465797137888778 16.492542292232034 88.38553560000001
I 6.240247192584478 18.101131436865796 88.38553560000001
Cs 22.50426106626106 23.4521756073651 5.89236904
Cs 22.50426106626106 23.4521756073651 29.4618452
Cs 22.50426106626106 23.4521756073651 53.03132136
Cs 22.50426106626106 23.4521756073651 76.60079752000001
Cs -22.50426106626106 -23.4521756073651 -5.892369039999998
Cs -22.50426106626106 -23.4521756073651 17.677107120000002
Cs -22.50426106626106 -23.4521756073651 41.24658328
Cs -22.50426106626106 -23.4521756073651 64.81605944
Cs -22.50426106626106 -23.4521756073651 88.38553560000001
Cs -10.85721971533492 -23.63927334637702 -5.892369039999998
Cs -11.044317454346842 -11.992231995450881 -5.892369039999998
I -4.190126145726698 -23.252084026235327 -0.8430801622432007
I -11.314844548519249 -18.542663339089817 -0.8430801622432007
Cs -11.688472030469672 -22.574696579303694 5.89236904
Cs -10.85721971533492 -23.63927334637702 17.677107120000002
Cs -11.044317454346842 -11.992231995450881 17.677107120000002
Pb -17.189915417871326 -17.189915417871326 0.0
Pb -17.189915417871326 -17.189915417871326 11.78473808
I -18.355565600077895 -22.961885899445388 0.8430801622432001
I -4.190126145726698 -23.252084026235327 22.7263959977568
I -11.314844548519249 -18.542663339089817 22.7263959977568
I -18.355565600077895 -22.961885899445388 10.9416579177568
I -4.190126145726698 -23.252084026235327 12.6278182422432
I -11.314844548519249 -18.542663339089817 12.6278182422432
I -16.465797137888778 -16.492542292232038 5.89236904
I -6.2402471925844765 -18.101131436865796 5.89236904
Cs -11.688472030469672 -22.574696579303694 29.4618452
Cs -10.85721971533492 -23.63927334637702 41.24658328
Cs -11.044317454346842 -11.992231995450881 41.24658328
Pb -17.189915417871326 -17.189915417871326 23.56947616
Pb -17.189915417871326 -17.189915417871326 35.354214240000005
I -18.355565600077895 -22.961885899445388 24.4125563222432
I -4.190126145726698 -23.252084026235327 46.295872157756804
I -11.314844548519249 -18.542663339089817 46.295872157756804
I -18.355565600077895 -22.961885899445388 34.5111340777568
I -4.190126145726698 -23.252084026235327 36.1972944022432
I -11.314844548519249 -18.542663339089817 36.1972944022432
I -16.465797137888778 -16.492542292232038 29.4618452
I -6.2402471925844765 -18.101131436865796 29.4618452
Cs -11.688472030469672 -22.574696579303694 53.03132136
Cs -10.85721971533492 -23.63927334637702 64.81605944
Cs -11.044317454346842 -11.992231995450881 64.81605944
Pb -17.189915417871326 -17.189915417871326 47.13895232
Pb -17.189915417871326 -17.189915417871326 58.9236904
I -18.355565600077895 -22.961885899445388 47.9820324822432
I -4.190126145726698 -23.252084026235327 69.8653483177568
I -11.314844548519249 -18.542663339089817 69.8653483177568
I -18.355565600077895 -22.961885899445388 58.0806102377568
I -4.190126145726698 -23.252084026235327 59.7667705622432
I -11.314844548519249 -18.542663339089817 59.7667705622432
I -16.465797137888778 -16.492542292232038 53.03132136
I -6.2402471925844765 -18.101131436865796 53.03132136
Cs -11.688472030469672 -22.574696579303694 76.60079752000001
Cs -10.85721971533492 -23.63927334637702 88.38553560000001
Cs -11.044317454346842 -11.992231995450881 88.38553560000001
Pb -17.189915417871326 -17.189915417871326 70.70842848000001
Pb -17.189915417871326 -17.189915417871326 82.49316656
I -18.355565600077895 -22.961885899445388 71.5515086422432
I -18.355565600077895 -22.961885899445388 81.65008639775681
I -4.190126145726698 -23.252084026235327 83.3362467222432
I -11.314844548519249 -18.542663339089817 83.3362467222432
I -16.465797137888778 -16.492542292232038 76.60079752000001
I -6.2402471925844765 -18.101131436865796 76.60079752000001
Cs 0.6027238965792971 -12.1793297344628 -5.892369039999998
Cs 0.41562615756737564 -0.5322883835366632 -5.892369039999998
I 7.26981746618752 -11.792140414321109 -0.8430801622432007
I 0.14509906339496936 -7.0827197271756 -0.8430801622432007
I 5.3800490039983995 -18.261484021534457 -5.892369039999998
I -4.8455009413058985 -16.652894876900696 -5.892369039999998
Cs -0.22852841855545414 -11.114752967389474 5.89236904
Cs 0.6027238965792971 -12.1793297344628 17.677107120000002
Cs -0.041430679543536186 -22.761794318315616 5.89236904
Cs 0.41562615756737564 -0.5322883835366632 17.677107120000002
Pb -5.542874066945188 -17.377013156883248 0.0
Pb -5.729971805957109 -5.729971805957109 0.0
Pb -5.542874066945188 -17.377013156883248 11.78473808
Pb -5.729971805957109 -5.729971805957109 11.78473808
I -6.895621988163678 -11.501942287531168 0.8430801622432001
I 0.22909641462887187 -16.21136297467668 0.8430801622432001
I 7.26981746618752 -11.792140414321109 22.7263959977568
I 0.14509906339496936 -7.0827197271756 22.7263959977568
I -6.895621988163678 -11.501942287531168 10.9416579177568
I 0.22909641462887187 -16.21136297467668 10.9416579177568
I 7.26981746618752 -11.792140414321109 12.6278182422432
I 0.14509906339496936 -7.0827197271756 12.6278182422432
I -5.00585352597456 -5.03259868031782 5.89236904
I 5.2196964193297415 -6.6411878249515786 5.89236904
I 5.3800490039983995 -18.261484021534457 17.677107120000002
I -4.8455009413058985 -16.652894876900696 17.677107120000002
Cs -0.22852841855545414 -11.114752967389474 29.4618452
Cs 0.6027238965792971 -12.1793297344628 41.24658328
Cs -0.041430679543536186 -22.761794318315616 29.4618452
Cs 0.41562615756737564 -0.5322883835366632 41.24658328
Pb -5.542874066945188 -17.377013156883248 23.56947616
Pb -5.729971805957109 -5.729971805957109 23.56947616
Pb -5.542874066945188 -17.377013156883248 35.354214240000005
Pb -5.729971805957109 -5.729971805957109 35.354214240000005
I -6.895621988163678 -11.501942287531168 24.4125563222432
I 0.22909641462887187 -16.21136297467668 24.4125563222432
I 7.26981746618752 -11.792140414321109 46.295872157756804
I 0.14509906339496936 -7.0827197271756 46.295872157756804
I -6.895621988163678 -11.501942287531168 34.5111340777568
I 0.22909641462887187 -16.21136297467668 34.5111340777568
I 7.26981746618752 -11.792140414321109 36.1972944022432
I 0.14509906339496936 -7.0827197271756 36.1972944022432
I -5.00585352597456 -5.03259868031782 29.4618452
I 5.2196964193297415 -6.6411878249515786 29.4618452
I 5.3800490039983995 -18.261484021534457 41.24658328
I -4.8455009413058985 -16.652894876900696 41.24658328
Cs -0.22852841855545414 -11.114752967389474 53.03132136
Cs 0.6027238965792971 -12.1793297344628 64.81605944
Cs -0.041430679543536186 -22.761794318315616 53.03132136
Cs 0.41562615756737564 -0.5322883835366632 64.81605944
Pb -5.542874066945188 -17.377013156883248 47.13895232
Pb -5.729971805957109 -5.729971805957109 47.13895232
Pb -5.542874066945188 -17.377013156883248 58.9236904
Pb -5.729971805957109 -5.729971805957109 58.9236904
I -6.895621988163678 -11.501942287531168 47.9820324822432
I 0.22909641462887187 -16.21136297467668 47.9820324822432
I 7.26981746618752 -11.792140414321109 69.8653483177568
I 0.14509906339496936 -7.0827197271756 69.8653483177568
I -6.895621988163678 -11.501942287531168 58.0806102377568
I 0.22909641462887187 -16.21136297467668 58.0806102377568
I 7.26981746618752 -11.792140414321109 59.7667705622432
I 0.14509906339496936 -7.0827197271756 59.7667705622432
I -5.00585352597456 -5.03259868031782 53.03132136
I 5.2196964193297415 -6.6411878249515786 53.03132136
I 5.3800490039983995 -18.261484021534457 64.81605944
I -4.8455009413058985 -16.652894876900696 64.81605944
Cs -0.22852841855545414 -11.114752967389474 76.60079752000001
Cs 0.6027238965792971 -12.1793297344628 88.38553560000001
Cs -0.041430679543536186 -22.761794318315616 76.60079752000001
Cs 0.41562615756737564 -0.5322883835366632 88.38553560000001
Pb -5.542874066945188 -17.377013156883248 70.70842848000001
Pb -5.729971805957109 -5.729971805957109 70.70842848000001
Pb -5.542874066945188 -17.377013156883248 82.49316656
Pb -5.729971805957109 -5.729971805957109 82.49316656
I -6.895621988163678 -11.501942287531168 71.5515086422432
I 0.22909641462887187 -16.21136297467668 71.5515086422432
I -6.895621988163678 -11.501942287531168 81.65008639775681
I 0.22909641462887187 -16.21136297467668 81.65008639775681
I 7.26981746618752 -11.792140414321109 83.3362467222432
I 0.14509906339496936 -7.0827197271756 83.3362467222432
I -5.00585352597456 -5.03259868031782 76.60079752000001
I 5.2196964193297415 -6.6411878249515786 76.60079752000001
I 5.3800490039983995 -18.261484021534457 88.38553560000001
I -4.8455009413058985 -16.652894876900696 88.38553560000001
Cs 12.062667508493515 -0.7193861225485833 -5.892369039999998
Cs 11.875569769481594 10.927655228377555 -5.892369039999998
I 18.72976107810174 -0.3321968024068908 -0.8430801622432007
I 11.605042675309187 4.377223884738618 -0.8430801622432007
I 16.839992615912617 -6.80154040962024 -5.892369039999998
I 6.6144426706083195 -5.19295126498648 -5.892369039999998
Cs 11.231415193358764 0.34519064452474263 5.89236904
Cs 12.062667508493515 -0.7193861225485833 17.677107120000002
Cs 11.418512932370682 -11.301850706401396 5.89236904
Cs 11.875569769481594 10.927655228377555 17.677107120000002
Pb 5.91706954496903 -5.91706954496903 0.0
Pb 5.729971805957109 5.729971805957109 0.0
Pb 5.91706954496903 -5.91706954496903 11.78473808
Pb 5.729971805957109 5.729971805957109 11.78473808
I 4.56432162375054 -0.04199867561695055 0.8430801622432001
I 11.68904002654309 -4.7514193627624595 0.8430801622432001
I 18.72976107810174 -0.3321968024068908 22.7263959977568
I 11.605042675309187 4.377223884738618 22.7263959977568
I 4.56432162375054 -0.04199867561695055 10.9416579177568
I 11.68904002654309 -4.7514193627624595 10.9416579177568
I 18.72976107810174 -0.3321968024068908 12.6278182422432
I 11.605042675309187 4.377223884738618 12.6278182422432
I 6.454090085939658 6.427344931596398 5.89236904
I 16.67964003124396 4.818755786962639 5.89236904
I 16.839992615912617 -6.80154040962024 17.677107120000002
I 6.6144426706083195 -5.19295126498648 17.677107120000002
Cs 11.231415193358764 0.34519064452474263 29.4618452
Cs 12.062667508493515 -0.7193861225485833 41.24658328
Cs 11.418512932370682 -11.301850706401396 29.4618452
Cs 11.875569769481594 10.927655228377555 41.24658328
Pb 5.91706954496903 -5.91706954496903 23.56947616
Pb 5.729971805957109 5.729971805957109 23.56947616
Pb 5.91706954496903 -5.91706954496903 35.354214240000005
Pb 5.729971805957109 5.729971805957109 35.354214240000005
I 4.56432162375054 -0.04199867561695055 24.4125563222432
I 11.68904002654309 -4.7514193627624595 24.4125563222432
I 18.72976107810174 -0.3321968024068908 46.295872157756804
I 11.605042675309187 4.377223884738618 46.295872157756804
I 4.56432162375054 -0.04199867561695055 34.5111340777568
I 11.68904002654309 -4.7514193627624595 34.5111340777568
I 18.72976107810174 -0.3321968024068908 36.1972944022432
I 11.605042675309187 4.377223884738618 36.1972944022432
I 6.454090085939658 6.427344931596398 29.4618452
I 16.67964003124396 4.818755786962639 29.4618452
I 16.839992615912617 -6.80154040962024 41.24658328
I 6.6144426706083195 -5.19295126498648 41.24658328
Cs 11.231415193358764 0.34519064452474263 53.03132136
Cs 12.062667508493515 -0.7193861225485833 64.81605944
Cs 11.418512932370682 -11.301850706401396 53.03132136
Cs 11.875569769481594 10.927655228377555 64.81605944
Pb 5.91706954496903 -5.91706954496903 47.13895232
Pb 5.729971805957109 5.729971805957109 47.13895232
Pb 5.91706954496903 -5.91706954496903 58.9236904
Pb 5.729971805957109 5.729971805957109 58.9236904
I 4.56432162375054 -0.04199867561695055 47.9820324822432
I 11.68904002654309 -4.7514193627624595 47.9820324822432
I 18.72976107810174 -0.3321968024068908 69.8653483177568
I 11.605042675309187 4.377223884738618 69.8653483177568
I 4.56432162375054 -0.04199867561695055 58.0806102377568
I 11.68904002654309 -4.7514193627624595 58.0806102377568
I 18.72976107810174 -0.3321968024068908 59.7667705622432
I 11.605042675309187 4.377223884738618 59.7667705622432
I 6.454090085939658 6.427344931596398 53.03132136
I 16.67964003124396 4.818755786962639 53.03132136
I 16.839992615912617 -6.80154040962024 64.81605944
I 6.6144426706083195 -5.19295126498648 64.81605944
Cs 11.231415193358764 0.34519064452474263 76.60079752000001
Cs 12.062667508493515 -0.7193861225485833 88.38553560000001
Cs 11.418512932370682 -11.301850706401396 76.60079752000001
Cs 11.875569769481594 10.927655228377555 88.38553560000001
Pb 5.91706954496903 -5.91706954496903 70.70842848000001
Pb 5.729971805957109 5.729971805957109 70.70842848000001
Pb 5.91706954496903 -5.91706954496903 82.49316656
Pb 5.729971805957109 5.729971805957109 82.49316656
I 4.56432162375054 -0.04199867561695055 71.5515086422432
I 11.68904002654309 -4.7514193627624595 71.5515086422432
I 4.56432162375054 -0.04199867561695055 81.65008639775681
I 11.68904002654309 -4.7514193627624595 81.65008639775681
I 18.72976107810174 -0.3321968024068908 83.3362467222432
I 11.605042675309187 4.377223884738618 83.3362467222432
I 6.454090085939658 6.427344931596398 76.60079752000001
I 16.67964003124396 4.818755786962639 76.60079752000001
I 16.839992615912617 -6.80154040962024 88.38553560000001
I 6.6144426706083195 -5.19295126498648 88.38553560000001
Cs 23.52261112040773 10.740557489365635 -5.892369039999998
Cs 23.335513381395813 22.387598840291773 -5.892369039999998
I 23.064986287223405 15.837167496652835 -0.8430801622432007
I 18.07438628252254 6.266992346927738 -5.892369039999998
Cs 22.691358805272984 11.805134256438961 5.89236904
Cs 23.52261112040773 10.740557489365635 17.677107120000002
Cs 22.8784565442849 0.15809290551282196 5.89236904
Cs 23.335513381395813 22.387598840291773 17.677107120000002
Pb 17.377013156883248 5.542874066945188 0.0
Pb 17.189915417871326 17.189915417871326 0.0
Pb 17.377013156883248 5.542874066945188 11.78473808
Pb 17.189915417871326 17.189915417871326 11.78473808
I 16.024265235664757 11.417944936297268 0.8430801622432001
I 23.14898363845731 6.7085242491517585 0.8430801622432001
I 23.064986287223405 15.837167496652835 22.7263959977568
I 16.024265235664757 11.417944936297268 10.9416579177568
I 23.14898363845731 6.7085242491517585 10.9416579177568
I 23.064986287223405 15.837167496652835 12.6278182422432
I 17.914033697853874 17.887288543510614 5.89236904
I 18.07438628252254 6.266992346927738 17.677107120000002
Cs 22.691358805272984 11.805134256438961 29.4618452
Cs 23.52261112040773 10.740557489365635 41.24658328
Cs 22.8784565442849 0.15809290551282196 29.4618452
Cs 23.335513381395813 22.387598840291773 41.24658328
Pb 17.377013156883248 5.542874066945188 23.56947616
Pb 17.189915417871326 17.189915417871326 23.56947616
Pb 17.377013156883248 5.542874066945188 35.354214240000005
Pb 17.189915417871326 17.189915417871326 35.354214240000005
I 16.024265235664757 11.417944936297268 24.4125563222432
I 23.14898363845731 6.7085242491517585 24.4125563222432
I 23.064986287223405 15.837167496652835 46.295872157756804
I 16.024265235664757 11.417944936297268 34.5111340777568
I 23.14898363845731 6.7085242491517585 34.5111340777568
I 23.064986287223405 15.837167496652835 36.1972944022432
I 17.914033697853874 17.887288543510614 29.4618452
I 18.07438628252254 6.266992346927738 41.24658328
Cs 22.691358805272984 11.805134256438961 53.03132136
Cs 23.52261112040773 10.740557489365635 64.81605944
Cs 22.8784565442849 0.15809290551282196 53.03132136
Cs 23.335513381395813 22.387598840291773 64.81605944
Pb 17.377013156883248 5.542874066945188 47.13895232
Pb 17.189915417871326 17.189915417871326 47.13895232
Pb 17.377013156883248 5.542874066945188 58.9236904
Pb 17.189915417871326 17.189915417871326 58.9236904
I 16.024265235664757 11.417944936297268 47.9820324822432
I 23.14898363845731 6.7085242491517585 47.9820324822432
I 23.064986287223405 15.837167496652835 69.8653483177568
I 16.024265235664757 11.417944936297268 58.0806102377568
I 23.14898363845731 6.7085242491517585 58.0806102377568
I 23.064986287223405 15.837167496652835 59.7667705622432
I 17.914033697853874 17.887288543510614 53.03132136
I 18.07438628252254 6.266992346927738 64.81605944
Cs 22.691358805272984 11.805134256438961 76.60079752000001
Cs 23.52261112040773 10.740557489365635 88.38553560000001
Cs 22.8784565442849 0.15809290551282196 76.60079752000001
Cs 23.335513381395813 22.387598840291773 88.38553560000001
Pb 17.377013156883248 5.542874066945188 70.70842848000001
Pb 17.189915417871326 17.189915417871326 70.70842848000001
Pb 17.377013156883248 5.542874066945188 82.49316656
Pb 17.189915417871326 17.189915417871326 82.49316656
I 16.024265235664757 11.417944936297268 71.5515086422432
I 23.14898363845731 6.7085242491517585 71.5515086422432
I 16.024265235664757 11.417944936297268 81.65008639775681
I 23.14898363845731 6.7085242491517585 81.65008639775681
I 23.064986287223405 15.837167496652835 83.3362467222432
I 17.914033697853874 17.887288543510614 76.60079752000001
I 18.07438628252254 6.266992346927738 88.38553560000001
Cs 0.7898216355912169 -23.826371085388942 -5.892369039999998
Cs 0.7898216355912169 -23.826371085388942 17.677107120000002
Cs 0.7898216355912169 -23.826371085388942 41.24658328
Cs 0.7898216355912169 -23.826371085388942 64.81605944
Cs 0.7898216355912169 -23.826371085388942 88.38553560000001
Cs 12.436862986517356 -24.01346882440086 -5.892369039999998
Cs 12.249765247505435 -12.36642747347472 -5.892369039999998
I 19.10395655612558 -23.626279504259166 -0.8430801622432007
I 11.979238153333029 -18.916858817113656 -0.8430801622432007
Cs 11.605610671382605 -22.948892057327534 5.89236904
Cs 12.436862986517356 -24.01346882440086 17.677107120000002
Cs 12.249765247505435 -12.36642747347472 17.677107120000002
Pb 6.10416728398095 -17.564110895895165 0.0
Pb 6.10416728398095 -17.564110895895165 11.78473808
I 4.938517101774381 -23.336081377469228 0.8430801622432001
I 19.10395655612558 -23.626279504259166 22.7263959977568
I 11.979238153333029 -18.916858817113656 22.7263959977568
I 4.938517101774381 -23.336081377469228 10.9416579177568
I 19.10395655612558 -23.626279504259166 12.6278182422432
I 11.979238153333029 -18.916858817113656 12.6278182422432
I 6.828285563963499 -16.866737770255877 5.89236904
I 17.0538355092678 -18.475326914889635 5.89236904
Cs 11.605610671382605 -22.948892057327534 29.4618452
Cs 12.436862986517356 -24.01346882440086 41.24658328
Cs 12.249765247505435 -12.36642747347472 41.24658328
Pb 6.10416728398095 -17.564110895895165 23.56947616
Pb 6.10416728398095 -17.564110895895165 35.354214240000005
I 4.938517101774381 -23.336081377469228 24.4125563222432
I 19.10395655612558 -23.626279504259166 46.295872157756804
I 11.979238153333029 -18.916858817113656 46.295872157756804
I 4.938517101774381 -23.336081377469228 34.5111340777568
I 19.10395655612558 -23.626279504259166 36.1972944022432
I 11.979238153333029 -18.916858817113656 36.1972944022432
I 6.828285563963499 -16.866737770255877 29.4618452
I 17.0538355092678 -18.475326914889635 29.4618452
Cs 11.605610671382605 -22.948892057327534 53.03132136
Cs 12.436862986517356 -24.01346882440086 64.81605944
Cs 12.249765247505435 -12.36642747347472 64.81605944
Pb 6.10416728398095 -17.564110895895165 47.13895232
Pb 6.10416728398095 -17.564110895895165 58.9236904
I 4.938517101774381 -23.336081377469228 47.9820324822432
I 19.10395655612558 -23.626279504259166 69.8653483177568
I 11.979238153333029 -18.916858817113656 69.8653483177568
I 4.938517101774381 -23.336081377469228 58.0806102377568
I 19.10395655612558 -23.626279504259166 59.7667705622432
I 11.979238153333029 -18.916858817113656 59.7667705622432
I 6.828285563963499 -16.866737770255877 53.03132136
I 17.0538355092678 -18.475326914889635 53.03132136
Cs 11.605610671382605 -22.948892057327534 76.60079752000001
Cs 12.436862986517356 -24.01346882440086 88.38553560000001
Cs 12.249765247505435 -12.36642747347472 88.38553560000001
Pb 6.10416728398095 -17.564110895895165 70.70842848000001
Pb 6.10416728398095 -17.564110895895165 82.49316656
I 4.938517101774381 -23.336081377469228 71.5515086422432
I 4.938517101774381 -23.336081377469228 81.65008639775681
I 19.10395655612558 -23.626279504259166 83.3362467222432
I 11.979238153333029 -18.916858817113656 83.3362467222432
I 6.828285563963499 -16.866737770255877 76.60079752000001
I 17.0538355092678 -18.475326914889635 76.60079752000001
Cs 23.896806598431574 -12.553525212486642 -5.892369039999998
Cs 23.709708859419653 -0.9064838615605044 -5.892369039999998
I 23.43918176524725 -7.456915205199441 -0.8430801622432007
I 18.44858176054638 -17.02709035492454 -5.892369039999998
Cs 23.065554283296823 -11.488948445413316 5.89236904
Cs 23.896806598431574 -12.553525212486642 17.677107120000002
Cs 23.25265202230874 -23.135989796339455 5.89236904
Cs 23.709708859419653 -0.9064838615605044 17.677107120000002
Pb 17.751208634907087 -17.751208634907087 0.0
Pb 17.56411089589517 -6.10416728398095 0.0
Pb 17.751208634907087 -17.751208634907087 11.78473808
Pb 17.56411089589517 -6.10416728398095 11.78473808
I 16.3984607136886 -11.87613776555501 0.8430801622432001
I 23.52317911648115 -16.585558452700518 0.8430801622432001
I 23.43918176524725 -7.456915205199441 22.7263959977568
I 16.3984607136886 -11.87613776555501 10.9416579177568
I 23.52317911648115 -16.585558452700518 10.9416579177568
I 23.43918176524725 -7.456915205199441 12.6278182422432
I 18.288229175877717 -5.406794158341661 5.89236904
I 18.44858176054638 -17.02709035492454 17.677107120000002
Cs 23.065554283296823 -11.488948445413316 29.4618452
Cs 23.896806598431574 -12.553525212486642 41.24658328
Cs 23.25265202230874 -23.135989796339455 29.4618452
Cs 23.709708859419653 -0.9064838615605044 41.24658328
Pb 17.751208634907087 -17.751208634907087 23.56947616
Pb 17.56411089589517 -6.10416728398095 23.56947616
Pb 17.751208634907087 -17.751208634907087 35.354214240000005
Pb 17.56411089589517 -6.10416728398095 35.354214240000005
I 16.3984607136886 -11.87613776555501 24.4125563222432
I 23.52317911648115 -16.585558452700518 24.4125563222432
I 23.43918176524725 -7.456915205199441 46.295872157756804
I 16.3984607136886 -11.87613776555501 34.5111340777568
I 23.52317911648115 -16.585558452700518 34.5111340777568
I 23.43918176524725 -7.456915205199441 36.1972944022432
I 18.288229175877717 -5.406794158341661 29.4618452
I 18.44858176054638 -17.02709035492454 41.24658328
Cs 23.065554283296823 -11.488948445413316 53.03132136
Cs 23.896806598431574 -12.553525212486642 64.81605944
Cs 23.25265202230874 -23.135989796339455 53.03132136
Cs 23.709708859419653 -0.9064838615605044 64.81605944
Pb 17.751208634907087 -17.751208634907087 47.13895232
Pb 17.56411089589517 -6.10416728398095 47.13895232
Pb 17.751208634907087 -17.751208634907087 58.9236904
Pb 17.56411089589517 -6.10416728398095 58.9236904
I 16.3984607136886 -11.87613776555501 47.9820324822432
I 23.52317911648115 -16.585558452700518 47.9820324822432
I 23.43918176524725 -7.456915205199441 69.8653483177568
I 16.3984607136886 -11.87613776555501 58.0806102377568
I 23.52317911648115 -16.585558452700518 58.0806102377568
I 23.43918176524725 -7.456915205199441 59.7667705622432
I 18.288229175877717 -5.406794158341661 53.03132136
I 18.44858176054638 -17.02709035492454 64.81605944
Cs 23.065554283296823 -11.488948445413316 76.60079752000001
Cs 23.896806598431574 -12.553525212486642 88.38553560000001
Cs 23.25265202230874 -23.135989796339455 76.60079752000001
Cs 23.709708859419653 -0.9064838615605044 88.38553560000001
Pb 17.751208634907087 -17.751208634907087 70.70842848000001
Pb 17.56411089589517 -6.10416728398095 70.70842848000001
Pb 17.751208634907087 -17.751208634907087 82.49316656
Pb 17.56411089589517 -6.10416728398095 82.49316656
I 16.3984607136886 -11.87613776555501 71.5515086422432
I 23.52317911648115 -16.585558452700518 71.5515086422432
I 16.3984607136886 -11.87613776555501 81.65008639775681
I 23.52317911648115 -16.585558452700518 81.65008639775681
I 23.43918176524725 -7.456915205199441 83.3362467222432
I 18.288229175877717 -5.406794158341661 76.60079752000001
I 18.44858176054638 -17.02709035492454 88.38553560000001
Cs 24.083904337443492 -24.200566563412785 -5.892369039999998
Cs 24.083904337443492 -24.200566563412785 17.677107120000002
Cs 24.083904337443492 -24.200566563412785 41.24658328
Cs 24.083904337443492 -24.200566563412785 64.81605944
Cs 24.083904337443492 -24.200566563412785 88.38553560000001
