0 0.01475697 0.07150857  0.00001038  0.002914977983 -0.000062097244  0.003907963985 -0.000056640346 -0.001289904356 -0.013868234326
1 3.65905682 0.07221686  0.64459310 -2.427709899186  0.897483930506  2.421745896720 -0.908068001179 -0.000640581321 -0.001727101464
2 5.48982879 0.07227061  1.45207175  0.000091064270  0.000203019165 -0.000265823813 -0.000549328299  4.963464180826 -2.345686053709
3 3.92605844 0.07236105  0.74357897 -1.753230887363 -2.152861057068 -1.760993105811 -2.145742027850 -0.000092263768  0.000069213434
4 0.02501444 0.07445470  0.00003106  0.001811037639  0.018963345801  0.001469344869  0.016145372573 -0.000040615097  0.000003822550
5 0.00166899 0.07504020  0.00000014 -0.000000453572 -0.000008742629 -0.000004549723 -0.000081592434 -0.001666250828  0.000048752260
6 0.00049539 0.07516370  0.00000001  0.000052486065  0.000039656792  0.000035406750  0.000026144373 -0.000293538741  0.000391127405
7 0.02388051 0.07620019  0.00002897  0.012528444440 -0.010643317065 -0.013196475595  0.011216106157 -0.000224227067  0.000195869286
8 0.00457126 0.07719964  0.00000108 -0.000096261406 -0.000262157842 -0.000238776223 -0.000295759561  0.003753599487 -0.002566006696
9 0.00183934 0.07722079  0.00000017 -0.000218889349  0.000047808048 -0.000078744480 -0.000133589154  0.000998162502 -0.001520727538
10 0.00432005 0.07753735  0.00000096 -0.001012291522 -0.003097693941 -0.000905680422 -0.002683653727  0.000134223276 -0.000045937225
11 0.00321117 0.07780360  0.00000053 -0.000088591636 -0.000019781666  0.000049667236  0.000011383330  0.000704972357 -0.003131100415
12 0.00568073 0.07783011  0.00000167 -0.000015580252  0.000047846127  0.000039618658 -0.000135310883 -0.005435212899 -0.001645210907
13 0.00440743 0.07791808  0.00000101 -0.000330044760  0.003312521320  0.000286170969 -0.002872167697  0.000016094960  0.000110428774
14 0.00693772 0.07797125  0.00000250  0.002585585476 -0.004549098737  0.002223486072 -0.003975778214  0.000034908509  0.000022488341
15 0.00618288 0.07817211  0.00000199  0.000515011536  0.000732241813  0.000536206857  0.000852041636  0.004934167270 -0.003473769889
16 0.00440762 0.07821567  0.00000101 -0.002195101130 -0.000333907663 -0.001284259972 -0.000323794563  0.000611899967 -0.003516892932
17 0.00086923 0.07823919  0.00000004  0.000412362585  0.000064215908  0.000502944976  0.000130038477  0.000475188150 -0.000292780415
18 0.02052592 0.07829033  0.00002199 -0.011546483882 -0.001711115100 -0.015521024319 -0.002555661013 -0.004236782333  0.004436250795
19 0.00780769 0.07838852  0.00000319  0.001203896255 -0.000806398751 -0.006539582411  0.004009339961 -0.000041408894 -0.000133024645
20 0.02214223 0.07852756  0.00002567 -0.010559086001  0.012202594590  0.009854304518 -0.011522234020 -0.000106585933  0.000009736413
21 2.06630984 0.07880360  0.22430848 -1.364891871815  0.532406089320  1.328287474447 -0.599055223410  0.002292333956  0.005499108957
22 2.22718183 0.07891344  0.26095827 -0.951645808113 -1.249298792037 -1.018666839840 -1.206763886175 -0.000607599125  0.000306965550
23 0.01716307 0.07937963  0.00001559 -0.000312140217  0.000235047443 -0.000365534841  0.000619421630 -0.003042520160  0.016871402585
24 0.02167710 0.07938693  0.00002487 -0.000309506561 -0.000263204271 -0.000248535262 -0.000567967273 -0.001071198577  0.021637926815
25 0.00848460 0.07960332  0.00000382 -0.006364024332  0.001880216247 -0.004129768067  0.000913642636 -0.002155355622 -0.002327478953
26 1.81925897 0.07962467  0.17568934 -0.000263264350 -0.001191475838 -0.000953775196  0.002955102008  1.785098968834  0.350875656564
27 1.71939358 0.07962484  0.15693071 -0.000557312129  0.000219388656 -0.000660834286  0.001409589536 -1.686341595250 -0.335504870804
28 0.01152518 0.07975960  0.00000706  0.004481819983  0.008018087883  0.003367938288  0.006091818850  0.000000678808  0.000000051784
29 0.00266953 0.07990090  0.00000038  0.000106341614 -0.000221384660  0.000051291195 -0.000129517430  0.002538640884  0.000775858670
30 0.01615501 0.07990167  0.00001390 -0.000143651646  0.000065534849  0.000279043660 -0.000141036549  0.007201794988  0.014456690574
31 0.01095540 0.07998121  0.00000640  0.007806284598  0.001687138876 -0.007314933714 -0.001651642854  0.000008287066 -0.000002621397
32 0.62102934 0.08030643  0.02064825 -0.179979768354 -0.404600979118 -0.115968885738 -0.419681384640 -0.000817886211  0.000925525959
33 0.53522434 0.08033859  0.01534280 -0.244481407866  0.275039937127  0.307240855742 -0.237889162730  0.005283059056  0.005554811817
34 0.01218125 0.08061787  0.00000797  0.004328140529 -0.005440937138  0.004530266831 -0.005768621153 -0.004642082033 -0.004969607503
35 1.05770157 0.08092960  0.06035905 -0.003820043591  0.003209296134  0.003666976352 -0.003093649453  0.684782178565  0.806075716626
36 0.05272196 0.08109679  0.00015028 -0.011624620801 -0.012190538644 -0.025874218910 -0.020835220451 -0.008114562792  0.036420270243
37 0.49167470 0.08111823  0.01307323 -0.042690191691  0.028454785940  0.036032457155 -0.023148009044 -0.269140487500 -0.406006298170
38 0.06376425 0.08116477  0.00022000  0.011446905840  0.010348135799  0.019821675605  0.040556425570  0.042223147359  0.002692131992
39 1.95527085 0.08129442  0.20719693  1.267347255992 -0.550219033127 -1.240069084764  0.613498442931 -0.002004805172 -0.004283977690
40 2.11207882 0.08134129  0.24190234  0.675599735987  1.332251283286  0.723716015364  1.306055012332 -0.001739403360  0.000940238201
41 0.07239456 0.08144351  0.00028456 -0.054521354666  0.047000776836  0.001004757198 -0.005207656048  0.003910668067  0.003987388276
42 0.24064036 0.08150020  0.00314633  0.101863087585  0.153684703349  0.088125578361  0.127066769954 -0.000631955064  0.000472559546
43 1.06505345 0.08166705  0.06175874  0.002330637805  0.000546227297 -0.000528999443 -0.000127285232  0.246464578764 -1.036140934558
44 0.01243256 0.08229583  0.00000848  0.000021411732  0.000062386336 -0.000996442040 -0.002593606549 -0.011171635295  0.004694565947
45 0.45525830 0.08234475  0.01137785  0.223886887561 -0.201706973691 -0.231995926592  0.249851146975  0.009944630730  0.010123223293
46 0.48151497 0.08238361  0.01273413  0.123316876071  0.336689222689  0.132026753707  0.292995252864 -0.003488435363  0.000727014566
47 0.06001937 0.08243319  0.00019797  0.002335856735 -0.001076946333 -0.009066608906  0.001251647379 -0.014240588147 -0.057525164230
48 0.12299608 0.08244832  0.00083152 -0.022420939866  0.004041435787 -0.034130268765  0.005623874054  0.026894385008  0.112646321216
49 0.26210909 0.08254688  0.00378071  0.005021095944 -0.254288728875  0.005649389729 -0.063088554194  0.001028506361 -0.000259202422
50 0.42862767 0.08255238  0.01011111  0.156758587581 -0.012659051559 -0.396508800218  0.041605508833  0.000377792794  0.006146871863
51 0.45488986 0.08261077  0.01139614 -0.127500650241  0.084548744583  0.057926164282 -0.046584956930 -0.241068450387 -0.346237323768
52 1.28900770 0.08263869  0.09153837 -0.298722110997  0.630950417362 -0.559209934133  0.928052695898 -0.009321639839 -0.011093679665
53 1.16445831 0.08266142  0.07472389  0.764490276648  0.758597930929 -0.258143983511 -0.354825085151  0.043458580074 -0.040238675280
54 0.01803066 0.08269303  0.00001792 -0.002843952461 -0.010495324287 -0.001306924503  0.001147896981  0.004098978782 -0.013676163839
55 0.80627522 0.08274530  0.03586070 -0.020786991349  0.015058465474  0.010756605059 -0.006834545728  0.461650377127  0.660406990335
56 0.09735523 0.08280144  0.00052320  0.000443734326  0.000884638033  0.000357917817  0.000532646862  0.077797932245 -0.058516075724
57 1.99848734 0.08281882  0.22051625 -0.005547604185  0.001355076613  0.011867233461 -0.002298267505 -0.423344025363 -1.953088007150
58 0.27185617 0.08290714  0.00408488  0.004521524065  0.009430180808  0.003517177332  0.008320844842 -0.245799106828  0.115315208131
59 0.14649720 0.08294810  0.00118679  0.042793661508  0.084505108251  0.051150782535  0.099353217528  0.001080805780 -0.000620953817
60 0.13197486 0.08295637  0.00096325  0.068673958781 -0.055492974853 -0.075065215932  0.062445592439 -0.005921884244 -0.007243916986
61 0.06855856 0.08296634  0.00025998  0.028104153739  0.038552071581  0.029427505919  0.039194349874  0.003836514818 -0.002697477238
62 1.13371361 0.08298078  0.07110382 -0.007848468382  0.000322795732  0.017174702388 -0.000245048619 -0.021098639147 -1.133359899806
63 0.70174069 0.08301225  0.02725237 -0.167430009640 -0.496842245530 -0.161507449832 -0.437494277451  0.007655184764 -0.003234942617
64 0.84038373 0.08303839  0.03909696 -0.386827921311  0.215032800694  0.617822006345 -0.357928930614  0.011680784815  0.020402653595
65 0.02910591 0.08334203  0.00004707  0.000028967386  0.000084082672 -0.000071073269  0.000517625010  0.028626714744  0.005232989045
66 0.00279547 0.08341983  0.00000043  0.000549015104 -0.000113927052  0.000272570009 -0.000090930239 -0.002367102275 -0.001347033114
67 0.03370733 0.08390570  0.00006355  0.004971357450  0.007747504778  0.009353845833  0.011089111907  0.011808259046 -0.026486747676
68 0.08960390 0.08391153  0.00044914  0.007292251643 -0.003792703417 -0.000586978281  0.003090805356  0.056892096944  0.068663594215
69 0.05828231 0.08396397  0.00019014  0.012108482906  0.040147960673  0.015681228119  0.037255963878  0.001137473310 -0.001775472172
70 0.03200217 0.08397841  0.00005734  0.023785531303 -0.004517017412 -0.015110714172  0.009571150741  0.003946821315  0.010122550137
71 0.04811258 0.08409729  0.00012978  0.015742410213 -0.029046654389 -0.016711688493  0.030716857313 -0.000673732344  0.000170027126
72 0.04323000 0.08411820  0.00010480  0.002134485302  0.003345450685  0.003293341292  0.004610564016  0.033675480373 -0.026209607918
73 0.06957746 0.08424102  0.00027188  0.000054224606  0.001316987730  0.000442585617  0.001490892994  0.068166332374 -0.013791953956
74 0.53300110 0.08426698  0.01595961  0.011308561693  0.015356047905 -0.008971801887 -0.011451855971 -0.424668786242  0.321202842497
75 0.50394220 0.08434645  0.01428029 -0.169556492379  0.224820627514  0.232265275333 -0.347441979443 -0.000807825508 -0.000528373224
76 0.38889285 0.08439141  0.00850877  0.271417486904  0.265368797706  0.066044184143  0.049934089755 -0.012240983796  0.012021276374
77 0.10262705 0.08439771  0.00059260 -0.044942104936  0.045855087949 -0.014145622576  0.017321541754  0.053748639373  0.054961611632
78 0.66588491 0.08454091  0.02499045 -0.415957660562  0.116776523622 -0.496468170086  0.100615068101 -0.001899965092 -0.011727348774
79 0.85809929 0.08456348  0.04151133  0.446986764742  0.686652870288  0.126521570833  0.221131601660  0.010214413575 -0.005816606600
80 0.95103020 0.08458987  0.05100535 -0.140849570436  0.267033826554  0.454188018456 -0.779113362447  0.002551670666  0.001372170690
81 0.47794213 0.08462529  0.01288723 -0.304651351327 -0.350002002819  0.060983503400  0.096847574853  0.003366423236 -0.002250038363
82 0.00545599 0.08466213  0.00000168  0.001211529795  0.001284045327  0.002260193065  0.003342132098  0.001382069135 -0.002909093823
83 0.02834648 0.08468255  0.00004536 -0.018323522689 -0.020266956906 -0.004097817959 -0.004085321742 -0.004819822235  0.000555930769
84 0.01064251 0.08480703  0.00000640  0.001110232008  0.002377396608 -0.005654737167  0.002107399336  0.002607944849  0.007947310504
85 0.37131751 0.08489757  0.00780360  0.051255934070 -0.032901996438 -0.041609048268  0.030836707475  0.204709450078  0.299297188277
86 1.23943196 0.08492924  0.08697839 -0.803531899272 -0.305928824363  0.862314610978  0.224863173648 -0.015999933242  0.050295989646
87 0.15187876 0.08497241  0.00130671 -0.048156762068 -0.105336100070 -0.046964865840 -0.084581040132 -0.016140580995  0.005676417659
88 1.78604632 0.08498680  0.18073642  0.459236355582  1.219469854672  0.501041656777  1.113957107889 -0.000638328030  0.003623512918
89 0.67582771 0.08499546  0.02588073  0.004046804005 -0.003818697120 -0.008444507871 -0.001638785343  0.097961710149  0.668611731965
90 0.77937450 0.08510104  0.03446164  0.388912286359 -0.493028120924 -0.290164115551  0.358778574771  0.010669740839  0.007999553532
91 0.83084053 0.08510805  0.03916650  0.268854269736  0.344933302828  0.433349109888  0.557878691936  0.003544159306 -0.001318159566
92 0.05455718 0.08512807  0.00016892 -0.005357755813 -0.036179323282 -0.005644674879 -0.034389943742 -0.009161653321  0.018449134492
93 0.01419436 0.08533713  0.00001146  0.000441349913  0.003466109394  0.007372561945  0.005616275630 -0.000170543601 -0.010165865583
94 0.01599335 0.08536202  0.00001456 -0.006542383853  0.000741165388 -0.003589571216 -0.003154089918 -0.008328499458 -0.010965312745
95 1.47421849 0.08542978  0.12377751  0.035137501973 -0.023751209439 -0.032874472846  0.017421918768  0.776970597042  1.251580533027
96 0.14677314 0.08544870  0.00122718  0.009313520070  0.007429018968  0.011891436753  0.025202177794  0.122144950908  0.075527985939
97 0.06907802 0.08545219  0.00027184  0.007001041929  0.002973788286 -0.003243755426  0.003493976447  0.031197115039 -0.060974792868
98 0.06136540 0.08551164  0.00021467 -0.003306998057  0.000096775877  0.001362607276 -0.004848036000 -0.006182800344 -0.060755074086
99 5.44602090 0.08552395  1.69104479  0.002037627933 -0.002866411412 -0.006204804017  0.004997712488  3.809608143637  3.891780254009
100 0.86785442 0.08552539  0.04294351 -0.004889845122 -0.000337919115 -0.005285676195 -0.000794669876 -0.739375672269 -0.454359243855
101 0.61080900 0.08553384  0.02127441 -0.001461793275  0.001196154826  0.001684152270 -0.002143204373 -0.412166796365 -0.450771742790
102 0.03962959 0.08556067  0.00008958  0.002039302227 -0.006815990433 -0.003802823354 -0.001245608131 -0.013099127914  0.036500514436
103 0.27812337 0.08564329  0.00441649  0.081382937940  0.196180317555  0.090464306008  0.154049075527 -0.015738450982  0.008950088176
104 0.02170903 0.08567410  0.00002692 -0.011837746895  0.009737094095  0.012240471205 -0.008910904088 -0.000787982082 -0.002546433979
105 0.57155877 0.08574966  0.01867510  0.343178259384 -0.188285264516 -0.364027723963  0.202039770591  0.004861069832  0.009843257459
106 2.09941026 0.08576238  0.25199979  0.970143429255 -1.060577485992 -1.030306823788  1.129544266793 -0.047893307986 -0.042713048373
107 0.07329902 0.08577044  0.00030722  0.022460996063 -0.029048947042 -0.016311933225  0.053555633152  0.019953654853 -0.022180524303
108 0.01362109 0.08591592  0.00001063  0.004836601343 -0.003659155104 -0.009703393410  0.007343418802 -0.000708371152 -0.000410544954
109 0.22283431 0.08599389  0.00284669 -0.049725955826  0.029641135603  0.193178855937 -0.094313061329  0.004391251411  0.008458943822
110 0.01859887 0.08600435  0.00001983  0.001303862749 -0.001433658757  0.002230899147 -0.001972244123  0.011898482421  0.013846369156
111 0.00499015 0.08602491  0.00000143 -0.000213355630  0.000697027160  0.000073035537 -0.000113801297  0.004664443329  0.001610876519
112 1.77868642 0.08603306  0.18145665 -0.463635616379 -1.228870541063 -0.421662713435 -1.122864544171 -0.004233109052  0.001563342135
113 0.00452775 0.08605446  0.00000118  0.000687008077  0.000994375485  0.000234713947  0.000405172682 -0.002792603418  0.003319920230
114 0.21035627 0.08611000  0.00254023  0.202639748625  0.036220162718 -0.035692692384 -0.001346965534 -0.004088838944  0.024134872819
115 0.39271558 0.08614834  0.00885752 -0.106060071841 -0.187817485537 -0.158228410278 -0.287088036751  0.013934950277 -0.007171083645
116 0.08151321 0.08615097  0.00038161  0.019413705217  0.029553764938  0.029330037060  0.045789567568  0.041540249730 -0.026675060716
117 0.01569001 0.08616703  0.00001414  0.000786701076  0.004073940660  0.000894716680  0.005460100356  0.014038597587 -0.001124782288
118 0.13614773 0.08618666  0.00106505 -0.002514134233  0.001611048010  0.001044371520 -0.000730034651 -0.074352461028 -0.114006030780
119 0.00350931 0.08633170  0.00000071  0.000057326586 -0.000209133635 -0.000514723169 -0.003294225166 -0.001053737074  0.000202527375
120 0.00970097 0.08638656  0.00000542 -0.007913243239  0.001313224277  0.005246647969 -0.000937572183 -0.000355798421 -0.001109922250
121 0.00636024 0.08641667  0.00000233  0.000276961295 -0.000282077655 -0.002312857789  0.001999355105 -0.004187341219 -0.003662758351
122 0.00127402 0.08643646  0.00000009  0.000108431488  0.000214197255 -0.000128427785  0.000574725844  0.000116522710 -0.001097773639
123 0.00567690 0.08652210  0.00000186 -0.001566642456  0.000401167453 -0.002118992768  0.000473109197  0.001487906076  0.004762781581
124 0.00417369 0.08653828  0.00000100  0.001783379771 -0.000961733535  0.003318242528 -0.001438835211 -0.000013865603 -0.000482858835
125 0.01220843 0.08659941  0.00000860  0.001174731147  0.000204190207  0.000342972716  0.000101377393 -0.002513599055  0.011881835069
126 0.00726111 0.08676502  0.00000305 -0.002418045677  0.000884229111 -0.000918984041  0.000278893944  0.001583453937  0.006531861652
127 0.00734738 0.08679503  0.00000312  0.003364562953  0.005434442570  0.001634907377  0.003086402052 -0.000782051523  0.000565808120
128 0.00187728 0.08679953  0.00000020  0.000198023025 -0.000700177582  0.000827067213 -0.000969422243  0.000729747956  0.000915618611
129 0.00486388 0.08680615  0.00000137  0.002400179829  0.002222060703  0.002586456778  0.002475171113  0.000112491720 -0.000360616512
130 0.00475942 0.08687537  0.00000131  0.002890092323 -0.003748463300 -0.000436448117 -0.000232447995 -0.000062797055 -0.000002332436
131 0.01025267 0.08689389  0.00000609  0.000920187990  0.006836685387  0.000800544412  0.007476658798 -0.000994356172 -0.000011811336
132 0.01060390 0.08690005  0.00000651 -0.000437083587 -0.006067703618 -0.000717200146 -0.008564201884  0.001252272021  0.000080306493
133 0.00251580 0.08705155  0.00000037  0.000778499975  0.000334108799  0.001368547103 -0.000855305821  0.001733004463  0.000061700345
134 0.00243945 0.08707039  0.00000035 -0.000538602367  0.001090391765 -0.000692800398  0.001077612741 -0.001599040475  0.000523186312
135 0.00757584 0.08711490  0.00000333  0.001416999321 -0.001111637029  0.001217108286 -0.002514830876  0.005221845593 -0.004367639070
136 0.00869538 0.08715943  0.00000439 -0.002340164613 -0.001379946454 -0.001016337857 -0.002572962335  0.001726051584  0.007589250326
137 0.00613246 0.08721679  0.00000219 -0.004058677185  0.002420622175  0.003358925383 -0.001988879225  0.000099927844 -0.000163744722
138 0.00163997 0.08753240  0.00000016 -0.000090430801 -0.001020641246 -0.000112679466 -0.001190958571 -0.000289487639 -0.000353177548
139 0.00181265 0.08756715  0.00000019 -0.000425432767 -0.000392660096 -0.000805236867 -0.001479454675 -0.000292030141 -0.000167460823
140 0.00748393 0.08758508  0.00000327  0.000772717229 -0.000976245931  0.001339729214  0.001447373657  0.006477730857 -0.002933984329
141 0.00591417 0.08761357  0.00000204 -0.001394328058 -0.001175258001 -0.000677809206  0.001424149108  0.005373522645  0.000538238854
142 0.01017405 0.08765690  0.00000605 -0.002747152833 -0.007053535839  0.002449856467  0.006247702466 -0.001002715935  0.000413482530
143 0.00242991 0.08784524  0.00000035  0.000411016814 -0.002154299549  0.000015253207  0.000004326467  0.001032068966  0.000170657622
144 0.00263627 0.08787612  0.00000041  0.000706322731 -0.000478629490  0.000250434615 -0.000185884415 -0.001404284872 -0.002037807081
145 0.00479064 0.08795697  0.00000135 -0.000048737624 -0.000664484884 -0.000154981733 -0.001084020979 -0.004581163050  0.000565829746
146 0.00113001 0.08797814  0.00000007 -0.000486366850  0.000273414224  0.000035005027 -0.000050313408 -0.000882755493 -0.000427317124
147 0.00351418 0.08799264  0.00000072  0.000455228240  0.000312449030  0.000897485452  0.000742459963 -0.002319721205  0.002303637446
148 0.02112671 0.08804863  0.00002620  0.007449936154  0.013212768697  0.007096982742  0.012879822899  0.000038873043 -0.000019869298
149 0.00266080 0.08810115  0.00000042  0.000227527050  0.002235241706  0.000687715878  0.000281066532  0.001187928111 -0.000262071743
150 0.00565613 0.08814338  0.00000188 -0.001451337148  0.001507374104  0.002751878015 -0.004432066046 -0.000194083512 -0.000599600408
151 0.00390989 0.08814980  0.00000090 -0.000924678138  0.001635823964  0.001708557203 -0.002829326514 -0.000890695021  0.000196742875
152 0.00827749 0.08817468  0.00000403 -0.000014963062 -0.000001372338  0.000163443096 -0.000004610649 -0.004159122838  0.007154824029
153 0.00206142 0.08845196  0.00000025 -0.000410264158 -0.000009404438 -0.001681822505 -0.000388167350 -0.000394822729 -0.000972607767
154 0.00399933 0.08851821  0.00000094 -0.000275116272  0.000801376397  0.002265157730  0.003183538161 -0.000094455213  0.000043994071
155 0.00729930 0.08856450  0.00000315  0.002353865444 -0.002647410835 -0.004289582333  0.004713203311 -0.000245918098 -0.000234508752
156 0.00559871 0.08859795  0.00000185 -0.003444133896  0.000545232026 -0.004324503420  0.000063532220  0.000251880313  0.000646061596
157 0.00868836 0.08862474  0.00000446 -0.006869467387 -0.004605990289 -0.000978269541  0.002040437717 -0.000735099204  0.001192516941
158 0.03320979 0.08870107  0.00006522  0.003289491023 -0.031012636239 -0.011335373092  0.000718512458  0.001126550380 -0.000098223332
159 0.05262862 0.08871188  0.00016381 -0.026953662269  0.025486330537  0.014942403820 -0.034206734670 -0.000276170997 -0.000516327944
160 0.03212618 0.08872248  0.00006105  0.022678813584  0.000396810164 -0.022542737422  0.002756917558 -0.000054905412 -0.001351492000
161 1.60708897 0.08873822  0.15279153  1.038606985956 -0.532871890421 -0.901426956452  0.638358385094  0.001213997933  0.002141812396
162 0.02699749 0.08874760  0.00004312 -0.002298141888 -0.013671820697  0.006324562938  0.022267200921 -0.000914101305  0.000014438482
163 1.72430420 0.08879262  0.17600029  0.545916462182  1.051528617424  0.725420811629  1.021396918964 -0.000812190249  0.000291802105
164 0.02134453 0.08892665  0.00002701 -0.013914579587  0.003683706970  0.015215032334 -0.003728954526 -0.000441945848 -0.001675137451
165 0.01415868 0.08893640  0.00001189  0.000239896516  0.009144568771  0.000761213841 -0.010697114259 -0.001333944503 -0.000021345439
166 0.01158462 0.08900288  0.00000796  0.000007223818 -0.000162814969  0.000147887750 -0.000377250937  0.010138506563  0.005587796427
167 0.07243495 0.08905249  0.00031150  0.000934839274  0.000878177033  0.002165737577  0.001992005530  0.049426429787 -0.052854014319
168 0.40350205 0.08905829  0.00966662  0.001701984067 -0.003589147707 -0.001597987701  0.003138912166 -0.362319640378 -0.177511121718
169 0.06640965 0.08907530  0.00026190  0.001196807015 -0.002929472787 -0.000027178278  0.000032401014 -0.060375012022 -0.027478774961
170 0.04001318 0.08908646  0.00009509  0.000663993696 -0.000062005823 -0.000544610922  0.000520356192 -0.023353093084 -0.032475768114
171 0.00774421 0.08913310  0.00000356 -0.000553187913  0.000134200212  0.000023238796 -0.000598966299 -0.006475863664  0.004165660186
172 0.01488697 0.08914520  0.00001317 -0.000534220401 -0.000430082478  0.001847487544 -0.001870237625 -0.007860481197 -0.012347202555
173 0.02711672 0.08915384  0.00004370  0.001674503514 -0.002134057027 -0.000098675726  0.001030281503 -0.025275707736 -0.009382190572
174 0.00766733 0.08916416  0.00000349  0.001390306565  0.006808996551  0.000622798904  0.001252408768 -0.001959458071  0.002167178262
175 0.00251328 0.08917198  0.00000038  0.000662522620 -0.001998370077  0.000064594024 -0.000561614907 -0.001205627303 -0.000333186743
176 0.00129766 0.08925525  0.00000010  0.000020580956  0.000261900480 -0.000192703780 -0.000603251306  0.001072007082 -0.000254278786
177 0.00798980 0.08929558  0.00000380 -0.001169212803  0.001315537964  0.003053092816 -0.007168460784  0.000088184743 -0.000152427899
178 0.00224813 0.08934639  0.00000030 -0.000165929883 -0.000147790649  0.002200017665  0.000128395765 -0.000008159615 -0.000384823300
179 0.00347472 0.08944686  0.00000072  0.001298370504  0.000013279177 -0.002101089534  0.002416324560 -0.000347386880 -0.000117661707
180 0.00362653 0.08946469  0.00000078  0.000626343264  0.002582084691  0.001555929392  0.001775385207 -0.000669826320  0.000265897334
181 0.00392464 0.08967421  0.00000092 -0.000188499456  0.001001889601  0.000049959557 -0.001051039002  0.003630093033  0.000280652279
182 0.03397679 0.08970636  0.00006904 -0.011129920615  0.010787768044  0.015674106717 -0.025850195120 -0.000004778071 -0.000510561871
183 0.03662167 0.08977162  0.00008026  0.014822915919  0.018247482991  0.009244580034  0.026513049915  0.000189355694 -0.000131336971
184 0.09738519 0.08978575  0.00056768 -0.049656972061 -0.045632154461 -0.036472500555 -0.059926364928 -0.002990743294  0.002325781094
185 0.71376141 0.08979555  0.03049788 -0.287621796775 -0.426367289752 -0.141761971064 -0.474091665564 -0.007836795563  0.004383444060
186 0.05994605 0.08980357  0.00021514 -0.024189988599 -0.028157680591 -0.025384342304 -0.039635309199 -0.000439000826  0.000059064034
187 0.05214124 0.08981667  0.00016279 -0.024315941070 -0.028835153062 -0.010939391606 -0.034276277277 -0.000988387661  0.000683884578
188 0.12280271 0.08988389  0.00090366  0.077336388592 -0.035980298592 -0.083881262855  0.022039124363 -0.007102152494 -0.015256996264
189 0.44795714 0.08989076  0.01202532 -0.286077712467  0.154040591923  0.291434735268 -0.092948021499  0.018654047046  0.034280038198
190 0.01604178 0.08992184  0.00001543 -0.003806083067  0.000840400741  0.011668398996  0.009593420624  0.003221453074 -0.001892939956
191 0.00216309 0.09002435  0.00000028  0.000993535105 -0.000084867807  0.000982149834 -0.000072533231 -0.000729278948 -0.001477468417
192 0.38950411 0.09007204  0.00911009  0.084359146929  0.011851897203 -0.031699235029 -0.014011877819 -0.071276247819  0.371719030704
193 0.00887938 0.09009040  0.00000474  0.001601154055 -0.005971665917  0.000084121820 -0.003354184771  0.004959914825  0.002181863231
194 0.06641686 0.09010173  0.00026497  0.032507417414  0.009475067864  0.053075346087  0.000461810480 -0.009207618234 -0.019044793959
195 0.00433125 0.09015608  0.00000113 -0.000679650918 -0.001293533808  0.001743218718  0.003682661379  0.000149701168 -0.000036842386
196 0.01808453 0.09017533  0.00001966  0.007083841657 -0.011016950119 -0.007049669457  0.010285463983 -0.000086878486 -0.000014975480
197 0.00394292 0.09019971  0.00000093 -0.002838889652  0.000203004401  0.000588295977  0.000356164192  0.000186485116 -0.002634077754
198 1.87500524 0.09026888  0.21156887  1.194537024871 -0.610562893988 -1.155879121511  0.616319819276  0.002904077067  0.004879190033
199 2.09779193 0.09031427  0.26496588 -0.844417697001 -1.203486513726 -0.879181708120 -1.210925219897 -0.002888382721  0.001112783073
200 0.05630496 0.09038039  0.00019102 -0.012891054795  0.012434755312  0.050488230712  0.016208771825  0.005327949556 -0.003045187725
201 0.48597009 0.09050024  0.01424878 -0.270043039009  0.177971828952  0.348212586874  0.051483455136  0.021517403890  0.084877333951
202 0.02697295 0.09055644  0.00004392  0.008729782511 -0.015872850672 -0.017795169358 -0.009051671071 -0.000666219874  0.000582350595
203 0.04415350 0.09056898  0.00011771 -0.026640897702 -0.014764273020 -0.006128255194 -0.029114513902  0.007261068679  0.009158416652
204 0.37248008 0.09059230  0.00837927 -0.024303691735 -0.070963194527 -0.027420782598 -0.076328444890  0.074111743361  0.347914478939
205 0.39707057 0.09060790  0.00952380 -0.217433275045 -0.185185172712 -0.062553272177 -0.260823471218 -0.028309806257 -0.057888001751
206 0.00961968 0.09067522  0.00000559  0.000662249357  0.007349969904  0.000294645554  0.006159053789  0.000238592863  0.000004361268
207 0.00530711 0.09068437  0.00000170  0.001895533495 -0.004284123677  0.000810394832 -0.002306547787  0.000275407065  0.000407346389
208 0.00527115 0.09091016  0.00000168 -0.000292222440 -0.000487805673 -0.003587422851 -0.003751963061 -0.000503384974  0.000511279926
209 0.20005906 0.09092677  0.00242615  0.118191888192 -0.050015533206 -0.012880493984  0.149991765428  0.025470927256  0.015509600877
210 0.15081594 0.09094823  0.00137911 -0.036372014027  0.127180820494  0.053283268963  0.044551731699 -0.011390636264 -0.017142167562
211 0.09008547 0.09101083  0.00049239  0.053182493184 -0.014789367808 -0.046110143619  0.041686949411  0.016630276469  0.030459425691
212 0.06056616 0.09104253  0.00022265 -0.004110951144  0.002509338518  0.057011511986 -0.016577666336  0.001857039118 -0.010792739343
213 0.00247027 0.09105799  0.00000037 -0.000105547121  0.000269908807 -0.000158125488 -0.001448143373  0.001843553155 -0.000705282777
214 0.00132918 0.09106232  0.00000011 -0.000319089553  0.000170614451  0.000477259730 -0.000078019307 -0.000910333515 -0.000757117782
215 0.04149004 0.09108994  0.00010454 -0.029513958673 -0.010418062153  0.013286620292 -0.021942507137 -0.009032870229 -0.001487695264
216 0.01077964 0.09114680  0.00000706 -0.009689912947 -0.004468499260  0.000461285201  0.000670064541  0.000568698651 -0.001163465774
217 0.00543197 0.09115268  0.00000179  0.001490365144 -0.001589943631 -0.000104038196  0.000081894073 -0.003716325106 -0.003305838014
218 0.00307992 0.09116999  0.00000058 -0.000674540448  0.000718150992 -0.000341062667  0.000875241486 -0.000455348971  0.002724971473
219 0.12314343 0.09117253  0.00092171  0.008309552300  0.081503126560  0.021476096886  0.089382373537  0.000407127120 -0.001377994340
220 0.01414948 0.09118602  0.00001217 -0.000437128297  0.010676918965  0.000585955858  0.009251393460  0.000278098922 -0.000105829746
221 0.02933618 0.09120507  0.00005233  0.018744116900 -0.018614374534  0.005484164531 -0.010901439275 -0.002502658218 -0.002755712408
222 0.13470782 0.09124459  0.00110383 -0.032368056724  0.054085292759  0.042913874604 -0.109437573577  0.017403882896  0.007225631931
223 0.04839542 0.09125013  0.00014248 -0.009285947657  0.019612977452  0.013729765024 -0.040005562791  0.008564656805  0.002985633125
224 0.12672603 0.09125873  0.00097705 -0.031274122252  0.028126375279  0.031387124670 -0.043899713578 -0.083765889540 -0.066039858523
225 0.11192182 0.09132236  0.00076263 -0.041308012279 -0.076774808896 -0.032221197130 -0.056147375568 -0.015304283308  0.022378931171
226 0.00596893 0.09132857  0.00000217 -0.002194829260  0.004014039487  0.001873653124 -0.003165719819 -0.000663764983 -0.000851714593
227 0.11190530 0.09136482  0.00076276 -0.035723552103 -0.085749365775 -0.018178575637 -0.053907263283  0.022410357213 -0.012449597043
228 0.07076418 0.09138568  0.00030508 -0.012837254260 -0.023678518339 -0.031092321683 -0.028800981283 -0.015571926398  0.047364418831
229 0.00517756 0.09139715  0.00000163 -0.000359128012 -0.000322822494 -0.000904943643  0.001243789145  0.004703933835  0.001442584425
230 0.07314747 0.09141832  0.00032609 -0.009963554939  0.001442861281 -0.022833921214  0.013199248323 -0.034109768717 -0.058224685082
231 0.02022168 0.09142323  0.00002492  0.001451143395 -0.000691819154  0.002478177568 -0.001788477050  0.008967475246  0.017792595630
232 0.18931177 0.09150718  0.00218635 -0.064102593633 -0.114488251843 -0.068789534898 -0.117247153551 -0.010660841985 -0.005449358672
233 0.00566033 0.09151324  0.00000195 -0.000187090251  0.001878742357 -0.002421255256  0.004749682140 -0.000193213324 -0.000123830502
234 0.00681679 0.09153467  0.00000284  0.001700462804  0.002286049249 -0.000008527633 -0.000476286564 -0.005170254480  0.003375298679
235 0.00746380 0.09155605  0.00000340  0.001556111899 -0.003751551773  0.000635934990 -0.003002547957  0.004879630107  0.002445863891
236 0.20424843 0.09157329  0.00254680 -0.052672657281 -0.155031280645 -0.066489306223 -0.101081797457  0.014979194053 -0.006751428294
237 0.11278958 0.09159982  0.00077686  0.044891190870 -0.010260034380 -0.073498070716  0.047830811112 -0.027734585299 -0.046282205459
238 0.00629266 0.09162897  0.00000242 -0.004786388889  0.001417447460  0.003414770210 -0.001379383151 -0.000376274225 -0.000986922983
239 0.00519962 0.09163411  0.00000165  0.002230554037  0.000576874628  0.004428952498  0.001378907887 -0.000042096328  0.000457305504
240 0.00490652 0.09169353  0.00000147 -0.001411883267  0.002125409833 -0.002465109884  0.003376063738  0.000236388539  0.000180946765
241 0.02093749 0.09170692  0.00002680  0.003634986235 -0.018449155146  0.002168051914 -0.006965725611 -0.005613261622 -0.000252295455
242 0.01339032 0.09174290  0.00001097 -0.000035389588  0.000447042616 -0.003010975730 -0.000483049298  0.001164651807 -0.012978586655
243 0.49913696 0.09174557  0.01523819 -0.273915164710  0.184873057680  0.304491750806 -0.217251510967 -0.002465463932 -0.003258762850
244 0.00795906 0.09175528  0.00000387  0.000862642375 -0.000483449274  0.001609749327 -0.001283270414 -0.004168774288 -0.006383725731
245 0.42142795 0.09176170  0.01086468 -0.105838473806 -0.296492287992 -0.117617960820 -0.254262706200 -0.002762874202  0.000956104868
246 0.00362945 0.09192916  0.00000081 -0.001432495857 -0.000428666927 -0.002787883910 -0.001713875412  0.000216978615 -0.000424732411
247 0.53693172 0.09194657  0.01767187 -0.001422040438  0.001073364511  0.000144893647 -0.029904841263  0.534800082869 -0.037243165576
248 0.45275652 0.09202357  0.01257585 -0.192267728459 -0.181730936348 -0.135119611219 -0.339855638640 -0.026884384464  0.022661005956
249 0.27431970 0.09211228  0.00462105 -0.115246921277  0.232305222589 -0.074085481071 -0.037127322787 -0.032352311630 -0.009484763815
250 0.29731139 0.09213141  0.00542925  0.168148317466 -0.074652958154 -0.220922958399  0.061304293025  0.011992760545  0.042873592223
251 0.57193063 0.09221048  0.02010832 -0.223500477887  0.172585906624  0.481651341918  0.108221107601 -0.002977962548 -0.060478070416
252 0.62393829 0.09222792  0.02393616 -0.209972515274  0.498162112167 -0.307543804069 -0.036778299016 -0.032832513984  0.005588257132
253 0.08564845 0.09224723  0.00045113 -0.002620553523  0.006967936270 -0.079321526616  0.029392557114 -0.002803621930 -0.010795872056
254 0.14325907 0.09241504  0.00126443 -0.026685059303 -0.131017232726 -0.026324377086 -0.042957814629  0.006044239889 -0.008406821959
255 0.42106637 0.09257125  0.01094173 -0.196548431653  0.319392877589 -0.002487435638 -0.112616289562 -0.137684356462 -0.070768578057
256 0.54488915 0.09260648  0.01833017  0.007740917810  0.237368503177  0.072949721039  0.471140994511  0.100524084379 -0.055676493947
257 0.37043219 0.09262408  0.00847325  0.168120108084 -0.086901596359 -0.229663139145  0.116492030716 -0.087464946466 -0.165644453403
258 0.40904030 0.09264456  0.01033382 -0.077833056894 -0.284228094096 -0.188223113686 -0.203841619149 -0.057156278318 -0.014972983105
259 0.61620614 0.09272002  0.02347115 -0.414858119561 -0.124754596711 -0.375020721861 -0.151545463046 -0.023845039777 -0.166924791116
260 0.71570297 0.09274061  0.03166973  0.021849852266 -0.399710827130 -0.395122702912  0.418362778377  0.137002019977  0.045449614912
261 0.56715833 0.09276555  0.01989318 -0.405496289149 -0.278755088591 -0.073209992325 -0.063944431297 -0.107958097689  0.241729978911
262 0.17328013 0.09282153  0.00185804  0.084853353346 -0.146199164536 -0.015938288376  0.007228964878  0.033344995918 -0.005791449037
263 0.24383996 0.09283346  0.00367979 -0.018829235799  0.239389426288 -0.001369843468 -0.032370656595 -0.026764306041 -0.005479458236
264 0.37344593 0.09294690  0.00864170 -0.194319513853  0.198604128287 -0.127531008424  0.181823389309 -0.052821703654 -0.100718174294
265 0.78972038 0.09295765  0.03864920  0.344000076549  0.030871040428  0.708833427183  0.007213175244  0.012692399559 -0.041367202700
266 0.61681333 0.09298781  0.02358535 -0.268816090735  0.409189895801 -0.034598173505  0.219835894248 -0.235806806151 -0.188760480989
267 0.76581835 0.09303195  0.03637411 -0.146608483028  0.328284154972  0.186577346059 -0.184560964078  0.538591634354  0.313461960513
268 0.24828390 0.09305447  0.00382422  0.166527854979  0.161762029703  0.017332174927 -0.038954364258 -0.058654596789  0.049881901966
269 0.29962789 0.09311798  0.00557323  0.049157698330  0.078192130735  0.167331044485  0.201997309104 -0.076884383691  0.080824391458
270 0.10422726 0.09327563  0.00067552  0.019162604040 -0.011491984523  0.086709790879 -0.003242324873 -0.030245936959  0.043819334842
271 0.46891541 0.09332547  0.01368037  0.097398862589 -0.334611891796 -0.120217891271  0.263265422003  0.114857972202  0.038426867900
272 0.11137055 0.09337942  0.00077215  0.088842085786 -0.009577628984 -0.049904560052 -0.029380297257  0.030905823515  0.010484076937
273 0.35543480 0.09340092  0.00786647  0.116657323946  0.172717028079  0.064661815896  0.256544076056  0.084592770453 -0.075774947887
274 0.37265892 0.09344525  0.00865145  0.042245915452  0.146676013421 -0.249622570484 -0.229139558488 -0.027558726932 -0.000503428277
275 1.06401252 0.09347562  0.07055058  0.030327749755  0.606370612408  0.699066077991  0.085273410176 -0.252163063472 -0.451626388843
276 1.22404594 0.09348753  0.09338086  0.351133935589  0.748030460030 -0.337538357423  0.682886455269  0.066178203643  0.480414664791
277 1.32719461 0.09356978  0.10987871 -0.099011408638 -0.248348071919  0.163668459112 -0.008992972466 -0.798004941591  1.013057443093
278 1.04099889 0.09358587  0.06761134  0.098422499513  0.081946100304  0.099512322379  0.066621146908 -0.080769791565  1.022942663185
279 0.84372289 0.09365452  0.04444646  0.078246757847  0.363556677614 -0.112528009707 -0.335637924577  0.669514927252 -0.002586210511
280 0.96613724 0.09366400  0.05828531 -0.600356541581  0.082362557139  0.645263076542 -0.085116650687  0.150238920674  0.346451408752
281 1.06390850 0.09367403  0.07068650  0.262842340112 -0.543527536281 -0.276194482046  0.563420348103 -0.591847983523 -0.152915337418
282 0.66167418 0.09369515  0.02734729  0.213780599203  0.211662875093 -0.321373145000 -0.358593504407  0.337140182897 -0.042141358997
283 0.80632083 0.09372892  0.04062544  0.334888068396  0.624108147621  0.109300888404  0.367988414730 -0.031387678146  0.012039223942
284 1.65742748 0.09376425  0.17171771  0.065032657399 -0.273293498860 -0.064602643583  0.354218491530  1.565692619701  0.295143460178
285 0.76336565 0.09378151  0.03643269 -0.105955064126 -0.162206574526  0.459148608525  0.577612088371 -0.007273139589  0.026145770815
286 0.31780849 0.09393698  0.00632523  0.101944863253  0.190898615039 -0.019986887216  0.015853179201 -0.171159319963  0.155630609564
287 0.75320976 0.09398829  0.03554793  0.362947501076 -0.440192343194 -0.274931165733  0.324672423756  0.183028131745  0.165306169793
288 0.58903659 0.09402601  0.02174910 -0.168866037414 -0.379327073499  0.145092417208  0.273150310313  0.280263479321 -0.018676670133
289 0.58165688 0.09403080  0.02120863  0.191370595397  0.132328342012 -0.107849421778 -0.095536085171 -0.119353733067  0.499186617634
290 0.05398160 0.09412033  0.00018285 -0.046909354357  0.010026977924 -0.020867083301  0.010429275388  0.002887071728  0.007774636271
291 0.31362681 0.09413557  0.00617289  0.178446394062 -0.244373300216 -0.065603054939  0.031072693878 -0.029565744874 -0.025630887301
292 1.26344556 0.09415525  0.10019968 -0.458708301028 -0.790287442178 -0.470046957898 -0.734389381751 -0.024442752013  0.021395760965
293 0.00377523 0.09424825  0.00000090  0.000343612039 -0.000943622090 -0.000891440676  0.001244911939  0.002783795035  0.001774799667
294 0.00404227 0.09427573  0.00000103  0.002364970846  0.002800500737  0.000929156128  0.001130192707  0.000859808599  0.000155237858
295 0.09072105 0.09435060  0.00051769 -0.056571431982  0.032649945016  0.054488932258 -0.031420243585  0.001777711118  0.002127859068
296 0.06049057 0.09445877  0.00023042 -0.015700044038 -0.019071930684 -0.023057893471 -0.027746944744  0.034882740482 -0.023032884686
297 0.03879999 0.09447610  0.00009482 -0.016194027026  0.013557140108  0.008556382310 -0.005670627984  0.018831095398  0.024483035934
298 0.03157847 0.09451668  0.00006283 -0.023110944388 -0.016258193479  0.010596571430  0.009231377933  0.000665910963 -0.000897838088
299 0.02781264 0.09452631  0.00004875  0.005239796008  0.000003255227  0.019738809478 -0.006141664341 -0.005718695345 -0.016912813876
300 0.01083596 0.09524857  0.00000746  0.002612400684 -0.007413553270 -0.004958585065 -0.005002288235  0.001872823162 -0.001585749352
301 0.01591431 0.09528364  0.00001609 -0.007094646478 -0.009181726472 -0.000534687344 -0.010544306922  0.002665847455 -0.000228120510
302 0.16688370 0.09533241  0.00177002 -0.021624033480  0.000588167258 -0.020446472907  0.001075840025 -0.002912679158 -0.164178335623
303 0.33582087 0.09542633  0.00717451  0.197393974064 -0.210210180471 -0.118325306162  0.123140852064 -0.015458172858 -0.014813847529
304 0.09865565 0.09546448  0.00061943  0.014289161135  0.067099840082 -0.010806270582 -0.054126894071 -0.043802948483  0.007821393222
305 0.57775144 0.09547027  0.02124511 -0.006460685231  0.003693124746  0.005717427174 -0.003021543126  0.275739571112  0.507609318063
306 0.25780056 0.09565857  0.00423838  0.000078565473  0.001299732986 -0.000464350926 -0.006458116384  0.257159698434 -0.016923307962
307 0.02491250 0.09572258  0.00003961  0.007734476174 -0.002151521362  0.007633415184 -0.002075212777 -0.005984341292 -0.021396111103
308 0.01814983 0.09572337  0.00002102 -0.014163113190  0.004628295317 -0.009490827429  0.003186907567 -0.000798907225 -0.002555573782
309 0.60183037 0.09578222  0.02312820  0.384955466506  0.064156842245  0.452906676368  0.069014975960  0.000375292672 -0.002306468489
310 0.01087248 0.09581104  0.00000755  0.000431380195 -0.000086259968  0.001499709762 -0.000154146731  0.000350583840  0.010752743986
311 0.15353913 0.09582538  0.00150601  0.139482454921  0.032827780756  0.052538614253  0.016722383743  0.000195764721 -0.001124200251
312 0.02167867 0.09582598  0.00003002  0.007397912410  0.017769288413  0.002916488187  0.008464217794  0.004142123769 -0.001477081938
313 0.01399692 0.09596644  0.00001253 -0.005518164507  0.007382181894  0.006462572033 -0.008317152598  0.000161490315 -0.000032911462
314 0.00578590 0.09605991  0.00000214 -0.002110042114  0.002464405725 -0.003300851302  0.003362483885  0.000419970157  0.000756827856
315 0.00402640 0.09610091  0.00000104 -0.000372127650  0.000402868253 -0.001514694122  0.001070950780 -0.001404741624 -0.003239844780
316 0.10470687 0.09610618  0.00070244 -0.017645642788  0.091797239450  0.009729618708 -0.045372099580  0.008350196760  0.001551569539
317 0.00562123 0.09613192  0.00000203 -0.000518948383 -0.000110090601 -0.000128799775 -0.000009860842 -0.001086080140  0.005488221390
318 0.15902281 0.09615587  0.00162108 -0.008245433934  0.005634048420  0.005389911373 -0.003726950255  0.088121622728  0.131833841343
319 0.03686677 0.09618751  0.00008716 -0.025069280757  0.006659947964 -0.025315952089  0.006740383913  0.000059067418 -0.000031062046
320 0.14905628 0.09620381  0.00142496 -0.124206938223 -0.053997381566  0.056460138637  0.025245466872  0.002890219648 -0.006423475986
321 0.01318159 0.09623152  0.00001115  0.000264311910  0.006673334458  0.000176714021  0.005463090252  0.009963323007 -0.000081370679
322 0.00841254 0.09626817  0.00000454  0.004719906147  0.002671950337  0.005415475044  0.002950306521 -0.001219209740  0.001354960621
323 0.00564839 0.09628425  0.00000205 -0.002679840111 -0.001491747491 -0.004077827578 -0.002071733502  0.000040811572 -0.001255019031
324 0.01294441 0.09632534  0.00001076 -0.000461681510  0.007812297120  0.001228523517 -0.010143633285 -0.001375135493 -0.000138343685
325 0.09854342 0.09634071  0.00062370  0.002480230275  0.000851186257  0.004765679963  0.001575301337  0.031718170481 -0.093127296223
326 0.02334778 0.09658682  0.00003510  0.011080044794  0.005973319239  0.006809299440  0.003855197733  0.007704448588 -0.016312064552
327 0.17561460 0.09662613  0.00198666 -0.104001681817 -0.009198677273 -0.140314558926 -0.015673606447 -0.000367030620  0.002355510401
328 0.10645996 0.09665998  0.00073034 -0.065806799707  0.080442220017  0.014729502841 -0.017240486007 -0.003288111418 -0.002689285544
329 0.00972013 0.09669854  0.00000609 -0.000644491793 -0.001736732778  0.000264642450  0.000902283169  0.009479777414 -0.000546805625
330 0.03942626 0.09672590  0.00010024  0.000110402478  0.000920192763 -0.000236441625  0.000945805819  0.038760577329  0.007087899668
331 0.02386402 0.09676190  0.00003674 -0.000575250008  0.000511100209 -0.000310274297  0.000000130140  0.009042586211 -0.022068859602
332 0.28453693 0.09676822  0.00522298  0.001380034512 -0.000132001764 -0.001122661950  0.000475023692  0.086587949093  0.271035756146
333 0.58107491 0.09677073  0.02178297  0.006519672959 -0.002287183956 -0.003348974823  0.001057122854  0.182666367772  0.551562304886
334 0.01625038 0.09685196  0.00001705 -0.001733499514  0.000851909025 -0.001366641459  0.000392055684  0.000376262880 -0.016068013972
335 0.01339387 0.09691871  0.00001159  0.003352768695 -0.007764405325  0.001855530057 -0.004393502242  0.009092619333  0.001564370291
336 0.01145862 0.09715779  0.00000850 -0.001671868226 -0.006669019147 -0.000491978471  0.000311515783  0.008470574892 -0.003455333527
337 0.00890318 0.09718763  0.00000514  0.001069190547 -0.000095730868 -0.003043907975 -0.008252590207 -0.000392921836 -0.000767691741
338 0.01587023 0.09724326  0.00001633  0.008576396815  0.005423301897  0.005649893070  0.003613669256 -0.006710066968  0.007674140132
339 0.00739919 0.09727149  0.00000355 -0.005452457474  0.001329800796 -0.004449295684  0.000262541459 -0.001398222675 -0.001195903061
340 0.00925012 0.09765991  0.00000557  0.002304954510 -0.002534855356  0.006371342868 -0.003758927883 -0.002390416127 -0.003659079147
341 0.01576854 0.09778270  0.00001621 -0.002670967676  0.008256000089  0.002282151176 -0.012880890352  0.001486545530  0.000125853125
