0 19 0.00452717 0.091439495019 0.00000125 -0.00196882 0.00211609 -0.00203476 0.00063579 -0.00106065 -0.00254397
0 20 0.00348645 0.091439495019 0.00000074 0.00145799 -0.00042380 0.00035540 -0.00142487 0.00258007 0.00101817
0 21 0.07205810 0.095532697498 0.00033069 -0.04380336 0.03104147 0.02590575 -0.03823305 0.01292455 0.00318503
0 22 0.07390700 0.095532697498 0.00034788 -0.02056712 0.03810566 0.05156839 -0.02688879 0.00314681 0.01396381
0 23 0.19110824 0.097296362811 0.00236900 -0.17173464 -0.07230436 0.00190824 -0.03986167 0.00557646 -0.01334018
0 24 0.18959355 0.097296362811 0.00233159 -0.01571588 -0.00155401 -0.18313137 -0.04232872 -0.00145377 0.01911480
0 25 0.24190356 0.097753018761 0.00381350 -0.06643808 0.03019536 0.06144381 -0.02048834 -0.03953666 -0.21779186
0 26 0.19193951 0.097753018761 0.00240086 0.04902498 -0.02118228 -0.03431335 0.02086001 0.13295016 0.12124499
0 27 0.01023622 0.100177631657 0.00000700 -0.00205889 -0.00760730 -0.00616568 -0.00026691 0.00183522 -0.00110233
0 28 0.01601936 0.100177631663 0.00001714 0.00411654 -0.00986086 0.01002747 -0.00608994 0.00182422 0.00121340
0 29 0.01842847 0.101628406052 0.00002301 -0.00141813 -0.00115688 -0.00289540 -0.00112697 0.00248367 -0.01790075
0 30 0.01099363 0.101628406080 0.00000819 -0.00069893 0.00782772 -0.00106587 0.00384129 0.00636413 -0.00164450
0 31 0.01422025 0.101934595723 0.00001374 0.00655741 0.00338414 -0.00272023 -0.00219598 -0.00626716 0.00981144
0 32 0.00892204 0.101934595757 0.00000541 -0.00258674 0.00068860 -0.00472756 0.00346355 -0.00421825 -0.00450529
0 33 0.01645767 0.101996392398 0.00001842 -0.00486404 -0.00621586 -0.00825292 -0.01078419 0.00452568 -0.00191511
0 34 0.00690954 0.101996392416 0.00000325 -0.00235988 -0.00166742 -0.00390174 -0.00253688 -0.00420863 -0.00014294
0 35 0.02004225 0.102435965957 0.00002743 -0.01000508 -0.00674824 0.01589275 0.00165644 -0.00060557 -0.00060089
0 36 0.01231446 0.102435966004 0.00001036 -0.00395976 0.00394555 0.00115263 0.01041830 0.00317889 0.00065114
1 19 0.00911300 0.090658026636 0.00000502 -0.00082254 -0.00467923 -0.00641445 0.00396377 0.00162043 0.00099624
1 20 0.01012987 0.090658026636 0.00000620 -0.00255600 -0.00769080 0.00579434 0.00040577 0.00143883 -0.00105989
1 21 0.35706838 0.094751229115 0.00805372 -0.28048571 0.00160089 0.00878403 -0.18182730 -0.08365390 -0.09320263
1 22 0.34184570 0.094751229115 0.00738166 0.01328742 0.15491671 0.25474441 0.07229452 -0.02145493 -0.14866477
1 23 0.16741186 0.096514894428 0.00180333 0.00502657 0.00964509 0.10645416 0.08528318 -0.05268795 0.08078803
1 24 0.14973466 0.096514894428 0.00144261 0.11597004 0.06869970 -0.01634562 0.01511840 0.02789079 -0.05457223
1 25 0.07106967 0.096971550378 0.00032653 0.05766969 0.02771685 -0.01236536 0.02554155 0.00137350 0.01223607
1 26 0.07637248 0.096971550378 0.00037707 0.00279991 0.04321477 0.05802037 0.02229914 -0.00141145 -0.00958089
1 27 0.04421564 0.099396163273 0.00012955 -0.02577358 0.01463435 0.01474619 -0.02891081 -0.00395511 -0.00276638
1 28 0.02949802 0.099396163279 0.00005766 0.01976512 0.00846198 0.00154746 -0.01977624 -0.00378706 0.00017839
1 29 0.01526007 0.100846937669 0.00001566 0.00510937 -0.00081785 0.00907301 0.00612062 0.00574082 -0.00730457
1 30 0.01494700 0.100846937697 0.00001502 -0.00332734 0.01193819 0.00210166 -0.00139894 -0.00636865 -0.00478407
1 31 0.00907861 0.101153127340 0.00000556 0.00517836 0.00587331 0.00277633 0.00328600 -0.00132713 0.00091809
1 32 0.00784954 0.101153127374 0.00000416 -0.00463352 0.00175252 -0.00385109 0.00132767 0.00129417 0.00433659
1 33 0.02608149 0.101214924015 0.00004590 -0.00342419 -0.01955211 -0.00656934 -0.01464117 0.00175619 0.00506259
1 34 0.02266216 0.101214924033 0.00003465 -0.00600960 0.00685538 -0.00762992 -0.01210384 -0.01485907 0.00222519
1 35 0.00618313 0.101654497574 0.00000259 -0.00351827 -0.00188590 -0.00088806 0.00048063 0.00411489 -0.00208429
1 36 0.00640601 0.101654497620 0.00000278 0.00004539 -0.00328469 0.00156258 -0.00287431 -0.00299826 -0.00324851
2 19 0.01013048 0.090658026576 0.00000620 -0.00375978 -0.00717810 -0.00373223 0.00445157 -0.00176926 0.00029890
2 20 0.00911522 0.090658026576 0.00000502 0.00279479 0.00384419 -0.00730659 0.00186702 0.00040161 -0.00186154
2 21 0.34184339 0.094751229054 0.00738156 0.15455481 0.01698461 0.06618510 0.25639621 -0.14811070 -0.02499953
2 22 0.35707120 0.094751229054 0.00805384 -0.00830368 0.28036749 0.18198699 -0.00443673 0.09117964 0.08586200
2 23 0.14972933 0.096514894368 0.00144250 -0.06499105 0.11808602 0.02176050 0.00471643 -0.05173932 -0.03283302
2 24 0.16741274 0.096514894368 0.00180335 -0.00056701 -0.01086264 0.04837143 -0.12753635 -0.08642701 -0.04282247
2 25 0.07637398 0.096971550317 0.00037709 0.03530910 0.02507028 -0.01147763 0.06109164 -0.00741440 -0.00623191
2 26 0.07106722 0.096971550318 0.00032651 0.00668191 -0.06363170 -0.02823247 -0.00288269 -0.00969416 -0.00758618
2 27 0.02949683 0.099396163213 0.00005765 0.02064979 -0.00598429 -0.00087908 0.01981645 -0.00373693 -0.00063863
2 28 0.04421474 0.099396163219 0.00012954 0.02379328 0.01767500 -0.01110152 -0.03049361 0.00426577 -0.00226189
2 29 0.01495256 0.100846937608 0.00001503 -0.00513719 0.01128257 -0.00070608 -0.00242765 0.00795673 0.00043620
2 30 0.01526368 0.100846937636 0.00001566 0.00338333 0.00391512 0.01088728 0.00116396 -0.00031343 0.00928542
2 31 0.00784446 0.101153127279 0.00000415 0.00331240 -0.00367514 0.00263564 -0.00310400 0.00356649 0.00278491
2 32 0.00908152 0.101153127313 0.00000556 -0.00358684 -0.00696090 -0.00205625 -0.00378457 -0.00133676 0.00090353
2 33 0.02266257 0.101214923954 0.00003466 0.00260757 -0.00873709 -0.01431024 -0.00001194 -0.00602992 -0.01375910
2 34 0.02608190 0.101214923972 0.00004590 0.01837649 -0.00750562 0.01589136 -0.00223082 -0.00522154 0.00120802
2 35 0.00640473 0.101654497514 0.00000278 -0.00287966 0.00158493 -0.00179842 0.00272501 -0.00428016 -0.00111189
2 36 0.00618064 0.101654497560 0.00000259 0.00332166 0.00221013 -0.00000067 0.00101267 -0.00010013 -0.00460942
3 19 0.08679739 0.090414926527 0.00045411 0.04662465 -0.01552154 0.03020527 -0.01909755 -0.00271397 0.06192391
3 20 0.12747616 0.090414926527 0.00097951 -0.07965488 0.04840400 -0.07135577 -0.04708254 -0.01560935 -0.00320337
3 21 0.00036709 0.094508129006 0.00000001 -0.00018134 0.00008441 0.00007465 0.00011382 -0.00012259 0.00024737
3 22 0.00277778 0.094508129006 0.00000049 -0.00003895 -0.00000304 -0.00007124 -0.00003033 0.00137639 -0.00241124
3 23 0.01042639 0.096271794319 0.00000698 0.00113059 0.00235091 0.00277904 0.00210240 -0.00708389 0.00629126
3 24 0.00566921 0.096271794319 0.00000206 -0.00298849 -0.00006777 -0.00068750 0.00220037 0.00218351 0.00362247
3 25 0.00862709 0.096728450269 0.00000480 0.00186354 0.00064010 0.00137490 0.00053175 -0.00720926 0.00404941
3 26 0.00739446 0.096728450270 0.00000353 -0.00443744 0.00102088 0.00261916 0.00359541 -0.00166671 0.00337343
3 27 0.04321819 0.099153063165 0.00012347 0.00751858 0.02762686 -0.02282253 0.02269214 -0.00313061 -0.00156138
3 28 0.01797144 0.099153063171 0.00002135 -0.01240445 0.00612296 0.00234898 0.00231540 -0.00869757 -0.00671455
3 29 0.42527274 0.100603837560 0.01212993 -0.03283139 0.17171472 0.11515375 0.04945350 -0.19168315 0.31280120
3 30 0.36302325 0.100603837588 0.00883878 0.05201623 -0.19395716 -0.04200890 0.01352941 -0.06302558 0.29247358
3 31 0.38962949 0.100910027231 0.01021284 0.09803326 -0.12461241 -0.17758208 -0.30731248 -0.00732688 -0.02534413
3 32 0.37625383 0.100910027265 0.00952368 0.28715055 -0.08312076 0.09132665 -0.20407281 0.00504886 0.04680480
3 33 0.28011972 0.100971823906 0.00528197 -0.03453503 -0.16576820 0.01286698 -0.02724650 -0.11959004 0.18597200
3 34 0.25176483 0.100971823924 0.00426677 -0.15802292 0.02385595 -0.03361542 -0.08691709 -0.17046814 -0.01006052
3 35 0.40069858 0.101411397465 0.01085503 -0.06994669 -0.05722864 -0.03120364 -0.00719084 -0.38724709 0.03749686
3 36 0.29356772 0.101411397512 0.00582656 -0.09876637 -0.02530593 -0.08818267 0.07943339 0.22627568 0.10247093
4 19 0.12747618 0.090414926449 0.00097951 0.07998910 -0.04784977 -0.00832761 -0.08508280 0.00444494 -0.01530130
4 20 0.08679378 0.090414926449 0.00045407 0.03548742 -0.03398610 0.03098907 -0.01779714 -0.05603067 -0.02650005
4 21 0.00277946 0.094508128927 0.00000049 -0.00001561 -0.00003740 -0.00004816 -0.00005951 -0.00197896 0.00194977
4 22 0.00036660 0.094508128928 0.00000001 -0.00003662 0.00019797 -0.00012826 -0.00004218 -0.00020697 0.00018111
4 23 0.00567329 0.096271794241 0.00000207 0.00199999 -0.00221926 0.00207297 0.00100813 0.00114031 0.00408010
4 24 0.01042124 0.096271794241 0.00000697 -0.00093561 -0.00243220 0.00037914 -0.00346378 -0.00943216 0.00083924
4 25 0.00739648 0.096728450191 0.00000353 0.00217204 -0.00400022 0.00276348 0.00348747 0.00369925 -0.00071036
4 26 0.00863035 0.096728450191 0.00000480 -0.00011792 -0.00196673 -0.00014990 -0.00146905 -0.00583278 0.00586508
4 27 0.01797056 0.099153063086 0.00002135 -0.01321782 -0.00407702 0.00195376 -0.00266079 -0.00751941 0.00801060
4 28 0.04321851 0.099153063092 0.00012347 -0.00303920 0.02847205 0.02613352 0.01878124 0.00284390 -0.00204003
4 29 0.36302363 0.100603837481 0.00883880 0.03111813 -0.19838781 0.03291042 0.02940199 -0.06100962 0.29289989
4 30 0.42527178 0.100603837509 0.01212988 0.03963111 -0.17027413 0.12531455 0.00149772 -0.04834491 -0.36366052
4 31 0.37625567 0.100910027152 0.00952378 -0.10870789 0.27847387 -0.21148555 0.07253173 0.04615827 0.00925469
4 32 0.38962834 0.100910027186 0.01021278 0.13295371 -0.08638039 0.29002745 0.20459695 0.02458154 0.00958631
4 33 0.25176217 0.100971823827 0.00426668 -0.10214806 -0.12290391 -0.08290704 0.04255308 -0.13399965 -0.10585058
4 34 0.28011589 0.100971823845 0.00528183 0.13603061 -0.10083000 0.00851136 -0.02890297 -0.03436413 0.21841515
4 35 0.29355891 0.101411397387 0.00582621 -0.08706190 -0.05305721 -0.00467898 -0.11858683 0.23132002 0.09048928
4 36 0.40069840 0.101411397433 0.01085502 0.08980502 0.01013963 0.02693071 0.01732458 0.24346573 0.30346415
5 19 0.17140661 0.087860149299 0.00172090 0.03222738 -0.10657098 0.07074395 -0.01203305 -0.10824673 -0.01083482
5 20 0.16431802 0.087860149299 0.00158151 -0.06361014 0.06399255 0.07987288 0.08984898 0.02512203 0.06144495
5 21 0.00668357 0.091953351778 0.00000274 -0.00405492 0.00054906 -0.00093122 -0.00252515 -0.00434251 0.00135109
5 22 0.00965510 0.091953351778 0.00000571 0.00423854 -0.00040556 0.00257687 -0.00188773 -0.00493369 -0.00636758
5 23 0.00492531 0.093717017091 0.00000152 0.00257828 -0.00022585 -0.00380554 0.00033829 -0.00041285 -0.00167126
5 24 0.00582864 0.093717017091 0.00000212 -0.00521309 0.00179704 0.00136027 -0.00108457 0.00037141 0.00063467
5 25 0.00206875 0.094173673041 0.00000027 -0.00043609 0.00031974 -0.00116182 -0.00061785 0.00143676 0.00043760
5 26 0.00314955 0.094173673041 0.00000062 0.00009175 -0.00040691 -0.00259728 0.00043739 -0.00099168 -0.00135095
5 27 0.72990382 0.096598285937 0.03430911 -0.15639568 -0.45513268 -0.26774450 0.30117639 -0.35791013 0.10324838
5 28 0.58406016 0.096598285942 0.02196814 -0.16116521 -0.23049117 0.28154121 -0.28707968 -0.23997755 0.20677631
5 29 0.86378210 0.098049060332 0.04877088 -0.20840226 -0.02904981 0.12760470 0.03264501 0.14201805 0.81506217
5 30 0.54864569 0.098049060360 0.01967597 0.08570928 0.22767841 -0.07332875 -0.18193459 0.44607972 0.06606163
5 31 0.62598418 0.098355250003 0.02569408 0.60619500 -0.00827141 0.12395531 0.06172469 0.05755680 0.04275235
5 32 0.93516944 0.098355250037 0.05734386 0.21514595 -0.25810423 -0.27930074 0.49591441 -0.56782950 -0.33950843
5 33 0.93907877 0.098417046678 0.05786062 0.00516451 -0.08222707 0.38386663 0.37669415 -0.22809056 -0.73061864
5 34 1.66540134 0.098417046696 0.18197716 0.29810890 0.24351366 -0.35288192 -0.52337279 0.82059258 -1.24642565
5 35 1.04612396 0.098856620237 0.07212417 0.28036006 -0.31575740 -0.88573805 -0.10080429 -0.02966066 -0.34712778
5 36 1.40545992 0.098856620283 0.13018215 0.39373341 1.11266303 -0.25836075 0.71248357 -0.00704977 -0.08854231
6 19 0.16431780 0.087860149297 0.00158150 0.08999675 -0.00647169 0.01600105 0.11914875 0.03018511 0.05912227
6 20 0.17140662 0.087860149297 0.00172090 0.10179884 0.04508925 0.05526693 -0.04577173 -0.06239726 0.08911388
6 21 0.00965502 0.091953351776 0.00000571 -0.00026540 0.00424957 -0.00180146 0.00263811 -0.00652669 -0.00472097
6 22 0.00668361 0.091953351776 0.00000274 -0.00041496 0.00407106 0.00255465 0.00084699 -0.00120722 0.00438450
6 23 0.00582797 0.093717017089 0.00000212 0.00533128 -0.00140577 -0.00173359 -0.00014480 0.00004474 0.00073364
6 24 0.00492509 0.093717017089 0.00000152 0.00226859 -0.00124648 -0.00335057 0.00183546 0.00058666 0.00161766
6 25 0.00314944 0.094173673039 0.00000062 -0.00040158 -0.00011306 0.00162028 -0.00207652 -0.00071672 -0.00151460
6 26 0.00206814 0.094173673040 0.00000027 -0.00048858 0.00023135 -0.00000890 0.00131594 0.00029798 -0.00147118
6 27 0.58405975 0.096598285935 0.02196811 -0.17592516 0.21943496 0.26212261 0.30491177 -0.22590965 -0.22205811
6 28 0.72990307 0.096598285941 0.03430904 0.18588622 -0.44390485 0.24743157 0.31807501 0.35037302 0.12648299
6 29 0.54864472 0.098049060330 0.01967590 -0.20505491 0.13090850 0.16772856 -0.10170516 -0.39669792 -0.21443048
6 30 0.86378163 0.098049060358 0.04877082 -0.18424541 -0.10163240 0.12171586 0.05033426 0.60212319 -0.56739982
6 31 0.93516823 0.098355250001 0.05734371 -0.31210686 0.12447648 0.55808619 -0.11170319 -0.14664026 -0.64513050
6 32 0.62598265 0.098355250035 0.02569395 0.19589029 -0.57372936 -0.02023403 -0.13699037 -0.02278659 -0.06797710
6 33 1.66539717 0.098417046676 0.18197625 0.37122952 0.10176475 -0.63102554 0.01582071 -0.54001184 1.39115922
6 34 0.93907620 0.098417046694 0.05786031 0.06401060 -0.05187157 -0.52946153 -0.09444688 0.72756718 -0.23763914
6 35 1.40546234 0.098856620235 0.13018260 1.15493765 -0.24325078 0.47372913 -0.59157726 -0.07926419 0.04008383
6 36 1.04612595 0.098856620282 0.07212444 0.12358111 -0.40377932 0.54728184 0.70368632 0.31179501 -0.15543966
7 19 0.05765070 0.087228732638 0.00019328 0.03219991 -0.02272347 -0.03877627 0.00474259 0.01475275 0.00516504
7 20 0.07151272 0.087228732638 0.00029740 0.03580895 0.02744278 -0.04983046 -0.02093702 -0.01220217 0.00289062
7 21 0.00660598 0.091321935117 0.00000266 0.00350445 0.00053396 0.00035755 0.00517482 0.00173841 -0.00106959
7 22 0.00855682 0.091321935117 0.00000446 -0.00521151 0.00382175 -0.00105015 0.00486283 0.00213272 0.00146804
7 23 0.00468322 0.093085600430 0.00000136 -0.00334625 0.00163909 -0.00241837 0.00098291 -0.00030851 -0.00106713
7 24 0.00317004 0.093085600430 0.00000062 0.00181418 -0.00130418 0.00008680 -0.00022003 -0.00103613 -0.00198179
7 25 0.00632895 0.093542256380 0.00000250 0.00404133 -0.00186876 -0.00138958 -0.00388861 -0.00070485 -0.00163768
7 26 0.00747753 0.093542256381 0.00000349 0.00311648 0.00019844 -0.00478393 0.00458871 -0.00024264 -0.00146989
7 27 0.35439302 0.095966869276 0.00803527 0.17022473 0.17962573 0.10564246 0.22558543 0.00978810 -0.04698543
7 28 0.28939143 0.095966869282 0.00535798 0.13849654 0.17481442 0.16814353 0.04660402 0.05912903 -0.00809921
7 29 0.75055115 0.097417643671 0.03658533 0.56045566 -0.34036458 0.26257482 -0.03747562 -0.12316496 -0.21874383
7 30 0.61595786 0.097417643699 0.02464043 0.21541952 -0.00148217 -0.33921090 -0.46494305 -0.02540915 -0.03338602
7 31 0.68213246 0.097723833342 0.03031424 -0.02509489 -0.00605814 -0.04182474 0.00377667 0.15854844 0.66161700
7 32 0.45692787 0.097723833376 0.01360206 -0.08788536 0.35526200 -0.04679981 0.19433622 -0.18532578 -0.02336065
7 33 1.26785640 0.097785630017 0.10479098 -1.00579853 -0.09633407 0.24309452 0.47767622 -0.17762485 0.51742517
7 34 1.36161626 0.097785630035 0.12086296 -0.61068261 0.03410258 -1.08760564 -0.50153801 0.20840080 -0.04522523
7 35 0.91160169 0.098225203576 0.05441792 -0.23458628 0.35342241 0.10350773 -0.23818519 0.32499410 -0.69138435
7 36 1.92401541 0.098225203623 0.24240902 -0.39875861 -0.49434200 0.27798519 0.38268353 -1.62395611 0.66143552
8 19 0.07151268 0.087228732637 0.00029740 0.00817722 -0.04436803 -0.02294304 0.04893909 -0.01099259 0.00603488
8 20 0.05765071 0.087228732637 0.00019328 -0.03912639 0.00472203 0.03195393 -0.02247335 -0.00748521 0.01372219
8 21 0.00855690 0.091321935116 0.00000446 -0.00428695 0.00483625 -0.00493900 0.00059624 -0.00126455 -0.00225941
8 22 0.00660598 0.091321935116 0.00000266 0.00020778 0.00353887 0.00511971 0.00083397 -0.00122529 0.00163215
8 23 0.00316973 0.093085600429 0.00000062 0.00220614 0.00035390 0.00017619 0.00015768 -0.00003946 0.00223549
8 24 0.00468345 0.093085600429 0.00000136 0.00372638 -0.00003286 0.00260231 -0.00020423 -0.00020233 -0.00109227
8 25 0.00747718 0.093542256379 0.00000349 0.00165249 -0.00265004 -0.00651542 0.00121903 0.00105349 0.00105271
8 26 0.00632899 0.093542256379 0.00000250 -0.00387175 0.00219897 -0.00235334 -0.00339325 -0.00092085 -0.00152636
8 27 0.28939257 0.095966869275 0.00535803 -0.16918301 0.14532332 -0.17393519 0.01381533 -0.05651519 -0.01918381
8 28 0.35439297 0.095966869281 0.00803527 0.20124614 -0.14402086 0.14657013 -0.20141029 0.00068403 0.04798944
8 29 0.61595663 0.097417643670 0.02464034 0.15390244 0.15073703 -0.56699962 0.09872237 -0.04147056 0.00636123
8 30 0.75054871 0.097417643698 0.03658509 -0.16661489 -0.63418995 -0.16281351 -0.20938159 0.24055960 -0.07175056
8 31 0.45692791 0.097723833341 0.01360206 -0.35879250 -0.07213753 -0.19572116 -0.04061261 -0.05796231 0.17757096
8 32 0.68213334 0.097723833375 0.03031432 0.00523108 -0.02527830 0.02126384 -0.03621134 0.53067890 0.42574173
8 33 1.36161548 0.097785630016 0.12086282 0.25884508 0.55416075 0.95637231 0.72095489 -0.05874418 -0.20500483
8 34 1.26785513 0.097785630034 0.10479077 -0.56067946 -0.84056398 0.53584512 -0.01179800 0.37183868 -0.40126572
8 35 1.92401741 0.098225203575 0.24240952 0.61433103 0.16120001 -0.46298374 -0.09678206 0.06202974 1.75239451
8 36 0.91160306 0.098225203622 0.05441808 0.22628325 -0.35879961 -0.17486164 0.19201817 -0.49752104 0.57974486
9 19 0.28925644 0.085764186026 0.00478389 0.10732942 0.00616844 0.09029325 0.05329201 -0.10426876 0.22415787
9 20 0.34723496 0.085764186026 0.00689385 -0.06357777 -0.23460798 -0.23225368 0.07649599 -0.00263614 -0.04109404
9 21 0.02632335 0.089857388505 0.00004151 0.01745282 0.00586318 -0.00961058 -0.01616514 -0.00026244 0.00044350
9 22 0.00701200 0.089857388505 0.00000295 0.00284372 0.00173335 0.00148738 0.00593944 0.00024109 0.00072768
9 23 0.03343151 0.091621053818 0.00006827 0.00240489 0.01200222 0.00184000 0.00763988 -0.03009530 -0.00059024
9 24 0.01687789 0.091621053818 0.00001740 -0.00657574 0.00308070 -0.00394319 0.00277162 -0.00589572 0.01319629
9 25 0.01067361 0.092077709768 0.00000699 0.00343642 0.00491159 0.00200085 0.00404742 -0.00539175 0.00534203
9 26 0.01556765 0.092077709768 0.00001488 -0.01092513 -0.00446574 -0.00191098 0.00987192 0.00106817 -0.00089602
9 27 2.69129274 0.094502322664 0.45632378 1.99653004 -0.31021509 -0.05961457 -1.73000236 0.17844441 0.36384964
9 28 1.53186890 0.094502322670 0.14784084 0.05791298 -0.25929405 1.03128156 0.31960787 0.30842267 1.00758107
9 29 0.23953599 0.095953097059 0.00367037 -0.03916880 0.17539223 0.10938603 0.11143603 0.02499984 -0.00851901
9 30 0.16258394 0.095953097087 0.00169092 0.08495454 -0.09370854 -0.09836102 0.01909867 0.01580445 -0.01206399
9 31 0.21164892 0.096259286730 0.00287464 -0.05136679 -0.16975333 0.03203638 0.11032047 -0.00821423 0.00872460
9 32 0.14516913 0.096259286764 0.00135238 -0.04836266 -0.11167226 0.02890295 0.07133294 0.01147496 -0.01445659
9 33 0.35942040 0.096321083405 0.00829537 0.06150094 0.00939710 0.17210826 -0.30826388 0.02577203 -0.00053430
9 34 0.48318131 0.096321083423 0.01499168 0.17897864 -0.31928784 -0.22912637 -0.21627148 0.01007782 0.01059652
9 35 0.22342842 0.096760656964 0.00322021 0.04004519 0.02147683 0.03187046 0.21483230 0.02033463 0.01653023
9 36 0.42926889 0.096760657011 0.01188684 0.36059011 -0.08560319 0.05107663 0.20957481 -0.00756226 -0.01819427
10 19 0.34723490 0.085764186026 0.00689384 0.23436126 -0.06448166 0.05215981 0.23889894 0.03673051 -0.01861488
10 20 0.28925647 0.085764186026 0.00478389 0.05986107 0.08929916 0.09178637 0.05067743 0.14005580 -0.20372297
10 21 0.00701194 0.089857388505 0.00000295 -0.00322401 0.00083483 -0.00314475 0.00525350 -0.00044140 0.00062662
10 22 0.02632321 0.089857388505 0.00004151 0.01840307 -0.00055337 -0.01388273 0.01268609 -0.00012261 -0.00050053
10 23 0.01687752 0.091621053818 0.00001740 -0.00126700 0.00715010 -0.00165241 0.00452788 -0.01121179 0.00912059
10 24 0.03343181 0.091621053818 0.00006827 0.01221499 -0.00079468 0.00785593 -0.00020717 -0.00838602 -0.02890960
10 25 0.01556740 0.092077709768 0.00001488 0.01070453 0.00497119 -0.00593624 0.00811548 -0.00006985 -0.00139261
10 26 0.01067307 0.092077709768 0.00000699 0.00593774 -0.00082203 0.00432751 -0.00128603 0.00024855 -0.00758545
10 27 1.53186967 0.094502322663 0.14784099 -0.26172317 -0.04570609 -0.09930286 1.07509548 0.81290128 0.67047506
10 28 2.69129393 0.094502322669 0.45632419 1.05052327 -1.72591065 1.57555098 0.71701259 -0.26788452 -0.30408266
10 29 0.16258566 0.095953097059 0.00169096 0.12306137 0.02922605 -0.09192219 0.03988437 0.01985857 0.00100998
10 30 0.23953699 0.095953097086 0.00367040 0.13150761 0.12248852 -0.02717814 0.15376644 -0.02543341 0.00711705
10 31 0.14517105 0.096259286730 0.00135242 0.10563412 -0.06043263 -0.06587650 0.03979468 -0.00052710 -0.01844876
10 32 0.21165105 0.096259286764 0.00287470 -0.14283132 0.10513667 0.09175127 -0.06913555 -0.00135024 -0.01190878
10 33 0.48318479 0.096321083405 0.01499190 -0.26312434 -0.25444829 0.15737633 -0.27296154 -0.00660817 0.01304635
10 34 0.35942217 0.096321083423 0.00829545 0.05621158 -0.02665905 0.25338092 0.24586047 0.02484225 -0.00688871
10 35 0.42926961 0.096760656964 0.01188688 -0.37058034 -0.00460788 -0.00397013 0.21567856 0.00339856 -0.01941199
10 36 0.22343264 0.096760657010 0.00322033 0.03437727 -0.02972065 -0.01592534 -0.21660295 0.01621765 -0.02058077
11 19 0.00602884 0.085002158547 0.00000206 0.00246175 -0.00072707 0.00061149 0.00113265 0.00238326 0.00473511
11 20 0.00446347 0.085002158547 0.00000113 -0.00230426 -0.00002496 -0.00014563 0.00275154 0.00107861 -0.00242009
11 21 0.35635677 0.089095361026 0.00754282 -0.21642669 -0.07075852 0.17001925 -0.12004185 0.15201562 0.09336770
11 22 0.43813034 0.089095361026 0.01140172 0.03221366 0.11800414 0.16226212 0.01410002 -0.12219998 0.36815059
11 23 2.96976620 0.090859026339 0.53422147 0.06997279 0.14334174 -0.24281978 -0.34041080 2.11937799 -2.03161616
11 24 1.17941687 0.090859026339 0.08425807 -0.59931124 -0.44470142 0.66647826 0.41525964 -0.40715638 0.22733387
11 25 1.32653221 0.091315682289 0.10712472 -0.96184878 -0.46825787 -0.18037670 -0.54121149 -0.28951291 0.45387867
11 26 1.44085387 0.091315682290 0.12638455 0.48603366 -0.62830098 -0.79987699 -0.87520250 -0.19315395 -0.04447431
11 27 0.01791084 0.093740295185 0.00002005 0.00301815 -0.01139948 -0.00735844 -0.00456221 0.00848357 0.00589995
11 28 0.01646071 0.093740295191 0.00001693 0.00622990 -0.00590043 0.00946695 -0.00103208 0.00979264 0.00327783
11 29 0.01059950 0.095191069580 0.00000713 0.00627119 0.00574968 0.00555069 0.00220496 -0.00143078 0.00149790
11 30 0.00579145 0.095191069608 0.00000213 0.00072301 -0.00043593 -0.00219745 0.00480661 0.00147902 0.00164568
11 31 0.00482970 0.095497259251 0.00000149 -0.00102731 -0.00156302 -0.00028737 -0.00072379 -0.00366572 0.00240494
11 32 0.00141902 0.095497259285 0.00000013 0.00014575 -0.00029261 0.00106812 -0.00022563 0.00074002 0.00040910
11 33 0.00798450 0.095559055926 0.00000406 -0.00092322 -0.00279410 0.00020652 -0.00688411 -0.00256105 0.00104898
11 34 0.00869636 0.095559055944 0.00000482 -0.00127927 -0.00556731 -0.00318180 0.00540891 -0.00187321 0.00032584
11 35 0.00795717 0.095998629485 0.00000405 -0.00223443 -0.00132703 0.00361529 0.00413301 -0.00424480 0.00289697
11 36 0.00560822 0.095998629532 0.00000201 0.00183616 -0.00415326 0.00200655 0.00218746 0.00013202 0.00141509
12 19 0.00446364 0.085002158547 0.00000113 -0.00040814 -0.00226792 0.00268895 -0.00060168 -0.00220708 0.00146644
12 20 0.00602877 0.085002158547 0.00000206 0.00030719 -0.00254832 -0.00121858 -0.00041432 -0.00506575 -0.00156183
12 21 0.43813036 0.089095361026 0.01140172 0.09779375 -0.07347818 0.13683680 0.08833735 0.12915745 -0.36576784
12 22 0.35635675 0.089095361026 0.00754282 0.21436393 0.07678161 -0.06072775 -0.19906967 -0.17733769 -0.01943137
12 23 1.17941691 0.090859026339 0.08425807 -0.38061377 -0.64192409 0.34441065 0.70570171 0.26805822 -0.38157836
12 24 2.96976625 0.090859026339 0.53422149 -0.13537293 -0.08436324 0.31359278 0.27658734 2.23908759 -1.89887185
12 25 1.44085358 0.091315682289 0.12638450 -0.40174784 0.68526567 -1.11034497 -0.41583206 -0.11329172 -0.16263892
12 26 1.32653223 0.091315682289 0.10712473 0.79314878 0.71786766 0.56943722 -0.03444479 -0.31318648 0.43787878
12 27 0.01645973 0.093740295185 0.00001693 0.00856712 -0.00046369 0.00726065 -0.00616065 0.00435597 -0.00936306
12 28 0.01791057 0.093740295191 0.00002005 -0.01034929 -0.00565005 0.00174969 -0.00847913 -0.00155438 0.01021687
12 29 0.00579294 0.095191069580 0.00000213 -0.00080588 -0.00025414 0.00325833 0.00416176 -0.00105578 0.00194744
12 30 0.01060212 0.095191069608 0.00000713 0.00476006 -0.00705643 0.00488300 -0.00343695 -0.00174583 -0.00111780
12 31 0.00141679 0.095497259251 0.00000013 -0.00016984 0.00027909 0.00037477 0.00102306 0.00074156 0.00040441
12 32 0.00482932 0.095497259285 0.00000148 0.00186950 0.00003970 0.00076189 -0.00014345 -0.00008270 0.00438381
12 33 0.00869604 0.095559055926 0.00000482 -0.00169159 0.00545662 -0.00276757 -0.00563071 -0.00184529 -0.00046414
12 34 0.00798305 0.095559055944 0.00000406 0.00112862 -0.00271776 0.00030719 -0.00687898 0.00247469 0.00123704
12 35 0.00561318 0.095998629485 0.00000202 0.00122056 0.00437729 0.00230343 -0.00187494 0.00034259 -0.00138520
12 36 0.00796078 0.095998629532 0.00000406 0.00240458 -0.00099281 -0.00417553 0.00356601 0.00378136 0.00348656
13 19 0.00351286 0.084408071595 0.00000069 0.00213657 0.00006649 0.00053812 0.00225736 0.00136828 -0.00071652
13 20 0.00358946 0.084408071595 0.00000073 0.00213585 0.00099979 0.00128598 -0.00053035 -0.00026674 -0.00230579
13 21 0.17519523 0.088501274074 0.00181093 -0.04346966 0.11867209 -0.00281422 0.09429200 0.05578460 0.05205639
13 22 0.16259937 0.088501274074 0.00155990 0.04032730 0.09786559 -0.03296775 0.11155972 0.00600080 -0.04081836
13 23 1.36938611 0.090264939387 0.11284431 -0.13291824 -0.31568512 1.19764838 -0.50338856 0.10708818 0.24220733
13 24 1.53649933 0.090264939387 0.14206680 -1.21631617 0.59607458 -0.48495625 0.15103871 0.16582119 0.49051844
13 25 1.33945421 0.090721595337 0.10851135 -0.59491607 0.06337078 0.51289942 -0.07185284 -0.45813541 0.97881556
13 26 2.88201209 0.090721595337 0.50235533 -0.45605585 0.08509192 0.37987970 -0.06042563 1.20867076 2.54596176
13 27 0.00919048 0.093146208233 0.00000525 -0.00256315 0.00364464 0.00298733 0.00697880 0.00081417 0.00251421
13 28 0.01122121 0.093146208239 0.00000782 0.00396088 -0.00734490 0.00616668 0.00304422 -0.00293306 -0.00061754
13 29 0.01016058 0.094596982628 0.00000651 0.00393770 -0.00208798 -0.00485166 0.00223430 -0.00649765 -0.00355276
13 30 0.01307267 0.094596982656 0.00001078 0.00429295 0.00284102 -0.00146829 0.00134523 0.00917641 -0.00749813
13 31 0.00776532 0.094903172299 0.00000382 -0.00357700 0.00064355 0.00038555 -0.00042103 0.00132878 0.00670817
13 32 0.00282216 0.094903172333 0.00000050 0.00060307 0.00001244 -0.00080800 0.00219992 0.00066029 0.00129316
13 33 0.00358967 0.094964968974 0.00000082 -0.00070282 0.00004058 0.00126680 0.00091046 0.00060951 -0.00309595
13 34 0.00436388 0.094964968992 0.00000121 -0.00058959 -0.00018292 -0.00073122 -0.00054827 0.00036007 -0.00420683
13 35 0.00903791 0.095404542533 0.00000520 -0.00275820 0.00396965 -0.00690799 0.00172385 -0.00056392 -0.00270334
13 36 0.00615985 0.095404542580 0.00000241 -0.00302088 -0.00483290 -0.00103570 0.00099497 -0.00161193 -0.00089452
14 19 0.00358949 0.084408071595 0.00000073 0.00206427 0.00114029 0.00032676 0.00135215 -0.00202216 0.00113962
14 20 0.00351274 0.084408071595 0.00000069 -0.00130956 -0.00168949 -0.00214248 0.00089143 -0.00022459 -0.00152799
14 21 0.16259934 0.088501274074 0.00155990 0.05886648 -0.08796991 -0.01027872 -0.11587400 -0.00218139 0.04119928
14 22 0.17519523 0.088501274074 0.00181093 0.01916849 0.12492104 -0.01586916 0.09298956 -0.06496918 0.04000985
14 23 1.53649930 0.090264939387 0.14206679 0.13222614 -1.34805274 -0.02841325 -0.50713690 0.51752507 -0.01651612
14 24 1.36938619 0.090264939387 0.11284433 0.34224370 0.01391059 0.05195245 -1.29809976 -0.26437347 -0.01545665
14 25 2.88201218 0.090721595337 0.50235536 -0.28397439 -0.36685968 0.24349362 0.29777605 2.59587693 -1.09737415
14 26 1.33945421 0.090721595337 0.10851135 0.40211727 0.44299297 -0.33522846 -0.39477864 -0.30887432 1.03564708
14 27 0.01122072 0.093146208233 0.00000782 0.00818276 -0.00163527 -0.00110318 -0.00678733 -0.00026962 0.00298586
14 28 0.00918991 0.093146208239 0.00000524 0.00423590 -0.00138147 0.00579679 0.00490110 0.00216470 0.00151449
14 29 0.01307419 0.094596982628 0.00001078 -0.00147425 0.00493141 0.00198943 0.00009184 -0.01185149 0.00013468
14 30 0.01016082 0.094596982656 0.00000651 0.00436331 -0.00092282 -0.00515409 0.00139517 -0.00270547 0.00689359
14 31 0.00282125 0.094903172299 0.00000050 0.00052555 0.00030445 0.00045599 -0.00229633 0.00123392 -0.00076614
14 32 0.00776935 0.094903172333 0.00000382 0.00271948 0.00241299 -0.00010817 -0.00055873 -0.00462889 0.00503927
14 33 0.00436429 0.094964968974 0.00000121 -0.00047859 0.00038980 -0.00047047 0.00078173 0.00191734 0.00376263
14 34 0.00359008 0.094964968992 0.00000082 0.00066470 -0.00022643 -0.00082886 0.00131891 -0.00173490 -0.00263803
14 35 0.00616384 0.095404542533 0.00000242 -0.00136943 0.00553834 -0.00129437 -0.00062322 -0.00124987 0.00134848
14 36 0.00903863 0.095404542580 0.00000520 0.00385945 0.00291551 0.00710271 -0.00050959 -0.00030176 -0.00273898
15 19 0.00880261 0.081321587544 0.00000420 0.00450249 0.00240346 0.00077581 -0.00705143 -0.00105380 0.00004426
15 20 0.00830983 0.081321587544 0.00000374 0.00664196 0.00218079 -0.00276160 0.00341630 0.00016867 0.00092510
15 21 2.54960316 0.085414790023 0.37015788 -0.93310303 1.50021835 -0.85540363 -0.52752181 -1.53839117 0.04997867
15 22 2.58786842 0.085414790023 0.38135215 0.81250494 0.81334445 1.53249055 -1.04387477 -1.25351174 -0.60487681
15 23 0.28051729 0.087178455336 0.00457338 -0.00060466 0.03065773 0.23164663 -0.05714236 -0.04218135 -0.13800366
15 24 0.25996889 0.087178455336 0.00392790 0.20881522 -0.08899217 0.01421986 0.00887664 0.06575475 0.10703147
15 25 0.17090710 0.087635111286 0.00170650 0.13485130 -0.06242415 0.01414860 0.08308255 0.00273173 0.00415124
15 26 0.15794054 0.087635111286 0.00145738 0.07554601 0.03817829 0.10612682 -0.08067986 -0.00231192 0.00171661
15 27 0.02453039 0.090059724182 0.00003613 0.00393966 -0.01622720 0.01030959 0.01351747 0.00572484 -0.00105524
15 28 0.02315293 0.090059724188 0.00003218 -0.01324982 0.01023168 0.00760618 0.01364238 0.00099819 -0.00329367
15 29 0.00214818 0.091510498577 0.00000028 0.00014789 0.00015907 -0.00169082 0.00078452 -0.00044610 -0.00094560
15 30 0.00142360 0.091510498605 0.00000012 -0.00067102 -0.00100024 -0.00071288 -0.00023757 -0.00008678 -0.00006113
15 31 0.00282201 0.091816688248 0.00000049 -0.00025896 -0.00005770 -0.00149695 0.00017841 0.00025545 0.00235700
15 32 0.00288389 0.091816688282 0.00000051 -0.00102180 0.00262934 0.00006279 0.00001745 -0.00057026 -0.00017290
15 33 0.00208316 0.091878484923 0.00000027 0.00118780 0.00116594 0.00031032 -0.00067715 -0.00038757 0.00092964
15 34 0.00297431 0.091878484941 0.00000054 -0.00144279 -0.00119672 0.00201189 0.00105846 0.00033873 0.00022354
15 35 0.00062963 0.092318058482 0.00000002 -0.00012161 0.00021481 0.00028415 -0.00004597 0.00026650 -0.00042618
15 36 0.00123059 0.092318058529 0.00000009 -0.00021754 -0.00040916 0.00006343 -0.00009152 -0.00109642 0.00029167
16 19 0.00830980 0.081321587544 0.00000374 -0.00642454 -0.00275610 -0.00018742 0.00438890 -0.00073824 0.00058243
16 20 0.00880262 0.081321587544 0.00000420 0.00496688 0.00117432 -0.00408085 0.00580270 -0.00076128 -0.00073000
16 21 2.58786826 0.085414790023 0.38135211 -0.79513373 0.83033476 -1.55421002 -1.01125307 1.24044781 -0.63123399
16 22 2.54960301 0.085414790023 0.37015783 -0.96460107 -1.48016241 -0.84406353 0.54548271 -1.53910372 -0.01745420
16 23 0.25996891 0.087178455336 0.00392790 -0.03952674 -0.22351953 -0.01520328 -0.00706176 -0.12557065 0.00339026
16 24 0.28051737 0.087178455336 0.00457338 0.02534910 -0.01725381 0.07867646 0.22524545 -0.13863578 0.04005426
16 25 0.15794060 0.087635111286 0.00145739 -0.08457858 -0.00335748 -0.05352768 -0.12209391 0.00118582 0.00262390
16 26 0.17090708 0.087635111286 0.00170650 0.08750458 0.12010259 0.05274987 -0.06572901 0.00440531 -0.00229981
16 27 0.02315152 0.090059724182 0.00003218 0.01122600 -0.01241700 0.01301163 0.00864026 -0.00335918 0.00073985
16 28 0.02452892 0.090059724188 0.00003612 0.01648306 -0.00267209 -0.01267889 -0.01132349 0.00149376 -0.00562402
16 29 0.00142426 0.091510498577 0.00000012 0.00038484 0.00114163 -0.00024986 0.00070930 -0.00000370 0.00010741
16 30 0.00215164 0.091510498605 0.00000028 0.00003647 0.00021073 0.00165365 -0.00086595 -0.00047623 -0.00093412
16 31 0.00288245 0.091816688248 0.00000051 0.00012420 0.00281862 -0.00006275 -0.00000609 0.00058644 0.00002363
16 32 0.00281703 0.091816688282 0.00000049 -0.00025981 -0.00002579 -0.00135716 -0.00064501 0.00100506 -0.00214462
16 33 0.00297422 0.091878484923 0.00000054 0.00050288 -0.00180838 -0.00104981 0.00201407 -0.00014833 0.00037713
16 34 0.00207994 0.091878484941 0.00000026 0.00031048 -0.00163355 0.00063984 0.00038030 -0.00084930 -0.00053474
16 35 0.00122642 0.092318058482 0.00000009 -0.00002160 -0.00046574 -0.00009892 -0.00004210 0.00108575 -0.00031035
16 36 0.00063417 0.092318058529 0.00000002 -0.00021152 -0.00012778 0.00027490 -0.00011397 0.00044996 0.00022380
17 19 3.07815971 0.078311122249 0.49466876 -0.27620685 0.06626271 0.29001884 0.50424970 -2.56401967 -1.57537635
17 20 3.05254625 0.078311122249 0.48647071 2.04605961 -0.50086850 -0.28121821 -2.02550890 -0.46517716 -0.69472991
17 21 0.01338907 0.082404324727 0.00000985 0.00054852 -0.00989086 -0.00886011 0.00144620 -0.00057674 0.00045993
17 22 0.00441742 0.082404324728 0.00000107 0.00136070 0.00164672 0.00074501 -0.00296960 0.00093121 0.00217018
17 23 0.00139429 0.084167990041 0.00000011 0.00022804 0.00075843 0.00024169 -0.00075148 -0.00080826 -0.00020097
17 24 0.00140568 0.084167990041 0.00000011 -0.00079941 0.00055684 0.00081442 0.00008163 -0.00001058 0.00059728
17 25 0.00289811 0.084624645991 0.00000047 0.00021018 -0.00014296 -0.00005876 -0.00025016 -0.00222498 0.00182150
17 26 0.00151886 0.084624645991 0.00000013 0.00023056 0.00094198 0.00066841 -0.00024570 0.00070626 0.00060041
17 27 0.36975194 0.087049258886 0.00793405 -0.01643167 -0.25606082 -0.26226516 -0.01426309 0.01947515 0.03890526
17 28 0.28130119 0.087049258892 0.00459216 0.05298761 0.04596887 0.00913407 -0.04469324 0.25818721 -0.07394580
17 29 0.42727831 0.088500033281 0.01077144 0.18711713 0.14975871 0.15481692 -0.20077706 0.06581612 0.23772841
17 30 0.47310392 0.088500033309 0.01320582 -0.17066746 -0.06237961 -0.07693180 0.12458247 0.13920072 0.38728877
17 31 0.09865910 0.088806222952 0.00057627 -0.00239206 0.00428741 0.00968620 -0.05798824 -0.07873336 0.00735632
17 32 0.09562522 0.088806222986 0.00054137 -0.00342756 0.00234535 0.02659850 -0.04609638 0.07710458 0.01869388
17 33 0.27146109 0.088868019627 0.00436586 -0.02090543 0.01610226 0.02671743 0.00164935 0.02829815 0.26735272
17 34 0.14330465 0.088868019645 0.00121668 0.02518826 0.03190242 0.01424212 -0.04331801 -0.12879473 -0.01471869
17 35 0.06659895 0.089307593187 0.00026408 -0.00631723 0.04731059 -0.03376401 0.00329171 0.02545791 0.01892808
17 36 0.12089877 0.089307593233 0.00087024 0.01556722 0.08727431 -0.08104643 0.00621015 -0.01034610 -0.00657553
18 19 3.05254624 0.078311122249 0.48647070 -0.41969306 2.06424001 -2.03503287 -0.20102548 -0.71255483 -0.43738434
18 20 3.07815970 0.078311122249 0.49466876 -0.05530552 0.27860772 -0.51530737 -0.26988334 1.67538346 2.49981954
18 21 0.00441746 0.082404324727 0.00000107 0.00212714 -0.00019722 -0.00157894 0.00262301 0.00219503 -0.00087121
18 22 0.01338912 0.082404324727 0.00000985 0.00662276 -0.00736677 0.00522582 0.00729963 0.00008097 0.00073333
18 23 0.00140581 0.084167990041 0.00000011 0.00072548 -0.00065068 -0.00010704 0.00081149 0.00058371 0.00012616
18 24 0.00139443 0.084167990041 0.00000011 -0.00068621 -0.00039544 0.00078688 -0.00006330 0.00001026 0.00083299
18 25 0.00151885 0.084624645990 0.00000013 0.00096996 -0.00001388 -0.00006935 0.00070869 0.00075853 0.00053243
18 26 0.00289824 0.084624645991 0.00000047 0.00008509 -0.00023951 0.00025662 -0.00000583 -0.00120357 0.00261165
18 27 0.28130161 0.087049258886 0.00459217 0.01198250 -0.06912231 0.03533459 0.02884909 0.24677785 -0.10596704
18 28 0.36975154 0.087049258892 0.00793403 -0.14917700 -0.20876509 0.19416380 -0.17688146 0.00950862 0.04245603
18 29 0.47310432 0.088500033281 0.01320584 0.16298659 -0.08033426 0.08985725 0.11560663 -0.09682925 0.39999294
18 30 0.42727800 0.088500033309 0.01077143 0.16996823 -0.16897511 0.17547335 0.18299839 0.03991737 -0.24341734
18 31 0.09562181 0.088806222952 0.00054133 0.00069063 -0.00409216 -0.03060464 0.04353571 0.04942740 0.06205834
18 32 0.09865957 0.088806222986 0.00057628 -0.00288341 0.00397556 0.04851482 -0.03320812 0.02648430 0.07450978
18 33 0.14330639 0.088868019627 0.00121671 0.03109079 -0.02619647 0.00524201 0.04529418 -0.12912424 -0.01147689
18 34 0.27146674 0.088868019645 0.00436604 0.01724711 0.01997683 -0.02650193 -0.00375401 -0.08146974 0.25621064
18 35 0.12089010 0.089307593187 0.00087012 0.03852029 -0.07983695 -0.07636814 -0.02782657 -0.01173307 0.00354835
18 36 0.06659577 0.089307593233 0.00026405 -0.00667884 0.04725940 0.03162733 0.01227390 -0.02960978 0.01136940
