0 -0.277647404114357 3.46064e-06
1 -0.277647404113575 1.12171e-06
2 -0.276663186587731 9.3481e-07
3 -0.276663186587541 3.80946e-07
4 -0.275308762531729 1.97546e-07
5 -0.275308762531655 1.94858e-07
6 -0.274518925562086 1.9663e-07
7 -0.274518925562031 1.94287e-07
8 -0.273768924155648 1.35705e-07
9 -0.273768924155587 1.39736e-07
10 -0.27235185943395 1.00996e-07
11 -0.272351859433814 1.16858e-07
12 -0.272149776575022 1.33436e-07
13 -0.272149776574932 1.96595e-07
14 -0.269978248057075 1.44136e-07
15 -0.269978248057041 1.66058e-07
16 -0.269395679471017 1.42733e-07
17 -0.269395679470971 1.31445e-07
18 -0.269353816245503 1.51276e-07
19 -0.269353816245441 1.55305e-07
20 -0.268019549520539 1.17568e-07
21 -0.268019549520499 1.65807e-07
22 -0.267478347624258 1.2813e-07
23 -0.267478347624161 1.36062e-07
24 -0.265849336482665 1.57567e-07
25 -0.265849336482632 1.07841e-07
26 -0.264532906270048 1.31022e-07
27 -0.264532906269997 4.26379e-08
28 -0.263819421658086 1.61396e-07
29 -0.26381942165807 1.35551e-07
30 -0.263188412685409 1.57038e-07
31 -0.26318841268536 1.33228e-07
32 -0.26209016270324 1.39636e-07
33 -0.262090162703182 1.49058e-07
34 -0.261264001744194 1.36266e-07
35 -0.261264001744182 1.5031e-07
36 -0.260553258478704 1.147e-07
37 -0.260553258478674 1.59493e-07
38 -0.260407927353724 1.29209e-07
39 -0.260407927353689 6.96938e-08
40 -0.259649699998581 1.7047e-07
41 -0.259649699998503 1.14033e-07
42 -0.256318111567544 9.78554e-08
43 -0.256318111567467 1.04108e-07
44 -0.255763685628631 1.43218e-07
45 -0.255763685628553 1.42878e-07
46 -0.254531768711127 1.36977e-07
47 -0.254531768711053 1.53372e-07
48 -0.254199472612047 1.21115e-07
49 -0.254199472611952 1.24505e-07
50 -0.253619499378387 9.53412e-08
51 -0.253619499378324 1.56772e-07
52 -0.252522865863869 9.14784e-08
53 -0.252522865863732 1.15904e-07
54 -0.251488105604937 1.51688e-07
55 -0.251488105604871 1.1886e-07
56 -0.247171615066969 1.26933e-07
57 -0.247171615066784 1.10007e-07
58 -0.246248263812618 9.10222e-08
59 -0.24624826381255 1.28617e-07
60 -0.24423031287461 1.05268e-07
61 -0.244230312874309 1.17095e-07
62 -0.237688887460885 7.72043e-08
63 -0.237688887460758 1.30969e-07
64 -0.143913657244965 2.99764e-08
65 -0.143913657244942 4.03382e-08
66 -0.135656462940953 4.72319e-08
67 -0.13565646294088 1.5584e-08
68 -0.134398231353562 3.10565e-08
69 -0.134398231353508 8.11908e-09
70 -0.133935502296163 1.31709e-08
71 -0.133935502296134 1.81548e-08
72 -0.128904929068363 3.44967e-08
73 -0.128904929068313 1.90864e-08
74 -0.128149408014784 3.57802e-08
75 -0.128149408014724 4.9281e-08
76 -0.128095491561694 4.4509e-08
77 -0.128095491561671 2.26601e-08
78 -0.124856099738961 2.01045e-08
79 -0.124856099738924 1.51894e-08
80 -0.124826478718805 4.59473e-08
81 -0.12482647871874 1.31049e-08
82 -0.124316540432606 2.39985e-08
83 -0.124316540432574 2.09496e-08
84 -0.12303932453961 2.0825e-08
85 -0.123039324539581 2.13189e-08
86 -0.117840797270209 2.37442e-08
87 -0.117840797270175 2.32271e-08
88 -0.117770420707049 2.09081e-08
89 -0.117770420706993 2.82484e-08
90 -0.117140818154574 2.9451e-09
91 -0.11714081815455 2.8493e-08
92 -0.116487321656241 1.17804e-08
93 -0.116487321656214 2.77528e-08
94 -0.116389579801463 2.05736e-08
95 -0.11638957980142 2.83098e-08
96 -0.116227590036054 6.31654e-09
97 -0.116227590035998 3.22888e-08
98 -0.112652120119547 3.24496e-08
99 -0.112652120119473 4.165e-09
100 -0.111850476638739 2.76589e-08
101 -0.11185047663866 5.8902e-09
102 -0.110266936723462 1.68155e-08
103 -0.110266936723365 2.28506e-08
104 -0.109495355957628 5.74106e-09
105 -0.109495355957449 1.18538e-08
106 -0.109414242936514 3.00631e-08
107 -0.109414242936399 3.05212e-08
108 -0.109340237145216 3.3346e-08
109 -0.109340237145149 3.44463e-08
110 -0.104724640921917 2.1242e-06
111 -0.104724640820929 1.74684e-06
112 -0.104675927765275 1.80789e-06
113 -0.104675927314737 6.68983e-06
