0	-1.69970  	 (-0.00000  )
1	-0.57964  	 (0.00000   )
2	-0.68057  	 (0.00000   )
3	-0.68057  	 (-0.00000  )
4	-1.29281  	 (-0.00000  )
5	-1.04073  	 (-0.00000  )
6	-1.04073  	 (0.00000   )
7	-0.34876  	 (-0.00000  )
8	-0.34876  	 (-0.00000  )
9	-0.78353  	 (0.00000   )
10	-0.01955  	 (0.00000   )
11	-0.70362  	 (0.00000   )
12	-0.70362  	 (0.00000   )
13	-0.92064  	 (-0.00000  )
14	-0.85744  	 (-0.00000  )
15	-0.48240  	 (0.00000   )
16	-0.89615  	 (0.00000   )
17	-0.93156  	 (0.00000   )
18	-0.01459  	 (0.00000   )
19	-0.01459  	 (-0.00000  )
20	-0.32669  	 (-0.00000  )
21	-0.71578  	 (0.00000   )
22	-0.76622  	 (-0.00000  )
23	-0.71099  	 (0.00000   )
24	-0.71099  	 (-0.00000  )
25	-0.76909  	 (-0.00000  )
26	-0.76909  	 (0.00000   )
27	-0.34634  	 (-0.00000  )
28	-0.84246  	 (-0.00000  )
29	-0.02486  	 (0.00000   )
30	-0.36716  	 (-0.00000  )
31	-0.88448  	 (0.00000   )
32	-0.88448  	 (0.00000   )
33	-0.57398  	 (0.00000   )
34	-0.69972  	 (-0.00000  )
35	-0.20803  	 (0.00000   )
36	-0.20803  	 (-0.00000  )
37	-0.66369  	 (-0.00000  )
38	-0.66604  	 (0.00000   )
39	-0.66604  	 (-0.00000  )
40	-0.17694  	 (0.00000   )
41	0.02750   	 (-0.00000  )
42	-0.24492  	 (-0.00000  )
43	-0.91178  	 (-0.00000  )
44	-0.04847  	 (0.00000   )
45	-0.04847  	 (0.00000   )
46	-0.40425  	 (-0.00000  )
47	-0.68518  	 (-0.00000  )
48	-0.76334  	 (-0.00000  )
49	-0.68418  	 (-0.00000  )
50	-0.68418  	 (0.00000   )
51	-0.79936  	 (0.00000   )
52	-0.31261  	 (0.00000   )
53	-0.31261  	 (0.00000   )
54	-0.20434  	 (-0.00000  )
55	-0.64312  	 (-0.00000  )
56	-0.52742  	 (0.00000   )
57	-1.16806  	 (-0.00000  )
58	-0.53047  	 (0.00000   )
59	-0.38662  	 (0.00000   )
60	-0.11940  	 (0.00000   )
61	-0.55706  	 (0.00000   )
62	-0.55706  	 (-0.00000  )
63	-0.99486  	 (-0.00000  )
64	-0.51463  	 (-0.00000  )
65	-0.23943  	 (-0.00000  )
66	-0.23943  	 (0.00000   )
67	-0.28175  	 (-0.00000  )
68	-0.28175  	 (-0.00000  )
69	-0.24994  	 (0.00000   )
70	-0.40297  	 (0.00000   )
71	-0.40297  	 (-0.00000  )
72	-0.42133  	 (0.00000   )
73	-0.42133  	 (-0.00000  )
74	-0.38331  	 (0.00000   )
75	-0.38331  	 (-0.00000  )
76	-0.55634  	 (-0.00000  )
77	-0.55634  	 (-0.00000  )
78	0.03080   	 (0.00000   )
79	-0.96457  	 (-0.00000  )
80	0.00368   	 (0.00000   )
81	-0.31936  	 (-0.00000  )
82	-0.86422  	 (0.00000   )
83	-0.86422  	 (0.00000   )
84	-0.62851  	 (0.00000   )
85	-0.62851  	 (0.00000   )
86	-0.44904  	 (-0.00000  )
87	-0.44904  	 (0.00000   )
88	-0.43014  	 (-0.00000  )
89	-0.18727  	 (0.00000   )
90	-0.53988  	 (0.00000   )
91	-0.89910  	 (-0.00000  )
92	-0.14438  	 (0.00000   )
93	-0.49419  	 (0.00000   )
94	-0.17328  	 (-0.00000  )
95	-0.17328  	 (0.00000   )
96	-0.71662  	 (0.00000   )
97	-0.71662  	 (0.00000   )
98	0.63912   	 (0.00000   )
99	0.63912   	 (-0.00000  )
100	-0.12744  	 (-0.00000  )
101	0.49947   	 (0.00000   )
102	0.13616   	 (0.00000   )
103	-0.94417  	 (-0.00000  )
104	-0.80930  	 (-0.00000  )
105	-0.89622  	 (-0.00000  )
106	-0.29955  	 (-0.00000  )
107	-0.29955  	 (-0.00000  )
108	-0.42395  	 (-0.00000  )
109	-0.42395  	 (-0.00000  )
110	0.07913   	 (-0.00000  )
111	0.07913   	 (-0.00000  )
112	-0.16466  	 (-0.00000  )
113	-0.16466  	 (-0.00000  )
114	0.66518   	 (0.00000   )
115	0.24047   	 (0.00000   )
116	-0.26279  	 (-0.00000  )
117	0.33184   	 (0.00000   )
118	0.31746   	 (0.00000   )
119	0.31746   	 (0.00000   )
120	-0.14948  	 (-0.00000  )
121	-0.14948  	 (-0.00000  )
122	-0.25010  	 (0.00000   )
123	-0.16165  	 (-0.00000  )
124	-0.13478  	 (-0.00000  )
125	-0.46419  	 (-0.00000  )
126	0.36333   	 (-0.00000  )
127	0.36333   	 (0.00000   )
128	0.15144   	 (0.00000   )
129	0.28878   	 (0.00000   )
130	-0.53357  	 (-0.00000  )
131	-0.53357  	 (0.00000   )
132	-0.26872  	 (-0.00000  )
133	-0.78880  	 (-0.00000  )
134	-0.78880  	 (-0.00000  )
135	-0.44179  	 (-0.00000  )
136	-0.39232  	 (0.00000   )
137	-0.39232  	 (0.00000   )
138	-0.68570  	 (0.00000   )
139	-0.65477  	 (-0.00000  )
140	-0.56005  	 (-0.00000  )
141	-0.38099  	 (-0.00000  )
142	-0.26051  	 (-0.00000  )
143	-0.25969  	 (-0.00000  )
144	-0.18316  	 (0.00000   )
145	-0.18316  	 (-0.00000  )
146	-0.57253  	 (0.00000   )
147	-1.04467  	 (0.00000   )
148	-1.04467  	 (-0.00000  )
149	-1.86341  	 (-0.00000  )
150	-0.03869  	 (-0.00000  )
151	-0.03869  	 (0.00000   )
152	-0.27646  	 (0.00000   )
153	-0.04387  	 (0.00000   )
154	-0.91645  	 (-0.00000  )
155	-0.88975  	 (0.00000   )
156	-0.45233  	 (-0.00000  )
157	-0.29416  	 (-0.00000  )
158	-0.29416  	 (-0.00000  )
159	-0.53102  	 (-0.00000  )
160	-0.59702  	 (0.00000   )
161	-0.59702  	 (-0.00000  )
162	-0.51843  	 (-0.00000  )
163	-0.39242  	 (0.00000   )
164	-0.39242  	 (-0.00000  )
165	-0.40589  	 (0.00000   )
166	-0.33523  	 (-0.00000  )
167	-0.24339  	 (-0.00000  )
168	-0.33150  	 (-0.00000  )
169	-0.33150  	 (-0.00000  )
170	-0.12725  	 (0.00000   )
171	-0.13541  	 (0.00000   )
172	-0.54575  	 (-0.00000  )
173	-0.16023  	 (0.00000   )
174	-0.07610  	 (0.00000   )
175	-0.07610  	 (-0.00000  )
176	-0.28030  	 (0.00000   )
177	-0.55608  	 (0.00000   )
178	-0.51873  	 (0.00000   )
179	-0.51873  	 (0.00000   )
180	-0.21737  	 (-0.00000  )
181	-0.81598  	 (0.00000   )
182	-0.81598  	 (0.00000   )
183	-0.25847  	 (0.00000   )
184	-0.49600  	 (0.00000   )
185	-0.03130  	 (0.00000   )
186	-0.42449  	 (-0.00000  )
187	-0.42449  	 (0.00000   )
188	-0.91800  	 (0.00000   )
189	-0.00777  	 (-0.00000  )
190	-0.49930  	 (-0.00000  )
191	-0.49930  	 (0.00000   )
192	-0.14490  	 (-0.00000  )
193	-0.14490  	 (-0.00000  )
194	-0.10130  	 (-0.00000  )
195	-0.62825  	 (0.00000   )
196	-0.62825  	 (-0.00000  )
197	-0.16594  	 (0.00000   )
198	-0.38070  	 (0.00000   )
199	-0.38070  	 (0.00000   )
200	-0.22880  	 (0.00000   )
201	-0.22880  	 (0.00000   )
202	-0.70034  	 (0.00000   )
203	0.19429   	 (0.00000   )
204	-0.71513  	 (-0.00000  )
205	-0.60487  	 (-0.00000  )
206	-0.13025  	 (0.00000   )
207	0.17051   	 (-0.00000  )
208	0.17051   	 (0.00000   )
209	0.31378   	 (0.00000   )
210	0.13239   	 (0.00000   )
211	-0.46650  	 (-0.00000  )
212	-0.82342  	 (-0.00000  )
213	-0.82342  	 (0.00000   )
214	-0.15460  	 (-0.00000  )
215	-0.49745  	 (-0.00000  )
216	-0.12706  	 (-0.00000  )
217	-0.28864  	 (-0.00000  )
218	-0.39548  	 (0.00000   )
219	0.03875   	 (0.00000   )
220	0.03875   	 (-0.00000  )
221	0.12658   	 (-0.00000  )
222	-0.08127  	 (-0.00000  )
223	0.03841   	 (-0.00000  )
224	0.23577   	 (-0.00000  )
225	0.23577   	 (-0.00000  )
226	0.69629   	 (-0.00000  )
227	0.69629   	 (0.00000   )
228	0.05638   	 (-0.00000  )
229	-0.09798  	 (-0.00000  )
230	-0.17973  	 (0.00000   )
231	1.16103   	 (0.00000   )
232	0.50209   	 (0.00000   )
233	0.50209   	 (-0.00000  )
234	-0.96837  	 (-0.00000  )
235	-1.15826  	 (-0.00000  )
236	-0.33284  	 (0.00000   )
237	0.15980   	 (0.00000   )
238	-0.51092  	 (-0.00000  )
239	-0.51092  	 (-0.00000  )
240	-0.46774  	 (-0.00000  )
241	-0.01872  	 (-0.00000  )
242	-0.01872  	 (-0.00000  )
243	-0.22752  	 (-0.00000  )
244	0.21243   	 (0.00000   )
245	0.21243   	 (0.00000   )
246	-0.17755  	 (-0.00000  )
247	-0.65934  	 (-0.00000  )
248	-0.65934  	 (0.00000   )
249	0.93113   	 (0.00000   )
250	-0.07597  	 (-0.00000  )
251	-0.07597  	 (-0.00000  )
252	0.21103   	 (0.00000   )
253	-0.01689  	 (-0.00000  )
254	-0.04320  	 (-0.00000  )
255	-0.04320  	 (-0.00000  )
256	-0.25357  	 (0.00000   )
257	-0.25357  	 (-0.00000  )
258	-0.28006  	 (0.00000   )
259	-0.22381  	 (0.00000   )
260	-0.90994  	 (0.00000   )
261	0.10429   	 (0.00000   )
262	0.10429   	 (-0.00000  )
263	0.08744   	 (0.00000   )
264	0.16083   	 (-0.00000  )
265	-0.15465  	 (-0.00000  )
266	0.32200   	 (-0.00000  )
267	-0.31047  	 (0.00000   )
268	-0.31047  	 (0.00000   )
269	-0.84381  	 (-0.00000  )
270	-0.84381  	 (0.00000   )
271	-0.29532  	 (-0.00000  )
272	-0.09878  	 (-0.00000  )
273	0.42925   	 (0.00000   )
274	0.03714   	 (-0.00000  )
275	-0.57355  	 (0.00000   )
276	-0.57355  	 (-0.00000  )
277	1.36378   	 (0.00000   )
278	0.62708   	 (0.00000   )
279	0.62708   	 (-0.00000  )
280	0.28059   	 (0.00000   )
281	0.20410   	 (-0.00000  )
282	0.20410   	 (-0.00000  )
283	-0.35909  	 (0.00000   )
284	-0.69630  	 (-0.00000  )
285	0.14545   	 (0.00000   )
286	0.14545   	 (0.00000   )
287	-0.19910  	 (0.00000   )
288	0.54501   	 (0.00000   )
289	0.15025   	 (0.00000   )
290	0.15025   	 (0.00000   )
291	-0.40861  	 (-0.00000  )
292	-0.50597  	 (-0.00000  )
293	-0.17144  	 (-0.00000  )
294	-0.17144  	 (-0.00000  )
295	-0.06520  	 (-0.00000  )
296	-0.09045  	 (-0.00000  )
297	-0.09045  	 (0.00000   )
298	0.74041   	 (0.00000   )
299	-0.45828  	 (-0.00000  )
300	-0.69313  	 (-0.00000  )
301	-0.08994  	 (-0.00000  )
302	-0.08994  	 (0.00000   )
303	-0.22914  	 (-0.00000  )
304	-0.19896  	 (-0.00000  )
305	-0.19896  	 (0.00000   )
306	-0.08276  	 (0.00000   )
307	0.03984   	 (-0.00000  )
308	-0.04936  	 (0.00000   )
309	-0.11501  	 (-0.00000  )
310	0.15694   	 (0.00000   )
311	0.83478   	 (0.00000   )
312	0.83478   	 (-0.00000  )
313	0.03378   	 (-0.00000  )
314	0.30550   	 (0.00000   )
315	0.30550   	 (-0.00000  )
316	-0.25712  	 (-0.00000  )
317	-0.06990  	 (0.00000   )
318	-0.09570  	 (0.00000   )
319	-0.09570  	 (-0.00000  )
320	-0.48679  	 (0.00000   )
321	-0.48679  	 (0.00000   )
322	-0.35753  	 (-0.00000  )
323	-0.35753  	 (-0.00000  )
324	-0.44031  	 (-0.00000  )
325	-0.28484  	 (-0.00000  )
326	-0.28696  	 (0.00000   )
327	-0.47238  	 (-0.00000  )
328	0.30555   	 (0.00000   )
329	-0.63314  	 (-0.00000  )
330	-0.63314  	 (-0.00000  )
331	0.18869   	 (0.00000   )
332	0.29996   	 (0.00000   )
333	-0.47764  	 (-0.00000  )
334	-0.47764  	 (0.00000   )
335	-0.56254  	 (-0.00000  )
336	-0.39463  	 (-0.00000  )
337	-0.21587  	 (0.00000   )
338	-0.14919  	 (0.00000   )
339	-1.19586  	 (0.00000   )
340	-1.19586  	 (-0.00000  )
341	-0.40513  	 (0.00000   )
342	-0.04055  	 (0.00000   )
343	-0.52508  	 (-0.00000  )
344	-1.32493  	 (-0.00000  )
345	-0.11101  	 (0.00000   )
346	-0.34435  	 (0.00000   )
347	-0.34435  	 (0.00000   )
348	-1.11822  	 (-0.00000  )
349	-0.44683  	 (-0.00000  )
350	-0.44683  	 (0.00000   )
351	-0.38904  	 (0.00000   )
352	0.02726   	 (0.00000   )
353	-0.44692  	 (0.00000   )
354	-0.44692  	 (0.00000   )
355	-0.96608  	 (0.00000   )
356	-0.38963  	 (-0.00000  )
357	-0.48853  	 (-0.00000  )
358	-0.01462  	 (-0.00000  )
359	-0.01462  	 (-0.00000  )
360	0.63926   	 (-0.00000  )
361	-0.44069  	 (0.00000   )
362	-0.25512  	 (0.00000   )
363	-0.20658  	 (0.00000   )
364	-0.20658  	 (-0.00000  )
365	0.02652   	 (-0.00000  )
366	-0.92137  	 (-0.00000  )
367	0.43324   	 (0.00000   )
368	0.43324   	 (0.00000   )
369	-0.06861  	 (0.00000   )
370	-0.06861  	 (0.00000   )
371	0.83793   	 (0.00000   )
372	1.12165   	 (-0.00000  )
373	-0.25777  	 (-0.00000  )
374	-0.68600  	 (-0.00000  )
375	-0.68600  	 (-0.00000  )
376	0.35003   	 (-0.00000  )
377	-0.27153  	 (-0.00000  )
378	-0.33880  	 (0.00000   )
379	0.31505   	 (-0.00000  )
380	0.31505   	 (0.00000   )
381	-0.61249  	 (-0.00000  )
382	-0.14185  	 (0.00000   )
383	-0.59096  	 (0.00000   )
384	-0.50940  	 (0.00000   )
385	-0.50940  	 (-0.00000  )
386	-0.38832  	 (-0.00000  )
387	-0.38832  	 (-0.00000  )
388	0.98485   	 (-0.00000  )
389	0.41783   	 (-0.00000  )
390	0.41783   	 (-0.00000  )
391	0.83249   	 (-0.00000  )
392	-0.01695  	 (-0.00000  )
393	-0.15657  	 (0.00000   )
394	-0.27398  	 (-0.00000  )
395	-0.27398  	 (-0.00000  )
396	0.32821   	 (0.00000   )
397	-0.38057  	 (-0.00000  )
398	-0.38057  	 (-0.00000  )
399	-0.10416  	 (-0.00000  )
400	-0.10416  	 (0.00000   )
401	-0.19575  	 (0.00000   )
402	-1.27024  	 (-0.00000  )
403	-1.27024  	 (-0.00000  )
404	-0.52272  	 (0.00000   )
405	0.08860   	 (0.00000   )
406	0.11933   	 (-0.00000  )
407	0.11933   	 (-0.00000  )
408	-1.31213  	 (-0.00000  )
409	-0.11936  	 (-0.00000  )
410	0.30843   	 (-0.00000  )
411	0.30843   	 (-0.00000  )
412	-0.22049  	 (0.00000   )
413	-0.02083  	 (0.00000   )
414	0.17457   	 (0.00000   )
415	0.17457   	 (0.00000   )
416	-0.19798  	 (0.00000   )
417	-0.87236  	 (-0.00000  )
418	-0.84542  	 (0.00000   )
419	-0.39103  	 (0.00000   )
420	-0.39103  	 (0.00000   )
421	-0.41607  	 (0.00000   )
422	-0.06613  	 (0.00000   )
423	-0.11092  	 (0.00000   )
424	-0.20670  	 (0.00000   )
425	-0.20670  	 (-0.00000  )
426	-0.17356  	 (0.00000   )
427	-0.38909  	 (-0.00000  )
428	-0.49084  	 (0.00000   )
429	0.10116   	 (0.00000   )
430	-0.95943  	 (0.00000   )
431	-0.95943  	 (-0.00000  )
432	-0.23365  	 (-0.00000  )
433	0.07572   	 (0.00000   )
434	0.07572   	 (0.00000   )
435	-0.46737  	 (-0.00000  )
436	0.78656   	 (0.00000   )
437	0.35839   	 (0.00000   )
438	0.35839   	 (0.00000   )
439	-0.18999  	 (0.00000   )
440	-0.10195  	 (0.00000   )
441	-0.79604  	 (-0.00000  )
442	-0.79604  	 (-0.00000  )
443	-0.14195  	 (0.00000   )
444	-0.74213  	 (0.00000   )
445	-0.74213  	 (-0.00000  )
446	0.19395   	 (0.00000   )
447	-0.37225  	 (0.00000   )
448	-0.08797  	 (0.00000   )
449	-0.08797  	 (0.00000   )
450	-0.12074  	 (0.00000   )
451	0.04445   	 (-0.00000  )
452	-0.02833  	 (0.00000   )
453	0.42807   	 (0.00000   )
454	0.42807   	 (-0.00000  )
455	-0.07123  	 (-0.00000  )
456	-0.07123  	 (0.00000   )
457	-0.56593  	 (0.00000   )
458	0.42375   	 (-0.00000  )
459	-0.32909  	 (-0.00000  )
460	0.06178   	 (0.00000   )
461	0.06178   	 (0.00000   )
462	0.47281   	 (0.00000   )
463	0.64813   	 (0.00000   )
464	-0.45138  	 (-0.00000  )
465	-0.00280  	 (0.00000   )
466	-0.00280  	 (0.00000   )
467	-0.05551  	 (-0.00000  )
468	-0.15649  	 (0.00000   )
469	-0.23794  	 (0.00000   )
470	-0.23794  	 (0.00000   )
471	-0.10239  	 (0.00000   )
472	-0.10239  	 (0.00000   )
473	-0.70054  	 (0.00000   )
474	0.75887   	 (0.00000   )
475	-0.51019  	 (-0.00000  )
476	-0.64721  	 (0.00000   )
477	-0.26180  	 (-0.00000  )
478	-0.26180  	 (-0.00000  )
479	0.62144   	 (-0.00000  )
480	-0.55992  	 (-0.00000  )
481	-0.55992  	 (-0.00000  )
482	0.14510   	 (-0.00000  )
483	0.14510   	 (-0.00000  )
484	0.49147   	 (0.00000   )
485	-0.58782  	 (0.00000   )
486	0.10701   	 (0.00000   )
487	0.13923   	 (0.00000   )
488	0.13923   	 (0.00000   )
489	-0.09477  	 (-0.00000  )
490	-0.03098  	 (0.00000   )
491	-0.71359  	 (0.00000   )
492	-0.24520  	 (0.00000   )
493	-0.98496  	 (0.00000   )
494	0.35880   	 (-0.00000  )
495	0.35880   	 (-0.00000  )
496	0.08224   	 (-0.00000  )
497	0.29360   	 (-0.00000  )
498	-1.05120  	 (0.00000   )
499	-0.11035  	 (-0.00000  )
500	-0.11035  	 (0.00000   )
501	-0.55804  	 (0.00000   )
502	0.21440   	 (-0.00000  )
503	0.21440   	 (0.00000   )
504	0.08146   	 (-0.00000  )
505	0.28038   	 (0.00000   )
506	0.28038   	 (0.00000   )
507	-0.42283  	 (-0.00000  )
508	-0.42283  	 (-0.00000  )
509	0.32574   	 (-0.00000  )
510	0.04736   	 (-0.00000  )
511	0.04736   	 (0.00000   )
512	0.45292   	 (-0.00000  )
513	0.34715   	 (0.00000   )
514	0.03186   	 (0.00000   )
515	-0.02339  	 (0.00000   )
516	-0.79703  	 (0.00000   )
517	-0.79703  	 (0.00000   )
518	0.06549   	 (0.00000   )
519	-0.20038  	 (-0.00000  )
520	-0.42805  	 (-0.00000  )
521	-0.32013  	 (0.00000   )
522	-0.32013  	 (0.00000   )
523	-0.80704  	 (-0.00000  )
524	-0.80704  	 (-0.00000  )
525	0.20331   	 (0.00000   )
526	-0.07488  	 (-0.00000  )
527	-0.07488  	 (-0.00000  )
528	0.33507   	 (-0.00000  )
529	0.33507   	 (-0.00000  )
530	-0.09249  	 (-0.00000  )
531	-0.09249  	 (-0.00000  )
532	0.50167   	 (-0.00000  )
533	0.38194   	 (-0.00000  )
534	0.38194   	 (-0.00000  )
535	-0.14457  	 (-0.00000  )
536	0.48737   	 (-0.00000  )
537	0.48737   	 (-0.00000  )
538	0.28812   	 (0.00000   )
539	-0.26317  	 (0.00000   )
540	0.33645   	 (-0.00000  )
541	0.33645   	 (-0.00000  )
542	0.21930   	 (-0.00000  )
543	-0.14061  	 (0.00000   )
544	0.18790   	 (-0.00000  )
545	-0.03061  	 (-0.00000  )
546	-0.12877  	 (0.00000   )
547	0.94349   	 (-0.00000  )
548	0.13991   	 (0.00000   )
549	0.09487   	 (-0.00000  )
550	0.09486   	 (0.00000   )
551	0.46722   	 (-0.00000  )
552	0.32869   	 (-0.00000  )
553	0.32869   	 (-0.00000  )
554	-0.04805  	 (-0.00000  )
555	0.82084   	 (0.00000   )
556	0.82084   	 (0.00000   )
557	0.01369   	 (0.00000   )
558	-0.48611  	 (-0.00000  )
559	-0.48611  	 (0.00000   )
560	-0.13541  	 (0.00000   )
561	-0.20023  	 (0.00000   )
562	-0.39561  	 (-0.00000  )
563	0.13587   	 (-0.00000  )
564	0.13587   	 (0.00000   )
565	0.80494   	 (0.00000   )
566	0.63137   	 (-0.00000  )
567	0.63137   	 (-0.00000  )
568	-0.07044  	 (-0.00000  )
569	-0.08427  	 (0.00000   )
570	-0.08427  	 (-0.00000  )
571	0.02792   	 (-0.00000  )
572	-0.81858  	 (0.00000   )
573	0.11350   	 (-0.00000  )
574	0.22766   	 (-0.00000  )
575	0.46152   	 (-0.00000  )
576	0.34287   	 (0.00000   )
577	0.19693   	 (0.00000   )
578	-0.28333  	 (0.00000   )
579	-0.28333  	 (-0.00000  )
580	0.11893   	 (0.00000   )
581	0.05900   	 (-0.00000  )
582	-0.30071  	 (-0.00000  )
583	-1.35675  	 (0.00000   )
584	-0.31076  	 (-0.00000  )
585	-0.31076  	 (0.00000   )
586	0.15346   	 (0.00000   )
587	0.15346   	 (0.00000   )
588	-0.59259  	 (-0.00000  )
589	0.24406   	 (0.00000   )
590	0.19269   	 (0.00000   )
591	-0.27669  	 (0.00000   )
592	-0.27669  	 (-0.00000  )
593	-0.50064  	 (0.00000   )
594	0.18153   	 (-0.00000  )
595	0.21975   	 (0.00000   )
596	-0.63166  	 (-0.00000  )
597	-0.63166  	 (0.00000   )
598	-0.05788  	 (0.00000   )
599	-0.05788  	 (-0.00000  )
600	-0.69533  	 (-0.00000  )
601	-1.53889  	 (-0.00000  )
602	0.26169   	 (0.00000   )
603	0.42700   	 (-0.00000  )
604	-0.37403  	 (0.00000   )
605	-0.22274  	 (-0.00000  )
606	0.06511   	 (-0.00000  )
607	0.06511   	 (0.00000   )
608	-0.17684  	 (0.00000   )
609	-0.17684  	 (-0.00000  )
610	-0.05596  	 (0.00000   )
611	-0.05596  	 (0.00000   )
612	-0.30649  	 (0.00000   )
613	-0.30648  	 (-0.00000  )
614	-0.10581  	 (-0.00000  )
615	-0.31381  	 (0.00000   )
616	-0.15984  	 (-0.00000  )
617	0.45307   	 (0.00000   )
618	0.45308   	 (-0.00000  )
619	0.13491   	 (0.00000   )
620	0.13490   	 (0.00000   )
621	-0.34468  	 (-0.00000  )
622	-0.61150  	 (0.00000   )
623	-0.71540  	 (0.00000   )
624	-0.38032  	 (0.00000   )
625	-0.38032  	 (0.00000   )
626	-0.33081  	 (-0.00000  )
627	-0.34097  	 (-0.00000  )
628	-0.25436  	 (0.00000   )
629	-0.25436  	 (-0.00000  )
630	0.44877   	 (0.00000   )
631	-0.02921  	 (-0.00000  )
632	0.06601   	 (-0.00000  )
633	0.06601   	 (-0.00000  )
634	-0.37913  	 (0.00000   )
635	-0.64471  	 (-0.00000  )
636	-0.64471  	 (0.00000   )
637	0.51079   	 (0.00000   )
638	0.04062   	 (0.00000   )
639	-0.05432  	 (-0.00000  )
640	-0.05432  	 (0.00000   )
641	0.96148   	 (-0.00000  )
642	0.20650   	 (-0.00000  )
643	0.05776   	 (0.00000   )
644	0.05776   	 (0.00000   )
645	-0.28442  	 (-0.00000  )
646	-0.29233  	 (-0.00000  )
647	-0.42303  	 (-0.00000  )
648	-0.01984  	 (0.00000   )
649	-0.01984  	 (0.00000   )
650	-1.09945  	 (0.00000   )
651	-0.28076  	 (-0.00000  )
652	-0.28076  	 (-0.00000  )
653	-0.69256  	 (0.00000   )
654	1.04858   	 (-0.00000  )
655	-0.05834  	 (0.00000   )
656	-0.00939  	 (-0.00000  )
657	0.42930   	 (-0.00000  )
658	0.42930   	 (0.00000   )
659	1.18761   	 (0.00000   )
660	0.48126   	 (0.00000   )
661	-0.38017  	 (0.00000   )
662	-0.38017  	 (-0.00000  )
663	-0.01305  	 (0.00000   )
664	0.38635   	 (0.00000   )
665	0.01566   	 (0.00000   )
666	-0.23687  	 (-0.00000  )
667	-0.23687  	 (-0.00000  )
668	0.95775   	 (0.00000   )
669	0.95775   	 (-0.00000  )
670	-0.19634  	 (-0.00000  )
671	0.40995   	 (-0.00000  )
672	0.40995   	 (0.00000   )
673	-0.07613  	 (0.00000   )
674	-0.07613  	 (0.00000   )
675	0.15057   	 (0.00000   )
676	0.09123   	 (-0.00000  )
677	0.09123   	 (-0.00000  )
678	0.16144   	 (0.00000   )
679	0.65417   	 (-0.00000  )
680	0.18925   	 (0.00000   )
681	0.82958   	 (0.00000   )
682	-0.68098  	 (-0.00000  )
683	0.10186   	 (-0.00000  )
684	0.16239   	 (-0.00000  )
685	-0.04265  	 (0.00000   )
686	0.72197   	 (0.00000   )
687	-0.10403  	 (-0.00000  )
688	-0.63325  	 (0.00000   )
689	-0.63325  	 (-0.00000  )
690	-0.09465  	 (-0.00000  )
691	-0.07532  	 (-0.00000  )
692	0.72947   	 (0.00000   )
693	0.10546   	 (-0.00000  )
694	0.10546   	 (0.00000   )
695	-0.59329  	 (-0.00000  )
696	0.60961   	 (0.00000   )
697	0.60961   	 (0.00000   )
698	0.25060   	 (0.00000   )
699	-0.38608  	 (0.00000   )
700	-0.38608  	 (-0.00000  )
701	0.07144   	 (-0.00000  )
702	0.07144   	 (-0.00000  )
703	-0.22048  	 (-0.00000  )
704	0.43748   	 (0.00000   )
705	-0.08892  	 (0.00000   )
706	-0.08892  	 (0.00000   )
707	0.60211   	 (0.00000   )
708	-0.20392  	 (-0.00000  )
709	0.28072   	 (-0.00000  )
710	-0.71037  	 (-0.00000  )
711	-0.71037  	 (0.00000   )
712	0.50780   	 (0.00000   )
713	0.10387   	 (-0.00000  )
714	0.10387   	 (0.00000   )
715	0.52087   	 (0.00000   )
716	0.52087   	 (-0.00000  )
717	-0.22363  	 (-0.00000  )
718	-0.61613  	 (-0.00000  )
719	-1.24368  	 (0.00000   )
720	-0.46052  	 (-0.00000  )
721	0.20385   	 (-0.00000  )
722	0.20385   	 (0.00000   )
723	0.13354   	 (0.00000   )
724	-0.22502  	 (0.00000   )
725	-0.68475  	 (-0.00000  )
726	-0.08403  	 (-0.00000  )
727	-0.08403  	 (-0.00000  )
728	-1.01815  	 (0.00000   )
729	-0.28946  	 (-0.00000  )
730	-0.22024  	 (-0.00000  )
731	-0.22024  	 (0.00000   )
732	-0.50446  	 (-0.00000  )
733	-0.87966  	 (-0.00000  )
734	-0.26990  	 (0.00000   )
735	-0.45091  	 (-0.00000  )
736	-0.45116  	 (-0.00000  )
737	0.28115   	 (0.00000   )
738	0.28093   	 (-0.00000  )
739	0.28898   	 (0.00000   )
740	-0.00961  	 (-0.00000  )
741	-0.84199  	 (0.00000   )
742	-0.82785  	 (-0.00000  )
743	-0.44569  	 (0.00000   )
744	-0.44569  	 (0.00000   )
745	-0.32613  	 (0.00000   )
746	0.38482   	 (0.00000   )
747	-0.35213  	 (-0.00000  )
748	-0.35213  	 (0.00000   )
749	-0.55292  	 (0.00000   )
750	-0.55292  	 (-0.00000  )
751	1.02680   	 (-0.00000  )
752	-0.28020  	 (0.00000   )
753	-0.01175  	 (-0.00000  )
754	-0.15915  	 (-0.00000  )
755	0.04113   	 (-0.00000  )
756	-0.19163  	 (-0.00000  )
757	-0.19163  	 (-0.00000  )
758	-0.29295  	 (0.00000   )
759	-0.29295  	 (-0.00000  )
760	1.46674   	 (0.00000   )
761	2.62895   	 (0.00000   )
762	0.77927   	 (0.00000   )
763	-0.35248  	 (-0.00000  )
764	-0.35248  	 (0.00000   )
765	0.08587   	 (-0.00000  )
766	0.08587   	 (-0.00000  )
767	0.72822   	 (0.00000   )
768	-0.40100  	 (-0.00000  )
769	-1.28215  	 (0.00000   )
770	0.17837   	 (0.00000   )
771	0.17836   	 (0.00000   )
772	-0.09471  	 (0.00000   )
773	0.42773   	 (0.00000   )
774	0.42773   	 (-0.00000  )
775	-0.53092  	 (-0.00000  )
776	0.29005   	 (0.00000   )
777	0.29005   	 (0.00000   )
778	0.24349   	 (-0.00000  )
779	0.24349   	 (0.00000   )
780	-0.23415  	 (0.00000   )
781	-0.15029  	 (0.00000   )
782	-0.40527  	 (-0.00000  )
783	0.36453   	 (0.00000   )
784	-0.30909  	 (0.00000   )
785	-0.63414  	 (0.00000   )
786	-0.33367  	 (-0.00000  )
787	0.19636   	 (0.00000   )
788	-0.46659  	 (-0.00000  )
789	0.24705   	 (-0.00000  )
790	0.24705   	 (0.00000   )
791	-0.03470  	 (0.00000   )
792	0.19194   	 (-0.00000  )
793	0.19194   	 (-0.00000  )
794	0.83410   	 (0.00000   )
795	0.03780   	 (-0.00000  )
796	0.03780   	 (0.00000   )
797	-0.06889  	 (0.00000   )
798	0.26688   	 (-0.00000  )
799	-0.24341  	 (0.00000   )
800	0.20292   	 (0.00000   )
801	0.20292   	 (0.00000   )
802	0.05045   	 (0.00000   )
803	0.05045   	 (0.00000   )
804	0.42602   	 (-0.00000  )
805	-0.13123  	 (0.00000   )
806	0.23336   	 (0.00000   )
807	0.93467   	 (0.00000   )
808	0.93467   	 (0.00000   )
809	0.41125   	 (-0.00000  )
810	0.41125   	 (0.00000   )
811	-0.35489  	 (-0.00000  )
812	0.20938   	 (0.00000   )
813	0.20938   	 (-0.00000  )
814	0.26294   	 (0.00000   )
815	0.16517   	 (0.00000   )
816	0.16518   	 (-0.00000  )
817	0.12136   	 (-0.00000  )
818	-0.06971  	 (-0.00000  )
819	-0.07954  	 (0.00000   )
820	-0.07954  	 (-0.00000  )
821	-0.49755  	 (-0.00000  )
822	0.86674   	 (-0.00000  )
823	-0.02231  	 (-0.00000  )
824	-0.02231  	 (0.00000   )
825	0.98043   	 (-0.00000  )
826	0.12371   	 (0.00000   )
827	0.34587   	 (-0.00000  )
828	0.34587   	 (-0.00000  )
829	-0.22439  	 (0.00000   )
830	0.19263   	 (0.00000   )
831	0.19263   	 (-0.00000  )
832	-0.67378  	 (-0.00000  )
833	-0.67378  	 (-0.00000  )
834	-0.07642  	 (-0.00000  )
835	-0.23263  	 (-0.00000  )
836	-0.11851  	 (0.00000   )
837	-0.75246  	 (0.00000   )
838	-0.75246  	 (0.00000   )
839	0.27334   	 (0.00000   )
840	-1.07765  	 (0.00000   )
841	-0.81133  	 (-0.00000  )
842	0.28872   	 (-0.00000  )
843	-0.01409  	 (0.00000   )
844	-0.01409  	 (-0.00000  )
845	-0.42082  	 (-0.00000  )
846	-0.08794  	 (0.00000   )
847	0.69096   	 (0.00000   )
848	0.69096   	 (-0.00000  )
849	0.78976   	 (-0.00000  )
850	0.78976   	 (-0.00000  )
851	-0.02567  	 (-0.00000  )
852	-0.38320  	 (-0.00000  )
853	-0.38320  	 (0.00000   )
854	0.15368   	 (0.00000   )
855	0.15368   	 (-0.00000  )
856	-0.49548  	 (-0.00000  )
857	-0.26097  	 (0.00000   )
858	-0.39816  	 (-0.00000  )
859	0.28445   	 (0.00000   )
860	-0.28581  	 (0.00000   )
861	0.31389   	 (-0.00000  )
862	0.48077   	 (0.00000   )
863	0.48077   	 (-0.00000  )
864	0.14262   	 (-0.00000  )
865	0.66328   	 (-0.00000  )
866	0.66328   	 (-0.00000  )
867	0.33775   	 (-0.00000  )
868	-0.11518  	 (0.00000   )
869	0.25919   	 (-0.00000  )
870	0.44453   	 (0.00000   )
871	0.03668   	 (-0.00000  )
872	0.30332   	 (0.00000   )
873	0.11939   	 (0.00000   )
874	-0.05362  	 (0.00000   )
875	-0.05362  	 (-0.00000  )
876	-0.20936  	 (-0.00000  )
877	-0.10144  	 (-0.00000  )
878	-0.10144  	 (-0.00000  )
879	0.01037   	 (-0.00000  )
880	-0.18225  	 (0.00000   )
881	-0.18225  	 (-0.00000  )
882	-0.28057  	 (0.00000   )
883	-0.25191  	 (-0.00000  )
884	-0.25191  	 (-0.00000  )
885	0.03010   	 (-0.00000  )
886	0.03010   	 (0.00000   )
887	0.04734   	 (-0.00000  )
888	-0.26411  	 (0.00000   )
889	0.12992   	 (0.00000   )
890	0.01486   	 (0.00000   )
891	0.01486   	 (-0.00000  )
892	-0.55212  	 (0.00000   )
893	-0.55212  	 (-0.00000  )
894	-0.17329  	 (0.00000   )
895	0.75212   	 (-0.00000  )
896	0.14989   	 (0.00000   )
897	-0.37135  	 (0.00000   )
898	-0.37135  	 (0.00000   )
899	-0.05623  	 (0.00000   )
900	-0.17732  	 (-0.00000  )
901	0.24849   	 (0.00000   )
902	-0.24229  	 (-0.00000  )
903	-0.08545  	 (0.00000   )
904	-0.08546  	 (0.00000   )
905	-0.31298  	 (-0.00000  )
906	0.61296   	 (-0.00000  )
907	-0.17593  	 (-0.00000  )
908	-0.46964  	 (0.00000   )
909	-0.46965  	 (0.00000   )
910	0.34196   	 (0.00000   )
911	0.34196   	 (-0.00000  )
912	0.29420   	 (0.00000   )
913	0.46341   	 (0.00000   )
914	-0.19209  	 (0.00000   )
915	0.07503   	 (-0.00000  )
916	-0.17362  	 (0.00000   )
917	-0.17362  	 (0.00000   )
918	-0.27244  	 (-0.00000  )
919	0.16129   	 (-0.00000  )
920	-0.32277  	 (0.00000   )
921	-0.93852  	 (0.00000   )
922	-0.93852  	 (-0.00000  )
923	-0.30801  	 (0.00000   )
924	-0.40717  	 (0.00000   )
925	-1.54734  	 (-0.00000  )
926	-0.19194  	 (-0.00000  )
927	-0.19194  	 (0.00000   )
928	-0.12544  	 (-0.00000  )
929	0.23063   	 (0.00000   )
930	0.38220   	 (-0.00000  )
931	0.05510   	 (-0.00000  )
932	-0.42279  	 (-0.00000  )
933	-0.42279  	 (0.00000   )
934	-0.43951  	 (0.00000   )
935	-0.43951  	 (-0.00000  )
936	-0.39507  	 (-0.00000  )
937	-0.26319  	 (-0.00000  )
938	-0.26320  	 (-0.00000  )
939	-0.27253  	 (0.00000   )
940	0.51506   	 (-0.00000  )
941	-0.38394  	 (-0.00000  )
942	0.42532   	 (-0.00000  )
943	0.42532   	 (-0.00000  )
944	-0.65289  	 (0.00000   )
945	-0.65289  	 (0.00000   )
946	-0.57729  	 (0.00000   )
947	-0.06684  	 (-0.00000  )
948	-0.06684  	 (0.00000   )
949	0.54250   	 (0.00000   )
950	0.55879   	 (0.00000   )
951	-0.41125  	 (0.00000   )
952	-0.40761  	 (-0.00000  )
953	0.29628   	 (0.00000   )
954	0.29628   	 (0.00000   )
955	0.13124   	 (-0.00000  )
956	0.33359   	 (0.00000   )
957	0.33359   	 (0.00000   )
958	-0.45717  	 (-0.00000  )
959	-0.37887  	 (0.00000   )
960	0.71316   	 (0.00000   )
961	0.71316   	 (-0.00000  )
962	-0.02919  	 (0.00000   )
963	-0.02919  	 (0.00000   )
964	-0.31024  	 (0.00000   )
965	0.35572   	 (0.00000   )
966	0.35572   	 (0.00000   )
967	0.36238   	 (-0.00000  )
968	-0.47814  	 (0.00000   )
969	-0.47814  	 (0.00000   )
970	0.25754   	 (0.00000   )
971	-0.36725  	 (-0.00000  )
972	0.00782   	 (-0.00000  )
973	-0.57419  	 (0.00000   )
974	-0.10769  	 (0.00000   )
975	-0.10769  	 (0.00000   )
976	0.33648   	 (0.00000   )
977	-0.33162  	 (-0.00000  )
978	0.38255   	 (-0.00000  )
979	0.41140   	 (-0.00000  )
980	0.41140   	 (0.00000   )
981	-0.29764  	 (0.00000   )
982	0.64186   	 (-0.00000  )
983	0.02762   	 (0.00000   )
984	-1.48364  	 (-0.00000  )
985	0.13063   	 (-0.00000  )
986	0.13063   	 (-0.00000  )
987	0.28420   	 (-0.00000  )
988	0.12320   	 (0.00000   )
989	-0.13170  	 (0.00000   )
990	-0.13170  	 (0.00000   )
991	0.12254   	 (0.00000   )
992	0.12254   	 (-0.00000  )
993	-0.00899  	 (-0.00000  )
994	-0.00547  	 (0.00000   )
995	-0.77134  	 (0.00000   )
996	-0.50057  	 (0.00000   )
997	-0.29464  	 (0.00000   )
998	-0.29464  	 (-0.00000  )
999	0.28505   	 (-0.00000  )
1000	0.20096   	 (0.00000   )
1001	0.20097   	 (-0.00000  )
1002	0.50266   	 (-0.00000  )
1003	-0.49055  	 (-0.00000  )
1004	0.32869   	 (0.00000   )
1005	0.32869   	 (0.00000   )
1006	0.05205   	 (-0.00000  )
1007	0.55818   	 (-0.00000  )
1008	0.55818   	 (0.00000   )
1009	1.00449   	 (-0.00000  )
1010	1.00449   	 (-0.00000  )
1011	0.48163   	 (-0.00000  )
1012	0.00140   	 (0.00000   )
1013	0.51727   	 (-0.00000  )
1014	0.51727   	 (0.00000   )
1015	-0.23064  	 (-0.00000  )
1016	0.22947   	 (0.00000   )
1017	0.22947   	 (0.00000   )
1018	0.16829   	 (-0.00000  )
1019	0.37363   	 (0.00000   )
1020	0.07291   	 (0.00000   )
1021	0.07291   	 (-0.00000  )
1022	-0.22670  	 (0.00000   )
1023	0.12132   	 (-0.00000  )
1024	0.54647   	 (-0.00000  )
1025	0.27465   	 (0.00000   )
1026	0.19087   	 (0.00000   )
1027	0.19087   	 (-0.00000  )
1028	0.38824   	 (-0.00000  )
1029	0.38824   	 (-0.00000  )
1030	0.79590   	 (0.00000   )
1031	0.71366   	 (-0.00000  )
1032	0.28289   	 (0.00000   )
1033	0.20852   	 (-0.00000  )
1034	0.03242   	 (0.00000   )
1035	0.20106   	 (-0.00000  )
1036	0.20106   	 (0.00000   )
1037	-0.25884  	 (0.00000   )
1038	0.00161   	 (0.00000   )
1039	0.00161   	 (-0.00000  )
1040	-0.01784  	 (-0.00000  )
1041	0.41707   	 (-0.00000  )
1042	0.41707   	 (-0.00000  )
1043	0.82543   	 (-0.00000  )
1044	0.43379   	 (0.00000   )
1045	0.19581   	 (-0.00000  )
1046	0.51279   	 (0.00000   )
1047	0.51279   	 (0.00000   )
1048	-0.40248  	 (-0.00000  )
1049	-0.40248  	 (-0.00000  )
1050	0.88670   	 (0.00000   )
1051	0.62672   	 (0.00000   )
1052	0.29554   	 (-0.00000  )
1053	0.39688   	 (0.00000   )
1054	0.05536   	 (-0.00000  )
1055	0.05536   	 (-0.00000  )
1056	0.03092   	 (-0.00000  )
1057	-0.62210  	 (-0.00000  )
1058	-0.24646  	 (0.00000   )
1059	-0.24646  	 (-0.00000  )
1060	0.24574   	 (0.00000   )
1061	0.64619   	 (0.00000   )
1062	0.47607   	 (0.00000   )
1063	0.47607   	 (-0.00000  )
1064	0.48361   	 (-0.00000  )
1065	0.85175   	 (-0.00000  )
1066	0.15005   	 (-0.00000  )
1067	0.12655   	 (-0.00000  )
1068	0.42521   	 (-0.00000  )
1069	0.42521   	 (0.00000   )
1070	0.28552   	 (0.00000   )
1071	0.28552   	 (0.00000   )
1072	-0.11315  	 (0.00000   )
1073	0.33454   	 (0.00000   )
1074	-0.04784  	 (-0.00000  )
1075	-0.04784  	 (0.00000   )
1076	0.64227   	 (-0.00000  )
1077	0.23007   	 (0.00000   )
1078	0.54592   	 (-0.00000  )
1079	0.38515   	 (-0.00000  )
1080	-0.08730  	 (-0.00000  )
1081	0.37841   	 (-0.00000  )
1082	0.19082   	 (0.00000   )
1083	0.19082   	 (-0.00000  )
1084	-0.12597  	 (0.00000   )
1085	-0.12597  	 (-0.00000  )
1086	-0.38813  	 (0.00000   )
1087	-0.48169  	 (-0.00000  )
1088	0.20141   	 (-0.00000  )
1089	-0.24136  	 (-0.00000  )
1090	-0.35575  	 (0.00000   )
1091	-0.35575  	 (-0.00000  )
1092	-0.33643  	 (-0.00000  )
1093	-0.02032  	 (0.00000   )
1094	-0.02032  	 (-0.00000  )
1095	0.17049   	 (-0.00000  )
1096	0.38980   	 (-0.00000  )
1097	0.07188   	 (0.00000   )
1098	0.07188   	 (-0.00000  )
1099	0.47854   	 (0.00000   )
1100	0.15377   	 (0.00000   )
1101	0.44435   	 (0.00000   )
1102	-0.09007  	 (-0.00000  )
1103	-0.09007  	 (0.00000   )
1104	0.26965   	 (0.00000   )
1105	-0.05161  	 (-0.00000  )
1106	-0.05161  	 (-0.00000  )
1107	-0.06190  	 (-0.00000  )
1108	-0.14210  	 (0.00000   )
1109	-0.23012  	 (-0.00000  )
1110	-0.16531  	 (-0.00000  )
1111	-0.16531  	 (-0.00000  )
1112	0.34035   	 (-0.00000  )
1113	-0.81763  	 (-0.00000  )
1114	-0.81764  	 (-0.00000  )
1115	-0.00632  	 (-0.00000  )
1116	-0.44832  	 (0.00000   )
1117	-0.24166  	 (0.00000   )
1118	-0.24166  	 (-0.00000  )
1119	-0.05854  	 (0.00000   )
1120	-0.15984  	 (-0.00000  )
1121	-0.15984  	 (-0.00000  )
1122	0.02806   	 (-0.00000  )
1123	0.02806   	 (0.00000   )
1124	-0.45194  	 (-0.00000  )
1125	-0.45194  	 (-0.00000  )
1126	-0.01767  	 (0.00000   )
1127	-0.21748  	 (-0.00000  )
1128	-0.32634  	 (-0.00000  )
1129	-0.32634  	 (0.00000   )
1130	-0.42983  	 (-0.00000  )
1131	-0.78354  	 (-0.00000  )
1132	0.10390   	 (-0.00000  )
1133	-1.24933  	 (-0.00000  )
1134	-1.24933  	 (-0.00000  )
1135	-0.59232  	 (0.00000   )
1136	-0.24709  	 (-0.00000  )
1137	-0.06041  	 (-0.00000  )
1138	-0.06041  	 (0.00000   )
1139	0.86609   	 (-0.00000  )
1140	-0.15822  	 (0.00000   )
1141	-0.15822  	 (-0.00000  )
1142	-0.02244  	 (0.00000   )
1143	-0.02244  	 (-0.00000  )
1144	1.14161   	 (0.00000   )
1145	0.14138   	 (-0.00000  )
1146	0.18567   	 (-0.00000  )
1147	1.76574   	 (0.00000   )
1148	-1.07454  	 (0.00000   )
1149	0.46199   	 (0.00000   )
1150	-0.11302  	 (0.00000   )
1151	-0.11302  	 (0.00000   )
1152	-0.08077  	 (0.00000   )
1153	-0.20797  	 (-0.00000  )
1154	-0.20797  	 (-0.00000  )
1155	-0.52075  	 (-0.00000  )
1156	0.00274   	 (0.00000   )
1157	0.00274   	 (0.00000   )
1158	-0.34627  	 (0.00000   )
1159	0.68610   	 (-0.00000  )
1160	-0.30262  	 (-0.00000  )
1161	-0.68837  	 (-0.00000  )
1162	-0.17682  	 (-0.00000  )
1163	0.36833   	 (0.00000   )
1164	0.02570   	 (-0.00000  )
1165	0.14347   	 (0.00000   )
1166	-0.50555  	 (0.00000   )
1167	1.06603   	 (0.00000   )
1168	1.06603   	 (0.00000   )
1169	-0.46606  	 (-0.00000  )
1170	-0.46606  	 (-0.00000  )
1171	0.35429   	 (0.00000   )
1172	0.35429   	 (-0.00000  )
1173	-0.94965  	 (-0.00000  )
1174	0.95498   	 (0.00000   )
1175	-0.43227  	 (-0.00000  )
1176	0.62395   	 (0.00000   )
1177	-1.23437  	 (-0.00000  )
1178	0.67801   	 (0.00000   )
1179	0.67801   	 (-0.00000  )
1180	0.12932   	 (-0.00000  )
1181	0.50731   	 (0.00000   )
1182	0.50731   	 (0.00000   )
1183	-0.12288  	 (-0.00000  )
1184	0.58406   	 (0.00000   )
1185	0.58406   	 (0.00000   )
1186	0.02583   	 (0.00000   )
1187	0.21357   	 (0.00000   )
1188	-0.44041  	 (-0.00000  )
1189	0.82916   	 (0.00000   )
1190	0.82916   	 (-0.00000  )
1191	0.34498   	 (0.00000   )
1192	0.42375   	 (0.00000   )
1193	0.42375   	 (0.00000   )
1194	1.51264   	 (0.00000   )
1195	0.09452   	 (-0.00000  )
1196	0.81175   	 (0.00000   )
1197	0.81175   	 (0.00000   )
1198	0.51537   	 (0.00000   )
1199	-0.58939  	 (-0.00000  )
1200	0.20418   	 (0.00000   )
1201	0.26603   	 (0.00000   )
1202	0.81873   	 (0.00000   )
1203	0.34453   	 (0.00000   )
1204	0.34454   	 (0.00000   )
1205	-0.28481  	 (0.00000   )
1206	0.01988   	 (0.00000   )
1207	0.04189   	 (-0.00000  )
1208	0.04189   	 (0.00000   )
1209	0.69589   	 (0.00000   )
1210	-0.18762  	 (0.00000   )
1211	0.85782   	 (-0.00000  )
1212	-0.16067  	 (-0.00000  )
1213	-0.54911  	 (-0.00000  )
1214	0.30837   	 (0.00000   )
1215	0.16840   	 (-0.00000  )
1216	0.20099   	 (0.00000   )
1217	0.20099   	 (0.00000   )
1218	0.47170   	 (-0.00000  )
1219	0.24368   	 (0.00000   )
1220	0.24368   	 (0.00000   )
1221	-0.29142  	 (0.00000   )
1222	-0.29142  	 (0.00000   )
1223	-0.09307  	 (0.00000   )
1224	-0.09307  	 (-0.00000  )
1225	0.44022   	 (0.00000   )
1226	0.53836   	 (0.00000   )
1227	0.53836   	 (-0.00000  )
1228	0.39719   	 (0.00000   )
1229	0.39719   	 (-0.00000  )
1230	-0.43293  	 (0.00000   )
1231	-1.21608  	 (0.00000   )
1232	-0.40016  	 (0.00000   )
1233	-0.40016  	 (0.00000   )
1234	-0.74498  	 (-0.00000  )
1235	0.18988   	 (0.00000   )
1236	0.69770   	 (0.00000   )
1237	-0.73487  	 (-0.00000  )
1238	-0.73487  	 (-0.00000  )
1239	0.40379   	 (0.00000   )
1240	-0.01570  	 (-0.00000  )
1241	-0.38889  	 (0.00000   )
1242	-0.38888  	 (0.00000   )
1243	-1.51131  	 (-0.00000  )
1244	-0.11214  	 (-0.00000  )
1245	-0.11214  	 (0.00000   )
1246	0.00063   	 (-0.00000  )
1247	0.21042   	 (0.00000   )
1248	0.01286   	 (-0.00000  )
1249	0.69336   	 (0.00000   )
1250	0.45293   	 (0.00000   )
1251	0.45293   	 (0.00000   )
1252	0.22932   	 (0.00000   )
1253	0.76266   	 (-0.00000  )
1254	0.76266   	 (0.00000   )
1255	-0.16362  	 (-0.00000  )
1256	0.21608   	 (0.00000   )
1257	0.21608   	 (-0.00000  )
1258	0.69649   	 (-0.00000  )
1259	-0.02687  	 (-0.00000  )
1260	-0.05940  	 (0.00000   )
1261	-0.03541  	 (-0.00000  )
1262	1.06575   	 (0.00000   )
1263	0.10369   	 (-0.00000  )
1264	0.10369   	 (-0.00000  )
1265	0.01187   	 (-0.00000  )
1266	0.69247   	 (0.00000   )
1267	0.69247   	 (-0.00000  )
1268	0.27218   	 (-0.00000  )
1269	0.27218   	 (0.00000   )
1270	0.12586   	 (-0.00000  )
1271	-0.43485  	 (0.00000   )
1272	-0.35120  	 (0.00000   )
1273	0.72975   	 (0.00000   )
1274	0.60217   	 (-0.00000  )
1275	0.91356   	 (0.00000   )
1276	0.91356   	 (0.00000   )
1277	1.27255   	 (0.00000   )
1278	0.31058   	 (0.00000   )
1279	-0.10527  	 (0.00000   )
1280	-0.45673  	 (-0.00000  )
1281	0.66092   	 (-0.00000  )
1282	-0.05795  	 (0.00000   )
1283	-0.05795  	 (-0.00000  )
1284	-0.18028  	 (0.00000   )
1285	0.16543   	 (0.00000   )
1286	-0.24079  	 (0.00000   )
1287	-0.24079  	 (-0.00000  )
1288	0.23019   	 (-0.00000  )
1289	0.68161   	 (0.00000   )
1290	0.68837   	 (-0.00000  )
1291	0.68837   	 (-0.00000  )
1292	0.11934   	 (-0.00000  )
1293	-0.40677  	 (-0.00000  )
1294	-0.49729  	 (-0.00000  )
1295	-0.49729  	 (-0.00000  )
1296	0.10142   	 (-0.00000  )
1297	-0.23648  	 (-0.00000  )
1298	-0.18345  	 (0.00000   )
1299	-0.18081  	 (0.00000   )
1300	-0.18081  	 (0.00000   )
1301	-0.29638  	 (-0.00000  )
1302	-0.29638  	 (-0.00000  )
1303	0.12287   	 (-0.00000  )
1304	0.12287   	 (-0.00000  )
1305	0.07750   	 (-0.00000  )
1306	0.14141   	 (0.00000   )
1307	0.14141   	 (-0.00000  )
1308	0.16878   	 (0.00000   )
1309	0.16878   	 (-0.00000  )
1310	0.22203   	 (-0.00000  )
1311	0.58477   	 (-0.00000  )
1312	0.33439   	 (-0.00000  )
1313	0.41796   	 (0.00000   )
1314	0.41796   	 (0.00000   )
1315	-0.34884  	 (-0.00000  )
1316	-0.04523  	 (-0.00000  )
1317	-0.13481  	 (0.00000   )
1318	-0.32039  	 (0.00000   )
1319	-0.32039  	 (0.00000   )
1320	-0.60232  	 (0.00000   )
1321	-0.60232  	 (0.00000   )
1322	0.68960   	 (0.00000   )
1323	1.25113   	 (0.00000   )
1324	0.41539   	 (0.00000   )
1325	-0.24643  	 (-0.00000  )
1326	-0.61926  	 (-0.00000  )
1327	-0.61926  	 (-0.00000  )
1328	0.14023   	 (0.00000   )
1329	0.14023   	 (0.00000   )
1330	-0.03173  	 (-0.00000  )
1331	-0.03173  	 (-0.00000  )
1332	0.79940   	 (0.00000   )
1333	0.27928   	 (0.00000   )
1334	0.41082   	 (0.00000   )
1335	-0.41500  	 (0.00000   )
1336	-0.41500  	 (-0.00000  )
1337	0.04510   	 (-0.00000  )
1338	0.04510   	 (0.00000   )
1339	-0.26170  	 (-0.00000  )
1340	0.48266   	 (-0.00000  )
1341	0.73439   	 (0.00000   )
1342	0.50389   	 (0.00000   )
1343	-0.36633  	 (-0.00000  )
1344	-0.36633  	 (-0.00000  )
1345	0.66225   	 (-0.00000  )
1346	0.66225   	 (-0.00000  )
1347	-0.26849  	 (-0.00000  )
1348	-0.26849  	 (0.00000   )
1349	0.21881   	 (-0.00000  )
1350	0.23656   	 (-0.00000  )
1351	0.06019   	 (-0.00000  )
1352	0.39702   	 (-0.00000  )
1353	0.39702   	 (-0.00000  )
1354	0.58684   	 (0.00000   )
1355	0.38232   	 (-0.00000  )
1356	-0.07035  	 (-0.00000  )
1357	-0.07035  	 (-0.00000  )
1358	-0.10465  	 (-0.00000  )
1359	0.54744   	 (-0.00000  )
1360	-0.21291  	 (0.00000   )
1361	0.38956   	 (-0.00000  )
1362	0.57544   	 (0.00000   )
1363	0.57544   	 (0.00000   )
1364	0.20598   	 (0.00000   )
1365	0.16896   	 (0.00000   )
1366	-0.36221  	 (0.00000   )
1367	1.44262   	 (-0.00000  )
1368	0.12878   	 (-0.00000  )
1369	0.12877   	 (-0.00000  )
1370	1.64709   	 (0.00000   )
1371	1.64709   	 (-0.00000  )
1372	-0.94582  	 (-0.00000  )
1373	0.52174   	 (0.00000   )
1374	-0.25694  	 (-0.00000  )
1375	-0.46762  	 (0.00000   )
1376	-0.46762  	 (-0.00000  )
1377	-1.01064  	 (-0.00000  )
1378	0.45766   	 (0.00000   )
1379	0.45766   	 (0.00000   )
1380	-0.44152  	 (0.00000   )
1381	0.13221   	 (-0.00000  )
1382	0.76898   	 (0.00000   )
1383	-0.26192  	 (0.00000   )
1384	-0.26192  	 (0.00000   )
1385	0.86776   	 (-0.00000  )
1386	0.30675   	 (-0.00000  )
1387	0.54278   	 (-0.00000  )
1388	0.31164   	 (0.00000   )
1389	-0.00842  	 (0.00000   )
1390	-0.26672  	 (-0.00000  )
1391	1.39301   	 (0.00000   )
1392	0.44266   	 (-0.00000  )
1393	0.44266   	 (0.00000   )
1394	0.28554   	 (-0.00000  )
1395	0.28554   	 (0.00000   )
1396	0.28401   	 (0.00000   )
1397	1.34610   	 (0.00000   )
1398	-0.04316  	 (-0.00000  )
1399	-0.04316  	 (-0.00000  )
1400	0.49431   	 (-0.00000  )
1401	0.37086   	 (0.00000   )
1402	0.37086   	 (0.00000   )
1403	0.48612   	 (-0.00000  )
1404	0.60298   	 (0.00000   )
1405	0.13076   	 (-0.00000  )
1406	0.77435   	 (0.00000   )
1407	0.77435   	 (0.00000   )
1408	0.37118   	 (0.00000   )
1409	1.27201   	 (-0.00000  )
1410	1.27200   	 (-0.00000  )
1411	0.59430   	 (-0.00000  )
1412	0.59430   	 (0.00000   )
1413	-0.20034  	 (0.00000   )
1414	0.07458   	 (0.00000   )
1415	0.15030   	 (0.00000   )
1416	-0.05687  	 (0.00000   )
1417	-0.14706  	 (0.00000   )
1418	0.76250   	 (0.00000   )
1419	0.76250   	 (-0.00000  )
1420	0.44666   	 (-0.00000  )
1421	0.44666   	 (0.00000   )
1422	0.49375   	 (0.00000   )
1423	-0.29819  	 (0.00000   )
1424	0.42271   	 (-0.00000  )
1425	0.13525   	 (0.00000   )
1426	0.13525   	 (0.00000   )
1427	0.59699   	 (0.00000   )
1428	0.59699   	 (-0.00000  )
1429	0.13813   	 (0.00000   )
1430	0.67277   	 (-0.00000  )
1431	0.67277   	 (-0.00000  )
1432	-0.08853  	 (-0.00000  )
1433	1.28996   	 (-0.00000  )
1434	0.63574   	 (0.00000   )
1435	0.63574   	 (-0.00000  )
1436	1.61893   	 (0.00000   )
1437	0.19605   	 (0.00000   )
1438	-0.02325  	 (-0.00000  )
1439	0.27526   	 (-0.00000  )
1440	0.52610   	 (0.00000   )
1441	0.52609   	 (-0.00000  )
1442	-0.24480  	 (0.00000   )
1443	-0.04179  	 (-0.00000  )
1444	0.06256   	 (-0.00000  )
1445	0.06256   	 (-0.00000  )
1446	0.53874   	 (0.00000   )
1447	0.53874   	 (-0.00000  )
1448	-0.22822  	 (-0.00000  )
1449	0.05369   	 (0.00000   )
1450	0.14765   	 (-0.00000  )
1451	-0.10963  	 (-0.00000  )
1452	-0.10963  	 (-0.00000  )
1453	0.10663   	 (0.00000   )
1454	0.10664   	 (0.00000   )
1455	0.21852   	 (0.00000   )
1456	0.50434   	 (-0.00000  )
1457	0.42581   	 (0.00000   )
1458	0.42581   	 (0.00000   )
1459	0.71612   	 (-0.00000  )
1460	0.54435   	 (0.00000   )
1461	0.07660   	 (0.00000   )
1462	0.07660   	 (-0.00000  )
1463	-0.36202  	 (-0.00000  )
1464	-0.01226  	 (0.00000   )
1465	0.53263   	 (-0.00000  )
1466	0.28061   	 (0.00000   )
1467	0.28061   	 (0.00000   )
1468	0.48136   	 (0.00000   )
1469	-0.33330  	 (0.00000   )
1470	0.10947   	 (0.00000   )
1471	0.42836   	 (0.00000   )
1472	0.13508   	 (-0.00000  )
1473	0.13508   	 (0.00000   )
1474	-0.06024  	 (-0.00000  )
1475	0.17405   	 (0.00000   )
1476	-0.30344  	 (0.00000   )
1477	-0.30344  	 (0.00000   )
1478	0.53911   	 (-0.00000  )
1479	0.26426   	 (0.00000   )
1480	-0.07684  	 (0.00000   )
1481	0.24569   	 (-0.00000  )
1482	-0.03298  	 (0.00000   )
1483	-0.03298  	 (-0.00000  )
1484	0.29323   	 (0.00000   )
1485	0.29324   	 (0.00000   )
1486	0.05567   	 (-0.00000  )
1487	0.36452   	 (0.00000   )
1488	0.36452   	 (-0.00000  )
1489	-0.44079  	 (-0.00000  )
1490	-0.44079  	 (-0.00000  )
1491	0.36984   	 (-0.00000  )
1492	0.53059   	 (0.00000   )
1493	-0.44270  	 (-0.00000  )
1494	-0.22196  	 (-0.00000  )
1495	-1.25375  	 (-0.00000  )
1496	-1.25375  	 (-0.00000  )
1497	-0.73635  	 (-0.00000  )
1498	0.27366   	 (0.00000   )
1499	0.75650   	 (0.00000   )
1500	-0.71092  	 (-0.00000  )
1501	-0.51498  	 (0.00000   )
1502	-0.27923  	 (-0.00000  )
1503	-0.27923  	 (0.00000   )
1504	-0.28445  	 (0.00000   )
1505	0.25213   	 (-0.00000  )
1506	0.26271   	 (-0.00000  )
1507	0.35060   	 (0.00000   )
1508	0.35060   	 (-0.00000  )
1509	0.64808   	 (0.00000   )
1510	-0.12259  	 (-0.00000  )
1511	-0.22296  	 (-0.00000  )
1512	-0.39068  	 (-0.00000  )
1513	-0.18446  	 (-0.00000  )
1514	0.22975   	 (-0.00000  )
1515	0.22975   	 (-0.00000  )
1516	0.11944   	 (0.00000   )
1517	0.41377   	 (-0.00000  )
1518	0.41377   	 (0.00000   )
1519	-0.10140  	 (-0.00000  )
1520	-0.10140  	 (-0.00000  )
1521	-0.08895  	 (0.00000   )
1522	-0.04435  	 (-0.00000  )
1523	-0.91681  	 (-0.00000  )
1524	-0.31957  	 (0.00000   )
1525	0.95283   	 (-0.00000  )
1526	0.45258   	 (0.00000   )
1527	-0.39347  	 (-0.00000  )
1528	-0.39347  	 (0.00000   )
1529	-0.48321  	 (0.00000   )
1530	0.28187   	 (-0.00000  )
1531	-0.16898  	 (0.00000   )
1532	-0.16898  	 (0.00000   )
1533	0.16515   	 (-0.00000  )
1534	0.25037   	 (0.00000   )
1535	0.41739   	 (0.00000   )
1536	0.13187   	 (-0.00000  )
1537	0.13187   	 (0.00000   )
1538	-0.10391  	 (0.00000   )
1539	-0.10391  	 (-0.00000  )
1540	0.07478   	 (-0.00000  )
1541	0.07478   	 (-0.00000  )
1542	0.03817   	 (0.00000   )
1543	0.03817   	 (0.00000   )
1544	-0.51755  	 (-0.00000  )
1545	-1.54764  	 (0.00000   )
1546	-0.00098  	 (-0.00000  )
1547	-0.00098  	 (-0.00000  )
1548	0.12944   	 (-0.00000  )
1549	-0.41287  	 (0.00000   )
1550	0.59767   	 (-0.00000  )
1551	-0.56299  	 (-0.00000  )
1552	-0.56299  	 (0.00000   )
1553	0.12736   	 (0.00000   )
1554	0.03724   	 (0.00000   )
1555	0.03725   	 (-0.00000  )
1556	0.31347   	 (0.00000   )
1557	-1.14828  	 (-0.00000  )
1558	-1.14827  	 (-0.00000  )
1559	-0.83196  	 (0.00000   )
1560	-0.83196  	 (-0.00000  )
1561	0.51279   	 (-0.00000  )
1562	0.26717   	 (-0.00000  )
1563	-0.03715  	 (0.00000   )
1564	0.01929   	 (-0.00000  )
1565	0.33650   	 (-0.00000  )
1566	-0.32796  	 (0.00000   )
1567	-0.26931  	 (-0.00000  )
1568	-0.26931  	 (0.00000   )
1569	-1.36988  	 (-0.00000  )
1570	-0.49739  	 (-0.00000  )
1571	-0.52036  	 (-0.00000  )
1572	-0.52036  	 (-0.00000  )
1573	0.13484   	 (0.00000   )
1574	0.71475   	 (0.00000   )
1575	0.03809   	 (0.00000   )
1576	0.03808   	 (-0.00000  )
1577	0.10964   	 (0.00000   )
1578	-0.34398  	 (-0.00000  )
1579	-0.34398  	 (-0.00000  )
1580	1.04544   	 (-0.00000  )
1581	0.28691   	 (-0.00000  )
1582	-0.03492  	 (-0.00000  )
1583	-0.56660  	 (0.00000   )
1584	-0.03259  	 (-0.00000  )
1585	-0.03259  	 (0.00000   )
1586	0.24866   	 (-0.00000  )
1587	0.66221   	 (-0.00000  )
1588	0.02398   	 (0.00000   )
1589	0.02398   	 (0.00000   )
1590	0.20860   	 (0.00000   )
1591	0.20860   	 (-0.00000  )
1592	-0.12374  	 (0.00000   )
1593	0.73010   	 (-0.00000  )
1594	0.16268   	 (0.00000   )
1595	-0.14140  	 (0.00000   )
1596	-0.14140  	 (0.00000   )
1597	-0.08015  	 (-0.00000  )
1598	0.20469   	 (0.00000   )
1599	0.00699   	 (0.00000   )
1600	-0.09062  	 (0.00000   )
1601	-0.26273  	 (-0.00000  )
1602	0.10350   	 (-0.00000  )
1603	0.58448   	 (0.00000   )
1604	0.09164   	 (-0.00000  )
1605	0.09164   	 (-0.00000  )
1606	-0.03226  	 (0.00000   )
1607	-0.03226  	 (0.00000   )
1608	-0.08224  	 (0.00000   )
1609	0.90520   	 (-0.00000  )
1610	0.35748   	 (-0.00000  )
1611	-0.26836  	 (-0.00000  )
1612	-0.00432  	 (0.00000   )
1613	-0.00432  	 (0.00000   )
1614	0.61694   	 (-0.00000  )
1615	0.39416   	 (-0.00000  )
1616	0.19777   	 (0.00000   )
1617	0.68884   	 (-0.00000  )
1618	0.75765   	 (0.00000   )
1619	0.75765   	 (0.00000   )
1620	1.03071   	 (-0.00000  )
1621	0.41446   	 (0.00000   )
1622	0.41445   	 (0.00000   )
1623	0.05634   	 (-0.00000  )
1624	0.05634   	 (0.00000   )
1625	0.78167   	 (-0.00000  )
1626	0.78167   	 (-0.00000  )
1627	1.29690   	 (0.00000   )
1628	1.29689   	 (-0.00000  )
1629	0.52545   	 (0.00000   )
1630	0.68387   	 (-0.00000  )
1631	0.68387   	 (-0.00000  )
1632	-1.23480  	 (-0.00000  )
1633	-1.23480  	 (-0.00000  )
1634	0.15361   	 (0.00000   )
1635	1.45484   	 (-0.00000  )
1636	1.45484   	 (-0.00000  )
1637	0.06657   	 (0.00000   )
1638	0.43235   	 (0.00000   )
1639	0.65742   	 (0.00000   )
1640	0.65742   	 (-0.00000  )
1641	-1.20556  	 (0.00000   )
1642	0.44348   	 (0.00000   )
1643	0.28932   	 (-0.00000  )
1644	0.28932   	 (-0.00000  )
1645	-0.07862  	 (-0.00000  )
1646	0.24272   	 (0.00000   )
1647	0.23990   	 (-0.00000  )
1648	0.23990   	 (0.00000   )
1649	0.75064   	 (-0.00000  )
1650	0.06763   	 (0.00000   )
1651	-0.11121  	 (-0.00000  )
1652	-0.11121  	 (0.00000   )
1653	-0.26409  	 (-0.00000  )
1654	-0.26409  	 (-0.00000  )
1655	0.18761   	 (0.00000   )
1656	0.34963   	 (0.00000   )
1657	0.35036   	 (-0.00000  )
1658	0.00293   	 (0.00000   )
1659	-0.20576  	 (0.00000   )
1660	-0.20576  	 (-0.00000  )
1661	0.07486   	 (-0.00000  )
1662	-0.21057  	 (-0.00000  )
1663	-0.10428  	 (-0.00000  )
1664	-0.10429  	 (0.00000   )
1665	0.10130   	 (0.00000   )
1666	0.16350   	 (-0.00000  )
1667	0.16350   	 (-0.00000  )
1668	0.02996   	 (0.00000   )
1669	-0.52449  	 (-0.00000  )
1670	-0.01961  	 (-0.00000  )
1671	-0.01961  	 (-0.00000  )
1672	-0.18383  	 (0.00000   )
1673	0.03647   	 (0.00000   )
1674	0.38266   	 (-0.00000  )
1675	0.38266   	 (-0.00000  )
1676	0.40866   	 (0.00000   )
1677	1.31598   	 (0.00000   )
1678	-0.26229  	 (-0.00000  )
1679	-0.26229  	 (-0.00000  )
1680	0.09835   	 (-0.00000  )
1681	0.14833   	 (-0.00000  )
1682	0.42051   	 (0.00000   )
1683	-0.29354  	 (-0.00000  )
1684	-0.29354  	 (-0.00000  )
1685	0.41253   	 (0.00000   )
1686	0.27959   	 (0.00000   )
1687	0.11560   	 (-0.00000  )
1688	0.29129   	 (0.00000   )
1689	-0.07837  	 (-0.00000  )
1690	-0.07837  	 (0.00000   )
1691	-0.47278  	 (0.00000   )
1692	-0.05408  	 (-0.00000  )
1693	-0.05408  	 (-0.00000  )
1694	-0.00827  	 (0.00000   )
1695	0.14007   	 (0.00000   )
1696	0.37075   	 (0.00000   )
1697	0.37075   	 (-0.00000  )
1698	-0.85565  	 (0.00000   )
1699	1.63472   	 (0.00000   )
1700	0.32266   	 (0.00000   )
1701	-0.06187  	 (0.00000   )
1702	-0.01510  	 (-0.00000  )
1703	0.17778   	 (-0.00000  )
1704	0.17778   	 (-0.00000  )
1705	-0.29915  	 (-0.00000  )
1706	-0.21610  	 (-0.00000  )
1707	-0.21610  	 (0.00000   )
1708	-1.24590  	 (0.00000   )
1709	-0.43739  	 (-0.00000  )
1710	0.54130   	 (0.00000   )
1711	0.13971   	 (0.00000   )
1712	0.45973   	 (-0.00000  )
1713	0.45973   	 (-0.00000  )
1714	0.59772   	 (-0.00000  )
1715	0.59772   	 (-0.00000  )
1716	-0.57585  	 (0.00000   )
1717	-0.16256  	 (0.00000   )
1718	0.16522   	 (0.00000   )
1719	0.04318   	 (0.00000   )
1720	-0.18406  	 (0.00000   )
1721	-0.18406  	 (0.00000   )
1722	0.17886   	 (0.00000   )
1723	0.24270   	 (0.00000   )
1724	-1.18641  	 (-0.00000  )
1725	-1.18641  	 (-0.00000  )
1726	-0.32816  	 (0.00000   )
1727	-0.64054  	 (0.00000   )
1728	-0.64054  	 (-0.00000  )
1729	0.16238   	 (0.00000   )
1730	0.16238   	 (0.00000   )
1731	-0.17670  	 (0.00000   )
1732	0.31436   	 (0.00000   )
1733	0.19761   	 (-0.00000  )
1734	0.19761   	 (0.00000   )
1735	-1.02366  	 (0.00000   )
1736	-0.17683  	 (-0.00000  )
1737	0.33955   	 (0.00000   )
1738	-0.11730  	 (-0.00000  )
1739	-0.11730  	 (-0.00000  )
1740	-0.53953  	 (0.00000   )
1741	0.45605   	 (0.00000   )
1742	0.98367   	 (0.00000   )
1743	0.98365   	 (0.00000   )
1744	0.27113   	 (0.00000   )
1745	0.39411   	 (0.00000   )
1746	0.09899   	 (0.00000   )
1747	-0.18018  	 (-0.00000  )
1748	-0.18018  	 (0.00000   )
1749	-0.10839  	 (-0.00000  )
1750	-0.31719  	 (-0.00000  )
1751	0.16031   	 (0.00000   )
1752	0.16031   	 (0.00000   )
1753	-0.13590  	 (0.00000   )
1754	-0.17510  	 (0.00000   )
1755	-0.48545  	 (-0.00000  )
1756	0.19738   	 (0.00000   )
1757	0.19738   	 (0.00000   )
1758	0.53376   	 (0.00000   )
1759	0.53376   	 (-0.00000  )
1760	0.05320   	 (0.00000   )
1761	-0.05881  	 (0.00000   )
1762	0.26964   	 (0.00000   )
1763	0.63180   	 (-0.00000  )
1764	0.63180   	 (0.00000   )
1765	0.15921   	 (-0.00000  )
1766	-0.06363  	 (-0.00000  )
1767	-0.04252  	 (-0.00000  )
1768	-0.04253  	 (-0.00000  )
1769	-0.18172  	 (0.00000   )
1770	0.32958   	 (0.00000   )
1771	0.32958   	 (0.00000   )
1772	0.24335   	 (-0.00000  )
1773	0.14658   	 (0.00000   )
1774	0.12894   	 (-0.00000  )
1775	0.12894   	 (-0.00000  )
1776	1.22007   	 (0.00000   )
1777	0.17793   	 (-0.00000  )
1778	0.28159   	 (-0.00000  )
1779	0.03221   	 (-0.00000  )
1780	0.84007   	 (-0.00000  )
1781	-0.34432  	 (0.00000   )
1782	-0.73559  	 (-0.00000  )
1783	0.26832   	 (0.00000   )
1784	0.26832   	 (-0.00000  )
1785	0.95580   	 (-0.00000  )
1786	-0.07958  	 (0.00000   )
1787	-0.04723  	 (0.00000   )
1788	0.15957   	 (0.00000   )
1789	0.15957   	 (0.00000   )
1790	-0.46538  	 (0.00000   )
1791	-0.04994  	 (0.00000   )
1792	-0.10388  	 (0.00000   )
1793	-0.10388  	 (0.00000   )
1794	0.02066   	 (0.00000   )
1795	0.02067   	 (0.00000   )
1796	0.13774   	 (0.00000   )
1797	-0.18501  	 (0.00000   )
1798	-0.18501  	 (0.00000   )
1799	-0.98835  	 (0.00000   )
1800	0.28872   	 (-0.00000  )
1801	0.55911   	 (0.00000   )
1802	-0.18386  	 (-0.00000  )
1803	-0.18386  	 (0.00000   )
1804	0.57823   	 (-0.00000  )
1805	0.57823   	 (0.00000   )
1806	0.31648   	 (0.00000   )
1807	0.31648   	 (0.00000   )
1808	1.08920   	 (0.00000   )
1809	-0.02071  	 (0.00000   )
1810	0.25088   	 (0.00000   )
1811	0.25565   	 (0.00000   )
1812	0.29173   	 (-0.00000  )
1813	0.66826   	 (0.00000   )
1814	-0.17953  	 (0.00000   )
1815	0.57969   	 (-0.00000  )
1816	0.57969   	 (-0.00000  )
1817	0.19297   	 (0.00000   )
1818	0.19297   	 (-0.00000  )
1819	-0.26365  	 (0.00000   )
1820	0.55056   	 (-0.00000  )
1821	0.55056   	 (-0.00000  )
1822	0.52468   	 (-0.00000  )
1823	0.52468   	 (-0.00000  )
1824	-0.00951  	 (-0.00000  )
1825	0.34376   	 (0.00000   )
1826	0.25998   	 (0.00000   )
1827	0.25998   	 (-0.00000  )
1828	0.54741   	 (0.00000   )
1829	0.17090   	 (-0.00000  )
1830	0.12002   	 (-0.00000  )
1831	0.60242   	 (0.00000   )
1832	0.60242   	 (0.00000   )
1833	-0.37255  	 (0.00000   )
1834	-0.21610  	 (-0.00000  )
1835	-0.21610  	 (0.00000   )
1836	1.08970   	 (-0.00000  )
1837	0.20618   	 (-0.00000  )
1838	0.20618   	 (0.00000   )
1839	-0.01065  	 (0.00000   )
1840	0.18401   	 (-0.00000  )
1841	0.19700   	 (-0.00000  )
1842	0.46956   	 (0.00000   )
1843	0.48598   	 (-0.00000  )
1844	0.48598   	 (-0.00000  )
1845	0.53590   	 (0.00000   )
1846	0.53590   	 (-0.00000  )
1847	0.34479   	 (0.00000   )
1848	-0.08217  	 (-0.00000  )
1849	-0.08217  	 (-0.00000  )
1850	0.36671   	 (-0.00000  )
1851	0.36671   	 (-0.00000  )
1852	-0.05053  	 (0.00000   )
1853	0.92242   	 (-0.00000  )
1854	0.68382   	 (0.00000   )
1855	0.52899   	 (0.00000   )
1856	0.26152   	 (-0.00000  )
1857	0.16098   	 (0.00000   )
1858	0.16098   	 (-0.00000  )
1859	0.47147   	 (0.00000   )
1860	0.25955   	 (-0.00000  )
1861	0.41192   	 (-0.00000  )
1862	0.13508   	 (0.00000   )
1863	0.13508   	 (0.00000   )
1864	0.99768   	 (0.00000   )
1865	0.99768   	 (0.00000   )
1866	0.37915   	 (-0.00000  )
1867	0.58773   	 (-0.00000  )
1868	0.90163   	 (-0.00000  )
1869	0.90162   	 (-0.00000  )
1870	1.21363   	 (0.00000   )
1871	0.68008   	 (-0.00000  )
1872	-0.25036  	 (-0.00000  )
1873	-0.25036  	 (-0.00000  )
1874	0.23066   	 (-0.00000  )
1875	0.23066   	 (-0.00000  )
1876	-0.35934  	 (-0.00000  )
1877	-0.35521  	 (0.00000   )
1878	1.37053   	 (-0.00000  )
1879	0.47454   	 (-0.00000  )
1880	0.47454   	 (0.00000   )
1881	-0.27225  	 (-0.00000  )
1882	-0.27225  	 (-0.00000  )
1883	-0.11203  	 (-0.00000  )
1884	0.08020   	 (-0.00000  )
1885	0.69314   	 (0.00000   )
1886	0.13530   	 (-0.00000  )
1887	0.48198   	 (-0.00000  )
1888	-0.42236  	 (0.00000   )
1889	-0.73790  	 (-0.00000  )
1890	-0.73790  	 (0.00000   )
1891	0.01164   	 (-0.00000  )
1892	0.54013   	 (0.00000   )
1893	0.54013   	 (-0.00000  )
1894	0.77133   	 (-0.00000  )
1895	1.00721   	 (-0.00000  )
1896	0.65834   	 (-0.00000  )
1897	0.63416   	 (0.00000   )
1898	0.63416   	 (0.00000   )
1899	0.36540   	 (-0.00000  )
1900	0.44358   	 (-0.00000  )
1901	0.44358   	 (0.00000   )
1902	-0.04769  	 (0.00000   )
1903	-0.62288  	 (-0.00000  )
1904	0.16348   	 (0.00000   )
1905	0.28231   	 (0.00000   )
1906	0.28231   	 (-0.00000  )
1907	-0.24845  	 (-0.00000  )
1908	-0.24845  	 (-0.00000  )
1909	-0.51450  	 (-0.00000  )
1910	1.31621   	 (0.00000   )
1911	0.65646   	 (-0.00000  )
1912	0.55007   	 (-0.00000  )
1913	0.55007   	 (-0.00000  )
1914	1.02934   	 (0.00000   )
1915	-0.50225  	 (0.00000   )
1916	0.45490   	 (-0.00000  )
1917	0.74099   	 (0.00000   )
1918	0.74099   	 (-0.00000  )
1919	0.97964   	 (0.00000   )
1920	1.20688   	 (-0.00000  )
1921	0.19654   	 (-0.00000  )
1922	0.19655   	 (-0.00000  )
1923	0.54132   	 (0.00000   )
1924	0.54132   	 (0.00000   )
1925	-0.23839  	 (-0.00000  )
1926	-0.23839  	 (-0.00000  )
1927	0.63761   	 (0.00000   )
1928	0.63762   	 (0.00000   )
1929	-0.08205  	 (-0.00000  )
1930	0.48334   	 (-0.00000  )
1931	1.05090   	 (0.00000   )
1932	0.61946   	 (-0.00000  )
1933	-0.00593  	 (-0.00000  )
1934	2.07803   	 (-0.00000  )
1935	0.16261   	 (-0.00000  )
1936	0.21857   	 (0.00000   )
1937	1.22471   	 (0.00000   )
1938	1.22471   	 (-0.00000  )
1939	0.44925   	 (-0.00000  )
1940	0.38421   	 (-0.00000  )
1941	0.38421   	 (-0.00000  )
1942	0.08005   	 (-0.00000  )
1943	1.52321   	 (-0.00000  )
1944	1.52320   	 (-0.00000  )
1945	0.77337   	 (0.00000   )
1946	-0.13646  	 (0.00000   )
1947	0.09230   	 (0.00000   )
1948	0.09229   	 (-0.00000  )
1949	0.43713   	 (0.00000   )
1950	0.76065   	 (0.00000   )
1951	0.88687   	 (0.00000   )
1952	-0.31429  	 (-0.00000  )
1953	0.50357   	 (0.00000   )
1954	0.98643   	 (0.00000   )
1955	0.98643   	 (-0.00000  )
1956	-0.12489  	 (-0.00000  )
1957	0.35694   	 (0.00000   )
1958	0.35694   	 (0.00000   )
1959	0.40040   	 (-0.00000  )
1960	0.40040   	 (-0.00000  )
1961	-0.18843  	 (-0.00000  )
1962	0.28702   	 (0.00000   )
1963	-0.21372  	 (-0.00000  )
1964	-0.21372  	 (0.00000   )
1965	-0.54490  	 (-0.00000  )
1966	-0.06806  	 (-0.00000  )
1967	0.63470   	 (0.00000   )
1968	0.63470   	 (0.00000   )
1969	0.10442   	 (-0.00000  )
1970	0.62594   	 (0.00000   )
1971	-0.06711  	 (-0.00000  )
1972	0.17216   	 (0.00000   )
1973	0.17216   	 (0.00000   )
1974	-0.23281  	 (-0.00000  )
1975	0.00319   	 (0.00000   )
1976	0.70228   	 (-0.00000  )
1977	-0.33699  	 (-0.00000  )
1978	0.60645   	 (-0.00000  )
1979	0.17059   	 (0.00000   )
1980	0.11599   	 (-0.00000  )
1981	0.47318   	 (-0.00000  )
1982	0.47318   	 (0.00000   )
1983	0.29098   	 (-0.00000  )
1984	0.22010   	 (0.00000   )
1985	0.69056   	 (0.00000   )
1986	0.69056   	 (0.00000   )
1987	0.37913   	 (-0.00000  )
1988	0.13962   	 (-0.00000  )
1989	0.06697   	 (-0.00000  )
1990	0.06697   	 (-0.00000  )
1991	0.46366   	 (-0.00000  )
1992	0.46366   	 (-0.00000  )
1993	0.16094   	 (0.00000   )
1994	-0.09279  	 (0.00000   )
1995	0.56385   	 (-0.00000  )
1996	0.56385   	 (0.00000   )
1997	0.15590   	 (0.00000   )
1998	0.68421   	 (-0.00000  )
1999	0.68421   	 (0.00000   )
2000	-0.18590  	 (0.00000   )
2001	-0.17969  	 (0.00000   )
2002	-0.17968  	 (0.00000   )
2003	0.42243   	 (-0.00000  )
2004	-0.00528  	 (0.00000   )
2005	-0.40063  	 (0.00000   )
2006	0.03910   	 (0.00000   )
2007	0.90630   	 (0.00000   )
2008	0.90630   	 (0.00000   )
2009	0.01648   	 (0.00000   )
2010	0.23998   	 (-0.00000  )
2011	0.23998   	 (-0.00000  )
2012	0.84266   	 (0.00000   )
2013	0.26035   	 (0.00000   )
2014	0.36377   	 (0.00000   )
2015	0.52990   	 (0.00000   )
2016	0.74363   	 (-0.00000  )
2017	-0.01367  	 (-0.00000  )
2018	-0.01367  	 (-0.00000  )
2019	0.53833   	 (-0.00000  )
2020	-1.05348  	 (-0.00000  )
2021	0.43933   	 (0.00000   )
2022	0.43933   	 (-0.00000  )
2023	0.02814   	 (0.00000   )
2024	0.22871   	 (-0.00000  )
2025	0.55907   	 (0.00000   )
2026	0.96745   	 (-0.00000  )
2027	-0.07600  	 (-0.00000  )
2028	-0.07600  	 (0.00000   )
2029	0.72951   	 (0.00000   )
2030	0.30056   	 (0.00000   )
2031	0.30056   	 (0.00000   )
2032	0.19563   	 (-0.00000  )
2033	0.80505   	 (-0.00000  )
2034	0.13075   	 (-0.00000  )
2035	0.13075   	 (0.00000   )
2036	0.52322   	 (-0.00000  )
2037	0.32265   	 (-0.00000  )
2038	0.36466   	 (-0.00000  )
2039	0.82451   	 (0.00000   )
2040	0.82450   	 (-0.00000  )
2041	0.33030   	 (0.00000   )
2042	-0.24304  	 (-0.00000  )
2043	-0.24304  	 (0.00000   )
2044	0.34930   	 (0.00000   )
2045	0.15283   	 (0.00000   )
2046	0.28178   	 (-0.00000  )
2047	0.11885   	 (-0.00000  )
2048	-0.17300  	 (0.00000   )
2049	-0.17300  	 (0.00000   )
2050	0.10312   	 (0.00000   )
2051	0.35647   	 (0.00000   )
2052	-0.15868  	 (0.00000   )
2053	-0.15868  	 (-0.00000  )
2054	0.84249   	 (-0.00000  )
2055	0.52885   	 (-0.00000  )
2056	-0.09263  	 (-0.00000  )
2057	-0.09264  	 (-0.00000  )
2058	0.91686   	 (0.00000   )
2059	0.91686   	 (0.00000   )
2060	-0.53856  	 (-0.00000  )
2061	-0.53856  	 (-0.00000  )
2062	0.00844   	 (-0.00000  )
2063	0.50465   	 (-0.00000  )
2064	-0.25297  	 (-0.00000  )
2065	-0.25296  	 (-0.00000  )
2066	0.35075   	 (-0.00000  )
2067	0.48222   	 (0.00000   )
2068	1.08986   	 (-0.00000  )
2069	1.08986   	 (0.00000   )
2070	-0.03553  	 (0.00000   )
2071	0.32187   	 (0.00000   )
2072	0.38281   	 (-0.00000  )
2073	0.32736   	 (0.00000   )
2074	0.32736   	 (0.00000   )
2075	-0.02902  	 (-0.00000  )
2076	0.39398   	 (0.00000   )
2077	0.39398   	 (0.00000   )
2078	1.12033   	 (-0.00000  )
2079	0.55179   	 (0.00000   )
2080	-0.38611  	 (0.00000   )
2081	0.75184   	 (-0.00000  )
2082	0.23476   	 (-0.00000  )
2083	0.23476   	 (0.00000   )
2084	0.16543   	 (0.00000   )
2085	0.16543   	 (0.00000   )
2086	-0.04451  	 (-0.00000  )
2087	0.69387   	 (-0.00000  )
2088	-0.09752  	 (0.00000   )
2089	0.78972   	 (0.00000   )
2090	0.78972   	 (0.00000   )
2091	1.47999   	 (0.00000   )
2092	0.08019   	 (-0.00000  )
2093	-0.01997  	 (0.00000   )
2094	0.08856   	 (-0.00000  )
2095	0.08856   	 (0.00000   )
2096	-0.31781  	 (0.00000   )
2097	0.82858   	 (-0.00000  )
2098	0.29970   	 (0.00000   )
2099	0.29970   	 (-0.00000  )
2100	0.27760   	 (-0.00000  )
2101	0.36825   	 (0.00000   )
2102	0.36825   	 (-0.00000  )
2103	-0.06342  	 (-0.00000  )
2104	-0.06343  	 (0.00000   )
2105	0.84676   	 (-0.00000  )
2106	0.16449   	 (-0.00000  )
2107	1.14124   	 (-0.00000  )
2108	-0.15353  	 (0.00000   )
2109	-0.10347  	 (0.00000   )
2110	0.34593   	 (0.00000   )
2111	-0.36432  	 (-0.00000  )
2112	-0.36433  	 (-0.00000  )
2113	0.16056   	 (-0.00000  )
2114	-0.22305  	 (-0.00000  )
2115	-0.22305  	 (-0.00000  )
2116	0.26288   	 (0.00000   )
2117	0.12274   	 (0.00000   )
2118	-0.05227  	 (0.00000   )
2119	0.91813   	 (-0.00000  )
2120	0.91814   	 (-0.00000  )
2121	0.65696   	 (0.00000   )
2122	0.08645   	 (0.00000   )
2123	0.96248   	 (-0.00000  )
2124	0.80750   	 (-0.00000  )
2125	0.80749   	 (0.00000   )
2126	0.10643   	 (0.00000   )
2127	0.10642   	 (0.00000   )
2128	0.01954   	 (0.00000   )
2129	0.06579   	 (0.00000   )
2130	0.06579   	 (-0.00000  )
2131	0.28171   	 (-0.00000  )
2132	0.28171   	 (0.00000   )
2133	0.18312   	 (0.00000   )
2134	0.06438   	 (-0.00000  )
2135	0.39808   	 (-0.00000  )
2136	0.55907   	 (-0.00000  )
2137	0.71329   	 (0.00000   )
2138	0.71329   	 (0.00000   )
2139	0.70774   	 (-0.00000  )
2140	0.43615   	 (-0.00000  )
2141	0.90609   	 (0.00000   )
2142	0.21712   	 (0.00000   )
2143	1.26846   	 (-0.00000  )
2144	1.26846   	 (0.00000   )
2145	0.43116   	 (0.00000   )
2146	0.43116   	 (-0.00000  )
2147	-0.09537  	 (0.00000   )
2148	0.08088   	 (0.00000   )
2149	0.08088   	 (0.00000   )
2150	0.25276   	 (0.00000   )
2151	0.12982   	 (-0.00000  )
2152	0.07379   	 (-0.00000  )
2153	0.40388   	 (0.00000   )
2154	0.16974   	 (-0.00000  )
2155	0.16974   	 (-0.00000  )
2156	0.32497   	 (0.00000   )
2157	0.32497   	 (-0.00000  )
2158	-0.13861  	 (-0.00000  )
2159	-0.13861  	 (0.00000   )
2160	-0.26412  	 (0.00000   )
2161	0.12636   	 (0.00000   )
2162	-0.21250  	 (0.00000   )
2163	-0.21250  	 (-0.00000  )
2164	0.24279   	 (0.00000   )
2165	0.00377   	 (0.00000   )
2166	0.25345   	 (0.00000   )
2167	0.25346   	 (0.00000   )
2168	-1.68381  	 (-0.00000  )
2169	0.24515   	 (0.00000   )
2170	0.24515   	 (0.00000   )
2171	0.19173   	 (0.00000   )
2172	-0.50804  	 (0.00000   )
2173	-0.50804  	 (0.00000   )
2174	-0.36471  	 (0.00000   )
2175	-0.96143  	 (-0.00000  )
2176	-0.12249  	 (0.00000   )
2177	0.06135   	 (0.00000   )
2178	-0.35017  	 (-0.00000  )
2179	-0.35017  	 (0.00000   )
2180	-0.18638  	 (-0.00000  )
2181	-0.18638  	 (0.00000   )
2182	-0.37924  	 (0.00000   )
2183	-0.38592  	 (-0.00000  )
2184	-0.38592  	 (0.00000   )
2185	0.00312   	 (-0.00000  )
2186	-0.12301  	 (0.00000   )
2187	1.51209   	 (0.00000   )
2188	1.51209   	 (-0.00000  )
2189	-0.12702  	 (0.00000   )
2190	0.00951   	 (-0.00000  )
2191	-0.28474  	 (0.00000   )
2192	-0.28474  	 (-0.00000  )
2193	-0.07757  	 (-0.00000  )
2194	0.24032   	 (0.00000   )
2195	-0.64891  	 (0.00000   )
2196	-0.05082  	 (0.00000   )
2197	-0.05082  	 (0.00000   )
2198	0.48564   	 (-0.00000  )
2199	-0.13548  	 (-0.00000  )
2200	-0.67205  	 (0.00000   )
2201	-0.67205  	 (-0.00000  )
2202	-0.64738  	 (0.00000   )
2203	-0.64738  	 (-0.00000  )
2204	-0.18263  	 (-0.00000  )
2205	-0.00212  	 (-0.00000  )
2206	0.05068   	 (0.00000   )
2207	0.62296   	 (-0.00000  )
2208	0.10758   	 (0.00000   )
2209	0.10758   	 (0.00000   )
2210	0.55418   	 (-0.00000  )
2211	1.25160   	 (-0.00000  )
2212	0.07783   	 (0.00000   )
2213	0.30539   	 (-0.00000  )
2214	-0.12614  	 (0.00000   )
2215	-0.12614  	 (0.00000   )
2216	-0.03224  	 (-0.00000  )
2217	-0.47843  	 (0.00000   )
2218	-0.09670  	 (0.00000   )
2219	0.12115   	 (-0.00000  )
2220	0.12115   	 (0.00000   )
2221	0.65115   	 (0.00000   )
2222	0.65115   	 (-0.00000  )
2223	-0.50888  	 (-0.00000  )
2224	0.25514   	 (-0.00000  )
2225	0.04685   	 (-0.00000  )
2226	-0.74668  	 (0.00000   )
2227	-0.74668  	 (0.00000   )
2228	0.51480   	 (0.00000   )
2229	-0.38082  	 (-0.00000  )
2230	-0.38082  	 (-0.00000  )
2231	0.97457   	 (0.00000   )
2232	-0.19948  	 (-0.00000  )
2233	-0.03081  	 (0.00000   )
2234	-0.85620  	 (0.00000   )
2235	-0.85619  	 (0.00000   )
2236	-1.08164  	 (0.00000   )
2237	-0.58734  	 (0.00000   )
2238	-0.58734  	 (0.00000   )
2239	-0.09836  	 (0.00000   )
2240	-0.27465  	 (-0.00000  )
2241	-0.94830  	 (0.00000   )
2242	-0.94830  	 (-0.00000  )
2243	0.69899   	 (-0.00000  )
2244	0.25709   	 (0.00000   )
2245	-0.02090  	 (-0.00000  )
2246	0.55327   	 (0.00000   )
2247	0.55327   	 (-0.00000  )
2248	-0.03279  	 (0.00000   )
2249	0.02279   	 (-0.00000  )
2250	0.57146   	 (-0.00000  )
2251	0.57146   	 (0.00000   )
2252	-1.07848  	 (-0.00000  )
2253	0.84789   	 (-0.00000  )
2254	0.21825   	 (0.00000   )
2255	1.10850   	 (-0.00000  )
2256	1.10851   	 (-0.00000  )
2257	-0.70310  	 (-0.00000  )
2258	-0.08472  	 (-0.00000  )
2259	0.69255   	 (0.00000   )
2260	0.64794   	 (0.00000   )
2261	0.64794   	 (0.00000   )
2262	0.40202   	 (-0.00000  )
2263	1.13225   	 (0.00000   )
2264	1.13225   	 (0.00000   )
2265	0.41368   	 (0.00000   )
2266	0.51666   	 (-0.00000  )
2267	0.86159   	 (0.00000   )
2268	0.86158   	 (0.00000   )
2269	0.67712   	 (0.00000   )
2270	0.67711   	 (0.00000   )
2271	-1.06599  	 (-0.00000  )
2272	-0.19498  	 (0.00000   )
2273	0.60639   	 (-0.00000  )
2274	0.60639   	 (0.00000   )
2275	0.33305   	 (0.00000   )
2276	0.42589   	 (-0.00000  )
2277	0.34602   	 (-0.00000  )
2278	-0.39559  	 (0.00000   )
2279	-0.39559  	 (-0.00000  )
2280	-0.32686  	 (-0.00000  )
2281	-0.32686  	 (-0.00000  )
2282	0.20248   	 (0.00000   )
2283	-1.59092  	 (0.00000   )
2284	0.82798   	 (-0.00000  )
2285	0.82798   	 (0.00000   )
2286	0.98461   	 (-0.00000  )
2287	0.98461   	 (-0.00000  )
2288	-1.23806  	 (-0.00000  )
2289	1.01941   	 (0.00000   )
2290	-0.74916  	 (-0.00000  )
2291	-0.74916  	 (-0.00000  )
2292	0.35545   	 (0.00000   )
2293	-0.15643  	 (-0.00000  )
2294	0.79599   	 (0.00000   )
2295	0.79599   	 (0.00000   )
2296	-0.77114  	 (0.00000   )
2297	-0.77114  	 (-0.00000  )
2298	-0.26143  	 (-0.00000  )
2299	-0.54741  	 (-0.00000  )
2300	-0.34413  	 (-0.00000  )
2301	-0.01617  	 (0.00000   )
2302	0.12294   	 (-0.00000  )
2303	0.33633   	 (-0.00000  )
2304	0.69596   	 (-0.00000  )
2305	0.69596   	 (0.00000   )
2306	0.30355   	 (0.00000   )
2307	0.36900   	 (-0.00000  )
2308	0.36900   	 (0.00000   )
2309	0.28744   	 (0.00000   )
2310	0.00916   	 (0.00000   )
2311	1.03583   	 (0.00000   )
2312	0.31417   	 (-0.00000  )
2313	-0.02680  	 (0.00000   )
2314	-0.02680  	 (0.00000   )
2315	0.13631   	 (0.00000   )
2316	0.13631   	 (-0.00000  )
2317	-0.09985  	 (0.00000   )
2318	0.32781   	 (-0.00000  )
2319	0.21397   	 (-0.00000  )
2320	0.01220   	 (-0.00000  )
2321	0.37434   	 (-0.00000  )
2322	0.13173   	 (-0.00000  )
2323	0.13173   	 (-0.00000  )
2324	0.26492   	 (0.00000   )
2325	0.38385   	 (0.00000   )
2326	0.38386   	 (-0.00000  )
2327	0.37569   	 (-0.00000  )
2328	0.37568   	 (-0.00000  )
2329	0.14544   	 (-0.00000  )
2330	0.70683   	 (-0.00000  )
2331	-0.01874  	 (-0.00000  )
2332	0.79343   	 (-0.00000  )
2333	0.60191   	 (-0.00000  )
2334	0.66550   	 (-0.00000  )
2335	0.38455   	 (-0.00000  )
2336	0.38455   	 (0.00000   )
2337	0.29813   	 (-0.00000  )
2338	0.29813   	 (-0.00000  )
2339	0.38774   	 (-0.00000  )
2340	0.38774   	 (-0.00000  )
2341	0.73017   	 (-0.00000  )
2342	0.11994   	 (-0.00000  )
2343	0.45891   	 (-0.00000  )
2344	0.02958   	 (0.00000   )
2345	0.02958   	 (0.00000   )
2346	0.13275   	 (-0.00000  )
2347	0.21555   	 (-0.00000  )
2348	0.46242   	 (-0.00000  )
2349	0.41235   	 (-0.00000  )
2350	0.41235   	 (0.00000   )
2351	0.38229   	 (-0.00000  )
2352	0.59380   	 (-0.00000  )
2353	0.59380   	 (0.00000   )
2354	0.50239   	 (0.00000   )
2355	0.32992   	 (0.00000   )
2356	0.16181   	 (-0.00000  )
2357	0.16181   	 (-0.00000  )
2358	0.73605   	 (0.00000   )
2359	0.30984   	 (0.00000   )
2360	0.30984   	 (-0.00000  )
2361	0.19644   	 (0.00000   )
2362	-0.53773  	 (0.00000   )
2363	0.62555   	 (-0.00000  )
2364	0.62555   	 (0.00000   )
2365	1.00965   	 (-0.00000  )
2366	0.65673   	 (-0.00000  )
2367	0.15935   	 (0.00000   )
2368	0.11894   	 (0.00000   )
2369	0.11894   	 (0.00000   )
2370	0.34558   	 (-0.00000  )
2371	0.69004   	 (-0.00000  )
2372	0.69009   	 (0.00000   )
2373	0.56402   	 (-0.00000  )
2374	0.56407   	 (0.00000   )
2375	0.85136   	 (0.00000   )
2376	0.44154   	 (-0.00000  )
2377	-0.36762  	 (0.00000   )
2378	-0.20083  	 (-0.00000  )
2379	-0.38551  	 (0.00000   )
2380	-0.38551  	 (-0.00000  )
2381	0.50393   	 (0.00000   )
2382	-0.63974  	 (-0.00000  )
2383	0.21023   	 (-0.00000  )
2384	0.21023   	 (0.00000   )
2385	0.68666   	 (-0.00000  )
2386	0.73486   	 (-0.00000  )
2387	-0.39810  	 (-0.00000  )
2388	-0.31633  	 (-0.00000  )
2389	-0.38262  	 (0.00000   )
2390	-0.38262  	 (-0.00000  )
2391	-0.07962  	 (-0.00000  )
2392	0.14468   	 (0.00000   )
2393	0.14468   	 (0.00000   )
2394	0.03256   	 (-0.00000  )
2395	0.18114   	 (-0.00000  )
2396	0.15797   	 (-0.00000  )
2397	0.15797   	 (-0.00000  )
2398	-0.02201  	 (0.00000   )
2399	-0.24862  	 (-0.00000  )
2400	-1.23337  	 (-0.00000  )
2401	-0.08702  	 (-0.00000  )
2402	0.00361   	 (-0.00000  )
2403	-0.59533  	 (-0.00000  )
2404	-0.59533  	 (0.00000   )
2405	0.47210   	 (-0.00000  )
2406	0.20940   	 (0.00000   )
2407	0.20940   	 (0.00000   )
2408	0.31900   	 (0.00000   )
2409	0.55754   	 (-0.00000  )
2410	0.87352   	 (0.00000   )
2411	0.87352   	 (-0.00000  )
2412	0.55151   	 (0.00000   )
2413	1.09591   	 (-0.00000  )
2414	0.60732   	 (0.00000   )
2415	0.60732   	 (0.00000   )
2416	0.23203   	 (-0.00000  )
2417	0.23203   	 (0.00000   )
2418	-0.18821  	 (-0.00000  )
2419	-0.18820  	 (0.00000   )
2420	0.41604   	 (0.00000   )
2421	0.41592   	 (0.00000   )
2422	1.71183   	 (-0.00000  )
2423	1.85795   	 (-0.00000  )
2424	1.14075   	 (-0.00000  )
2425	-0.46250  	 (0.00000   )
2426	-0.46250  	 (-0.00000  )
2427	0.85891   	 (0.00000   )
2428	1.28482   	 (0.00000   )
2429	0.95878   	 (-0.00000  )
2430	0.76038   	 (0.00000   )
2431	0.76038   	 (0.00000   )
2432	1.13456   	 (-0.00000  )
2433	1.70484   	 (-0.00000  )
2434	0.89496   	 (0.00000   )
2435	0.89496   	 (0.00000   )
2436	-0.13767  	 (-0.00000  )
2437	1.14838   	 (-0.00000  )
2438	1.92727   	 (0.00000   )
2439	1.92727   	 (0.00000   )
2440	0.15024   	 (-0.00000  )
2441	1.57697   	 (-0.00000  )
2442	-0.00760  	 (0.00000   )
2443	1.19367   	 (-0.00000  )
2444	0.10893   	 (0.00000   )
2445	0.22133   	 (-0.00000  )
2446	0.22133   	 (0.00000   )
2447	0.58706   	 (0.00000   )
2448	0.53969   	 (-0.00000  )
2449	0.53969   	 (0.00000   )
2450	0.46359   	 (0.00000   )
2451	0.36865   	 (0.00000   )
2452	0.75595   	 (0.00000   )
2453	0.75595   	 (0.00000   )
2454	0.34236   	 (0.00000   )
2455	0.65916   	 (0.00000   )
2456	0.01196   	 (0.00000   )
2457	0.01885   	 (0.00000   )
2458	0.01885   	 (0.00000   )
2459	0.64618   	 (-0.00000  )
2460	0.64618   	 (0.00000   )
2461	-0.23335  	 (-0.00000  )
2462	0.90108   	 (0.00000   )
2463	0.51661   	 (0.00000   )
2464	0.51660   	 (0.00000   )
2465	-0.20864  	 (0.00000   )
2466	0.72303   	 (0.00000   )
2467	0.18444   	 (0.00000   )
2468	0.25307   	 (0.00000   )
2469	-0.20879  	 (0.00000   )
2470	0.49569   	 (0.00000   )
2471	0.60588   	 (-0.00000  )
2472	0.60588   	 (-0.00000  )
2473	0.47330   	 (0.00000   )
2474	-0.41120  	 (-0.00000  )
2475	-0.41120  	 (-0.00000  )
2476	0.41503   	 (0.00000   )
2477	-0.12227  	 (0.00000   )
2478	0.97615   	 (0.00000   )
2479	-0.28800  	 (0.00000   )
2480	-0.28800  	 (0.00000   )
2481	0.37194   	 (0.00000   )
2482	0.33316   	 (-0.00000  )
2483	0.33316   	 (-0.00000  )
2484	0.06937   	 (-0.00000  )
2485	0.85683   	 (-0.00000  )
2486	-0.43892  	 (0.00000   )
2487	0.61433   	 (0.00000   )
2488	-0.21810  	 (-0.00000  )
2489	-0.21810  	 (0.00000   )
2490	0.43451   	 (0.00000   )
2491	0.43451   	 (-0.00000  )
2492	-0.21752  	 (-0.00000  )
2493	0.32707   	 (0.00000   )
2494	1.08808   	 (0.00000   )
2495	-0.29144  	 (0.00000   )
2496	-0.29144  	 (-0.00000  )
2497	0.67361   	 (0.00000   )
2498	0.43993   	 (-0.00000  )
2499	0.15753   	 (0.00000   )
2500	1.15503   	 (0.00000   )
2501	1.15503   	 (0.00000   )
2502	0.44600   	 (0.00000   )
2503	0.44600   	 (-0.00000  )
2504	-0.11576  	 (-0.00000  )
2505	0.65074   	 (-0.00000  )
2506	0.46429   	 (0.00000   )
2507	0.46429   	 (0.00000   )
2508	-0.69154  	 (0.00000   )
2509	0.96808   	 (0.00000   )
2510	0.02724   	 (0.00000   )
2511	0.28365   	 (0.00000   )
2512	0.28364   	 (0.00000   )
2513	-0.36050  	 (-0.00000  )
2514	0.63212   	 (0.00000   )
2515	0.12707   	 (0.00000   )
2516	0.12708   	 (0.00000   )
2517	-0.07849  	 (-0.00000  )
2518	0.15811   	 (-0.00000  )
2519	0.98010   	 (-0.00000  )
2520	0.17944   	 (0.00000   )
2521	0.17944   	 (0.00000   )
2522	0.53449   	 (0.00000   )
2523	1.06514   	 (0.00000   )
2524	1.06514   	 (-0.00000  )
2525	0.90589   	 (0.00000   )
2526	0.11791   	 (0.00000   )
2527	0.50627   	 (-0.00000  )
2528	0.78589   	 (0.00000   )
2529	0.78589   	 (0.00000   )
2530	1.36119   	 (0.00000   )
2531	1.36119   	 (-0.00000  )
2532	0.63442   	 (-0.00000  )
2533	0.34992   	 (-0.00000  )
2534	0.87754   	 (0.00000   )
2535	1.20710   	 (0.00000   )
2536	1.20710   	 (0.00000   )
2537	0.89554   	 (-0.00000  )
2538	0.73366   	 (0.00000   )
2539	0.73366   	 (-0.00000  )
2540	0.29975   	 (-0.00000  )
2541	0.96376   	 (0.00000   )
2542	0.96376   	 (0.00000   )
2543	0.74989   	 (0.00000   )
2544	-0.03647  	 (0.00000   )
2545	-0.03647  	 (0.00000   )
2546	0.56631   	 (0.00000   )
2547	1.01373   	 (0.00000   )
2548	1.01044   	 (-0.00000  )
2549	1.06818   	 (-0.00000  )
2550	1.06818   	 (0.00000   )
2551	0.84437   	 (0.00000   )
2552	0.60845   	 (-0.00000  )
2553	0.60845   	 (-0.00000  )
2554	0.99190   	 (0.00000   )
2555	0.19859   	 (-0.00000  )
2556	1.16176   	 (0.00000   )
2557	0.64210   	 (-0.00000  )
2558	0.59985   	 (-0.00000  )
2559	0.59985   	 (-0.00000  )
2560	0.27803   	 (0.00000   )
2561	0.27803   	 (0.00000   )
2562	0.31287   	 (-0.00000  )
2563	0.30088   	 (0.00000   )
2564	0.56712   	 (-0.00000  )
2565	0.46217   	 (0.00000   )
2566	0.62273   	 (-0.00000  )
2567	0.62273   	 (0.00000   )
2568	0.40232   	 (0.00000   )
2569	0.34629   	 (-0.00000  )
2570	0.42668   	 (-0.00000  )
2571	0.42668   	 (-0.00000  )
2572	-0.38519  	 (0.00000   )
2573	-0.38519  	 (-0.00000  )
2574	0.09771   	 (-0.00000  )
2575	0.09771   	 (0.00000   )
2576	-0.04185  	 (0.00000   )
2577	-0.04185  	 (-0.00000  )
2578	-0.01931  	 (-0.00000  )
2579	0.59050   	 (-0.00000  )
2580	0.59050   	 (-0.00000  )
2581	0.38683   	 (-0.00000  )
2582	0.27628   	 (0.00000   )
2583	0.28938   	 (-0.00000  )
2584	-1.20611  	 (0.00000   )
2585	-1.20611  	 (-0.00000  )
2586	0.50667   	 (0.00000   )
2587	-0.01337  	 (-0.00000  )
2588	-0.01337  	 (-0.00000  )
2589	-0.06919  	 (0.00000   )
2590	-0.76115  	 (0.00000   )
2591	-0.35469  	 (0.00000   )
2592	-0.71375  	 (0.00000   )
2593	0.90477   	 (0.00000   )
2594	-0.54107  	 (-0.00000  )
2595	0.15741   	 (-0.00000  )
2596	0.48581   	 (-0.00000  )
2597	-0.24101  	 (-0.00000  )
2598	-0.24101  	 (-0.00000  )
2599	0.49444   	 (-0.00000  )
2600	0.49444   	 (0.00000   )
2601	0.18536   	 (-0.00000  )
2602	0.57474   	 (0.00000   )
2603	-0.02274  	 (0.00000   )
2604	-0.02274  	 (0.00000   )
2605	0.12982   	 (0.00000   )
2606	0.12982   	 (0.00000   )
2607	0.12476   	 (0.00000   )
2608	-0.60009  	 (-0.00000  )
2609	-0.60009  	 (-0.00000  )
2610	-0.32185  	 (0.00000   )
2611	-0.05291  	 (-0.00000  )
2612	1.37484   	 (0.00000   )
2613	1.37484   	 (0.00000   )
2614	-0.39231  	 (-0.00000  )
2615	0.40206   	 (0.00000   )
2616	0.20650   	 (0.00000   )
2617	0.46213   	 (-0.00000  )
2618	-0.45513  	 (-0.00000  )
2619	-0.45513  	 (0.00000   )
2620	1.24442   	 (0.00000   )
2621	-0.78617  	 (0.00000   )
2622	-0.38112  	 (-0.00000  )
2623	-0.38112  	 (-0.00000  )
2624	1.25725   	 (0.00000   )
2625	1.25725   	 (0.00000   )
2626	0.23986   	 (0.00000   )
2627	0.48691   	 (0.00000   )
2628	1.40790   	 (-0.00000  )
2629	0.31863   	 (0.00000   )
2630	0.29211   	 (0.00000   )
2631	-0.09117  	 (-0.00000  )
2632	-0.09117  	 (-0.00000  )
2633	0.65338   	 (-0.00000  )
2634	-0.01147  	 (-0.00000  )
2635	0.23677   	 (0.00000   )
2636	-0.40317  	 (-0.00000  )
2637	-0.40318  	 (0.00000   )
2638	0.30627   	 (0.00000   )
2639	-0.06787  	 (-0.00000  )
2640	-0.06787  	 (-0.00000  )
2641	0.47164   	 (0.00000   )
2642	0.21391   	 (0.00000   )
2643	-0.01028  	 (-0.00000  )
2644	-0.01028  	 (-0.00000  )
2645	0.28771   	 (0.00000   )
2646	0.47371   	 (0.00000   )
2647	0.17535   	 (0.00000   )
2648	0.25560   	 (-0.00000  )
2649	0.17032   	 (-0.00000  )
2650	0.17032   	 (-0.00000  )
2651	0.52870   	 (0.00000   )
2652	1.25632   	 (0.00000   )
2653	1.21647   	 (0.00000   )
2654	-0.51009  	 (-0.00000  )
2655	-0.51010  	 (-0.00000  )
2656	0.01637   	 (-0.00000  )
2657	0.75106   	 (-0.00000  )
2658	0.37817   	 (-0.00000  )
2659	0.37817   	 (-0.00000  )
2660	-0.00179  	 (-0.00000  )
2661	-0.00179  	 (-0.00000  )
2662	0.05773   	 (0.00000   )
2663	-0.21740  	 (0.00000   )
2664	-0.21740  	 (0.00000   )
2665	0.01374   	 (-0.00000  )
2666	0.13491   	 (-0.00000  )
2667	0.13491   	 (0.00000   )
2668	0.08531   	 (-0.00000  )
2669	0.44701   	 (-0.00000  )
2670	-0.11255  	 (-0.00000  )
2671	0.27637   	 (-0.00000  )
2672	0.27637   	 (-0.00000  )
2673	0.25858   	 (0.00000   )
2674	0.25858   	 (0.00000   )
2675	0.18629   	 (-0.00000  )
2676	1.65064   	 (0.00000   )
2677	1.65064   	 (0.00000   )
2678	-0.31765  	 (-0.00000  )
2679	-0.21208  	 (0.00000   )
2680	0.12022   	 (0.00000   )
2681	0.19909   	 (0.00000   )
2682	-0.23900  	 (0.00000   )
2683	0.93611   	 (0.00000   )
2684	0.93611   	 (0.00000   )
2685	-0.06493  	 (0.00000   )
2686	-0.09505  	 (-0.00000  )
2687	-0.09505  	 (-0.00000  )
2688	-0.06649  	 (0.00000   )
2689	0.27695   	 (-0.00000  )
2690	0.47651   	 (-0.00000  )
2691	0.47651   	 (-0.00000  )
2692	0.06961   	 (-0.00000  )
2693	0.06961   	 (-0.00000  )
2694	-0.62387  	 (-0.00000  )
2695	-0.32150  	 (0.00000   )
2696	0.28761   	 (-0.00000  )
2697	0.53587   	 (0.00000   )
2698	0.20607   	 (0.00000   )
2699	0.20607   	 (0.00000   )
2700	0.14431   	 (0.00000   )
2701	0.14431   	 (-0.00000  )
2702	0.30202   	 (-0.00000  )
2703	0.48256   	 (-0.00000  )
2704	0.48256   	 (-0.00000  )
2705	-0.40630  	 (-0.00000  )
2706	1.08027   	 (0.00000   )
2707	1.00474   	 (-0.00000  )
2708	0.23610   	 (-0.00000  )
2709	0.19177   	 (-0.00000  )
2710	1.17084   	 (0.00000   )
2711	1.17084   	 (0.00000   )
2712	0.33060   	 (-0.00000  )
2713	0.82286   	 (0.00000   )
2714	-0.08990  	 (-0.00000  )
2715	-1.28986  	 (-0.00000  )
2716	-1.28986  	 (0.00000   )
2717	0.55925   	 (0.00000   )
2718	0.49386   	 (0.00000   )
2719	0.34419   	 (0.00000   )
2720	0.34419   	 (0.00000   )
2721	-0.01258  	 (-0.00000  )
2722	0.37129   	 (-0.00000  )
2723	0.37130   	 (-0.00000  )
2724	0.54398   	 (0.00000   )
2725	0.48284   	 (0.00000   )
2726	0.37607   	 (0.00000   )
2727	1.06171   	 (0.00000   )
2728	1.06171   	 (0.00000   )
2729	0.28073   	 (0.00000   )
2730	0.27827   	 (0.00000   )
2731	0.50872   	 (-0.00000  )
2732	0.50872   	 (-0.00000  )
2733	0.27495   	 (0.00000   )
2734	0.27495   	 (0.00000   )
2735	0.58205   	 (-0.00000  )
2736	0.52776   	 (-0.00000  )
2737	-0.73424  	 (-0.00000  )
2738	-0.29251  	 (0.00000   )
2739	0.57264   	 (0.00000   )
2740	0.57264   	 (-0.00000  )
2741	0.20825   	 (-0.00000  )
2742	0.06963   	 (-0.00000  )
2743	0.11954   	 (-0.00000  )
2744	-0.27622  	 (-0.00000  )
2745	0.08324   	 (-0.00000  )
2746	0.08324   	 (0.00000   )
2747	-1.61944  	 (-0.00000  )
2748	0.10200   	 (-0.00000  )
2749	0.45921   	 (-0.00000  )
2750	0.45922   	 (0.00000   )
2751	-0.15522  	 (-0.00000  )
2752	-0.15522  	 (0.00000   )
2753	0.79825   	 (0.00000   )
2754	1.06725   	 (-0.00000  )
2755	-0.92729  	 (0.00000   )
2756	-0.92729  	 (0.00000   )
2757	0.43843   	 (-0.00000  )
2758	0.01331   	 (-0.00000  )
2759	-1.86514  	 (0.00000   )
2760	-0.25611  	 (-0.00000  )
2761	-0.25611  	 (0.00000   )
2762	-0.27414  	 (0.00000   )
2763	-0.27414  	 (0.00000   )
2764	-0.33873  	 (-0.00000  )
2765	0.58453   	 (0.00000   )
2766	0.58453   	 (-0.00000  )
2767	0.16607   	 (0.00000   )
2768	0.51902   	 (0.00000   )
2769	0.39498   	 (0.00000   )
2770	-0.22192  	 (-0.00000  )
2771	0.16823   	 (-0.00000  )
2772	0.16823   	 (0.00000   )
2773	0.13373   	 (-0.00000  )
2774	0.98046   	 (-0.00000  )
2775	0.99556   	 (0.00000   )
2776	-0.18587  	 (0.00000   )
2777	-1.65288  	 (0.00000   )
2778	0.20564   	 (-0.00000  )
2779	0.98402   	 (-0.00000  )
2780	0.11969   	 (-0.00000  )
2781	0.11969   	 (-0.00000  )
2782	-0.92062  	 (-0.00000  )
2783	-0.92062  	 (-0.00000  )
2784	0.04717   	 (-0.00000  )
2785	0.88393   	 (0.00000   )
2786	0.88393   	 (0.00000   )
2787	0.94405   	 (0.00000   )
2788	1.55083   	 (-0.00000  )
2789	0.66087   	 (0.00000   )
2790	-0.69471  	 (-0.00000  )
2791	0.73739   	 (0.00000   )
2792	0.73739   	 (0.00000   )
2793	-1.01629  	 (-0.00000  )
2794	-1.01629  	 (-0.00000  )
2795	1.24788   	 (-0.00000  )
2796	1.24787   	 (0.00000   )
2797	0.97792   	 (0.00000   )
2798	0.83154   	 (0.00000   )
2799	0.83147   	 (0.00000   )
2800	0.03776   	 (0.00000   )
2801	0.38075   	 (-0.00000  )
2802	-0.02257  	 (-0.00000  )
2803	-0.02257  	 (0.00000   )
2804	-0.07370  	 (0.00000   )
2805	0.72807   	 (0.00000   )
2806	0.72807   	 (0.00000   )
2807	0.02357   	 (0.00000   )
2808	-0.06501  	 (0.00000   )
2809	0.97296   	 (0.00000   )
2810	0.85830   	 (0.00000   )
2811	1.20299   	 (0.00000   )
2812	1.20299   	 (0.00000   )
2813	1.64299   	 (0.00000   )
2814	0.72811   	 (-0.00000  )
2815	0.75465   	 (-0.00000  )
2816	1.32726   	 (0.00000   )
2817	1.32726   	 (-0.00000  )
2818	1.02487   	 (-0.00000  )
2819	1.32251   	 (-0.00000  )
2820	0.56252   	 (-0.00000  )
2821	0.42424   	 (0.00000   )
2822	0.14326   	 (0.00000   )
2823	0.63602   	 (-0.00000  )
2824	0.63603   	 (0.00000   )
2825	1.37221   	 (0.00000   )
2826	0.39909   	 (0.00000   )
2827	0.30203   	 (0.00000   )
2828	0.00459   	 (-0.00000  )
2829	0.00459   	 (0.00000   )
2830	0.68955   	 (0.00000   )
2831	0.03975   	 (-0.00000  )
2832	0.03975   	 (0.00000   )
2833	0.01118   	 (0.00000   )
2834	0.83751   	 (0.00000   )
2835	0.83750   	 (-0.00000  )
2836	0.14429   	 (-0.00000  )
2837	0.14429   	 (-0.00000  )
2838	0.84373   	 (0.00000   )
2839	0.88244   	 (-0.00000  )
2840	1.32265   	 (-0.00000  )
2841	1.32265   	 (-0.00000  )
2842	0.74132   	 (0.00000   )
2843	0.41967   	 (0.00000   )
2844	0.41967   	 (-0.00000  )
2845	-0.67926  	 (0.00000   )
2846	0.98735   	 (-0.00000  )
2847	0.77384   	 (-0.00000  )
2848	0.77385   	 (0.00000   )
2849	0.14593   	 (0.00000   )
2850	0.28106   	 (0.00000   )
2851	-0.14123  	 (0.00000   )
2852	0.33644   	 (0.00000   )
2853	0.47674   	 (-0.00000  )
2854	0.47674   	 (0.00000   )
2855	0.15289   	 (-0.00000  )
2856	0.15288   	 (-0.00000  )
2857	1.11198   	 (0.00000   )
2858	1.06426   	 (0.00000   )
2859	-0.10915  	 (-0.00000  )
2860	0.35183   	 (0.00000   )
2861	1.54302   	 (-0.00000  )
2862	1.54302   	 (0.00000   )
2863	0.12818   	 (0.00000   )
2864	-0.10664  	 (-0.00000  )
2865	-0.10664  	 (0.00000   )
2866	0.44573   	 (-0.00000  )
2867	0.22250   	 (-0.00000  )
2868	0.63922   	 (-0.00000  )
2869	0.63922   	 (-0.00000  )
2870	-0.10040  	 (0.00000   )
2871	0.06912   	 (0.00000   )
2872	0.69140   	 (0.00000   )
2873	0.69140   	 (0.00000   )
2874	-0.22441  	 (0.00000   )
2875	-0.24033  	 (0.00000   )
2876	-0.24033  	 (-0.00000  )
2877	0.54128   	 (-0.00000  )
2878	0.14006   	 (-0.00000  )
2879	0.14007   	 (-0.00000  )
2880	0.22160   	 (0.00000   )
2881	0.09905   	 (0.00000   )
2882	0.09906   	 (-0.00000  )
2883	-0.16576  	 (0.00000   )
2884	0.37285   	 (0.00000   )
2885	-0.05671  	 (-0.00000  )
2886	-0.05671  	 (-0.00000  )
2887	0.55430   	 (0.00000   )
2888	0.64381   	 (0.00000   )
2889	-0.55644  	 (0.00000   )
2890	0.62220   	 (-0.00000  )
2891	0.59791   	 (-0.00000  )
2892	0.59791   	 (-0.00000  )
2893	-0.05957  	 (0.00000   )
2894	0.40699   	 (0.00000   )
2895	0.61972   	 (0.00000   )
2896	0.44076   	 (-0.00000  )
2897	0.44077   	 (-0.00000  )
2898	0.00278   	 (0.00000   )
2899	0.52835   	 (-0.00000  )
2900	0.52835   	 (0.00000   )
2901	0.67602   	 (0.00000   )
2902	-0.10824  	 (0.00000   )
2903	0.39481   	 (0.00000   )
2904	0.39328   	 (0.00000   )
2905	0.29905   	 (-0.00000  )
2906	1.21845   	 (-0.00000  )
2907	1.21845   	 (0.00000   )
2908	0.84686   	 (0.00000   )
2909	1.39189   	 (0.00000   )
2910	1.39189   	 (0.00000   )
2911	1.66118   	 (0.00000   )
2912	0.62764   	 (0.00000   )
2913	0.62764   	 (-0.00000  )
2914	0.26101   	 (-0.00000  )
2915	1.39781   	 (0.00000   )
2916	-0.04829  	 (0.00000   )
2917	-1.36474  	 (-0.00000  )
2918	-1.36474  	 (-0.00000  )
2919	0.47536   	 (0.00000   )
2920	0.47536   	 (-0.00000  )
2921	-0.19078  	 (0.00000   )
2922	0.43106   	 (-0.00000  )
2923	0.43105   	 (-0.00000  )
2924	0.60940   	 (0.00000   )
2925	-0.31934  	 (-0.00000  )
2926	0.52501   	 (-0.00000  )
2927	1.13730   	 (-0.00000  )
2928	0.91153   	 (0.00000   )
2929	0.91153   	 (0.00000   )
2930	-0.57250  	 (-0.00000  )
2931	0.74420   	 (-0.00000  )
2932	0.20137   	 (-0.00000  )
2933	0.20137   	 (-0.00000  )
2934	0.63417   	 (0.00000   )
2935	0.12172   	 (0.00000   )
2936	0.47270   	 (0.00000   )
2937	0.47270   	 (0.00000   )
2938	-0.06714  	 (0.00000   )
2939	0.35621   	 (0.00000   )
2940	0.15798   	 (-0.00000  )
2941	-0.07083  	 (-0.00000  )
2942	0.29776   	 (-0.00000  )
2943	0.29776   	 (-0.00000  )
2944	0.03898   	 (-0.00000  )
2945	-0.13856  	 (0.00000   )
2946	-0.01399  	 (0.00000   )
2947	-0.27405  	 (-0.00000  )
2948	-0.27405  	 (-0.00000  )
2949	1.56151   	 (0.00000   )
2950	1.56151   	 (0.00000   )
2951	1.26487   	 (0.00000   )
2952	0.41106   	 (0.00000   )
2953	0.11268   	 (0.00000   )
2954	1.55201   	 (-0.00000  )
2955	1.55201   	 (0.00000   )
2956	0.39530   	 (-0.00000  )
2957	0.39530   	 (-0.00000  )
2958	1.33143   	 (0.00000   )
2959	1.02763   	 (-0.00000  )
2960	0.28265   	 (0.00000   )
2961	0.89152   	 (-0.00000  )
2962	0.44262   	 (0.00000   )
2963	1.26743   	 (0.00000   )
2964	0.98050   	 (-0.00000  )
2965	0.28332   	 (0.00000   )
2966	0.29730   	 (0.00000   )
2967	0.29730   	 (-0.00000  )
2968	1.67680   	 (0.00000   )
2969	1.67681   	 (0.00000   )
2970	-0.03683  	 (-0.00000  )
2971	-0.03683  	 (-0.00000  )
2972	0.02036   	 (0.00000   )
2973	0.06305   	 (-0.00000  )
2974	0.06305   	 (0.00000   )
2975	1.06566   	 (0.00000   )
2976	1.17675   	 (0.00000   )
2977	1.17675   	 (-0.00000  )
2978	0.36849   	 (-0.00000  )
2979	-0.01459  	 (0.00000   )
2980	0.08172   	 (0.00000   )
2981	0.14228   	 (0.00000   )
2982	-0.27218  	 (0.00000   )
2983	-0.27218  	 (-0.00000  )
2984	0.23614   	 (0.00000   )
2985	0.01195   	 (-0.00000  )
2986	0.01195   	 (0.00000   )
2987	0.01988   	 (-0.00000  )
2988	0.01988   	 (-0.00000  )
2989	-0.21414  	 (-0.00000  )
2990	0.50162   	 (0.00000   )
2991	0.71816   	 (-0.00000  )
2992	0.26718   	 (0.00000   )
2993	-1.60211  	 (-0.00000  )
2994	0.38270   	 (0.00000   )
2995	0.38470   	 (-0.00000  )
2996	0.38470   	 (-0.00000  )
2997	-0.84199  	 (-0.00000  )
2998	-0.84199  	 (-0.00000  )
2999	0.14684   	 (0.00000   )
3000	0.19064   	 (0.00000   )
3001	0.19064   	 (0.00000   )
3002	-1.43637  	 (-0.00000  )
3003	0.96791   	 (0.00000   )
3004	0.98277   	 (0.00000   )
3005	0.12688   	 (0.00000   )
3006	0.49747   	 (0.00000   )
3007	0.49747   	 (-0.00000  )
3008	1.30751   	 (0.00000   )
3009	1.33751   	 (0.00000   )
3010	0.41876   	 (-0.00000  )
3011	0.41876   	 (-0.00000  )
3012	0.42286   	 (0.00000   )
3013	0.26168   	 (0.00000   )
3014	-0.24625  	 (-0.00000  )
3015	-0.24625  	 (0.00000   )
3016	0.20064   	 (0.00000   )
3017	0.05255   	 (0.00000   )
3018	0.05255   	 (0.00000   )
3019	-0.09550  	 (0.00000   )
3020	-0.06578  	 (0.00000   )
3021	-0.06578  	 (-0.00000  )
3022	0.11858   	 (0.00000   )
3023	-0.38145  	 (0.00000   )
3024	0.34386   	 (0.00000   )
3025	0.15160   	 (0.00000   )
3026	0.08073   	 (-0.00000  )
3027	0.08073   	 (-0.00000  )
3028	-1.13907  	 (-0.00000  )
3029	0.03116   	 (0.00000   )
3030	0.03116   	 (0.00000   )
3031	-0.34192  	 (-0.00000  )
3032	0.20543   	 (-0.00000  )
3033	-1.29139  	 (-0.00000  )
3034	-0.08713  	 (-0.00000  )
3035	-0.08713  	 (-0.00000  )
3036	-0.54447  	 (-0.00000  )
3037	-0.54447  	 (0.00000   )
3038	-0.30268  	 (0.00000   )
3039	-0.47974  	 (0.00000   )
3040	-0.94039  	 (-0.00000  )
3041	0.03851   	 (-0.00000  )
3042	-1.02658  	 (-0.00000  )
3043	0.22910   	 (0.00000   )
3044	0.22910   	 (0.00000   )
3045	-0.53885  	 (-0.00000  )
3046	1.28844   	 (-0.00000  )
3047	1.28844   	 (0.00000   )
3048	0.36318   	 (-0.00000  )
3049	0.83653   	 (0.00000   )
3050	0.33063   	 (-0.00000  )
3051	0.86171   	 (-0.00000  )
3052	0.86171   	 (-0.00000  )
3053	1.43991   	 (-0.00000  )
3054	0.38787   	 (-0.00000  )
3055	1.25424   	 (-0.00000  )
3056	0.65955   	 (-0.00000  )
3057	0.61898   	 (-0.00000  )
3058	0.61898   	 (0.00000   )
3059	0.42055   	 (-0.00000  )
3060	0.42055   	 (0.00000   )
3061	0.63483   	 (0.00000   )
3062	0.23912   	 (0.00000   )
3063	0.53350   	 (-0.00000  )
3064	0.53296   	 (-0.00000  )
3065	1.00701   	 (-0.00000  )
3066	0.32642   	 (0.00000   )
3067	0.32642   	 (0.00000   )
3068	0.17857   	 (0.00000   )
3069	0.17857   	 (-0.00000  )
3070	0.99793   	 (-0.00000  )
3071	0.36709   	 (-0.00000  )
3072	0.89482   	 (0.00000   )
3073	1.03874   	 (-0.00000  )
3074	1.03874   	 (-0.00000  )
3075	0.78074   	 (-0.00000  )
3076	0.99064   	 (0.00000   )
3077	0.69237   	 (-0.00000  )
3078	0.28979   	 (-0.00000  )
3079	0.28979   	 (-0.00000  )
3080	0.47884   	 (-0.00000  )
3081	0.34206   	 (-0.00000  )
3082	0.20646   	 (0.00000   )
3083	0.20646   	 (0.00000   )
3084	-1.17656  	 (0.00000   )
3085	-1.10912  	 (0.00000   )
3086	-1.10912  	 (0.00000   )
3087	-0.52256  	 (0.00000   )
3088	-0.68219  	 (-0.00000  )
3089	0.42081   	 (-0.00000  )
3090	1.24263   	 (-0.00000  )
3091	1.24262   	 (0.00000   )
3092	0.37338   	 (-0.00000  )
3093	0.84632   	 (0.00000   )
3094	1.80941   	 (0.00000   )
3095	0.32590   	 (-0.00000  )
3096	0.32590   	 (-0.00000  )
3097	1.76458   	 (0.00000   )
3098	1.55997   	 (0.00000   )
3099	0.39234   	 (-0.00000  )
3100	0.39234   	 (-0.00000  )
3101	1.44230   	 (0.00000   )
3102	0.28511   	 (-0.00000  )
3103	0.28511   	 (0.00000   )
3104	1.59518   	 (0.00000   )
3105	0.08155   	 (0.00000   )
3106	0.08155   	 (-0.00000  )
3107	-0.05622  	 (0.00000   )
3108	0.04624   	 (0.00000   )
3109	0.04624   	 (0.00000   )
3110	0.19815   	 (0.00000   )
3111	-0.04415  	 (0.00000   )
3112	0.93474   	 (0.00000   )
3113	0.01429   	 (-0.00000  )
3114	0.01429   	 (-0.00000  )
3115	0.35949   	 (0.00000   )
3116	0.33428   	 (0.00000   )
3117	0.07134   	 (0.00000   )
3118	0.07135   	 (0.00000   )
3119	0.38773   	 (0.00000   )
3120	-0.00800  	 (0.00000   )
3121	-0.03991  	 (-0.00000  )
3122	-0.03991  	 (0.00000   )
3123	1.19286   	 (-0.00000  )
3124	-0.01757  	 (-0.00000  )
3125	-0.38140  	 (0.00000   )
3126	0.94470   	 (0.00000   )
3127	-0.68421  	 (0.00000   )
3128	-0.64835  	 (0.00000   )
3129	-0.38440  	 (0.00000   )
3130	0.07407   	 (0.00000   )
3131	0.07407   	 (0.00000   )
3132	1.06520   	 (-0.00000  )
3133	1.06520   	 (0.00000   )
3134	1.26291   	 (-0.00000  )
3135	1.26290   	 (-0.00000  )
3136	1.28133   	 (-0.00000  )
3137	1.28134   	 (0.00000   )
3138	1.09545   	 (-0.00000  )
3139	0.52677   	 (-0.00000  )
3140	0.60842   	 (-0.00000  )
3141	-0.05331  	 (-0.00000  )
3142	-0.05331  	 (-0.00000  )
3143	1.24090   	 (-0.00000  )
3144	0.51663   	 (0.00000   )
3145	-0.03045  	 (-0.00000  )
3146	0.01115   	 (0.00000   )
3147	0.01115   	 (-0.00000  )
3148	0.00332   	 (0.00000   )
3149	0.68348   	 (0.00000   )
3150	0.68290   	 (0.00000   )
3151	0.80473   	 (0.00000   )
3152	0.21289   	 (0.00000   )
3153	0.21289   	 (0.00000   )
3154	0.97533   	 (0.00000   )
3155	0.11172   	 (0.00000   )
3156	0.11172   	 (-0.00000  )
3157	0.85924   	 (-0.00000  )
3158	1.45934   	 (-0.00000  )
3159	1.45934   	 (0.00000   )
3160	0.95334   	 (-0.00000  )
3161	0.57479   	 (-0.00000  )
3162	0.00192   	 (-0.00000  )
3163	0.00192   	 (-0.00000  )
3164	1.81608   	 (-0.00000  )
3165	0.12132   	 (-0.00000  )
3166	0.12132   	 (-0.00000  )
3167	1.83664   	 (-0.00000  )
3168	2.05233   	 (-0.00000  )
3169	2.07594   	 (-0.00000  )
3170	0.04207   	 (0.00000   )
3171	0.22845   	 (0.00000   )
3172	0.22845   	 (0.00000   )
3173	-0.24600  	 (0.00000   )
3174	-0.24600  	 (0.00000   )
3175	-0.46246  	 (0.00000   )
3176	-0.46246  	 (0.00000   )
3177	-0.24086  	 (-0.00000  )
3178	-0.09347  	 (-0.00000  )
3179	-0.07202  	 (-0.00000  )
3180	-0.07602  	 (-0.00000  )
3181	-0.02674  	 (0.00000   )
3182	0.64884   	 (-0.00000  )
3183	0.64884   	 (0.00000   )
3184	1.21718   	 (-0.00000  )
3185	1.21718   	 (0.00000   )
3186	0.45355   	 (-0.00000  )
3187	0.45355   	 (0.00000   )
3188	0.57000   	 (-0.00000  )
3189	0.51857   	 (-0.00000  )
3190	0.58692   	 (-0.00000  )
3191	0.99636   	 (-0.00000  )
3192	0.70074   	 (0.00000   )
3193	1.40483   	 (-0.00000  )
3194	1.40484   	 (0.00000   )
3195	0.83943   	 (0.00000   )
3196	0.60247   	 (0.00000   )
3197	0.06695   	 (-0.00000  )
3198	0.06695   	 (0.00000   )
3199	-0.00090  	 (0.00000   )
