0	-1.53209  	 (-0.00000  )
1	-0.77289  	 (0.00000   )
2	-0.47013  	 (-0.00000  )
3	-0.47014  	 (-0.00000  )
4	-1.16539  	 (-0.00000  )
5	-1.16550  	 (-0.00000  )
6	-0.05956  	 (0.00000   )
7	-0.37128  	 (0.00000   )
8	-0.37165  	 (0.00000   )
9	-0.76370  	 (-0.00000  )
10	-0.71070  	 (0.00000   )
11	-0.74284  	 (-0.00000  )
12	-0.33126  	 (-0.00000  )
13	-0.61187  	 (-0.00000  )
14	-0.81592  	 (-0.00000  )
15	-0.79154  	 (-0.00000  )
16	-0.88159  	 (0.00000   )
17	0.25331   	 (-0.00000  )
18	0.25432   	 (-0.00000  )
19	-0.06384  	 (0.00000   )
20	-1.67698  	 (-0.00000  )
21	-1.67875  	 (-0.00000  )
22	-0.18896  	 (0.00000   )
23	-0.61057  	 (-0.00000  )
24	-0.38752  	 (0.00000   )
25	-0.30684  	 (0.00000   )
26	-0.30579  	 (0.00000   )
27	-0.23538  	 (0.00000   )
28	-0.23458  	 (0.00000   )
29	-1.04276  	 (-0.00000  )
30	-0.24188  	 (-0.00000  )
31	-0.53465  	 (-0.00000  )
32	-0.53355  	 (0.00000   )
33	-0.21070  	 (-0.00000  )
34	-0.21253  	 (-0.00000  )
35	-0.48489  	 (0.00000   )
36	-0.48627  	 (-0.00000  )
37	-0.17286  	 (-0.00000  )
38	-0.18582  	 (0.00000   )
39	-0.42894  	 (0.00000   )
40	-0.43695  	 (-0.00000  )
41	-0.43651  	 (-0.00000  )
42	-0.90708  	 (-0.00000  )
43	-0.54080  	 (-0.00000  )
44	-0.54120  	 (-0.00000  )
45	-0.53772  	 (0.00000   )
46	-0.53773  	 (-0.00000  )
47	-0.59063  	 (-0.00000  )
48	-0.59146  	 (0.00000   )
49	-0.47609  	 (0.00000   )
50	-0.67392  	 (0.00000   )
51	0.07253   	 (-0.00000  )
52	-0.17582  	 (0.00000   )
53	-0.27991  	 (0.00000   )
54	-0.27965  	 (0.00000   )
55	-0.26775  	 (-0.00000  )
56	-0.26752  	 (0.00000   )
57	-0.93317  	 (-0.00000  )
58	-0.73446  	 (-0.00000  )
59	-1.09537  	 (-0.00000  )
60	-0.32133  	 (-0.00000  )
61	-0.32138  	 (-0.00000  )
62	-0.41060  	 (-0.00000  )
63	-0.39942  	 (-0.00000  )
64	-1.37835  	 (-0.00000  )
65	0.32671   	 (-0.00000  )
66	-0.00433  	 (0.00000   )
67	-0.46601  	 (0.00000   )
68	-0.46586  	 (0.00000   )
69	-0.06595  	 (0.00000   )
70	0.03031   	 (0.00000   )
71	-0.15282  	 (0.00000   )
72	-0.15380  	 (-0.00000  )
73	-0.01547  	 (0.00000   )
74	-0.01558  	 (0.00000   )
75	-0.06745  	 (0.00000   )
76	-0.48084  	 (0.00000   )
77	0.39708   	 (0.00000   )
78	0.19554   	 (0.00000   )
79	0.06567   	 (0.00000   )
80	0.06597   	 (0.00000   )
81	-0.37060  	 (0.00000   )
82	-0.35530  	 (-0.00000  )
83	-0.39628  	 (0.00000   )
84	-0.30889  	 (-0.00000  )
85	-0.49579  	 (0.00000   )
86	-0.47147  	 (0.00000   )
87	-0.70738  	 (0.00000   )
88	-0.70862  	 (-0.00000  )
89	-1.15358  	 (-0.00000  )
90	-1.15309  	 (-0.00000  )
91	-0.34628  	 (-0.00000  )
92	-0.28370  	 (-0.00000  )
93	-0.39971  	 (-0.00000  )
94	-0.38568  	 (-0.00000  )
95	-0.37671  	 (0.00000   )
96	-0.12981  	 (0.00000   )
97	-0.12983  	 (0.00000   )
98	-0.21829  	 (-0.00000  )
99	-0.22120  	 (-0.00000  )
100	0.12685   	 (0.00000   )
101	-0.15278  	 (0.00000   )
102	0.33455   	 (0.00000   )
103	0.11819   	 (0.00000   )
104	0.11842   	 (0.00000   )
105	-0.41341  	 (0.00000   )
106	0.12047   	 (-0.00000  )
107	-0.22682  	 (0.00000   )
108	-0.56757  	 (0.00000   )
109	-0.93966  	 (-0.00000  )
110	-0.11458  	 (-0.00000  )
111	-0.11418  	 (0.00000   )
112	-0.57330  	 (-0.00000  )
113	-0.57712  	 (-0.00000  )
114	0.64996   	 (0.00000   )
115	0.64950   	 (0.00000   )
116	-0.66243  	 (-0.00000  )
117	0.11300   	 (-0.00000  )
118	-0.05315  	 (-0.00000  )
119	-0.36902  	 (-0.00000  )
120	-0.70947  	 (-0.00000  )
121	-1.65525  	 (0.00000   )
122	-1.66860  	 (0.00000   )
123	-0.19918  	 (0.00000   )
124	-0.18638  	 (-0.00000  )
125	0.48583   	 (0.00000   )
126	-0.47251  	 (0.00000   )
127	-0.54220  	 (0.00000   )
128	-0.06623  	 (0.00000   )
129	-0.16391  	 (0.00000   )
130	-0.70012  	 (0.00000   )
131	-0.70112  	 (-0.00000  )
132	-0.24576  	 (-0.00000  )
133	-0.43763  	 (-0.00000  )
134	-0.43703  	 (-0.00000  )
135	0.21710   	 (-0.00000  )
136	1.25976   	 (-0.00000  )
137	1.25864   	 (-0.00000  )
138	0.00376   	 (-0.00000  )
139	-0.00370  	 (0.00000   )
140	-0.57753  	 (0.00000   )
141	-0.14289  	 (-0.00000  )
142	-0.49798  	 (-0.00000  )
143	-0.50323  	 (0.00000   )
144	-0.14565  	 (0.00000   )
145	-0.66510  	 (-0.00000  )
146	-0.10286  	 (0.00000   )
147	-0.23084  	 (-0.00000  )
148	-1.17873  	 (0.00000   )
149	-1.17823  	 (0.00000   )
150	0.68659   	 (-0.00000  )
151	0.68071   	 (0.00000   )
152	0.11282   	 (-0.00000  )
153	-0.53021  	 (0.00000   )
154	-0.25119  	 (-0.00000  )
155	-0.07295  	 (-0.00000  )
156	-0.07816  	 (-0.00000  )
157	-0.28866  	 (-0.00000  )
158	-0.28898  	 (-0.00000  )
159	-0.41907  	 (-0.00000  )
160	-0.42042  	 (-0.00000  )
161	-0.65024  	 (-0.00000  )
162	-0.66280  	 (-0.00000  )
163	-1.03702  	 (-0.00000  )
164	-1.02869  	 (-0.00000  )
165	-1.05940  	 (0.00000   )
166	-1.05728  	 (0.00000   )
167	-0.55141  	 (-0.00000  )
168	0.00013   	 (0.00000   )
169	0.30832   	 (0.00000   )
170	0.96982   	 (-0.00000  )
171	0.97329   	 (-0.00000  )
172	0.03418   	 (0.00000   )
173	-0.26776  	 (-0.00000  )
174	-0.26934  	 (-0.00000  )
175	-0.44426  	 (0.00000   )
176	-0.15959  	 (-0.00000  )
177	-0.16137  	 (0.00000   )
178	-0.31758  	 (-0.00000  )
179	-1.03019  	 (0.00000   )
180	-1.02650  	 (-0.00000  )
181	-0.60939  	 (-0.00000  )
182	-0.10978  	 (0.00000   )
183	-0.30261  	 (0.00000   )
184	1.01710   	 (0.00000   )
185	1.01697   	 (0.00000   )
186	0.33278   	 (0.00000   )
187	-0.41081  	 (-0.00000  )
188	-0.28835  	 (-0.00000  )
189	-0.08519  	 (-0.00000  )
190	-0.10847  	 (0.00000   )
191	-0.11405  	 (0.00000   )
192	0.04959   	 (0.00000   )
193	0.04818   	 (0.00000   )
194	0.44831   	 (0.00000   )
195	0.02511   	 (-0.00000  )
196	-0.28871  	 (0.00000   )
197	-0.28757  	 (0.00000   )
198	-1.16982  	 (0.00000   )
199	-0.76950  	 (0.00000   )
200	-1.08246  	 (-0.00000  )
201	-0.28374  	 (-0.00000  )
202	-0.28230  	 (0.00000   )
203	-0.58780  	 (-0.00000  )
204	-0.58786  	 (-0.00000  )
205	-0.57266  	 (0.00000   )
206	-0.10728  	 (-0.00000  )
207	-0.10688  	 (-0.00000  )
208	-0.49873  	 (-0.00000  )
209	-0.49863  	 (0.00000   )
210	0.01667   	 (0.00000   )
211	0.13463   	 (0.00000   )
212	0.28135   	 (0.00000   )
213	0.23669   	 (-0.00000  )
214	0.23006   	 (0.00000   )
215	0.22973   	 (0.00000   )
216	-0.15869  	 (0.00000   )
217	0.15732   	 (0.00000   )
218	0.15661   	 (0.00000   )
219	0.11734   	 (-0.00000  )
220	-0.51306  	 (-0.00000  )
221	0.10754   	 (0.00000   )
222	-0.87856  	 (-0.00000  )
223	-0.87490  	 (0.00000   )
224	-0.13001  	 (-0.00000  )
225	-0.13283  	 (0.00000   )
226	0.35893   	 (0.00000   )
227	-0.57255  	 (-0.00000  )
228	-0.06724  	 (0.00000   )
229	-0.06565  	 (0.00000   )
230	-0.11631  	 (-0.00000  )
231	-0.12447  	 (0.00000   )
232	-0.35059  	 (0.00000   )
233	0.83042   	 (0.00000   )
234	-0.46255  	 (-0.00000  )
235	0.54460   	 (0.00000   )
236	-0.25410  	 (-0.00000  )
237	-0.30302  	 (0.00000   )
238	0.35038   	 (0.00000   )
239	-0.43914  	 (-0.00000  )
240	0.04143   	 (-0.00000  )
241	-0.10118  	 (0.00000   )
242	0.34571   	 (-0.00000  )
243	0.34160   	 (0.00000   )
244	-0.02587  	 (0.00000   )
245	-0.02670  	 (-0.00000  )
246	-0.07397  	 (0.00000   )
247	-0.07504  	 (-0.00000  )
248	-0.87945  	 (-0.00000  )
249	-0.19682  	 (-0.00000  )
250	0.70449   	 (-0.00000  )
251	0.70397   	 (-0.00000  )
252	-0.43738  	 (-0.00000  )
253	-0.26850  	 (0.00000   )
254	-0.43471  	 (-0.00000  )
255	-0.92249  	 (-0.00000  )
256	0.15923   	 (0.00000   )
257	0.15938   	 (-0.00000  )
258	0.01800   	 (0.00000   )
259	0.01689   	 (0.00000   )
260	0.06987   	 (0.00000   )
261	-0.20102  	 (-0.00000  )
262	-0.29765  	 (-0.00000  )
263	-0.17796  	 (-0.00000  )
264	-0.17833  	 (0.00000   )
265	0.24541   	 (0.00000   )
266	-0.63920  	 (-0.00000  )
267	-0.70350  	 (0.00000   )
268	0.11363   	 (-0.00000  )
269	0.10168   	 (0.00000   )
270	0.38322   	 (0.00000   )
271	0.39103   	 (0.00000   )
272	-0.09968  	 (0.00000   )
273	0.04034   	 (0.00000   )
274	-0.64392  	 (0.00000   )
275	-0.11019  	 (-0.00000  )
276	0.04177   	 (-0.00000  )
277	0.43758   	 (0.00000   )
278	-0.29223  	 (-0.00000  )
279	-0.21810  	 (-0.00000  )
280	-0.26248  	 (0.00000   )
281	-0.26346  	 (-0.00000  )
282	-0.67209  	 (-0.00000  )
283	-0.29435  	 (0.00000   )
284	-0.29423  	 (-0.00000  )
285	-0.22966  	 (0.00000   )
286	-0.23060  	 (0.00000   )
287	0.12880   	 (-0.00000  )
288	0.53526   	 (0.00000   )
289	0.07663   	 (-0.00000  )
290	-0.14141  	 (0.00000   )
291	-0.14137  	 (0.00000   )
292	-0.29575  	 (-0.00000  )
293	0.11390   	 (0.00000   )
294	0.16695   	 (0.00000   )
295	0.01777   	 (-0.00000  )
296	0.01890   	 (-0.00000  )
297	-0.66079  	 (-0.00000  )
298	-1.04707  	 (0.00000   )
299	-1.04671  	 (-0.00000  )
300	-0.41092  	 (0.00000   )
301	-0.41270  	 (-0.00000  )
302	0.33388   	 (-0.00000  )
303	-0.27295  	 (0.00000   )
304	-0.57622  	 (-0.00000  )
305	-0.57334  	 (-0.00000  )
306	-0.20030  	 (-0.00000  )
307	-0.19653  	 (-0.00000  )
308	-0.05561  	 (-0.00000  )
309	-1.06632  	 (-0.00000  )
310	0.07479   	 (0.00000   )
311	-0.23996  	 (0.00000   )
312	-0.74011  	 (-0.00000  )
313	-0.74426  	 (0.00000   )
314	0.38382   	 (-0.00000  )
315	-0.01337  	 (-0.00000  )
316	-0.01307  	 (0.00000   )
317	-0.85820  	 (0.00000   )
318	-0.34121  	 (0.00000   )
319	0.34452   	 (0.00000   )
320	0.10255   	 (-0.00000  )
321	-0.14568  	 (-0.00000  )
322	-0.17101  	 (0.00000   )
323	-0.17103  	 (-0.00000  )
324	0.06426   	 (-0.00000  )
325	0.17764   	 (-0.00000  )
326	0.03145   	 (-0.00000  )
327	0.03462   	 (0.00000   )
328	1.38534   	 (-0.00000  )
329	0.08641   	 (-0.00000  )
330	-0.38098  	 (0.00000   )
331	-0.96964  	 (-0.00000  )
332	0.45699   	 (-0.00000  )
333	0.19229   	 (-0.00000  )
334	0.19156   	 (0.00000   )
335	-0.09741  	 (0.00000   )
336	-0.09850  	 (0.00000   )
337	0.53396   	 (-0.00000  )
338	-0.21232  	 (0.00000   )
339	-0.13806  	 (0.00000   )
340	-0.13721  	 (0.00000   )
341	-1.05473  	 (-0.00000  )
342	-0.28210  	 (0.00000   )
343	-0.18154  	 (-0.00000  )
344	-0.77724  	 (0.00000   )
345	0.19010   	 (-0.00000  )
346	-0.06618  	 (-0.00000  )
347	-0.17680  	 (-0.00000  )
348	0.10488   	 (0.00000   )
349	-0.76852  	 (-0.00000  )
350	0.16753   	 (-0.00000  )
351	0.16993   	 (0.00000   )
352	-0.36201  	 (-0.00000  )
353	-0.36247  	 (0.00000   )
354	0.09787   	 (-0.00000  )
355	0.09793   	 (-0.00000  )
356	0.62204   	 (0.00000   )
357	-0.31973  	 (0.00000   )
358	-0.31917  	 (0.00000   )
359	-0.80246  	 (-0.00000  )
360	-0.22693  	 (-0.00000  )
361	-0.35134  	 (0.00000   )
362	-0.93630  	 (-0.00000  )
363	-0.28181  	 (-0.00000  )
364	-0.84699  	 (0.00000   )
365	-0.19406  	 (0.00000   )
366	-0.19399  	 (0.00000   )
367	-0.02258  	 (-0.00000  )
368	1.47039   	 (-0.00000  )
369	0.25564   	 (-0.00000  )
370	0.85598   	 (0.00000   )
371	1.63942   	 (0.00000   )
372	0.38180   	 (-0.00000  )
373	-0.16260  	 (0.00000   )
374	-0.16213  	 (0.00000   )
375	-0.02190  	 (-0.00000  )
376	-0.38059  	 (0.00000   )
377	0.11700   	 (0.00000   )
378	0.11430   	 (0.00000   )
379	0.87638   	 (0.00000   )
380	0.09928   	 (0.00000   )
381	0.09746   	 (-0.00000  )
382	0.38411   	 (0.00000   )
383	0.10446   	 (0.00000   )
384	-0.30217  	 (-0.00000  )
385	-0.28691  	 (0.00000   )
386	-0.14230  	 (-0.00000  )
387	-0.54298  	 (-0.00000  )
388	-0.55692  	 (-0.00000  )
389	0.07629   	 (0.00000   )
390	-0.14047  	 (-0.00000  )
391	0.33647   	 (-0.00000  )
392	0.33650   	 (-0.00000  )
393	0.18365   	 (0.00000   )
394	-0.66626  	 (-0.00000  )
395	-0.09090  	 (0.00000   )
396	-0.09349  	 (0.00000   )
397	-0.15459  	 (-0.00000  )
398	-0.15357  	 (-0.00000  )
399	-0.83795  	 (-0.00000  )
400	-0.40604  	 (-0.00000  )
401	-0.40629  	 (-0.00000  )
402	0.08465   	 (-0.00000  )
403	0.02117   	 (0.00000   )
404	0.02245   	 (0.00000   )
405	-0.36200  	 (-0.00000  )
406	-0.83090  	 (0.00000   )
407	-0.67155  	 (0.00000   )
408	-0.04736  	 (0.00000   )
409	-0.28655  	 (-0.00000  )
410	-0.43018  	 (-0.00000  )
411	-0.64246  	 (-0.00000  )
412	-0.14295  	 (-0.00000  )
413	-0.10731  	 (-0.00000  )
414	-0.10426  	 (-0.00000  )
415	-0.60184  	 (0.00000   )
416	-0.60521  	 (-0.00000  )
417	-0.49656  	 (0.00000   )
418	-0.20634  	 (0.00000   )
419	-0.35752  	 (-0.00000  )
420	0.12418   	 (0.00000   )
421	0.41734   	 (-0.00000  )
422	0.41922   	 (-0.00000  )
423	0.31587   	 (-0.00000  )
424	0.34887   	 (-0.00000  )
425	0.34706   	 (0.00000   )
426	-0.02741  	 (0.00000   )
427	-0.02656  	 (0.00000   )
428	-0.50509  	 (-0.00000  )
429	-0.29189  	 (-0.00000  )
430	-0.14553  	 (-0.00000  )
431	-0.25940  	 (-0.00000  )
432	-0.27975  	 (-0.00000  )
433	-0.27330  	 (-0.00000  )
434	0.03602   	 (0.00000   )
435	0.03319   	 (0.00000   )
436	0.57789   	 (-0.00000  )
437	0.57851   	 (-0.00000  )
438	-0.32864  	 (-0.00000  )
439	-0.07875  	 (0.00000   )
440	0.56439   	 (-0.00000  )
441	0.56756   	 (0.00000   )
442	-0.04612  	 (0.00000   )
443	0.73683   	 (0.00000   )
444	0.73672   	 (0.00000   )
445	-0.80451  	 (-0.00000  )
446	0.21158   	 (0.00000   )
447	-0.12127  	 (-0.00000  )
448	-0.66868  	 (-0.00000  )
449	0.11745   	 (0.00000   )
450	-1.13672  	 (-0.00000  )
451	-1.13612  	 (0.00000   )
452	-0.49314  	 (-0.00000  )
453	-0.50524  	 (-0.00000  )
454	0.13955   	 (0.00000   )
455	0.02676   	 (0.00000   )
456	0.52365   	 (0.00000   )
457	0.13730   	 (-0.00000  )
458	0.70047   	 (-0.00000  )
459	0.70078   	 (-0.00000  )
460	0.45920   	 (0.00000   )
461	-0.08608  	 (-0.00000  )
462	-0.09404  	 (-0.00000  )
463	0.07380   	 (0.00000   )
464	0.31283   	 (0.00000   )
465	-0.03128  	 (-0.00000  )
466	0.45387   	 (0.00000   )
467	0.12638   	 (0.00000   )
468	-0.06712  	 (0.00000   )
469	-0.07178  	 (-0.00000  )
470	-0.02643  	 (0.00000   )
471	-1.47895  	 (0.00000   )
472	-1.47852  	 (-0.00000  )
473	-0.32994  	 (-0.00000  )
474	-0.26669  	 (-0.00000  )
475	-0.37079  	 (-0.00000  )
476	-0.16088  	 (-0.00000  )
477	-0.04209  	 (-0.00000  )
478	-0.73580  	 (-0.00000  )
479	0.08023   	 (-0.00000  )
480	0.07654   	 (-0.00000  )
481	0.03968   	 (-0.00000  )
482	0.20816   	 (0.00000   )
483	0.03555   	 (0.00000   )
484	0.22772   	 (0.00000   )
485	0.38254   	 (-0.00000  )
486	0.38300   	 (0.00000   )
487	1.52259   	 (0.00000   )
488	1.51098   	 (0.00000   )
489	-0.24815  	 (0.00000   )
490	-0.24901  	 (0.00000   )
491	-0.48665  	 (-0.00000  )
492	-0.49991  	 (-0.00000  )
493	0.45506   	 (0.00000   )
494	-0.19188  	 (-0.00000  )
495	-0.12500  	 (0.00000   )
496	-0.00912  	 (0.00000   )
497	-0.13503  	 (-0.00000  )
498	-0.14657  	 (0.00000   )
499	0.30805   	 (0.00000   )
500	-0.12655  	 (0.00000   )
501	0.03786   	 (0.00000   )
502	0.05242   	 (0.00000   )
503	-0.22748  	 (0.00000   )
504	-0.40736  	 (-0.00000  )
505	-0.45865  	 (-0.00000  )
506	-1.20339  	 (-0.00000  )
507	-0.12208  	 (-0.00000  )
508	-0.08548  	 (0.00000   )
509	-0.82600  	 (0.00000   )
510	-0.03583  	 (-0.00000  )
511	0.03786   	 (-0.00000  )
512	0.03395   	 (0.00000   )
513	-0.06428  	 (0.00000   )
514	-0.09604  	 (-0.00000  )
515	-0.08951  	 (0.00000   )
516	-0.46979  	 (0.00000   )
517	-0.05453  	 (-0.00000  )
518	-0.09387  	 (-0.00000  )
519	1.00774   	 (0.00000   )
520	-0.18480  	 (0.00000   )
521	-0.19381  	 (0.00000   )
522	0.11777   	 (-0.00000  )
523	-0.33893  	 (0.00000   )
524	-0.14773  	 (-0.00000  )
525	-0.12919  	 (0.00000   )
526	-0.80708  	 (0.00000   )
527	-0.90373  	 (-0.00000  )
528	-0.03462  	 (-0.00000  )
529	-0.38203  	 (0.00000   )
530	-0.01204  	 (-0.00000  )
531	0.01405   	 (0.00000   )
532	-0.70610  	 (-0.00000  )
533	-0.72163  	 (-0.00000  )
534	-0.24967  	 (-0.00000  )
535	-0.65398  	 (-0.00000  )
536	-1.23670  	 (-0.00000  )
537	-1.13807  	 (-0.00000  )
538	-0.98404  	 (-0.00000  )
539	0.12289   	 (0.00000   )
540	0.13023   	 (0.00000   )
541	0.03744   	 (-0.00000  )
542	0.14809   	 (0.00000   )
543	0.05255   	 (-0.00000  )
544	0.89228   	 (0.00000   )
545	0.88467   	 (0.00000   )
546	0.08446   	 (0.00000   )
547	0.45352   	 (0.00000   )
548	-0.43920  	 (-0.00000  )
549	-0.09070  	 (-0.00000  )
550	0.02157   	 (-0.00000  )
551	-0.43447  	 (-0.00000  )
552	-0.43351  	 (0.00000   )
553	-0.05033  	 (-0.00000  )
554	0.22400   	 (-0.00000  )
555	0.21453   	 (-0.00000  )
556	-0.39892  	 (0.00000   )
557	0.22825   	 (-0.00000  )
558	-0.61468  	 (-0.00000  )
559	0.18286   	 (0.00000   )
560	0.17079   	 (0.00000   )
561	-0.61525  	 (-0.00000  )
562	-0.44155  	 (-0.00000  )
563	-0.06334  	 (-0.00000  )
564	-0.47462  	 (-0.00000  )
565	0.25578   	 (0.00000   )
566	0.02400   	 (0.00000   )
567	0.33004   	 (-0.00000  )
568	-0.12436  	 (0.00000   )
569	-0.09280  	 (0.00000   )
570	0.06954   	 (-0.00000  )
571	0.10070   	 (-0.00000  )
572	1.26290   	 (0.00000   )
573	1.29393   	 (0.00000   )
574	0.13377   	 (0.00000   )
575	0.39898   	 (-0.00000  )
576	0.07094   	 (-0.00000  )
577	0.04823   	 (-0.00000  )
578	-0.21367  	 (-0.00000  )
579	0.59079   	 (0.00000   )
580	-0.16048  	 (-0.00000  )
581	-0.58546  	 (-0.00000  )
582	0.52437   	 (0.00000   )
583	0.52948   	 (0.00000   )
584	0.37046   	 (-0.00000  )
585	0.36456   	 (-0.00000  )
586	0.12801   	 (-0.00000  )
587	0.01651   	 (0.00000   )
588	0.11609   	 (0.00000   )
589	-0.54458  	 (0.00000   )
590	0.01357   	 (-0.00000  )
591	0.01700   	 (-0.00000  )
592	0.08416   	 (0.00000   )
593	-0.13011  	 (-0.00000  )
594	-0.01865  	 (0.00000   )
595	0.39185   	 (-0.00000  )
596	-0.23641  	 (-0.00000  )
597	-0.25619  	 (0.00000   )
598	0.39765   	 (-0.00000  )
599	0.42196   	 (0.00000   )
600	-0.45344  	 (-0.00000  )
601	1.40810   	 (0.00000   )
602	1.38273   	 (0.00000   )
603	-0.15456  	 (-0.00000  )
604	-0.07680  	 (0.00000   )
605	0.00540   	 (-0.00000  )
606	-0.11875  	 (0.00000   )
607	-0.11909  	 (-0.00000  )
608	0.01704   	 (-0.00000  )
609	-0.88023  	 (-0.00000  )
610	-0.97465  	 (-0.00000  )
611	-0.03679  	 (-0.00000  )
612	0.02502   	 (0.00000   )
613	-0.00242  	 (0.00000   )
614	-0.02276  	 (-0.00000  )
615	-0.24340  	 (0.00000   )
616	-0.02550  	 (-0.00000  )
617	0.08081   	 (-0.00000  )
618	0.11254   	 (-0.00000  )
619	0.03306   	 (-0.00000  )
620	0.03350   	 (0.00000   )
621	0.26640   	 (0.00000   )
622	0.26478   	 (-0.00000  )
623	0.86177   	 (-0.00000  )
624	0.99010   	 (0.00000   )
625	-0.05583  	 (-0.00000  )
626	0.14000   	 (-0.00000  )
627	0.12113   	 (-0.00000  )
628	-0.09117  	 (-0.00000  )
629	-0.00667  	 (0.00000   )
630	0.02276   	 (-0.00000  )
631	0.16760   	 (0.00000   )
632	0.33224   	 (-0.00000  )
633	0.17614   	 (0.00000   )
634	-0.11170  	 (0.00000   )
635	0.10536   	 (0.00000   )
636	0.17186   	 (-0.00000  )
637	0.37081   	 (-0.00000  )
638	0.28715   	 (0.00000   )
639	0.24569   	 (0.00000   )
640	-0.89838  	 (-0.00000  )
641	-0.85499  	 (-0.00000  )
642	0.12039   	 (0.00000   )
643	0.51678   	 (0.00000   )
644	0.30557   	 (0.00000   )
645	0.09677   	 (0.00000   )
646	-0.03613  	 (0.00000   )
647	-0.05138  	 (-0.00000  )
648	0.08137   	 (0.00000   )
649	-0.05905  	 (0.00000   )
650	0.34817   	 (-0.00000  )
651	0.31294   	 (0.00000   )
652	-0.21659  	 (-0.00000  )
653	0.11637   	 (0.00000   )
654	0.10938   	 (-0.00000  )
655	0.11997   	 (-0.00000  )
656	0.07248   	 (-0.00000  )
657	0.14102   	 (-0.00000  )
658	-0.07962  	 (-0.00000  )
659	-0.07986  	 (-0.00000  )
660	0.06263   	 (0.00000   )
661	0.42172   	 (-0.00000  )
662	0.41392   	 (0.00000   )
663	0.16269   	 (-0.00000  )
664	0.16638   	 (0.00000   )
665	-0.64562  	 (0.00000   )
666	0.02139   	 (-0.00000  )
667	0.08255   	 (0.00000   )
668	-0.08002  	 (0.00000   )
669	-0.02343  	 (0.00000   )
670	-0.70190  	 (0.00000   )
671	-0.57769  	 (0.00000   )
672	-0.37866  	 (0.00000   )
673	-0.12986  	 (-0.00000  )
674	-0.08046  	 (-0.00000  )
675	-0.03737  	 (0.00000   )
676	-0.03759  	 (0.00000   )
677	-0.00041  	 (0.00000   )
678	0.26825   	 (-0.00000  )
679	-0.08551  	 (-0.00000  )
680	-0.47392  	 (-0.00000  )
681	-0.03665  	 (0.00000   )
682	-0.24650  	 (0.00000   )
683	-0.08090  	 (0.00000   )
684	-0.06180  	 (-0.00000  )
685	-0.06043  	 (-0.00000  )
686	-0.37991  	 (0.00000   )
687	-0.07589  	 (0.00000   )
688	0.35914   	 (-0.00000  )
689	0.00711   	 (-0.00000  )
690	0.00003   	 (0.00000   )
691	-0.23718  	 (0.00000   )
692	-0.49488  	 (0.00000   )
693	-0.01033  	 (-0.00000  )
694	-0.12021  	 (0.00000   )
695	0.56248   	 (-0.00000  )
696	-0.46917  	 (-0.00000  )
697	-0.46905  	 (-0.00000  )
698	0.36146   	 (-0.00000  )
699	0.62559   	 (0.00000   )
700	0.36712   	 (0.00000   )
701	-0.28299  	 (-0.00000  )
702	-0.26747  	 (-0.00000  )
703	0.66564   	 (-0.00000  )
704	0.23283   	 (-0.00000  )
705	0.23300   	 (0.00000   )
706	-0.31209  	 (0.00000   )
707	-0.31355  	 (-0.00000  )
708	0.14780   	 (-0.00000  )
709	-0.16896  	 (-0.00000  )
710	-0.03577  	 (-0.00000  )
711	-0.03553  	 (0.00000   )
712	-0.18870  	 (0.00000   )
713	-0.18898  	 (0.00000   )
714	1.13014   	 (0.00000   )
715	0.42917   	 (0.00000   )
716	-0.20010  	 (0.00000   )
717	-0.23023  	 (0.00000   )
718	0.50920   	 (0.00000   )
719	0.31492   	 (0.00000   )
720	-0.23641  	 (-0.00000  )
721	0.03220   	 (0.00000   )
722	-0.03804  	 (0.00000   )
723	-0.01962  	 (0.00000   )
724	0.16645   	 (-0.00000  )
725	0.14040   	 (-0.00000  )
726	-0.14630  	 (0.00000   )
727	0.86045   	 (0.00000   )
728	-1.44457  	 (0.00000   )
729	-0.01779  	 (0.00000   )
730	-0.01339  	 (0.00000   )
731	-0.02814  	 (-0.00000  )
732	-0.02983  	 (0.00000   )
733	-1.05499  	 (0.00000   )
734	-0.92409  	 (0.00000   )
735	-0.29048  	 (-0.00000  )
736	-0.28992  	 (0.00000   )
737	-0.12431  	 (-0.00000  )
738	0.21114   	 (0.00000   )
739	0.21007   	 (-0.00000  )
740	0.06783   	 (-0.00000  )
741	0.61860   	 (-0.00000  )
742	-0.38167  	 (0.00000   )
743	-0.04499  	 (-0.00000  )
744	-0.20576  	 (-0.00000  )
745	-0.09107  	 (0.00000   )
746	0.35776   	 (-0.00000  )
747	0.47808   	 (0.00000   )
748	0.48661   	 (-0.00000  )
749	-0.46701  	 (-0.00000  )
750	-0.13355  	 (0.00000   )
751	-0.11651  	 (0.00000   )
752	1.51493   	 (0.00000   )
753	-0.20602  	 (0.00000   )
754	-0.20970  	 (-0.00000  )
755	0.21278   	 (0.00000   )
756	0.73857   	 (-0.00000  )
757	0.70449   	 (0.00000   )
758	0.32396   	 (0.00000   )
759	0.34370   	 (-0.00000  )
760	0.46674   	 (0.00000   )
761	0.49906   	 (0.00000   )
762	-0.62923  	 (-0.00000  )
763	0.86103   	 (-0.00000  )
764	0.31007   	 (-0.00000  )
765	-0.05441  	 (-0.00000  )
766	-0.07754  	 (-0.00000  )
767	0.36720   	 (-0.00000  )
768	0.30509   	 (-0.00000  )
769	-0.21148  	 (0.00000   )
770	0.46301   	 (0.00000   )
771	0.22048   	 (-0.00000  )
772	0.21999   	 (-0.00000  )
773	0.05126   	 (0.00000   )
774	-0.16472  	 (-0.00000  )
775	-0.59654  	 (-0.00000  )
776	0.12600   	 (-0.00000  )
777	0.41782   	 (0.00000   )
778	-0.23976  	 (-0.00000  )
779	0.05437   	 (0.00000   )
780	0.19496   	 (-0.00000  )
781	1.30040   	 (0.00000   )
782	1.31935   	 (-0.00000  )
783	0.40554   	 (0.00000   )
784	0.27510   	 (-0.00000  )
785	0.53674   	 (0.00000   )
786	-0.48420  	 (0.00000   )
787	0.24994   	 (0.00000   )
788	0.83668   	 (0.00000   )
789	0.81729   	 (-0.00000  )
790	-0.03187  	 (0.00000   )
791	-0.37752  	 (-0.00000  )
792	-0.14905  	 (0.00000   )
793	0.01680   	 (-0.00000  )
794	0.22221   	 (0.00000   )
795	0.27270   	 (-0.00000  )
796	0.10965   	 (0.00000   )
797	0.41306   	 (-0.00000  )
798	-0.16739  	 (-0.00000  )
799	0.04607   	 (0.00000   )
800	-0.10776  	 (-0.00000  )
801	0.42085   	 (0.00000   )
802	-0.04225  	 (0.00000   )
803	-0.03550  	 (-0.00000  )
804	-0.03161  	 (0.00000   )
805	-0.28536  	 (0.00000   )
806	0.06018   	 (0.00000   )
807	-0.06163  	 (0.00000   )
808	-0.05777  	 (0.00000   )
809	-0.01263  	 (-0.00000  )
810	0.46958   	 (-0.00000  )
811	-0.61146  	 (0.00000   )
812	1.91086   	 (0.00000   )
813	-0.26820  	 (0.00000   )
814	0.40964   	 (-0.00000  )
815	0.03219   	 (-0.00000  )
816	-0.13792  	 (-0.00000  )
817	-0.13680  	 (-0.00000  )
818	0.34902   	 (0.00000   )
819	-1.32038  	 (0.00000   )
820	-1.35803  	 (0.00000   )
821	0.08084   	 (-0.00000  )
822	0.09004   	 (0.00000   )
823	0.08437   	 (-0.00000  )
824	0.82617   	 (-0.00000  )
825	-0.02157  	 (-0.00000  )
826	0.16009   	 (-0.00000  )
827	-0.39111  	 (0.00000   )
828	-0.46663  	 (0.00000   )
829	-0.40044  	 (-0.00000  )
830	-0.35280  	 (0.00000   )
831	0.86680   	 (0.00000   )
832	-0.29780  	 (0.00000   )
833	-0.49579  	 (0.00000   )
834	-0.50833  	 (0.00000   )
835	0.13680   	 (-0.00000  )
836	0.11259   	 (0.00000   )
837	-0.25886  	 (-0.00000  )
838	0.74445   	 (0.00000   )
839	-0.16236  	 (0.00000   )
840	-0.17972  	 (0.00000   )
841	0.32704   	 (-0.00000  )
842	0.24045   	 (0.00000   )
843	-0.26325  	 (-0.00000  )
844	0.20769   	 (0.00000   )
845	-0.02455  	 (0.00000   )
846	0.39885   	 (0.00000   )
847	0.14236   	 (-0.00000  )
848	-0.35676  	 (0.00000   )
849	-0.70403  	 (-0.00000  )
850	-0.02478  	 (-0.00000  )
851	-1.00916  	 (-0.00000  )
852	-0.13696  	 (0.00000   )
853	-0.29073  	 (0.00000   )
854	-0.28974  	 (0.00000   )
855	0.44089   	 (-0.00000  )
856	-0.02432  	 (0.00000   )
857	-0.06967  	 (-0.00000  )
858	-0.25151  	 (-0.00000  )
859	-0.24842  	 (-0.00000  )
860	-0.04354  	 (-0.00000  )
861	-0.27968  	 (0.00000   )
862	-1.65863  	 (0.00000   )
863	-0.16354  	 (-0.00000  )
864	-1.10959  	 (0.00000   )
865	0.03278   	 (0.00000   )
866	-0.37133  	 (-0.00000  )
867	-0.28970  	 (0.00000   )
868	0.63053   	 (0.00000   )
869	0.14227   	 (-0.00000  )
870	0.77464   	 (-0.00000  )
871	0.73454   	 (-0.00000  )
872	-0.06942  	 (0.00000   )
873	-0.06813  	 (0.00000   )
874	-0.23201  	 (0.00000   )
875	-0.11152  	 (0.00000   )
876	-0.06212  	 (-0.00000  )
877	0.30149   	 (-0.00000  )
878	0.09298   	 (-0.00000  )
879	0.32620   	 (-0.00000  )
880	0.09735   	 (0.00000   )
881	0.29480   	 (0.00000   )
882	0.29632   	 (-0.00000  )
883	0.23734   	 (-0.00000  )
884	0.28527   	 (0.00000   )
885	-0.22120  	 (-0.00000  )
886	-0.22977  	 (-0.00000  )
887	-0.59262  	 (0.00000   )
888	0.49829   	 (0.00000   )
889	0.06401   	 (0.00000   )
890	-0.28455  	 (-0.00000  )
891	-0.13682  	 (-0.00000  )
892	0.62406   	 (0.00000   )
893	-0.95962  	 (-0.00000  )
894	-0.36857  	 (-0.00000  )
895	-0.03301  	 (-0.00000  )
896	-0.06275  	 (0.00000   )
897	-0.03081  	 (-0.00000  )
898	-0.04986  	 (0.00000   )
899	0.02511   	 (0.00000   )
900	0.04508   	 (0.00000   )
901	0.78711   	 (0.00000   )
902	0.13816   	 (-0.00000  )
903	-0.33239  	 (0.00000   )
904	-0.38134  	 (0.00000   )
905	-0.20004  	 (0.00000   )
906	-0.08098  	 (-0.00000  )
907	-0.17226  	 (0.00000   )
908	-0.19323  	 (-0.00000  )
909	0.07243   	 (0.00000   )
910	0.06167   	 (-0.00000  )
911	-0.02883  	 (-0.00000  )
912	0.16302   	 (-0.00000  )
913	-0.00696  	 (-0.00000  )
914	0.00497   	 (0.00000   )
915	0.42790   	 (-0.00000  )
916	0.02486   	 (0.00000   )
917	-0.69368  	 (0.00000   )
918	-0.41823  	 (0.00000   )
919	-0.41914  	 (-0.00000  )
920	0.14763   	 (-0.00000  )
921	0.16770   	 (-0.00000  )
922	0.53032   	 (-0.00000  )
923	-0.20969  	 (-0.00000  )
924	-0.23489  	 (-0.00000  )
925	-0.20113  	 (0.00000   )
926	-0.19751  	 (0.00000   )
927	0.33026   	 (0.00000   )
928	1.57290   	 (0.00000   )
929	-0.81611  	 (0.00000   )
930	-0.10139  	 (0.00000   )
931	1.74695   	 (0.00000   )
932	0.01726   	 (0.00000   )
933	0.01684   	 (0.00000   )
934	-0.68020  	 (0.00000   )
935	-0.09443  	 (0.00000   )
936	-0.29685  	 (0.00000   )
937	-0.78980  	 (-0.00000  )
938	-0.87389  	 (0.00000   )
939	0.38178   	 (0.00000   )
940	0.04064   	 (-0.00000  )
941	0.24219   	 (-0.00000  )
942	0.27921   	 (0.00000   )
943	0.27184   	 (0.00000   )
944	-0.91903  	 (0.00000   )
945	0.38802   	 (0.00000   )
946	-0.11215  	 (-0.00000  )
947	-0.11121  	 (-0.00000  )
948	0.41818   	 (-0.00000  )
949	-0.26770  	 (-0.00000  )
950	-0.28807  	 (0.00000   )
951	-0.50456  	 (-0.00000  )
952	-0.50083  	 (0.00000   )
953	-0.38379  	 (-0.00000  )
954	1.59860   	 (-0.00000  )
955	0.11964   	 (-0.00000  )
956	-0.09746  	 (-0.00000  )
957	0.14017   	 (0.00000   )
958	0.14344   	 (0.00000   )
959	1.83618   	 (0.00000   )
960	0.14763   	 (-0.00000  )
961	0.14033   	 (0.00000   )
962	0.21331   	 (0.00000   )
963	0.22683   	 (0.00000   )
964	0.17618   	 (0.00000   )
965	-1.56320  	 (-0.00000  )
966	-1.87426  	 (0.00000   )
967	0.33776   	 (-0.00000  )
968	-0.10730  	 (-0.00000  )
969	-0.07290  	 (-0.00000  )
970	-0.09476  	 (-0.00000  )
971	-0.31629  	 (-0.00000  )
972	0.29282   	 (-0.00000  )
973	1.53073   	 (0.00000   )
974	0.21911   	 (-0.00000  )
975	0.28952   	 (0.00000   )
976	0.03384   	 (-0.00000  )
977	0.04110   	 (-0.00000  )
978	0.07638   	 (-0.00000  )
979	0.06748   	 (-0.00000  )
980	0.25009   	 (-0.00000  )
981	0.24627   	 (0.00000   )
982	0.67516   	 (-0.00000  )
983	0.18775   	 (0.00000   )
984	0.11982   	 (-0.00000  )
985	0.06827   	 (-0.00000  )
986	0.06548   	 (-0.00000  )
987	0.68192   	 (0.00000   )
988	0.65065   	 (0.00000   )
989	0.07679   	 (-0.00000  )
990	1.43303   	 (0.00000   )
991	0.12598   	 (-0.00000  )
992	1.52043   	 (0.00000   )
993	0.16575   	 (0.00000   )
994	0.97668   	 (0.00000   )
995	0.21298   	 (-0.00000  )
996	0.21217   	 (-0.00000  )
997	0.02222   	 (-0.00000  )
998	0.22237   	 (0.00000   )
999	0.05250   	 (0.00000   )
1000	0.04972   	 (-0.00000  )
1001	0.21469   	 (0.00000   )
1002	0.14065   	 (0.00000   )
1003	0.15895   	 (0.00000   )
1004	0.81978   	 (-0.00000  )
1005	0.13522   	 (-0.00000  )
1006	0.13298   	 (0.00000   )
1007	0.66698   	 (0.00000   )
1008	0.23954   	 (-0.00000  )
1009	-0.13451  	 (-0.00000  )
1010	-0.25450  	 (-0.00000  )
1011	0.26535   	 (-0.00000  )
1012	-0.04596  	 (-0.00000  )
1013	-0.04676  	 (-0.00000  )
1014	0.24420   	 (-0.00000  )
1015	-0.18062  	 (-0.00000  )
1016	0.14511   	 (0.00000   )
1017	0.29871   	 (-0.00000  )
1018	0.54650   	 (-0.00000  )
1019	0.10485   	 (-0.00000  )
1020	0.17116   	 (-0.00000  )
1021	0.12373   	 (-0.00000  )
1022	0.11729   	 (-0.00000  )
1023	0.12232   	 (-0.00000  )
1024	0.81081   	 (0.00000   )
1025	1.18224   	 (0.00000   )
1026	0.23212   	 (0.00000   )
1027	0.25349   	 (0.00000   )
1028	0.31705   	 (0.00000   )
1029	0.31935   	 (0.00000   )
1030	-0.42244  	 (-0.00000  )
1031	-0.14032  	 (0.00000   )
1032	-0.13421  	 (0.00000   )
1033	-0.18478  	 (-0.00000  )
1034	0.34427   	 (-0.00000  )
1035	0.33138   	 (0.00000   )
1036	-0.32935  	 (-0.00000  )
1037	-0.17366  	 (0.00000   )
1038	-0.18719  	 (-0.00000  )
1039	1.08412   	 (0.00000   )
1040	-0.52789  	 (0.00000   )
1041	-0.50609  	 (0.00000   )
1042	-0.40684  	 (-0.00000  )
1043	-0.39988  	 (-0.00000  )
1044	-0.19077  	 (-0.00000  )
1045	-0.22416  	 (-0.00000  )
1046	0.09943   	 (0.00000   )
1047	0.65428   	 (-0.00000  )
1048	-0.16558  	 (0.00000   )
1049	-0.14247  	 (-0.00000  )
1050	1.16354   	 (0.00000   )
1051	0.35552   	 (-0.00000  )
1052	0.13658   	 (0.00000   )
1053	0.13701   	 (0.00000   )
1054	-0.26792  	 (-0.00000  )
1055	-0.03478  	 (-0.00000  )
1056	-0.24949  	 (-0.00000  )
1057	-0.05491  	 (-0.00000  )
1058	-0.34791  	 (0.00000   )
1059	-0.34844  	 (0.00000   )
1060	-0.16083  	 (-0.00000  )
1061	0.04330   	 (-0.00000  )
1062	0.02573   	 (0.00000   )
1063	0.00385   	 (-0.00000  )
1064	0.10550   	 (-0.00000  )
1065	-0.14220  	 (0.00000   )
1066	0.16440   	 (-0.00000  )
1067	0.16314   	 (-0.00000  )
1068	-0.01976  	 (0.00000   )
1069	0.30830   	 (-0.00000  )
1070	0.27447   	 (-0.00000  )
1071	0.23620   	 (0.00000   )
1072	0.36021   	 (-0.00000  )
1073	0.33819   	 (-0.00000  )
1074	0.72860   	 (-0.00000  )
1075	0.03167   	 (-0.00000  )
1076	0.06716   	 (-0.00000  )
1077	0.06109   	 (0.00000   )
1078	0.44590   	 (-0.00000  )
1079	-0.04403  	 (0.00000   )
1080	-0.05009  	 (0.00000   )
1081	0.56188   	 (0.00000   )
1082	-0.36598  	 (-0.00000  )
1083	0.24192   	 (-0.00000  )
1084	0.24048   	 (-0.00000  )
1085	0.15354   	 (-0.00000  )
1086	0.09220   	 (0.00000   )
1087	0.09098   	 (-0.00000  )
1088	-0.25903  	 (-0.00000  )
1089	0.08299   	 (0.00000   )
1090	0.00334   	 (0.00000   )
1091	0.03810   	 (-0.00000  )
1092	-0.22719  	 (-0.00000  )
1093	-0.10481  	 (0.00000   )
1094	0.01743   	 (0.00000   )
1095	-0.73870  	 (0.00000   )
1096	0.81169   	 (0.00000   )
1097	0.20391   	 (0.00000   )
1098	0.17927   	 (0.00000   )
1099	0.08840   	 (0.00000   )
1100	0.76535   	 (-0.00000  )
1101	0.15866   	 (0.00000   )
1102	0.14393   	 (0.00000   )
1103	0.28903   	 (0.00000   )
1104	0.28597   	 (0.00000   )
1105	-0.40780  	 (-0.00000  )
1106	1.21546   	 (0.00000   )
1107	0.56546   	 (-0.00000  )
1108	0.24378   	 (-0.00000  )
1109	0.07076   	 (-0.00000  )
1110	0.02283   	 (0.00000   )
1111	0.00126   	 (-0.00000  )
1112	-0.05538  	 (0.00000   )
1113	0.18374   	 (-0.00000  )
1114	0.18628   	 (-0.00000  )
1115	0.88698   	 (0.00000   )
1116	-0.28300  	 (-0.00000  )
1117	0.59963   	 (0.00000   )
1118	0.33025   	 (-0.00000  )
1119	0.23315   	 (-0.00000  )
1120	-0.72841  	 (0.00000   )
1121	-0.72611  	 (0.00000   )
1122	0.44160   	 (0.00000   )
1123	-0.09122  	 (0.00000   )
1124	0.18892   	 (0.00000   )
1125	0.19770   	 (-0.00000  )
1126	0.16942   	 (-0.00000  )
1127	-0.01881  	 (-0.00000  )
1128	-0.04491  	 (-0.00000  )
1129	-0.00774  	 (0.00000   )
1130	0.11873   	 (0.00000   )
1131	0.99232   	 (0.00000   )
1132	0.71749   	 (0.00000   )
1133	0.72783   	 (-0.00000  )
1134	0.05285   	 (0.00000   )
1135	0.84156   	 (0.00000   )
1136	0.83852   	 (-0.00000  )
1137	0.08011   	 (0.00000   )
1138	0.60577   	 (0.00000   )
1139	-0.11106  	 (-0.00000  )
1140	0.13540   	 (-0.00000  )
1141	0.15795   	 (-0.00000  )
1142	0.30686   	 (0.00000   )
1143	0.20332   	 (0.00000   )
1144	0.17200   	 (0.00000   )
1145	0.42878   	 (-0.00000  )
1146	0.13420   	 (-0.00000  )
1147	0.13260   	 (-0.00000  )
1148	0.50483   	 (-0.00000  )
1149	-0.09418  	 (-0.00000  )
1150	-0.64068  	 (0.00000   )
1151	-0.57272  	 (0.00000   )
1152	-0.53551  	 (-0.00000  )
1153	0.12385   	 (0.00000   )
1154	0.07230   	 (0.00000   )
1155	-0.29716  	 (-0.00000  )
1156	-0.22331  	 (0.00000   )
1157	0.39717   	 (-0.00000  )
1158	0.39834   	 (0.00000   )
1159	0.26062   	 (0.00000   )
1160	-0.08512  	 (0.00000   )
1161	0.30701   	 (0.00000   )
1162	0.31069   	 (-0.00000  )
1163	0.30950   	 (-0.00000  )
1164	0.13297   	 (0.00000   )
1165	0.14530   	 (-0.00000  )
1166	0.02424   	 (-0.00000  )
1167	0.24053   	 (-0.00000  )
1168	0.08134   	 (0.00000   )
1169	0.20421   	 (0.00000   )
1170	0.46145   	 (0.00000   )
1171	0.46135   	 (0.00000   )
1172	0.45640   	 (-0.00000  )
1173	-0.23165  	 (0.00000   )
1174	-0.02193  	 (0.00000   )
1175	0.56296   	 (0.00000   )
1176	-0.09527  	 (0.00000   )
1177	-0.14785  	 (0.00000   )
1178	-0.28926  	 (0.00000   )
1179	0.18936   	 (0.00000   )
1180	0.18001   	 (-0.00000  )
1181	0.37269   	 (-0.00000  )
1182	0.02860   	 (0.00000   )
1183	0.05634   	 (0.00000   )
1184	-0.35579  	 (0.00000   )
1185	0.37778   	 (0.00000   )
1186	0.12742   	 (0.00000   )
1187	0.35474   	 (-0.00000  )
1188	0.94951   	 (0.00000   )
1189	-1.06717  	 (-0.00000  )
1190	-0.34195  	 (-0.00000  )
1191	-0.08920  	 (0.00000   )
1192	-0.07441  	 (0.00000   )
1193	0.22592   	 (-0.00000  )
1194	-0.34836  	 (0.00000   )
1195	-0.04870  	 (-0.00000  )
1196	-0.04799  	 (0.00000   )
1197	0.05759   	 (-0.00000  )
1198	1.26687   	 (0.00000   )
1199	1.28739   	 (-0.00000  )
1200	-0.02772  	 (-0.00000  )
1201	-0.14856  	 (0.00000   )
1202	-0.15022  	 (0.00000   )
1203	-0.32227  	 (0.00000   )
1204	0.18803   	 (-0.00000  )
1205	0.15983   	 (-0.00000  )
1206	-0.04498  	 (-0.00000  )
1207	1.66785   	 (0.00000   )
1208	-1.30874  	 (0.00000   )
1209	-0.61878  	 (-0.00000  )
1210	-0.08562  	 (-0.00000  )
1211	-0.07727  	 (-0.00000  )
1212	-0.25962  	 (-0.00000  )
1213	-0.24732  	 (-0.00000  )
1214	-0.07110  	 (-0.00000  )
1215	-0.50764  	 (0.00000   )
1216	0.08859   	 (0.00000   )
1217	0.07304   	 (-0.00000  )
1218	-0.01252  	 (-0.00000  )
1219	0.63861   	 (0.00000   )
1220	0.15376   	 (0.00000   )
1221	0.15272   	 (-0.00000  )
1222	0.45722   	 (-0.00000  )
1223	-0.15777  	 (0.00000   )
1224	-0.08989  	 (-0.00000  )
1225	-0.35020  	 (0.00000   )
1226	0.04832   	 (0.00000   )
1227	-0.80142  	 (-0.00000  )
1228	1.71794   	 (0.00000   )
1229	1.70123   	 (0.00000   )
1230	0.09710   	 (0.00000   )
1231	0.14195   	 (0.00000   )
1232	-0.11901  	 (0.00000   )
1233	-0.04090  	 (0.00000   )
1234	0.44863   	 (-0.00000  )
1235	0.14926   	 (0.00000   )
1236	0.20687   	 (0.00000   )
1237	0.16877   	 (0.00000   )
1238	0.05092   	 (0.00000   )
1239	0.56381   	 (-0.00000  )
1240	0.03932   	 (-0.00000  )
1241	0.25392   	 (0.00000   )
1242	0.19808   	 (0.00000   )
1243	1.16968   	 (0.00000   )
1244	1.29848   	 (0.00000   )
1245	-0.21653  	 (-0.00000  )
1246	-0.35546  	 (-0.00000  )
1247	0.34357   	 (0.00000   )
1248	0.10990   	 (0.00000   )
1249	-0.25530  	 (-0.00000  )
1250	0.14397   	 (-0.00000  )
1251	0.25063   	 (0.00000   )
1252	0.00879   	 (-0.00000  )
1253	-0.40849  	 (-0.00000  )
1254	-0.60563  	 (0.00000   )
1255	0.28530   	 (-0.00000  )
1256	-0.12673  	 (0.00000   )
1257	-0.13009  	 (0.00000   )
1258	0.35385   	 (-0.00000  )
1259	0.36540   	 (-0.00000  )
1260	-0.22428  	 (0.00000   )
1261	0.96924   	 (-0.00000  )
1262	0.99635   	 (0.00000   )
1263	0.34096   	 (-0.00000  )
1264	0.23595   	 (0.00000   )
1265	-0.02139  	 (0.00000   )
1266	-0.25125  	 (0.00000   )
1267	0.04152   	 (-0.00000  )
1268	1.42410   	 (0.00000   )
1269	-0.09244  	 (0.00000   )
1270	-0.14616  	 (0.00000   )
1271	0.37671   	 (0.00000   )
1272	0.07358   	 (-0.00000  )
1273	-0.06474  	 (-0.00000  )
1274	-0.36401  	 (-0.00000  )
1275	-0.35949  	 (-0.00000  )
1276	0.14477   	 (-0.00000  )
1277	0.16745   	 (-0.00000  )
1278	0.16411   	 (0.00000   )
1279	-0.12399  	 (0.00000   )
1280	-0.23526  	 (0.00000   )
1281	-0.15372  	 (0.00000   )
1282	-0.23351  	 (-0.00000  )
1283	-0.11584  	 (-0.00000  )
1284	-0.17423  	 (0.00000   )
1285	-0.05762  	 (0.00000   )
1286	-0.51864  	 (-0.00000  )
1287	0.00460   	 (-0.00000  )
1288	-0.02094  	 (0.00000   )
1289	-0.96045  	 (-0.00000  )
1290	-0.96838  	 (0.00000   )
1291	0.11549   	 (-0.00000  )
1292	-0.02874  	 (-0.00000  )
1293	0.45815   	 (0.00000   )
1294	-0.18535  	 (0.00000   )
1295	0.11014   	 (-0.00000  )
1296	0.24390   	 (-0.00000  )
1297	-0.00212  	 (-0.00000  )
1298	-0.06218  	 (0.00000   )
1299	0.18962   	 (0.00000   )
1300	0.28300   	 (0.00000   )
1301	0.19427   	 (-0.00000  )
1302	0.07576   	 (0.00000   )
1303	-0.70034  	 (-0.00000  )
1304	0.11023   	 (0.00000   )
1305	-0.69868  	 (0.00000   )
1306	-0.02978  	 (-0.00000  )
1307	-0.15697  	 (-0.00000  )
1308	0.00102   	 (-0.00000  )
1309	0.15754   	 (0.00000   )
1310	-0.00744  	 (-0.00000  )
1311	0.16289   	 (-0.00000  )
1312	0.30176   	 (-0.00000  )
1313	0.15886   	 (0.00000   )
1314	-0.22001  	 (0.00000   )
1315	-0.36682  	 (-0.00000  )
1316	0.30250   	 (-0.00000  )
1317	0.03482   	 (-0.00000  )
1318	-0.07677  	 (0.00000   )
1319	0.89170   	 (0.00000   )
1320	0.90527   	 (0.00000   )
1321	-0.06275  	 (0.00000   )
1322	-0.23051  	 (0.00000   )
1323	0.35867   	 (-0.00000  )
1324	0.92255   	 (-0.00000  )
1325	0.87293   	 (0.00000   )
1326	0.35522   	 (-0.00000  )
1327	0.51749   	 (-0.00000  )
1328	0.29112   	 (0.00000   )
1329	-0.86109  	 (-0.00000  )
1330	0.38318   	 (-0.00000  )
1331	-0.02169  	 (-0.00000  )
1332	0.23476   	 (0.00000   )
1333	0.23025   	 (-0.00000  )
1334	0.35674   	 (-0.00000  )
1335	-0.11705  	 (-0.00000  )
1336	-0.10594  	 (-0.00000  )
1337	0.59884   	 (0.00000   )
1338	-0.00424  	 (-0.00000  )
1339	0.43432   	 (0.00000   )
1340	0.43505   	 (0.00000   )
1341	-0.05379  	 (-0.00000  )
1342	-0.04810  	 (-0.00000  )
1343	0.17581   	 (-0.00000  )
1344	0.53761   	 (-0.00000  )
1345	-0.03969  	 (0.00000   )
1346	0.28575   	 (-0.00000  )
1347	0.35349   	 (0.00000   )
1348	0.23565   	 (0.00000   )
1349	0.26353   	 (0.00000   )
1350	0.93736   	 (0.00000   )
1351	0.93704   	 (0.00000   )
1352	-0.14902  	 (0.00000   )
1353	0.25147   	 (-0.00000  )
1354	0.20688   	 (0.00000   )
1355	-0.07194  	 (0.00000   )
1356	1.04421   	 (0.00000   )
1357	1.07128   	 (0.00000   )
1358	1.00083   	 (0.00000   )
1359	0.27826   	 (-0.00000  )
1360	0.49486   	 (-0.00000  )
1361	0.28202   	 (0.00000   )
1362	0.73544   	 (0.00000   )
1363	0.76130   	 (-0.00000  )
1364	-0.40611  	 (0.00000   )
1365	0.09403   	 (0.00000   )
1366	0.09075   	 (0.00000   )
1367	0.00057   	 (-0.00000  )
1368	0.03081   	 (-0.00000  )
1369	0.24713   	 (0.00000   )
1370	-0.10100  	 (0.00000   )
1371	-0.15281  	 (0.00000   )
1372	-0.04581  	 (0.00000   )
1373	0.51260   	 (0.00000   )
1374	-0.56697  	 (-0.00000  )
1375	-0.05095  	 (0.00000   )
1376	-0.33393  	 (-0.00000  )
1377	-0.27509  	 (0.00000   )
1378	0.17476   	 (-0.00000  )
1379	0.14349   	 (0.00000   )
1380	0.14561   	 (-0.00000  )
1381	-0.16851  	 (-0.00000  )
1382	0.09628   	 (-0.00000  )
1383	-0.13032  	 (-0.00000  )
1384	-0.10262  	 (-0.00000  )
1385	-0.10294  	 (0.00000   )
1386	0.54476   	 (-0.00000  )
1387	0.02840   	 (-0.00000  )
1388	0.35460   	 (0.00000   )
1389	0.55006   	 (0.00000   )
1390	0.54275   	 (-0.00000  )
1391	-0.56763  	 (0.00000   )
1392	-0.53559  	 (0.00000   )
1393	0.50534   	 (-0.00000  )
1394	-0.15301  	 (0.00000   )
1395	0.23215   	 (0.00000   )
1396	-0.20224  	 (-0.00000  )
1397	-0.23083  	 (-0.00000  )
1398	-0.01380  	 (-0.00000  )
1399	-0.03576  	 (0.00000   )
1400	-0.46905  	 (-0.00000  )
1401	-0.18800  	 (-0.00000  )
1402	-0.01300  	 (-0.00000  )
1403	-0.23280  	 (0.00000   )
1404	0.56076   	 (-0.00000  )
1405	0.07558   	 (0.00000   )
1406	0.48520   	 (-0.00000  )
1407	0.48542   	 (0.00000   )
1408	0.49276   	 (-0.00000  )
1409	0.04114   	 (0.00000   )
1410	0.04210   	 (-0.00000  )
1411	1.03253   	 (0.00000   )
1412	0.48242   	 (0.00000   )
1413	0.22414   	 (-0.00000  )
1414	0.43334   	 (-0.00000  )
1415	0.04052   	 (0.00000   )
1416	0.03623   	 (0.00000   )
1417	0.14478   	 (-0.00000  )
1418	-0.19189  	 (-0.00000  )
1419	0.59592   	 (0.00000   )
1420	0.75202   	 (-0.00000  )
1421	1.17693   	 (-0.00000  )
1422	1.19242   	 (0.00000   )
1423	0.71085   	 (0.00000   )
1424	0.32152   	 (-0.00000  )
1425	-0.44686  	 (0.00000   )
1426	0.10779   	 (-0.00000  )
1427	0.63979   	 (-0.00000  )
1428	0.20180   	 (0.00000   )
1429	0.25776   	 (0.00000   )
1430	0.43952   	 (0.00000   )
1431	0.68065   	 (-0.00000  )
1432	0.87223   	 (-0.00000  )
1433	0.40578   	 (-0.00000  )
1434	-0.55274  	 (0.00000   )
1435	0.24673   	 (0.00000   )
1436	0.24721   	 (-0.00000  )
1437	0.14227   	 (-0.00000  )
1438	-0.23616  	 (0.00000   )
1439	-0.10945  	 (-0.00000  )
1440	0.15244   	 (-0.00000  )
1441	0.15471   	 (-0.00000  )
1442	0.05161   	 (0.00000   )
1443	-0.31420  	 (0.00000   )
1444	-0.23409  	 (0.00000   )
1445	0.11405   	 (-0.00000  )
1446	0.06377   	 (0.00000   )
1447	0.27808   	 (0.00000   )
1448	0.27544   	 (0.00000   )
1449	0.23251   	 (-0.00000  )
1450	0.21549   	 (0.00000   )
1451	-0.06174  	 (0.00000   )
1452	-0.57160  	 (-0.00000  )
1453	0.02551   	 (0.00000   )
1454	0.04554   	 (-0.00000  )
1455	0.06959   	 (-0.00000  )
1456	0.07129   	 (0.00000   )
1457	0.01837   	 (0.00000   )
1458	0.01231   	 (0.00000   )
1459	-0.48738  	 (0.00000   )
1460	0.47653   	 (0.00000   )
1461	0.56896   	 (-0.00000  )
1462	0.28685   	 (0.00000   )
1463	0.36560   	 (0.00000   )
1464	0.23029   	 (0.00000   )
1465	0.71240   	 (-0.00000  )
1466	0.63436   	 (0.00000   )
1467	0.13355   	 (-0.00000  )
1468	0.14867   	 (-0.00000  )
1469	0.14026   	 (0.00000   )
1470	0.75485   	 (0.00000   )
1471	-0.06868  	 (0.00000   )
1472	0.21683   	 (0.00000   )
1473	0.31941   	 (-0.00000  )
1474	0.72721   	 (-0.00000  )
1475	1.30533   	 (-0.00000  )
1476	0.35712   	 (0.00000   )
1477	0.37254   	 (-0.00000  )
1478	0.47189   	 (-0.00000  )
1479	0.44666   	 (-0.00000  )
1480	0.45694   	 (0.00000   )
1481	-0.18380  	 (0.00000   )
1482	0.51694   	 (-0.00000  )
1483	0.51941   	 (0.00000   )
1484	0.55150   	 (-0.00000  )
1485	0.42733   	 (0.00000   )
1486	0.36007   	 (0.00000   )
1487	0.01330   	 (0.00000   )
1488	-0.04040  	 (0.00000   )
1489	-0.01390  	 (-0.00000  )
1490	0.47979   	 (-0.00000  )
1491	-0.01591  	 (0.00000   )
1492	0.24815   	 (-0.00000  )
1493	0.23988   	 (0.00000   )
1494	0.32761   	 (0.00000   )
1495	0.38497   	 (-0.00000  )
1496	0.44099   	 (-0.00000  )
1497	-0.04046  	 (-0.00000  )
1498	-0.19427  	 (0.00000   )
1499	-0.19051  	 (0.00000   )
1500	-0.45254  	 (0.00000   )
1501	-0.07609  	 (0.00000   )
1502	-0.07444  	 (-0.00000  )
1503	0.27950   	 (-0.00000  )
1504	0.07727   	 (0.00000   )
1505	0.03365   	 (0.00000   )
1506	0.03454   	 (0.00000   )
1507	-0.14667  	 (0.00000   )
1508	-0.01737  	 (0.00000   )
1509	0.00781   	 (-0.00000  )
1510	0.13353   	 (-0.00000  )
1511	0.34306   	 (-0.00000  )
1512	0.53436   	 (0.00000   )
1513	0.52807   	 (0.00000   )
1514	-0.06346  	 (-0.00000  )
1515	0.14280   	 (0.00000   )
1516	-0.12681  	 (0.00000   )
1517	-0.02041  	 (0.00000   )
1518	-0.02687  	 (0.00000   )
1519	-0.04451  	 (0.00000   )
1520	0.12868   	 (-0.00000  )
1521	0.10550   	 (0.00000   )
1522	0.34301   	 (-0.00000  )
1523	0.00910   	 (0.00000   )
1524	0.30996   	 (-0.00000  )
1525	0.02276   	 (0.00000   )
1526	0.71640   	 (0.00000   )
1527	0.39872   	 (0.00000   )
1528	0.64089   	 (-0.00000  )
1529	0.52384   	 (-0.00000  )
1530	0.51214   	 (-0.00000  )
1531	0.40425   	 (0.00000   )
1532	0.66184   	 (-0.00000  )
1533	0.45227   	 (0.00000   )
1534	0.22823   	 (0.00000   )
1535	0.66507   	 (0.00000   )
1536	0.69965   	 (-0.00000  )
1537	0.02975   	 (0.00000   )
1538	0.54901   	 (0.00000   )
1539	0.50612   	 (-0.00000  )
1540	0.57296   	 (0.00000   )
1541	1.27797   	 (-0.00000  )
1542	0.49958   	 (0.00000   )
1543	0.25653   	 (0.00000   )
1544	0.37156   	 (-0.00000  )
1545	0.36777   	 (-0.00000  )
1546	0.53430   	 (0.00000   )
1547	-0.46141  	 (0.00000   )
1548	0.29091   	 (-0.00000  )
1549	0.31716   	 (-0.00000  )
1550	-0.04357  	 (-0.00000  )
1551	0.07608   	 (-0.00000  )
1552	-0.07186  	 (0.00000   )
1553	0.31644   	 (-0.00000  )
1554	0.38176   	 (0.00000   )
1555	0.67759   	 (-0.00000  )
1556	0.53569   	 (-0.00000  )
1557	0.26290   	 (0.00000   )
1558	0.11395   	 (-0.00000  )
1559	0.73953   	 (-0.00000  )
1560	0.68899   	 (-0.00000  )
1561	-0.26169  	 (-0.00000  )
1562	-0.18102  	 (-0.00000  )
1563	-0.11511  	 (-0.00000  )
1564	0.32133   	 (-0.00000  )
1565	0.03218   	 (0.00000   )
1566	0.43422   	 (0.00000   )
1567	0.02886   	 (-0.00000  )
1568	0.05943   	 (-0.00000  )
1569	0.17166   	 (0.00000   )
1570	-1.16480  	 (0.00000   )
1571	-0.12021  	 (-0.00000  )
1572	-0.27958  	 (-0.00000  )
1573	0.30497   	 (-0.00000  )
1574	0.15202   	 (0.00000   )
1575	0.15375   	 (-0.00000  )
1576	-0.03273  	 (0.00000   )
1577	-1.34268  	 (-0.00000  )
1578	0.23035   	 (0.00000   )
1579	0.26399   	 (-0.00000  )
1580	-0.35721  	 (0.00000   )
1581	-0.36052  	 (0.00000   )
1582	-0.26622  	 (0.00000   )
1583	-0.36362  	 (0.00000   )
1584	-0.20663  	 (0.00000   )
1585	-0.24301  	 (0.00000   )
1586	0.80277   	 (-0.00000  )
1587	-0.36262  	 (0.00000   )
1588	0.26269   	 (0.00000   )
1589	-0.30278  	 (0.00000   )
1590	0.32653   	 (-0.00000  )
1591	0.42474   	 (0.00000   )
1592	0.13320   	 (-0.00000  )
1593	0.48507   	 (-0.00000  )
1594	0.17832   	 (-0.00000  )
1595	0.46964   	 (0.00000   )
1596	-0.58741  	 (0.00000   )
1597	0.28971   	 (0.00000   )
1598	-0.24558  	 (-0.00000  )
1599	-0.12960  	 (0.00000   )
1600	-0.26091  	 (0.00000   )
1601	0.19555   	 (0.00000   )
1602	-0.28956  	 (-0.00000  )
1603	0.27506   	 (-0.00000  )
1604	0.07241   	 (-0.00000  )
1605	0.28171   	 (0.00000   )
1606	-0.06768  	 (-0.00000  )
1607	-0.03987  	 (0.00000   )
1608	-0.01764  	 (0.00000   )
1609	-0.11534  	 (-0.00000  )
1610	-0.17309  	 (0.00000   )
1611	-0.05376  	 (-0.00000  )
1612	0.16525   	 (-0.00000  )
1613	-0.16080  	 (0.00000   )
1614	-0.19262  	 (0.00000   )
1615	0.57159   	 (-0.00000  )
1616	0.12924   	 (-0.00000  )
1617	-0.07850  	 (-0.00000  )
1618	0.12928   	 (-0.00000  )
1619	-0.08786  	 (-0.00000  )
1620	0.08960   	 (-0.00000  )
1621	0.46924   	 (0.00000   )
1622	0.05866   	 (0.00000   )
1623	-0.75429  	 (-0.00000  )
1624	0.02199   	 (-0.00000  )
1625	-0.00076  	 (-0.00000  )
1626	2.05364   	 (0.00000   )
1627	-0.40277  	 (-0.00000  )
1628	0.13457   	 (-0.00000  )
1629	-0.00117  	 (-0.00000  )
1630	0.13104   	 (-0.00000  )
1631	0.16223   	 (-0.00000  )
1632	-0.13362  	 (0.00000   )
1633	-0.26846  	 (0.00000   )
1634	0.42768   	 (0.00000   )
1635	-0.24079  	 (0.00000   )
1636	-0.19476  	 (-0.00000  )
1637	-0.07001  	 (0.00000   )
1638	-0.09906  	 (-0.00000  )
1639	-0.32730  	 (0.00000   )
1640	-0.47761  	 (-0.00000  )
1641	-0.55521  	 (0.00000   )
1642	-0.11437  	 (-0.00000  )
1643	-0.11650  	 (-0.00000  )
1644	1.21083   	 (0.00000   )
1645	0.19728   	 (-0.00000  )
1646	0.26411   	 (0.00000   )
1647	0.09564   	 (-0.00000  )
1648	0.33303   	 (-0.00000  )
1649	0.11971   	 (-0.00000  )
1650	0.86864   	 (0.00000   )
1651	0.18005   	 (0.00000   )
1652	0.07647   	 (0.00000   )
1653	0.03214   	 (0.00000   )
1654	0.85201   	 (-0.00000  )
1655	0.22756   	 (-0.00000  )
1656	0.25148   	 (-0.00000  )
1657	0.33979   	 (0.00000   )
1658	0.31149   	 (-0.00000  )
1659	0.06466   	 (0.00000   )
1660	0.12293   	 (-0.00000  )
1661	1.02702   	 (-0.00000  )
1662	0.18820   	 (0.00000   )
1663	0.85977   	 (-0.00000  )
1664	0.83627   	 (0.00000   )
1665	-0.09428  	 (0.00000   )
1666	-0.00527  	 (-0.00000  )
1667	0.58899   	 (-0.00000  )
1668	0.06004   	 (0.00000   )
1669	0.17517   	 (-0.00000  )
1670	1.47201   	 (-0.00000  )
1671	0.26582   	 (-0.00000  )
1672	1.35709   	 (-0.00000  )
1673	0.38303   	 (-0.00000  )
1674	0.60207   	 (0.00000   )
1675	0.32848   	 (-0.00000  )
1676	0.69787   	 (0.00000   )
1677	-0.00278  	 (-0.00000  )
1678	0.14728   	 (-0.00000  )
1679	-0.73265  	 (0.00000   )
1680	-0.25449  	 (0.00000   )
1681	-0.68703  	 (-0.00000  )
1682	0.04603   	 (-0.00000  )
1683	0.25815   	 (0.00000   )
1684	-0.32200  	 (0.00000   )
1685	0.55449   	 (-0.00000  )
1686	-0.20840  	 (0.00000   )
1687	-0.20990  	 (0.00000   )
1688	-0.13117  	 (-0.00000  )
1689	-0.17557  	 (0.00000   )
1690	-0.17772  	 (-0.00000  )
1691	-0.21105  	 (0.00000   )
1692	0.18188   	 (-0.00000  )
1693	0.11855   	 (-0.00000  )
1694	-0.02332  	 (-0.00000  )
1695	0.64466   	 (0.00000   )
1696	0.92811   	 (0.00000   )
1697	-0.07037  	 (0.00000   )
1698	-0.23276  	 (-0.00000  )
1699	0.15579   	 (-0.00000  )
1700	0.29057   	 (-0.00000  )
1701	-0.39564  	 (0.00000   )
1702	-0.41530  	 (0.00000   )
1703	-0.03559  	 (0.00000   )
1704	-0.05201  	 (-0.00000  )
1705	0.16400   	 (-0.00000  )
1706	0.11221   	 (-0.00000  )
1707	-0.77363  	 (0.00000   )
1708	0.08652   	 (0.00000   )
1709	0.14853   	 (-0.00000  )
1710	-0.02275  	 (-0.00000  )
1711	-0.75744  	 (-0.00000  )
1712	0.13804   	 (-0.00000  )
1713	-0.09905  	 (-0.00000  )
1714	-0.17227  	 (-0.00000  )
1715	0.14770   	 (-0.00000  )
1716	0.27672   	 (0.00000   )
1717	0.15171   	 (0.00000   )
1718	0.20471   	 (0.00000   )
1719	-0.12071  	 (-0.00000  )
1720	-0.13340  	 (0.00000   )
1721	-0.41254  	 (-0.00000  )
1722	0.78674   	 (0.00000   )
1723	0.46920   	 (0.00000   )
1724	1.20850   	 (0.00000   )
1725	0.25593   	 (-0.00000  )
1726	0.24854   	 (-0.00000  )
1727	0.55183   	 (0.00000   )
1728	0.93599   	 (-0.00000  )
1729	0.25211   	 (-0.00000  )
1730	0.25339   	 (-0.00000  )
1731	0.29523   	 (-0.00000  )
1732	0.21086   	 (-0.00000  )
1733	-0.02389  	 (0.00000   )
1734	-0.15123  	 (-0.00000  )
1735	-0.20292  	 (0.00000   )
1736	-0.10232  	 (-0.00000  )
1737	0.03186   	 (0.00000   )
1738	-0.00514  	 (-0.00000  )
1739	-0.20139  	 (-0.00000  )
1740	-0.13972  	 (-0.00000  )
1741	0.06244   	 (0.00000   )
1742	0.36248   	 (0.00000   )
1743	0.12517   	 (-0.00000  )
1744	-0.02607  	 (-0.00000  )
1745	0.30567   	 (0.00000   )
1746	-0.12893  	 (0.00000   )
1747	0.24153   	 (0.00000   )
1748	0.47700   	 (-0.00000  )
1749	0.25057   	 (0.00000   )
1750	0.90610   	 (0.00000   )
1751	0.07852   	 (-0.00000  )
1752	0.17448   	 (-0.00000  )
1753	1.12373   	 (-0.00000  )
1754	0.40190   	 (0.00000   )
1755	0.92267   	 (-0.00000  )
1756	0.18278   	 (-0.00000  )
1757	0.45436   	 (-0.00000  )
1758	0.46036   	 (-0.00000  )
1759	0.30731   	 (-0.00000  )
1760	0.11718   	 (-0.00000  )
1761	0.33185   	 (-0.00000  )
1762	0.22061   	 (0.00000   )
1763	0.32520   	 (-0.00000  )
1764	0.33020   	 (-0.00000  )
1765	1.63267   	 (-0.00000  )
1766	1.76526   	 (0.00000   )
1767	1.17508   	 (0.00000   )
1768	0.06346   	 (-0.00000  )
1769	0.27552   	 (0.00000   )
1770	0.25439   	 (-0.00000  )
1771	0.21243   	 (-0.00000  )
1772	2.12151   	 (0.00000   )
1773	-0.07660  	 (-0.00000  )
1774	-0.06627  	 (-0.00000  )
1775	0.22407   	 (0.00000   )
1776	0.22237   	 (-0.00000  )
1777	0.22182   	 (-0.00000  )
1778	-0.18106  	 (-0.00000  )
1779	0.22457   	 (0.00000   )
1780	-0.06108  	 (0.00000   )
1781	-0.06833  	 (0.00000   )
1782	-0.03586  	 (0.00000   )
1783	-0.00639  	 (0.00000   )
1784	0.18430   	 (-0.00000  )
1785	0.19632   	 (0.00000   )
1786	0.13198   	 (-0.00000  )
1787	-0.10764  	 (0.00000   )
1788	-0.10666  	 (0.00000   )
1789	0.80388   	 (0.00000   )
1790	0.50988   	 (0.00000   )
1791	0.50801   	 (-0.00000  )
1792	0.52420   	 (0.00000   )
1793	0.05517   	 (-0.00000  )
1794	0.05443   	 (-0.00000  )
1795	0.89116   	 (-0.00000  )
1796	0.17002   	 (-0.00000  )
1797	0.29363   	 (-0.00000  )
1798	0.29414   	 (0.00000   )
1799	-0.93023  	 (-0.00000  )
1800	0.63397   	 (0.00000   )
1801	-0.27191  	 (-0.00000  )
1802	0.01056   	 (0.00000   )
1803	-0.10001  	 (-0.00000  )
1804	-0.11048  	 (0.00000   )
1805	0.55163   	 (-0.00000  )
1806	0.51950   	 (-0.00000  )
1807	0.73902   	 (-0.00000  )
1808	-0.11026  	 (0.00000   )
1809	0.50183   	 (-0.00000  )
1810	0.27448   	 (-0.00000  )
1811	0.28190   	 (-0.00000  )
1812	1.36678   	 (-0.00000  )
1813	0.72089   	 (-0.00000  )
1814	1.44723   	 (0.00000   )
1815	0.67981   	 (0.00000   )
1816	-0.03998  	 (0.00000   )
1817	-0.06863  	 (0.00000   )
1818	0.02728   	 (0.00000   )
1819	0.02898   	 (0.00000   )
1820	0.10058   	 (0.00000   )
1821	-0.35728  	 (-0.00000  )
1822	-0.37299  	 (-0.00000  )
1823	-0.17696  	 (-0.00000  )
1824	0.64152   	 (-0.00000  )
1825	0.26428   	 (-0.00000  )
1826	0.26918   	 (-0.00000  )
1827	0.23253   	 (-0.00000  )
1828	0.03187   	 (0.00000   )
1829	-0.03192  	 (0.00000   )
1830	0.21631   	 (0.00000   )
1831	0.15115   	 (-0.00000  )
1832	0.10085   	 (0.00000   )
1833	-0.42515  	 (0.00000   )
1834	-0.36381  	 (0.00000   )
1835	0.15053   	 (0.00000   )
1836	0.21623   	 (-0.00000  )
1837	0.16475   	 (-0.00000  )
1838	-0.67033  	 (-0.00000  )
1839	-0.06112  	 (-0.00000  )
1840	-0.23074  	 (0.00000   )
1841	0.10487   	 (-0.00000  )
1842	0.59869   	 (0.00000   )
1843	-0.12214  	 (0.00000   )
1844	0.43660   	 (-0.00000  )
1845	0.42662   	 (0.00000   )
1846	-0.03851  	 (-0.00000  )
1847	0.49775   	 (0.00000   )
1848	0.22222   	 (0.00000   )
1849	0.31574   	 (-0.00000  )
1850	0.32227   	 (0.00000   )
1851	0.25018   	 (0.00000   )
1852	0.17292   	 (-0.00000  )
1853	0.17651   	 (-0.00000  )
1854	0.45813   	 (0.00000   )
1855	0.18298   	 (-0.00000  )
1856	0.20933   	 (0.00000   )
1857	-0.27085  	 (0.00000   )
1858	-0.26670  	 (0.00000   )
1859	0.11335   	 (-0.00000  )
1860	0.06216   	 (0.00000   )
1861	0.11209   	 (0.00000   )
1862	-0.13347  	 (0.00000   )
1863	-0.03695  	 (-0.00000  )
1864	-0.00353  	 (-0.00000  )
1865	-0.41399  	 (-0.00000  )
1866	-0.07617  	 (-0.00000  )
1867	0.20959   	 (-0.00000  )
1868	1.04972   	 (-0.00000  )
1869	0.12731   	 (-0.00000  )
1870	0.13360   	 (-0.00000  )
1871	0.00086   	 (-0.00000  )
1872	0.29216   	 (0.00000   )
1873	0.27567   	 (0.00000   )
1874	0.28482   	 (-0.00000  )
1875	0.93780   	 (-0.00000  )
1876	1.12869   	 (-0.00000  )
1877	0.12111   	 (0.00000   )
1878	0.39883   	 (-0.00000  )
1879	0.04455   	 (0.00000   )
1880	0.06423   	 (0.00000   )
1881	1.03476   	 (-0.00000  )
1882	0.96880   	 (-0.00000  )
1883	-0.04940  	 (0.00000   )
1884	0.77384   	 (0.00000   )
1885	0.89797   	 (0.00000   )
1886	0.56987   	 (0.00000   )
1887	0.85293   	 (-0.00000  )
1888	0.12064   	 (0.00000   )
1889	0.68841   	 (0.00000   )
1890	0.17655   	 (-0.00000  )
1891	0.17099   	 (0.00000   )
1892	0.81020   	 (-0.00000  )
1893	0.29552   	 (0.00000   )
1894	-0.06981  	 (-0.00000  )
1895	0.96114   	 (-0.00000  )
1896	-0.30858  	 (0.00000   )
1897	-0.01801  	 (0.00000   )
1898	0.04121   	 (0.00000   )
1899	0.21025   	 (-0.00000  )
1900	0.19266   	 (0.00000   )
1901	0.20902   	 (0.00000   )
1902	0.32237   	 (-0.00000  )
1903	0.65697   	 (0.00000   )
1904	0.40338   	 (0.00000   )
1905	0.69455   	 (-0.00000  )
1906	0.05534   	 (-0.00000  )
1907	0.20949   	 (0.00000   )
1908	0.55599   	 (0.00000   )
1909	0.13719   	 (-0.00000  )
1910	0.49429   	 (-0.00000  )
1911	0.39638   	 (0.00000   )
1912	0.67942   	 (0.00000   )
1913	0.64719   	 (-0.00000  )
1914	-0.06245  	 (0.00000   )
1915	0.70901   	 (0.00000   )
1916	0.04620   	 (0.00000   )
1917	-0.14899  	 (-0.00000  )
1918	0.16506   	 (0.00000   )
1919	0.34318   	 (-0.00000  )
1920	0.05426   	 (-0.00000  )
1921	-0.01556  	 (-0.00000  )
1922	0.40659   	 (-0.00000  )
1923	0.28279   	 (0.00000   )
1924	0.36011   	 (-0.00000  )
1925	0.23587   	 (-0.00000  )
1926	1.91976   	 (-0.00000  )
1927	-0.13974  	 (0.00000   )
1928	-0.11180  	 (-0.00000  )
1929	0.26433   	 (0.00000   )
1930	0.38525   	 (-0.00000  )
1931	0.26145   	 (0.00000   )
1932	0.07743   	 (-0.00000  )
1933	-1.20935  	 (0.00000   )
1934	0.16057   	 (-0.00000  )
1935	-0.70336  	 (-0.00000  )
1936	0.21380   	 (0.00000   )
1937	-0.88499  	 (0.00000   )
1938	0.48523   	 (0.00000   )
1939	0.50179   	 (0.00000   )
1940	-0.11271  	 (0.00000   )
1941	-0.52172  	 (-0.00000  )
1942	-0.92140  	 (0.00000   )
1943	0.21889   	 (-0.00000  )
1944	0.35652   	 (0.00000   )
1945	0.31648   	 (-0.00000  )
1946	-0.39530  	 (-0.00000  )
1947	-0.29415  	 (-0.00000  )
1948	-0.55382  	 (-0.00000  )
1949	-0.24180  	 (0.00000   )
1950	-0.72794  	 (0.00000   )
1951	0.19076   	 (-0.00000  )
1952	0.18679   	 (0.00000   )
1953	-0.21422  	 (-0.00000  )
1954	0.13882   	 (0.00000   )
1955	-0.34758  	 (-0.00000  )
1956	0.14153   	 (0.00000   )
1957	-0.95827  	 (-0.00000  )
1958	0.13707   	 (-0.00000  )
1959	-0.11178  	 (-0.00000  )
1960	0.61104   	 (-0.00000  )
1961	0.47020   	 (0.00000   )
1962	0.44617   	 (0.00000   )
1963	0.43657   	 (0.00000   )
1964	0.47394   	 (-0.00000  )
1965	0.22697   	 (-0.00000  )
1966	0.25998   	 (0.00000   )
1967	0.04838   	 (0.00000   )
1968	0.09507   	 (0.00000   )
1969	0.04231   	 (0.00000   )
1970	0.67397   	 (-0.00000  )
1971	0.08910   	 (-0.00000  )
1972	0.52769   	 (-0.00000  )
1973	-0.00654  	 (-0.00000  )
1974	0.40899   	 (-0.00000  )
1975	0.78597   	 (-0.00000  )
1976	0.45675   	 (-0.00000  )
1977	0.01969   	 (0.00000   )
1978	0.78715   	 (-0.00000  )
1979	0.84067   	 (-0.00000  )
1980	0.47817   	 (0.00000   )
1981	0.48243   	 (-0.00000  )
1982	0.64579   	 (-0.00000  )
1983	1.13093   	 (-0.00000  )
1984	0.33544   	 (-0.00000  )
1985	0.46465   	 (0.00000   )
1986	0.24546   	 (-0.00000  )
1987	0.04397   	 (-0.00000  )
1988	0.68511   	 (-0.00000  )
1989	0.70273   	 (0.00000   )
1990	0.29077   	 (-0.00000  )
1991	0.64446   	 (-0.00000  )
1992	0.18091   	 (0.00000   )
1993	0.09251   	 (-0.00000  )
1994	-0.14993  	 (0.00000   )
1995	-0.17217  	 (-0.00000  )
1996	0.45878   	 (0.00000   )
1997	-0.36133  	 (-0.00000  )
1998	1.17271   	 (-0.00000  )
1999	0.91024   	 (-0.00000  )
2000	0.02278   	 (0.00000   )
2001	0.02400   	 (0.00000   )
2002	-0.13443  	 (0.00000   )
2003	0.10301   	 (0.00000   )
2004	0.75353   	 (0.00000   )
2005	0.70909   	 (0.00000   )
2006	0.71544   	 (-0.00000  )
2007	0.70877   	 (-0.00000  )
2008	-0.18282  	 (-0.00000  )
2009	-0.32476  	 (0.00000   )
2010	0.09764   	 (0.00000   )
2011	-0.63993  	 (0.00000   )
2012	-0.71238  	 (0.00000   )
2013	0.31722   	 (0.00000   )
2014	0.07229   	 (-0.00000  )
2015	-0.39407  	 (0.00000   )
2016	-0.47340  	 (0.00000   )
2017	0.42440   	 (-0.00000  )
2018	0.13976   	 (0.00000   )
2019	-0.27590  	 (0.00000   )
2020	-0.72663  	 (0.00000   )
2021	0.59861   	 (-0.00000  )
2022	0.16738   	 (-0.00000  )
2023	0.91541   	 (-0.00000  )
2024	0.23680   	 (-0.00000  )
2025	0.24051   	 (-0.00000  )
2026	0.07164   	 (-0.00000  )
2027	-0.25037  	 (-0.00000  )
2028	-0.48074  	 (0.00000   )
2029	0.55402   	 (0.00000   )
2030	0.30045   	 (0.00000   )
2031	-0.37549  	 (-0.00000  )
2032	0.10337   	 (-0.00000  )
2033	0.10682   	 (0.00000   )
2034	0.52100   	 (-0.00000  )
2035	0.49634   	 (0.00000   )
2036	0.49026   	 (0.00000   )
2037	0.38982   	 (0.00000   )
2038	-0.04087  	 (0.00000   )
2039	-0.20768  	 (-0.00000  )
2040	0.44335   	 (0.00000   )
2041	0.22069   	 (0.00000   )
2042	1.50126   	 (-0.00000  )
2043	1.48556   	 (0.00000   )
2044	1.52811   	 (-0.00000  )
2045	0.10448   	 (0.00000   )
2046	-0.62632  	 (-0.00000  )
2047	0.09018   	 (0.00000   )
2048	0.09247   	 (-0.00000  )
2049	-0.08883  	 (0.00000   )
2050	-0.50013  	 (0.00000   )
2051	-0.66330  	 (-0.00000  )
2052	0.36531   	 (-0.00000  )
2053	0.38100   	 (0.00000   )
2054	0.04478   	 (-0.00000  )
2055	0.01963   	 (-0.00000  )
2056	-0.10638  	 (0.00000   )
2057	0.18582   	 (0.00000   )
2058	0.18155   	 (0.00000   )
2059	0.77700   	 (0.00000   )
2060	0.79641   	 (-0.00000  )
2061	0.01453   	 (-0.00000  )
2062	-0.17621  	 (-0.00000  )
2063	0.03993   	 (-0.00000  )
2064	-0.26531  	 (-0.00000  )
2065	-0.12309  	 (-0.00000  )
2066	-0.41569  	 (-0.00000  )
2067	0.48471   	 (-0.00000  )
2068	-0.44341  	 (0.00000   )
2069	1.44476   	 (-0.00000  )
2070	1.41860   	 (-0.00000  )
2071	0.44042   	 (-0.00000  )
2072	-0.20011  	 (0.00000   )
2073	-0.03693  	 (0.00000   )
2074	0.70787   	 (0.00000   )
2075	2.00141   	 (0.00000   )
2076	2.03286   	 (0.00000   )
2077	0.51141   	 (-0.00000  )
2078	0.50601   	 (-0.00000  )
2079	0.21648   	 (-0.00000  )
2080	0.56272   	 (0.00000   )
2081	1.22915   	 (0.00000   )
2082	0.54652   	 (0.00000   )
2083	1.18233   	 (0.00000   )
2084	0.55840   	 (0.00000   )
2085	0.03890   	 (0.00000   )
2086	-0.56748  	 (0.00000   )
2087	-0.47882  	 (-0.00000  )
2088	-0.64267  	 (-0.00000  )
2089	-0.20016  	 (0.00000   )
2090	-0.70928  	 (-0.00000  )
2091	0.38599   	 (0.00000   )
2092	0.37417   	 (0.00000   )
2093	-0.27602  	 (0.00000   )
2094	-0.08134  	 (0.00000   )
2095	-0.02454  	 (-0.00000  )
2096	-0.02703  	 (0.00000   )
2097	0.72904   	 (-0.00000  )
2098	0.06796   	 (-0.00000  )
2099	-0.00961  	 (0.00000   )
2100	0.01569   	 (0.00000   )
2101	-0.14148  	 (0.00000   )
2102	-0.14936  	 (0.00000   )
2103	1.09326   	 (0.00000   )
2104	1.15540   	 (0.00000   )
2105	0.75965   	 (-0.00000  )
2106	0.10072   	 (0.00000   )
2107	1.44589   	 (-0.00000  )
2108	-0.58775  	 (0.00000   )
2109	-0.03463  	 (-0.00000  )
2110	0.92522   	 (-0.00000  )
2111	1.57127   	 (-0.00000  )
2112	1.66668   	 (-0.00000  )
2113	0.74462   	 (-0.00000  )
2114	1.88327   	 (-0.00000  )
2115	1.09767   	 (-0.00000  )
2116	0.62431   	 (-0.00000  )
2117	0.07038   	 (-0.00000  )
2118	0.23098   	 (0.00000   )
2119	1.50136   	 (-0.00000  )
2120	1.63340   	 (-0.00000  )
2121	1.56437   	 (-0.00000  )
2122	0.33567   	 (0.00000   )
2123	0.14891   	 (-0.00000  )
2124	-0.03010  	 (-0.00000  )
2125	0.42657   	 (0.00000   )
2126	0.03556   	 (-0.00000  )
2127	0.94430   	 (0.00000   )
2128	0.93060   	 (0.00000   )
2129	0.18747   	 (0.00000   )
2130	-0.57466  	 (0.00000   )
2131	-0.57515  	 (0.00000   )
2132	-0.69671  	 (0.00000   )
2133	1.04758   	 (-0.00000  )
2134	1.05776   	 (0.00000   )
2135	-0.18553  	 (0.00000   )
2136	0.22049   	 (0.00000   )
2137	0.03463   	 (-0.00000  )
2138	0.40716   	 (0.00000   )
2139	-0.00884  	 (-0.00000  )
2140	-0.01107  	 (0.00000   )
2141	0.19155   	 (0.00000   )
2142	0.21145   	 (0.00000   )
2143	-0.09208  	 (-0.00000  )
2144	-0.87963  	 (0.00000   )
2145	0.34314   	 (0.00000   )
2146	0.17764   	 (0.00000   )
2147	1.18935   	 (-0.00000  )
2148	0.89946   	 (-0.00000  )
2149	-1.12111  	 (0.00000   )
2150	0.13342   	 (-0.00000  )
2151	0.13031   	 (0.00000   )
2152	0.27625   	 (-0.00000  )
2153	0.48063   	 (-0.00000  )
2154	0.21541   	 (-0.00000  )
2155	0.10907   	 (0.00000   )
2156	0.11769   	 (0.00000   )
2157	0.04298   	 (0.00000   )
2158	0.14210   	 (0.00000   )
2159	0.21196   	 (-0.00000  )
2160	-0.01088  	 (-0.00000  )
2161	-0.04955  	 (0.00000   )
2162	-0.00893  	 (-0.00000  )
2163	0.34329   	 (0.00000   )
2164	0.39043   	 (-0.00000  )
2165	-0.02726  	 (-0.00000  )
2166	0.10647   	 (-0.00000  )
2167	0.09317   	 (-0.00000  )
2168	0.17852   	 (0.00000   )
2169	0.43062   	 (0.00000   )
2170	0.34950   	 (0.00000   )
2171	0.82351   	 (-0.00000  )
2172	0.89402   	 (-0.00000  )
2173	0.18797   	 (0.00000   )
2174	0.20093   	 (-0.00000  )
2175	0.12110   	 (-0.00000  )
2176	0.63541   	 (-0.00000  )
2177	-0.80983  	 (0.00000   )
2178	-0.64079  	 (0.00000   )
2179	-0.67979  	 (0.00000   )
2180	0.69242   	 (-0.00000  )
2181	0.85613   	 (-0.00000  )
2182	-0.09985  	 (-0.00000  )
2183	-0.10063  	 (0.00000   )
2184	0.62250   	 (-0.00000  )
2185	-0.72929  	 (0.00000   )
2186	0.43276   	 (0.00000   )
2187	0.58964   	 (-0.00000  )
2188	-0.22555  	 (-0.00000  )
2189	-0.22631  	 (-0.00000  )
2190	0.70243   	 (-0.00000  )
2191	0.28347   	 (-0.00000  )
2192	0.97493   	 (-0.00000  )
2193	0.28322   	 (-0.00000  )
2194	1.08995   	 (-0.00000  )
2195	1.11439   	 (0.00000   )
2196	0.48404   	 (0.00000   )
2197	0.89368   	 (-0.00000  )
2198	0.77669   	 (-0.00000  )
2199	0.71055   	 (0.00000   )
2200	1.10247   	 (-0.00000  )
2201	-0.99421  	 (0.00000   )
2202	-0.98115  	 (0.00000   )
2203	0.13186   	 (0.00000   )
2204	0.07503   	 (0.00000   )
2205	-0.61538  	 (-0.00000  )
2206	-0.61180  	 (0.00000   )
2207	0.41847   	 (0.00000   )
2208	0.67655   	 (-0.00000  )
2209	0.57139   	 (-0.00000  )
2210	0.59755   	 (-0.00000  )
2211	0.83252   	 (-0.00000  )
2212	0.75285   	 (-0.00000  )
2213	0.01218   	 (0.00000   )
2214	0.16357   	 (-0.00000  )
2215	0.11561   	 (0.00000   )
2216	0.53153   	 (-0.00000  )
2217	0.32499   	 (0.00000   )
2218	0.19189   	 (0.00000   )
2219	0.38289   	 (0.00000   )
2220	0.68528   	 (-0.00000  )
2221	0.87234   	 (0.00000   )
2222	0.87463   	 (-0.00000  )
2223	0.51854   	 (0.00000   )
2224	0.94329   	 (-0.00000  )
2225	0.18751   	 (0.00000   )
2226	0.30902   	 (-0.00000  )
2227	-0.40637  	 (-0.00000  )
2228	-0.40485  	 (-0.00000  )
2229	-0.03567  	 (-0.00000  )
2230	1.02960   	 (-0.00000  )
2231	-0.06951  	 (0.00000   )
2232	-0.41032  	 (0.00000   )
2233	-0.10425  	 (-0.00000  )
2234	-0.10331  	 (0.00000   )
2235	0.58328   	 (-0.00000  )
2236	0.02460   	 (0.00000   )
2237	-0.17395  	 (0.00000   )
2238	0.73564   	 (-0.00000  )
2239	-0.50774  	 (0.00000   )
2240	-0.51467  	 (0.00000   )
2241	-0.24493  	 (0.00000   )
2242	-0.24500  	 (-0.00000  )
2243	-1.24375  	 (0.00000   )
2244	-1.23143  	 (0.00000   )
2245	-0.08786  	 (-0.00000  )
2246	-0.11662  	 (-0.00000  )
2247	0.13331   	 (-0.00000  )
2248	-0.36149  	 (-0.00000  )
2249	0.02700   	 (0.00000   )
2250	0.75205   	 (-0.00000  )
2251	0.28243   	 (-0.00000  )
2252	-0.25914  	 (0.00000   )
2253	0.15640   	 (-0.00000  )
2254	0.29384   	 (-0.00000  )
2255	0.03453   	 (-0.00000  )
2256	-0.18262  	 (-0.00000  )
2257	0.29417   	 (0.00000   )
2258	0.60885   	 (-0.00000  )
2259	0.40753   	 (0.00000   )
2260	0.13891   	 (-0.00000  )
2261	0.16256   	 (-0.00000  )
2262	0.37332   	 (-0.00000  )
2263	-0.01179  	 (-0.00000  )
2264	0.63399   	 (-0.00000  )
2265	-0.54338  	 (0.00000   )
2266	-0.46161  	 (-0.00000  )
2267	-0.33130  	 (0.00000   )
2268	0.30585   	 (0.00000   )
2269	-0.32589  	 (0.00000   )
2270	-0.51991  	 (0.00000   )
2271	-0.50906  	 (0.00000   )
2272	0.16053   	 (-0.00000  )
2273	0.15870   	 (-0.00000  )
2274	0.33895   	 (0.00000   )
2275	0.07297   	 (0.00000   )
2276	0.04245   	 (0.00000   )
2277	0.11509   	 (0.00000   )
2278	0.20811   	 (0.00000   )
2279	0.10281   	 (-0.00000  )
2280	0.06246   	 (-0.00000  )
2281	0.12023   	 (0.00000   )
2282	0.52434   	 (0.00000   )
2283	0.38616   	 (0.00000   )
2284	0.50896   	 (0.00000   )
2285	0.51010   	 (0.00000   )
2286	1.29857   	 (-0.00000  )
2287	0.21168   	 (0.00000   )
2288	0.30805   	 (-0.00000  )
2289	-0.00990  	 (0.00000   )
2290	0.70296   	 (0.00000   )
2291	1.30639   	 (-0.00000  )
2292	1.30615   	 (-0.00000  )
2293	0.56413   	 (0.00000   )
2294	1.27094   	 (-0.00000  )
2295	0.24339   	 (-0.00000  )
2296	0.06861   	 (0.00000   )
2297	0.23439   	 (-0.00000  )
2298	1.45085   	 (-0.00000  )
2299	0.72558   	 (-0.00000  )
2300	1.35559   	 (0.00000   )
2301	1.25193   	 (-0.00000  )
2302	0.14056   	 (-0.00000  )
2303	0.13718   	 (-0.00000  )
2304	1.72740   	 (-0.00000  )
2305	0.20199   	 (-0.00000  )
2306	0.19985   	 (-0.00000  )
2307	1.57160   	 (-0.00000  )
2308	0.08097   	 (-0.00000  )
2309	-0.18563  	 (0.00000   )
2310	-0.09217  	 (-0.00000  )
2311	0.25247   	 (-0.00000  )
2312	0.25198   	 (0.00000   )
2313	0.24666   	 (-0.00000  )
2314	0.97579   	 (0.00000   )
2315	0.97680   	 (0.00000   )
2316	0.62154   	 (-0.00000  )
2317	0.53191   	 (0.00000   )
2318	0.16295   	 (0.00000   )
2319	0.15220   	 (-0.00000  )
2320	1.74001   	 (-0.00000  )
2321	1.03374   	 (-0.00000  )
2322	1.03089   	 (-0.00000  )
2323	0.07538   	 (0.00000   )
2324	0.54093   	 (0.00000   )
2325	0.39115   	 (0.00000   )
2326	-1.04855  	 (0.00000   )
2327	-0.10058  	 (0.00000   )
2328	-0.09817  	 (0.00000   )
2329	1.02285   	 (0.00000   )
2330	0.00099   	 (0.00000   )
2331	-0.04097  	 (0.00000   )
2332	1.34522   	 (-0.00000  )
2333	-0.99290  	 (0.00000   )
2334	-0.90385  	 (-0.00000  )
2335	0.05268   	 (0.00000   )
2336	0.05093   	 (0.00000   )
2337	-1.04317  	 (0.00000   )
2338	0.62482   	 (0.00000   )
2339	-1.00237  	 (0.00000   )
2340	-1.00568  	 (0.00000   )
2341	0.12215   	 (0.00000   )
2342	0.11543   	 (-0.00000  )
2343	0.47082   	 (-0.00000  )
2344	0.47508   	 (-0.00000  )
2345	-0.51935  	 (0.00000   )
2346	-0.70387  	 (0.00000   )
2347	0.06631   	 (-0.00000  )
2348	0.22810   	 (-0.00000  )
2349	0.21398   	 (-0.00000  )
2350	-0.16065  	 (0.00000   )
2351	-0.16392  	 (0.00000   )
2352	-0.12652  	 (-0.00000  )
2353	-0.05419  	 (-0.00000  )
2354	-0.10355  	 (-0.00000  )
2355	-0.19470  	 (-0.00000  )
2356	-0.88584  	 (-0.00000  )
2357	1.14134   	 (0.00000   )
2358	-0.65744  	 (0.00000   )
2359	1.28908   	 (0.00000   )
2360	-0.71829  	 (0.00000   )
2361	-0.36451  	 (-0.00000  )
2362	0.07976   	 (-0.00000  )
2363	0.07945   	 (0.00000   )
2364	0.50858   	 (0.00000   )
2365	0.62692   	 (0.00000   )
2366	-0.03521  	 (0.00000   )
2367	-0.03333  	 (0.00000   )
2368	-0.12080  	 (0.00000   )
2369	-1.07776  	 (0.00000   )
2370	-0.39830  	 (-0.00000  )
2371	-0.24921  	 (0.00000   )
2372	-0.39849  	 (-0.00000  )
2373	-0.19678  	 (0.00000   )
2374	-0.08032  	 (0.00000   )
2375	0.11889   	 (0.00000   )
2376	0.13499   	 (-0.00000  )
2377	-0.21637  	 (0.00000   )
2378	-0.13020  	 (-0.00000  )
2379	0.40712   	 (0.00000   )
2380	0.65571   	 (-0.00000  )
2381	0.67743   	 (0.00000   )
2382	0.54835   	 (0.00000   )
2383	-0.05236  	 (-0.00000  )
2384	0.25754   	 (-0.00000  )
2385	0.26897   	 (-0.00000  )
2386	-0.07974  	 (-0.00000  )
2387	0.20412   	 (0.00000   )
2388	-0.18755  	 (-0.00000  )
2389	0.24802   	 (-0.00000  )
2390	0.24814   	 (0.00000   )
2391	-0.30177  	 (-0.00000  )
2392	0.58091   	 (0.00000   )
2393	0.31745   	 (-0.00000  )
