1512 
Cs -34.3324 34.0523 -29.616
Cs -34.9257 33.5306 -6.08082
Cs -34.7793 33.7513 17.7371
Cs -34.3403 23.4887 -40.5002
I -29.0496 23.4791 -35.3623
I -35.546 28.5729 -34.8309
I -29.2809 17.6675 -41.8276
Cs -33.8873 23.2952 -29.3376
Cs -33.8497 23.2185 -17.9055
Cs -34.2834 11.8872 -29.9165
Cs -34.4921 33.7898 -17.8743
I -35.4617 17.5084 -35.5735
I -28.5797 23.5165 -12.0269
I -35.4133 28.6632 -12.0776
I -35.2946 18.2563 -23.8332
I -28.2913 23.3636 -23.7854
I -35.2651 28.7618 -23.7471
I -28.8941 29.0589 -29.685
I -29.002 17.4178 -17.8967
Cs -33.9376 23.4345 -6.07974
Cs -33.8666 23.3636 5.8511
Cs -34.6117 12.3389 -6.10525
Cs -34.7419 33.5472 5.8351
I -35.4475 18.3264 -11.7409
I -28.3431 23.5749 11.7651
I -35.3645 28.6074 11.8116
I -35.4244 18.5722 -0.336666
I -28.3378 23.5868 -0.0530579
I -35.371 28.537 -0.0866629
I -28.961 29.1498 -6.04663
I -29.2305 17.4743 5.86095
Cs -33.9319 23.4156 17.7193
Cs -34.1162 23.3075 29.1557
Cs -34.5886 12.1823 17.8625
Cs -34.2987 34.1644 29.5408
I -35.4108 18.5341 12.0249
I -29.0406 23.3797 35.0575
I -35.4983 28.5797 34.7292
I -35.4613 18.1752 23.3158
I -28.6675 23.5016 23.6773
I -35.4416 28.8962 23.6777
I -28.9865 29.1547 17.7155
I -29.3739 17.4324 29.5319
Cs -34.219 23.3517 40.3073
Cs -34.1578 11.6016 40.4415
I -35.459 17.3492 35.4879
I -28.6526 28.5583 41.6224
Cs -23.5541 34.335 -40.5792
I -17.6272 35.4781 -35.5178
I -17.5878 29.3433 -41.8026
I -28.7838 28.7297 -41.8187
Cs -23.0745 34.3103 -29.774
Cs -22.6523 34.4123 -17.9365
Cs -23.3806 23.2877 -29.9679
Pb -29.5555 29.5396 -35.7578
Pb -29.2295 29.3323 -23.7816
I -28.7512 35.5471 -34.9365
I -23.4785 29.0666 -35.4526
I -17.0872 35.3823 -12.1899
I -29.7156 35.4396 -23.6911
I -23.3491 29.9089 -23.8081
I -16.8746 35.109 -23.622
I -17.528 28.5878 -17.8994
I -28.8301 29.0453 -17.8899
Cs -23.1648 34.7173 -6.31069
Cs -22.4666 34.6504 5.87696
Cs -23.598 23.5235 -6.18619
Pb -29.3939 29.4633 -11.9829
Pb -29.3509 29.5274 -0.0867989
I -30.0758 35.4853 -11.7817
I -23.4863 29.8966 -11.9987
I -16.8074 35.3572 11.5908
I -30.4921 35.5146 -0.221402
I -23.5093 30.4429 -0.197354
I -16.8078 35.3865 0.095828
I -17.7264 28.633 5.85742
I -28.7669 29.1604 5.84409
Cs -23.203 34.6523 18.0677
Cs -23.0335 34.2228 29.5788
Cs -23.5793 23.5615 17.9129
Pb -29.3439 29.5228 11.7593
Pb -29.4174 29.4654 23.632
I -30.369 35.5357 11.8223
I -23.4972 30.3898 11.9271
I -17.511 35.4074 35.2392
I -29.7286 35.5203 23.44
I -23.4891 29.6744 23.6567
I -17.2992 35.3882 23.7255
I -17.592 28.8146 29.561
I -28.9584 29.0927 29.5247
Cs -23.4181 34.1853 40.3733
Cs -23.3024 23.0554 40.3279
Pb -29.476 29.4427 35.5941
I -28.6418 35.4717 34.8118
I -23.398 28.9272 35.2166
Cs -11.764 33.7713 -29.3095
Cs -11.8764 33.9701 -6.07347
Cs -11.879 33.9161 17.6173
Cs -11.6044 34.3114 40.2474
Cs -34.4284 0.098965 -40.2856
Cs -34.2205 11.8068 -40.7283
I -29.0489 0.11971 -35.2377
I -35.4917 6.15537 -35.5975
I -29.4641 -5.6809 -41.6428
Cs -33.7042 0.0381536 -29.0462
Cs -33.461 0.0427966 -17.7116
Cs -34.1544 -11.3229 -29.5192
Cs -34.3299 11.0761 -17.7698
I -35.4063 -5.78245 -35.2368
I -28.0691 0.263838 -11.9539
I -35.2092 5.28158 -12.285
I -34.9616 -5.1051 -23.5923
I -27.7323 0.122987 -23.7688
I -35.013 5.04801 -23.3315
I -29.0991 6.03373 -29.6853
I -28.6768 -5.77414 -17.7373
Cs -33.8306 0.17894 -5.99614
Cs -33.5515 0.153419 5.8535
Cs -34.1496 -10.7719 -5.92787
Cs -34.3496 11.1543 5.86747
I -34.9552 -5.13573 -11.695
I -28.0044 0.306296 11.6478
I -35.1971 5.22969 11.4499
I -34.9821 -5.00184 -0.326806
I -28.0158 0.322675 0.126315
I -35.2277 5.23545 0.307905
I -29.3238 6.17912 -5.98622
I -28.9274 -5.77818 5.87803
Cs -33.7983 0.208803 17.5039
Cs -33.8242 0.118548 29.0372
Cs -34.3171 -10.764 17.5206
Cs -34.2199 11.4347 29.5888
I -34.9815 -5.03763 11.9817
I -28.9695 -0.0505634 35.0323
I -35.37 5.8382 35.205
I -35.0815 -4.92716 23.1578
I -28.0575 0.196653 23.7867
I -35.291 5.52894 23.8208
I -29.2454 6.14345 17.7128
I -29.1989 -5.92002 29.4665
Cs -34.3528 -0.154219 40.1019
Cs -34.1183 -11.8386 40.3625
I -35.411 -6.11761 35.3447
I -29.478 5.58896 41.6076
Cs -23.2423 11.719 -40.6977
Cs -23.2992 23.3066 -40.6548
I -17.5384 11.7684 -35.6493
I -23.461 17.5838 -35.6612
I -17.8593 5.86193 -41.9398
I -29.2996 5.82145 -41.7393
Cs -23.2389 11.8795 -30.092
Cs -23.0921 11.7011 -17.7447
Cs -23.2516 0.207668 -30.0571
Cs -23.3075 23.1289 -17.7825
Pb -29.4393 5.95716 -35.651
Pb -29.428 17.6475 -35.7302
Pb -28.9703 5.92167 -23.7214
Pb -29.2146 17.5009 -23.803
I -28.9994 11.7951 -35.5231
I -23.4598 5.95816 -35.4777
I -16.4321 11.8899 -12.3271
I -23.4751 16.8514 -12.1508
I -30.0833 11.7008 -23.8145
I -23.1611 7.40552 -24.1405
I -15.9698 11.7008 -23.8355
I -23.2969 16.2705 -23.8092
I -28.9189 17.5256 -29.7473
I -17.6522 17.5006 -29.8573
I -17.9467 5.8419 -17.8755
I -28.3255 5.94227 -17.8237
Cs -23.789 12.1789 -6.03596
Cs -23.0269 11.6809 5.8594
Cs -23.5896 1.05997 -5.94493
Cs -23.3805 23.1049 5.86138
Pb -29.2295 6.03346 -11.9414
Pb -29.4503 17.6883 -11.9776
Pb -29.2539 6.09902 -0.0215561
Pb -29.4316 17.7565 -0.0674859
I -29.8477 11.8578 -11.8364
I -23.2922 7.09233 -11.462
I -16.3541 11.9346 11.3859
I -23.4834 16.6029 11.5339
I -30.0737 11.9168 -0.228137
I -23.3313 7.23486 -0.517016
I -16.4044 11.9752 0.496308
I -23.5056 16.6467 0.218607
I -28.8756 17.8272 -6.02264
I -18.1485 17.5166 -5.9945
I -18.1625 5.74209 5.91228
I -28.4045 6.15148 5.86705
Cs -23.766 12.1366 17.8324
Cs -23.1885 11.611 29.595
Cs -23.5674 1.00513 17.7535
Cs -23.3228 23.2504 29.4954
Pb -29.215 6.09172 11.7425
Pb -29.4104 17.7355 11.7782
Pb -29.2537 5.97857 23.6341
Pb -29.4274 17.6655 23.6223
I -30.0725 11.8993 11.9709
I -23.3075 7.23839 12.273
I -17.4759 11.7001 34.928
I -23.4105 17.5194 35.0333
I -29.7683 11.8283 23.5658
I -23.3045 7.0529 23.324
I -16.3848 11.8064 24.2943
I -23.4545 16.8525 24.0532
I -28.8106 17.8061 17.7228
I -18.1179 17.4225 17.7782
I -18.0519 5.52284 29.6313
I -28.6985 5.95434 29.5455
Cs -23.0346 11.8171 40.316
Cs -23.3198 -0.238814 40.4574
Pb -29.3257 5.79882 35.5136
Pb -29.3907 17.5263 35.4825
I -28.9145 11.6593 35.2593
I -23.3988 5.77659 35.7294
I -29.0946 17.4992 41.543
I -17.7078 17.3549 41.6449
Cs -11.8097 23.2489 -40.7093
Cs -11.7942 34.3843 -40.4961
I -5.9438 23.4339 -35.7888
I -11.7821 29.0417 -35.4118
I -5.96789 17.4845 -41.916
I -17.5667 17.6476 -41.9476
Cs -11.7781 23.3018 -30.1332
Cs -11.4797 23.1609 -17.7469
Cs -11.8668 11.7385 -30.2458
Cs -11.6986 33.6753 -17.8529
Pb -17.6104 17.6178 -35.9003
Pb -17.6401 29.4342 -35.7213
Pb -17.4377 17.4512 -23.8648
Pb -17.5085 29.0466 -23.799
I -17.5865 23.467 -35.6051
I -11.7677 17.5891 -35.5095
I -5.05341 23.2554 -12.2225
I -11.8544 28.2954 -12.0545
I -18.9012 23.2253 -23.9997
I -11.7075 19.0377 -24.0819
I -4.5546 23.1595 -23.6879
I -11.7064 27.8852 -23.8595
I -17.5867 28.9404 -29.7441
I -5.91721 28.7915 -29.7424
I -6.47205 17.1005 -17.887
I -17.3924 17.8349 -17.9197
Cs -12.414 23.6885 -6.0685
Cs -11.3683 23.2004 5.88777
Cs -12.2952 12.7818 -5.95147
Cs -11.7849 33.7471 5.8364
Pb -17.638 17.6411 -11.9802
Pb -17.6346 29.3849 -12.0031
Pb -17.7 17.7456 -0.0110228
Pb -17.7067 29.396 -0.0590086
I -18.5661 23.4651 -11.7103
I -11.8603 18.7217 -11.5123
I -4.99572 23.2646 11.3612
I -11.9157 28.139 11.6931
I -18.9634 23.5367 -0.398953
I -11.9222 18.8938 -0.513868
I -5.00798 23.2818 0.417726
I -11.9314 28.1331 0.0731835
I -17.7318 29.2462 -6.04132
I -6.38087 28.6248 -5.98325
I -6.81549 16.9853 5.91114
I -17.3691 18.257 5.89223
Cs -12.3943 23.6479 17.8434
Cs -11.5417 23.2162 29.6763
Cs -12.2397 12.6536 17.848
Cs -11.8432 33.9782 29.0925
Pb -17.6747 17.7014 11.7887
Pb -17.699 29.3609 11.7559
Pb -17.5811 17.569 23.7187
Pb -17.611 29.3584 23.6577
I -18.9343 23.4967 12.142
I -11.8956 18.8595 12.3153
I -5.80653 23.4224 35.089
I -11.6508 29.0493 35.0707
I -18.4805 23.4226 23.4326
I -11.7681 18.7285 23.3771
I -4.88572 23.3534 24.1432
I -11.8119 28.2709 23.8172
I -17.7124 29.2038 17.7332
I -6.33722 28.5783 17.7136
I -6.22931 17.2573 29.6434
I -17.3055 18.0203 29.6183
Cs -11.462 23.3181 40.4179
Cs -11.8069 11.5137 40.3931
Pb -17.5484 17.5503 35.6047
Pb -17.5318 29.3622 35.5346
I -17.41 23.4271 35.6153
I -11.6836 17.4793 35.5401
I -17.3893 29.4059 41.6141
I -5.83776 29.1473 41.547
Cs -0.0812639 34.1831 -40.6647
I 5.53348 35.4571 -35.5325
I 5.89151 29.2284 -41.6407
I -6.01313 29.3698 -41.8297
Cs -0.304526 34.2258 -29.8511
Cs 0.38413 34.13 -17.6306
Cs -0.240409 23.2208 -30.0236
Pb -5.94313 29.3879 -35.7234
Pb -5.89502 29.0487 -23.7745
I -5.85466 35.4241 -35.5501
I -0.106239 28.9487 -35.466
I 6.35819 35.0323 -12.2136
I -6.70456 35.1096 -23.8425
I -0.100471 29.9894 -23.79
I 6.5538 34.9516 -23.213
I 5.62916 28.1703 -17.7424
I -5.79337 28.9055 -17.8597
Cs -0.981012 34.4992 -5.98802
Cs 0.389382 34.0739 5.87575
Cs -0.590999 23.7242 -5.94164
Pb -6.05079 29.2012 -11.929
Pb -6.12472 29.211 -0.0475417
I -6.67338 35.2118 -11.7306
I -0.236256 29.7006 -11.6396
I 6.35487 35.0233 11.4116
I -6.82186 35.2156 -0.397617
I -0.282015 29.79 -0.279249
I 6.37301 35.0278 0.36583
I 5.49688 28.1796 5.87635
I -5.81191 29.1916 5.87072
Cs -0.912086 34.5332 17.6405
Cs 0.321346 34.1814 29.5782
Cs -0.511619 23.7149 17.7283
Pb -6.10278 29.1927 11.7777
Pb -5.99954 29.2615 23.6068
I -6.73465 35.2092 12.0874
I -0.259633 29.7471 12.0159
I 5.90269 35.308 35.2474
I -6.75311 35.2848 23.2327
I -0.174815 29.9081 23.439
I 6.37647 35.1741 23.8274
I 5.74655 28.6441 29.5172
I -5.74305 29.4147 29.5287
Cs 0.157384 34.105 40.4851
Cs -0.0455764 23.0704 40.3489
Pb -5.79235 29.4045 35.4766
I -5.57927 35.4745 35.555
I 0.0601198 28.9015 35.2608
Cs 11.6199 33.7229 -28.9
Cs 11.4541 33.6895 -5.89935
Cs 11.4587 33.6995 17.5084
Cs 11.8582 34.2298 40.1633
Cs -34.335 -23.2359 -40.0478
Cs -34.273 -11.5948 -40.3498
I -29.0247 -23.2334 -34.9274
I -35.4477 -17.219 -35.2039
I -28.8025 -28.4712 -41.4075
Cs -33.8537 -23.0462 -28.8119
Cs -33.4087 -22.9549 -17.5462
Cs -34.2454 -33.8152 -29.1738
Cs -34.0266 -11.6077 -17.479
I -35.5182 -28.3074 -34.3435
I -28.1673 -23.0615 -11.7445
I -34.993 -17.7819 -12.0207
I -35.0423 -28.5678 -23.2612
I -28.0991 -23.1516 -23.4634
I -35.0482 -17.9234 -23.1227
I -29.0649 -17.2347 -29.4121
I -28.5092 -28.7845 -17.5634
Cs -33.6704 -22.884 -5.84005
Cs -33.3565 -22.8733 5.87703
Cs -34.1802 -33.3265 -5.82302
Cs -33.9079 -11.7553 5.87316
I -34.9616 -28.3971 -11.7243
I -28.1252 -23.0445 11.6929
I -34.9496 -17.8001 11.4858
I -34.9392 -28.3244 0.0431387
I -28.0961 -23.0231 0.038027
I -34.9511 -17.8152 0.315507
I -28.9124 -17.1418 -5.87397
I -28.4691 -28.7274 5.86503
Cs -33.6581 -22.9018 17.5375
Cs -33.7106 -23.1151 29.0368
Cs -34.1632 -33.4606 17.4919
Cs -34.1014 -11.8756 29.4472
I -34.9609 -28.3744 11.6764
I -28.8406 -23.4101 34.9991
I -35.2718 -17.52 35.1264
I -35.0609 -28.5579 23.3852
I -28.1849 -23.1167 23.5214
I -35.103 -17.907 23.624
I -28.7707 -17.2211 17.6411
I -28.7034 -28.9247 29.3182
Cs -34.1629 -23.4799 40.1055
I -35.3415 -28.5302 34.4125
I -29.1498 -17.6507 41.4814
Cs -23.2172 -11.7299 -40.4804
Cs -23.3003 0.15666 -40.5996
I -17.5263 -11.5804 -35.4294
I -23.4211 -5.70917 -35.6988
I -17.7473 -17.5729 -41.6604
I -29.2156 -17.4506 -41.4476
Cs -23.1966 -11.4393 -29.7777
Cs -22.8946 -11.6863 -17.6082
Cs -23.2616 -23.0044 -29.5687
Cs -22.9594 -0.168108 -17.65
Pb -29.3985 -17.4038 -35.37
Pb -29.3705 -5.72143 -35.5427
Pb -28.9888 -17.3042 -23.4846
Pb -28.8741 -5.68434 -23.6312
I -28.9523 -11.5523 -35.2436
I -23.4114 -17.3679 -35.1238
I -16.0486 -11.2422 -12.2963
I -22.9844 -6.54103 -12.1865
I -29.719 -11.5005 -23.5774
I -23.0768 -16.1906 -23.9213
I -15.8528 -11.4055 -23.5263
I -22.9919 -7.03984 -23.488
I -28.6704 -5.73313 -29.5735
I -17.7412 -5.81099 -29.7078
I -17.6298 -17.3709 -17.7187
I -28.2265 -17.2529 -17.6198
Cs -23.4069 -11.1018 -5.89517
Cs -22.7107 -11.6816 5.85146
Cs -23.1354 -22.6098 -5.88631
Cs -22.9757 -0.258118 5.88412
Pb -28.9637 -17.219 -11.763
Pb -28.9219 -5.54661 -11.8222
Pb -28.9232 -17.1773 0.0181678
Pb -28.9536 -5.49355 -0.0214182
I -29.3543 -11.3856 -11.624
I -22.9689 -16.3612 -11.3424
I -15.9957 -11.2317 11.3003
I -23.0025 -6.58147 11.3166
I -29.4264 -11.3487 -0.183789
I -22.9402 -16.2848 -0.434467
I -16.0414 -11.2042 0.556086
I -23.0089 -6.52286 0.457295
I -28.3436 -5.25847 -5.91876
I -17.7767 -5.84818 -5.90918
I -17.5767 -17.4163 5.89098
I -28.1515 -17.1565 5.87363
Cs -23.4472 -11.2002 17.6691
Cs -23.0044 -11.772 29.728
Cs -23.1605 -22.7578 17.6007
Cs -23.1259 -0.225624 29.671
Pb -28.9181 -17.1952 11.7366
Pb -28.9361 -5.519 11.7704
Pb -29.029 -17.2616 23.5195
Pb -29.044 -5.6215 23.5439
I -29.4429 -11.3711 11.9548
I -22.9475 -16.2706 12.1149
I -17.3735 -11.6857 35.0898
I -23.357 -5.90114 35.1315
I -29.7543 -11.445 23.3502
I -23.0666 -16.153 23.4371
I -15.9746 -11.3845 24.1636
I -23.1594 -6.82447 24.1035
I -28.3264 -5.27884 17.6721
I -17.8204 -5.92358 17.7549
I -17.5135 -17.6539 29.5946
I -28.6547 -17.3733 29.4193
Cs -23.0887 -11.7039 40.3128
Cs -23.1582 -23.2557 40.3406
Pb -29.2375 -17.5864 35.3908
Pb -29.3425 -5.89674 35.4192
I -28.8716 -11.7345 35.1839
I -23.2771 -17.5229 35.3547
I -29.1895 -5.86433 41.4901
I -17.8103 -6.12547 41.7135
Cs -11.7762 -0.145401 -40.6718
Cs -11.6333 11.7985 -40.7213
I -5.85827 0.055197 -35.7718
I -11.7517 5.87741 -35.8258
I -6.17336 -6.10542 -41.7919
I -17.4305 -5.818 -41.7904
Cs -11.8181 0.310805 -30.1504
Cs -10.637 -0.291519 -17.8555
Cs -11.8515 -11.4324 -30.0047
Cs -11.4774 11.104 -17.8612
Pb -17.552 -5.74267 -35.7527
Pb -17.6055 5.92762 -35.9005
Pb -17.2105 -5.57439 -23.7221
Pb -17.3903 5.89338 -23.824
I -17.5854 0.0951005 -35.4585
I -11.7083 -5.6973 -35.1958
I -4.45352 0.151025 -12.5659
I -11.7158 4.69232 -12.5153
I -18.9258 0.146565 -24.0615
I -11.4433 -4.24376 -24.2975
I -4.32596 0.0301884 -23.3687
I -11.62 4.38568 -23.5507
I -17.3086 6.01761 -29.8401
I -6.18266 5.56751 -29.8093
I -6.15739 -6.35164 -17.8165
I -16.7766 -4.98565 -17.7995
Cs -12.6723 0.752605 -5.92282
Cs -10.5152 -0.307699 5.93102
Cs -11.9021 -10.4805 -5.90196
Cs -11.4289 10.898 5.9205
Pb -17.1783 -5.4255 -11.8739
Pb -17.4514 6.09029 -11.9255
Pb -17.1975 -5.38408 0.0379155
Pb -17.4945 6.16253 0.00861715
I -18.5838 0.318466 -11.3113
I -11.3868 -4.27902 -11.2257
I -4.46748 0.124038 11.2235
I -11.7211 4.72101 11.2122
I -18.6126 0.364697 -0.58351
I -11.3791 -4.30223 -0.661478
I -4.46983 0.150902 0.69538
I -11.7416 4.74851 0.684064
I -17.1274 6.81116 -5.95058
I -6.6611 5.42575 -5.95115
I -6.15989 -6.3831 5.9341
I -16.6826 -4.70824 5.91738
Cs -12.6014 0.671788 17.8137
Cs -11.4469 -0.265131 29.9818
Cs -11.9022 -10.5953 17.7866
Cs -11.4044 11.5571 29.8993
Pb -17.2017 -5.42697 11.7974
Pb -17.4776 6.12285 11.8136
Pb -17.3468 -5.60765 23.6996
Pb -17.4533 5.99113 23.7325
I -18.6073 0.325311 12.4033
I -11.3932 -4.31808 12.4975
I -5.70658 -0.0152822 35.1385
I -11.6738 5.76818 35.0093
I -18.7202 0.178335 23.2812
I -11.5396 -4.25858 23.3086
I -4.4155 0.131655 24.3357
I -11.7225 4.58295 24.354
I -17.1485 6.71873 17.7943
I -6.61369 5.45976 17.8155
I -6.1391 -6.13262 29.7214
I -17.1644 -5.42078 29.6536
Cs -11.5018 0.138143 40.4636
Cs -11.7769 -11.7818 40.5551
Pb -17.4961 -5.8532 35.6794
Pb -17.5237 5.85717 35.624
I -17.4673 -0.00440684 35.6212
I -11.6347 -5.84938 35.6745
I -17.3291 6.1196 41.6624
I -6.15546 5.66449 41.7354
Cs -0.147074 11.6061 -40.6272
Cs 0.0433031 23.1947 -40.6586
I 5.78461 11.7122 -35.7323
I -0.0923453 17.5146 -35.6144
I 5.65474 5.65788 -41.7945
I -5.67903 6.10505 -41.8941
Cs -0.208263 11.8793 -30.1457
Cs 0.617257 11.2416 -17.8651
Cs -0.299081 0.257657 -30.0527
Cs 0.00977178 22.8355 -17.7301
Pb -5.89396 5.89793 -35.8649
Pb -5.93257 17.5706 -35.8761
Pb -5.79804 5.83744 -23.8257
Pb -5.9702 17.3491 -23.8329
I -5.9742 11.7318 -35.378
I -0.0611024 5.96923 -35.2559
I 6.86443 11.4865 -12.4867
I -0.331681 16.1768 -12.3815
I -7.41657 11.5929 -24.2919
I -0.0207133 7.24251 -24.3499
I 7.14727 11.4905 -23.4126
I -0.165073 15.9114 -23.6581
I -5.81492 17.7357 -29.8274
I 5.54994 17.2008 -29.7445
I 5.12101 5.14336 -17.8368
I -5.42609 6.44384 -17.8771
Cs -1.2525 12.1542 -5.9283
Cs 0.727001 11.169 5.93325
Cs -0.555822 1.13689 -5.94914
Cs 0.0674349 22.7466 5.8841
Pb -5.92754 5.89771 -11.9197
Pb -6.09341 17.436 -11.9426
Pb -5.9373 5.90114 0.00340151
Pb -6.16629 17.4795 0.0203505
I -7.33426 11.6651 -11.3321
I -0.143666 7.16363 -11.2568
I 6.85659 11.4578 11.209
I -0.338322 16.2037 11.3008
I -7.32466 11.6789 -0.615837
I -0.144581 7.1261 -0.673514
I 6.80867 11.4711 0.66826
I -0.381404 16.2125 0.589457
I -5.84173 18.0592 -5.95326
I 4.8181 16.7954 -5.92539
I 4.99032 4.99423 5.93741
I -5.29721 6.5246 5.9334
Cs -1.09759 12.1453 17.8105
Cs 0.207961 11.3859 29.949
Cs -0.54132 1.02234 17.8581
Cs 0.14514 23.0883 29.7203
Pb -5.91331 5.88767 11.857
Pb -6.13294 17.4607 11.7964
Pb -5.93713 5.88094 23.7561
Pb -5.94892 17.5155 23.7149
I -7.29639 11.6705 12.4626
I -0.125661 7.11754 12.5332
I 5.93992 11.6293 35.1223
I 0.0189974 17.434 35.048
I -7.29264 11.7052 23.3168
I -0.113595 7.25808 23.2981
I 7.0885 11.5896 24.2987
I -0.18771 16.1638 24.225
I -5.75652 18.0692 17.7705
I 4.98344 16.8901 17.7729
I 5.3963 5.45266 29.7299
I -5.4698 6.28916 29.6863
Cs 0.19163 11.8208 40.5054
Cs -0.123082 -0.167925 40.5904
Pb -5.8341 5.82716 35.7088
Pb -5.82111 17.5569 35.6586
I -5.80689 11.6943 35.6697
I 0.022826 5.82746 35.7733
I -5.64554 17.8537 41.6913
I 5.73731 17.3882 41.6745
Cs 11.5581 23.2746 -40.4354
Cs 11.6252 34.3683 -40.2068
I 17.3517 23.4037 -35.4552
I 11.5704 29.0389 -35.1126
I 17.4478 17.4511 -41.6573
I 5.9352 17.839 -41.8285
Cs 11.4409 23.2225 -29.897
Cs 11.7517 22.8118 -17.6038
Cs 11.3324 11.7941 -29.9954
Cs 11.5104 33.3153 -17.6276
Pb 5.75084 17.5657 -35.7935
Pb 5.73468 29.4042 -35.5539
Pb 5.65429 17.2691 -23.7525
Pb 5.66652 28.9177 -23.6295
I 5.73736 23.4211 -35.3345
I 11.5813 17.5463 -35.2769
I 18.1099 22.8848 -12.0442
I 11.3542 27.913 -11.8804
I 4.30742 23.0772 -24.1065
I 11.4357 18.7061 -24.0105
I 18.4493 22.9611 -23.4324
I 11.4696 27.7219 -23.6497
I 5.626 29.109 -29.5912
I 17.3456 28.6895 -29.4418
I 16.7578 16.6929 -17.7315
I 5.84776 17.7662 -17.8085
Cs 10.6344 23.3665 -5.90288
Cs 11.8305 22.788 5.89166
Cs 10.9496 12.3293 -5.90424
Cs 11.4289 33.368 5.86887
Pb 5.47796 17.234 -11.8659
Pb 5.57143 29.0445 -11.8665
Pb 5.44814 17.2361 0.00508903
Pb 5.52756 29.0474 0.00543108
I 4.5238 23.0858 -11.3752
I 11.2918 18.3386 -11.2849
I 18.0727 22.9039 11.4527
I 11.3368 27.9143 11.6569
I 4.47765 23.0917 -0.51089
I 11.2755 18.3178 -0.566444
I 18.0847 22.8836 0.334869
I 11.3173 27.8822 0.11489
I 5.52564 29.1252 -5.93136
I 16.9727 28.2624 -5.88537
I 16.5563 16.5916 5.90062
I 5.96541 17.8621 5.9109
Cs 10.699 23.3897 17.6892
Cs 11.8246 23.0316 29.6583
Cs 11.087 12.2625 17.774
Cs 11.6375 33.6978 29.0967
Pb 5.49718 17.2239 11.8171
Pb 5.54612 29.0357 11.7406
Pb 5.61687 17.33 23.6953
Pb 5.647 29.1471 23.6002
I 4.519 23.0858 12.27
I 11.3156 18.3296 12.3732
I 17.5546 23.2777 35.1884
I 11.7501 28.8722 35.0739
I 4.49009 23.1947 23.3266
I 11.4384 18.6207 23.2915
I 18.41 23.0333 23.8351
I 11.4406 27.9313 23.7172
I 5.55483 29.0897 17.6879
I 17.0053 28.3043 17.6393
I 17.2123 17.2106 29.5892
I 6.08299 17.8546 29.6141
Cs 11.8538 23.1934 40.4479
Cs 11.6562 11.5364 40.4509
Pb 5.86038 17.4707 35.6346
Pb 5.91303 29.2705 35.4889
I 5.90659 23.3353 35.613
I 11.7161 17.415 35.4938
I 6.08437 29.3055 41.5908
I 17.5949 29.1231 41.4657
Cs 23.3678 34.3242 -40.1291
I 28.5075 35.4785 -34.4431
I 28.605 28.7237 -41.4256
I 17.4281 29.3909 -41.492
Cs 22.8139 34.1326 -29.2962
Cs 22.6554 34.0344 -17.5587
Cs 23.0991 23.214 -29.517
Pb 17.4326 29.3624 -35.4095
Pb 17.2713 28.8535 -23.5328
I 17.4041 35.3991 -35.0705
I 23.2673 28.9875 -35.0677
I 29.3732 35.0765 -11.7415
I 16.8556 34.9244 -23.3661
I 23.1289 29.4746 -23.5137
I 29.334 35.1833 -23.2181
I 28.5496 28.6233 -17.578
I 17.2984 28.4993 -17.6619
Cs 22.2706 34.0283 -5.89338
Cs 22.6983 33.9964 5.86322
Cs 22.8262 23.077 -5.85868
Pb 17.1617 28.8159 -11.7641
Pb 17.1277 28.8215 -0.0104596
I 16.7377 34.8573 -11.709
I 23.0099 29.3416 -11.6823
I 29.349 35.0864 11.5281
I 16.6997 34.8683 -0.123078
I 22.9849 29.3613 -0.0923812
I 29.4127 35.0459 0.0897205
I 28.485 28.5789 5.8464
I 17.2809 28.6216 5.87493
Cs 22.3141 34.1043 17.5193
Cs 23.0838 34.096 29.3584
Cs 22.8887 23.114 17.5441
Pb 17.1475 28.8442 11.757
Pb 17.2579 28.9194 23.5124
I 16.7424 34.8917 11.8146
I 23.0053 29.3337 11.8074
I 28.7465 35.3033 34.5433
I 16.6937 34.969 23.2453
I 23.104 29.5865 23.4105
I 29.4162 35.2194 23.4029
I 28.8091 28.8172 29.2923
I 17.5032 28.8743 29.4316
Cs 23.5878 34.092 40.223
Cs 23.31 23.0685 40.2187
Pb 17.613 29.2488 35.3978
I 17.6668 35.3012 35.1984
I 23.4513 28.8429 35.0758
Cs 34.0748 33.9703 -29.1419
Cs 34.1056 33.4718 -5.83969
Cs 34.0788 33.6205 17.4537
Cs -34.0788 -33.6205 -17.4537
Cs -34.1056 -33.4718 5.83969
Cs -34.0748 -33.9703 29.1419
Cs -23.5878 -34.092 -40.223
Cs -23.31 -23.0685 -40.2187
I -17.6668 -35.3012 -35.1984
I -23.4513 -28.8429 -35.0758
Cs -23.0838 -34.096 -29.3584
Cs -22.3141 -34.1043 -17.5193
Cs -22.8887 -23.114 -17.5441
Pb -29.5357 -29.2887 -35.3489
Pb -29.0071 -29.1248 -23.4201
I -28.7465 -35.3033 -34.5433
I -16.7424 -34.8917 -11.8146
I -23.0053 -29.3337 -11.8074
I -29.4162 -35.2194 -23.4029
I -16.6937 -34.969 -23.2453
I -23.104 -29.5865 -23.4105
I -28.8091 -28.8172 -29.2923
I -17.5032 -28.8743 -29.4316
Cs -22.6983 -33.9964 -5.86322
Cs -22.2706 -34.0283 5.89338
Cs -22.8262 -23.077 5.85868
Pb -28.9226 -29.0224 -11.6962
Pb -28.8986 -28.9826 0.00569375
I -29.349 -35.0864 -11.5281
I -16.7377 -34.8573 11.709
I -23.0099 -29.3416 11.6823
I -29.4127 -35.0459 -0.0897205
I -16.6997 -34.8683 0.123078
I -22.9849 -29.3613 0.0923812
I -28.485 -28.5789 -5.8464
I -17.2809 -28.6216 -5.87493
Cs -22.6554 -34.0344 17.5587
Cs -22.8139 -34.1326 29.2962
Cs -23.0991 -23.214 29.517
Pb -28.9251 -29.0083 11.7203
Pb -29.0298 -29.0869 23.4364
I -29.3732 -35.0765 11.7415
I -17.4041 -35.3991 35.0705
I -23.2673 -28.9875 35.0677
I -29.334 -35.1833 23.2181
I -16.8556 -34.9244 23.3661
I -23.1289 -29.4746 23.5137
I -28.5496 -28.6233 17.578
I -17.2984 -28.4993 17.6619
Cs -23.3678 -34.3242 40.1291
Pb -29.3458 -29.479 35.3664
I -28.5075 -35.4785 34.4431
I -28.605 -28.7237 41.4256
I -17.4281 -29.3909 41.492
Cs -11.8538 -23.1934 -40.4479
Cs -11.6562 -11.5364 -40.4509
I -5.90659 -23.3353 -35.613
I -11.7161 -17.415 -35.4938
I -6.08437 -29.3055 -41.5908
I -17.5949 -29.1231 -41.4657
Cs -11.8246 -23.0316 -29.6583
Cs -10.699 -23.3897 -17.6892
Cs -11.6375 -33.6978 -29.0967
Cs -11.087 -12.2625 -17.774
Pb -17.613 -29.2488 -35.3978
Pb -17.5676 -17.4323 -35.6185
Pb -17.2579 -28.9194 -23.5124
Pb -17.2159 -17.1983 -23.6344
I -17.5546 -23.2777 -35.1884
I -11.7501 -28.8722 -35.0739
I -4.519 -23.0858 -12.27
I -11.3156 -18.3296 -12.3732
I -18.41 -23.0333 -23.8351
I -11.4406 -27.9313 -23.7172
I -4.49009 -23.1947 -23.3266
I -11.4384 -18.6207 -23.2915
I -17.2123 -17.2106 -29.5892
I -6.08299 -17.8546 -29.6141
I -5.55483 -29.0897 -17.6879
I -17.0053 -28.3043 -17.6393
Cs -11.8305 -22.788 -5.89166
Cs -10.6344 -23.3665 5.90288
Cs -11.4289 -33.368 -5.86887
Cs -10.9496 -12.3293 5.90424
Pb -17.1475 -28.8442 -11.757
Pb -17.0849 -17.0595 -11.7976
Pb -17.1277 -28.8215 0.0104596
Pb -17.0516 -17.0375 -0.0102518
I -18.0727 -22.9039 -11.4527
I -11.3368 -27.9143 -11.6569
I -4.5238 -23.0858 11.3752
I -11.2918 -18.3386 11.2849
I -18.0847 -22.8836 -0.334869
I -11.3173 -27.8822 -0.11489
I -4.47765 -23.0917 0.51089
I -11.2755 -18.3178 0.566444
I -16.5563 -16.5916 -5.90062
I -5.96541 -17.8621 -5.9109
I -5.52564 -29.1252 5.93136
I -16.9727 -28.2624 5.88537
Cs -11.7517 -22.8118 17.6038
Cs -11.4409 -23.2225 29.897
Cs -11.5104 -33.3153 17.6276
Cs -11.3324 -11.7941 29.9954
Pb -17.1617 -28.8159 11.7641
Pb -17.0659 -17.0461 11.8057
Pb -17.2713 -28.8535 23.5328
Pb -17.1777 -17.1617 23.6488
I -18.1099 -22.8848 12.0442
I -11.3542 -27.913 11.8804
I -5.73736 -23.4211 35.3345
I -11.5813 -17.5463 35.2769
I -18.4493 -22.9611 23.4324
I -11.4696 -27.7219 23.6497
I -4.30742 -23.0772 24.1065
I -11.4357 -18.7061 24.0105
I -16.7578 -16.6929 17.7315
I -5.84776 -17.7662 17.8085
I -5.626 -29.109 29.5912
I -17.3456 -28.6895 29.4418
Cs -11.5581 -23.2746 40.4354
Cs -11.6252 -34.3683 40.2068
Pb -17.4326 -29.3624 35.4095
Pb -17.4273 -17.537 35.6198
I -17.3517 -23.4037 35.4552
I -11.5704 -29.0389 35.1126
I -17.4478 -17.4511 41.6573
I -5.9352 -17.839 41.8285
Cs -0.19163 -11.8208 -40.5054
Cs 0.123082 0.167925 -40.5904
I 5.80689 -11.6943 -35.6697
I -0.022826 -5.82746 -35.7733
I 5.64554 -17.8537 -41.6913
I -5.73731 -17.3882 -41.6745
Cs -0.207961 -11.3859 -29.949
Cs 1.09759 -12.1453 -17.8105
Cs -0.14514 -23.0883 -29.7203
Cs 0.54132 -1.02234 -17.8581
Pb -5.86038 -17.4707 -35.6346
Pb -5.87235 -5.79551 -35.7659
Pb -5.61687 -17.33 -23.6953
Pb -5.69002 -5.80944 -23.7694
I -5.93992 -11.6293 -35.1223
I -0.0189974 -17.434 -35.048
I 7.29639 -11.6705 -12.4626
I 0.125661 -7.11754 -12.5332
I -7.0885 -11.5896 -24.2987
I 0.18771 -16.1638 -24.225
I 7.29264 -11.7052 -23.3168
I 0.113595 -7.25808 -23.2981
I -5.3963 -5.45266 -29.7299
I 5.4698 -6.28916 -29.6863
I 5.75652 -18.0692 -17.7705
I -4.98344 -16.8901 -17.7729
Cs -0.727001 -11.169 -5.93325
Cs 1.2525 -12.1542 5.9283
Cs -0.0674349 -22.7466 -5.8841
Cs 0.555822 -1.13689 5.94914
Pb -5.49718 -17.2239 -11.8171
Pb -5.62145 -5.65546 -11.865
Pb -5.44814 -17.2361 -0.00508903
Pb -5.60378 -5.66623 -0.0125497
I -6.85659 -11.4578 -11.209
I 0.338322 -16.2037 -11.3008
I 7.33426 -11.6651 11.3321
I 0.143666 -7.16363 11.2568
I -6.80867 -11.4711 -0.66826
I 0.381404 -16.2125 -0.589457
I 7.32466 -11.6789 0.615837
I 0.144581 -7.1261 0.673514
I -4.99032 -4.99423 -5.93741
I 5.29721 -6.5246 -5.9334
I 5.84173 -18.0592 5.95326
I -4.8181 -16.7954 5.92539
Cs -0.617257 -11.2416 17.8651
Cs 0.208263 -11.8793 30.1457
Cs -0.00977178 -22.8355 17.7301
Cs 0.299081 -0.257657 30.0527
Pb -5.47796 -17.234 11.8659
Pb -5.61122 -5.69687 11.8856
Pb -5.65429 -17.2691 23.7525
Pb -5.72362 -5.66164 23.7684
I -6.86443 -11.4865 12.4867
I 0.331681 -16.1768 12.3815
I 5.9742 -11.7318 35.378
I 0.0611024 -5.96923 35.2559
I -7.14727 -11.4905 23.4126
I 0.165073 -15.9114 23.6581
I 7.41657 -11.5929 24.2919
I 0.0207133 -7.24251 24.3499
I -5.12101 -5.14336 17.8368
I 5.42609 -6.44384 17.8771
I 5.81492 -17.7357 29.8274
I -5.54994 -17.2008 29.7445
Cs 0.147074 -11.6061 40.6272
Cs -0.0433031 -23.1947 40.6586
Pb -5.75084 -17.5657 35.7935
Pb -5.77674 -5.85141 35.765
I -5.78461 -11.7122 35.7323
I 0.0923453 -17.5146 35.6144
I -5.65474 -5.65788 41.7945
I 5.67903 -6.10505 41.8941
Cs 11.5018 -0.138143 -40.4636
Cs 11.7769 11.7818 -40.5551
I 17.4673 0.00440684 -35.6212
I 11.6347 5.84938 -35.6745
I 17.3291 -6.1196 -41.6624
I 6.15546 -5.66449 -41.7354
Cs 11.4469 0.265131 -29.9818
Cs 12.6014 -0.671788 -17.8137
Cs 11.4044 -11.5571 -29.8993
Cs 11.9022 10.5953 -17.7866
Pb 5.8341 -5.82716 -35.7088
Pb 5.77674 5.85141 -35.765
Pb 5.93713 -5.88094 -23.7561
Pb 5.72362 5.66164 -23.7684
I 5.70658 0.0152822 -35.1385
I 11.6738 -5.76818 -35.0093
I 18.6073 -0.325311 -12.4033
I 11.3932 4.31808 -12.4975
I 4.4155 -0.131655 -24.3357
I 11.7225 -4.58295 -24.354
I 18.7202 -0.178335 -23.2812
I 11.5396 4.25858 -23.3086
I 6.1391 6.13262 -29.7214
I 17.1644 5.42078 -29.6536
I 17.1485 -6.71873 -17.7943
I 6.61369 -5.45976 -17.8155
Cs 10.5152 0.307699 -5.93102
Cs 12.6723 -0.752605 5.92282
Cs 11.4289 -10.898 -5.9205
Cs 11.9021 10.4805 5.90196
Pb 5.91331 -5.88767 -11.857
Pb 5.61122 5.69687 -11.8856
Pb 5.9373 -5.90114 -0.00340151
Pb 5.60378 5.66623 0.0125497
I 4.46748 -0.124038 -11.2235
I 11.7211 -4.72101 -11.2122
I 18.5838 -0.318466 11.3113
I 11.3868 4.27902 11.2257
I 4.46983 -0.150902 -0.69538
I 11.7416 -4.74851 -0.684064
I 18.6126 -0.364697 0.58351
I 11.3791 4.30223 0.661478
I 6.15989 6.3831 -5.9341
I 16.6826 4.70824 -5.91738
I 17.1274 -6.81116 5.95058
I 6.6611 -5.42575 5.95115
Cs 10.637 0.291519 17.8555
Cs 11.8181 -0.310805 30.1504
Cs 11.4774 -11.104 17.8612
Cs 11.8515 11.4324 30.0047
Pb 5.92754 -5.89771 11.9197
Pb 5.62145 5.65546 11.865
Pb 5.79804 -5.83744 23.8257
Pb 5.69002 5.80944 23.7694
I 4.45352 -0.151025 12.5659
I 11.7158 -4.69232 12.5153
I 17.5854 -0.0951005 35.4585
I 11.7083 5.6973 35.1958
I 4.32596 -0.0301884 23.3687
I 11.62 -4.38568 23.5507
I 18.9258 -0.146565 24.0615
I 11.4433 4.24376 24.2975
I 6.15739 6.35164 17.8165
I 16.7766 4.98565 17.7995
I 17.3086 -6.01761 29.8401
I 6.18266 -5.56751 29.8093
Cs 11.7762 0.145401 40.6718
Cs 11.6333 -11.7985 40.7213
Pb 5.89396 -5.89793 35.8649
Pb 5.87235 5.79551 35.7659
I 5.85827 -0.055197 35.7718
I 11.7517 -5.87741 35.8258
I 6.17336 6.10542 41.7919
I 17.4305 5.818 41.7904
Cs 23.0887 11.7039 -40.3128
Cs 23.1582 23.2557 -40.3406
I 28.8716 11.7345 -35.1839
I 23.2771 17.5229 -35.3547
I 29.1895 5.86433 -41.4901
I 17.8103 6.12547 -41.7135
Cs 23.0044 11.772 -29.728
Cs 23.4472 11.2002 -17.6691
Cs 23.1259 0.225624 -29.671
Cs 23.1605 22.7578 -17.6007
Pb 17.4961 5.8532 -35.6794
Pb 17.4273 17.537 -35.6198
Pb 17.3468 5.60765 -23.6996
Pb 17.1777 17.1617 -23.6488
I 17.3735 11.6857 -35.0898
I 23.357 5.90114 -35.1315
I 29.4429 11.3711 -11.9548
I 22.9475 16.2706 -12.1149
I 15.9746 11.3845 -24.1636
I 23.1594 6.82447 -24.1035
I 29.7543 11.445 -23.3502
I 23.0666 16.153 -23.4371
I 17.5135 17.6539 -29.5946
I 28.6547 17.3733 -29.4193
I 28.3264 5.27884 -17.6721
I 17.8204 5.92358 -17.7549
Cs 22.7107 11.6816 -5.85146
Cs 23.4069 11.1018 5.89517
Cs 22.9757 0.258118 -5.88412
Cs 23.1354 22.6098 5.88631
Pb 17.2017 5.42697 -11.7974
Pb 17.0659 17.0461 -11.8057
Pb 17.1975 5.38408 -0.0379155
Pb 17.0516 17.0375 0.0102518
I 15.9957 11.2317 -11.3003
I 23.0025 6.58147 -11.3166
I 29.3543 11.3856 11.624
I 22.9689 16.3612 11.3424
I 16.0414 11.2042 -0.556086
I 23.0089 6.52286 -0.457295
I 29.4264 11.3487 0.183789
I 22.9402 16.2848 0.434467
I 17.5767 17.4163 -5.89098
I 28.1515 17.1565 -5.87363
I 28.3436 5.25847 5.91876
I 17.7767 5.84818 5.90918
Cs 22.8946 11.6863 17.6082
Cs 23.1966 11.4393 29.7777
Cs 22.9594 0.168108 17.65
Cs 23.2616 23.0044 29.5687
Pb 17.1783 5.4255 11.8739
Pb 17.0849 17.0595 11.7976
Pb 17.2105 5.57439 23.7221
Pb 17.2159 17.1983 23.6344
I 16.0486 11.2422 12.2963
I 22.9844 6.54103 12.1865
I 28.9523 11.5523 35.2436
I 23.4114 17.3679 35.1238
I 15.8528 11.4055 23.5263
I 22.9919 7.03984 23.488
I 29.719 11.5005 23.5774
I 23.0768 16.1906 23.9213
I 17.6298 17.3709 17.7187
I 28.2265 17.2529 17.6198
I 28.6704 5.73313 29.5735
I 17.7412 5.81099 29.7078
Cs 23.2172 11.7299 40.4804
Cs 23.3003 -0.15666 40.5996
Pb 17.552 5.74267 35.7527
Pb 17.5676 17.4323 35.6185
I 17.5263 11.5804 35.4294
I 23.4211 5.70917 35.6988
I 17.7473 17.5729 41.6604
I 29.2156 17.4506 41.4476
Cs 34.1629 23.4799 -40.1055
I 35.3415 28.5302 -34.4125
I 29.1498 17.6507 -41.4814
Cs 33.7106 23.1151 -29.0368
Cs 33.6581 22.9018 -17.5375
Cs 34.1014 11.8756 -29.4472
Cs 34.1632 33.4606 -17.4919
Pb 29.2375 17.5864 -35.3908
Pb 29.3458 29.479 -35.3664
Pb 29.029 17.2616 -23.5195
Pb 29.0298 29.0869 -23.4364
I 28.8406 23.4101 -34.9991
I 35.2718 17.52 -35.1264
I 34.9609 28.3744 -11.6764
I 28.1849 23.1167 -23.5214
I 35.103 17.907 -23.624
I 35.0609 28.5579 -23.3852
I 28.7034 28.9247 -29.3182
I 28.7707 17.2211 -17.6411
Cs 33.3565 22.8733 -5.87703
Cs 33.6704 22.884 5.84005
Cs 33.9079 11.7553 -5.87316
Cs 34.1802 33.3265 5.82302
Pb 28.9181 17.1952 -11.7366
Pb 28.9251 29.0083 -11.7203
Pb 28.9232 17.1773 -0.0181678
Pb 28.8986 28.9826 -0.00569375
I 28.1252 23.0445 -11.6929
I 34.9496 17.8001 -11.4858
I 34.9616 28.3971 11.7243
I 28.0961 23.0231 -0.038027
I 34.9511 17.8152 -0.315507
I 34.9392 28.3244 -0.0431387
I 28.4691 28.7274 -5.86503
I 28.9124 17.1418 5.87397
Cs 33.4087 22.9549 17.5462
Cs 33.8537 23.0462 28.8119
Cs 34.0266 11.6077 17.479
Cs 34.2454 33.8152 29.1738
Pb 28.9637 17.219 11.763
Pb 28.9226 29.0224 11.6962
Pb 28.9888 17.3042 23.4846
Pb 29.0071 29.1248 23.4201
I 28.1673 23.0615 11.7445
I 34.993 17.7819 12.0207
I 35.5182 28.3074 34.3435
I 28.0991 23.1516 23.4634
I 35.0482 17.9234 23.1227
I 35.0423 28.5678 23.2612
I 28.5092 28.7845 17.5634
I 29.0649 17.2347 29.4121
Cs 34.335 23.2359 40.0478
Cs 34.273 11.5948 40.3498
Pb 29.3985 17.4038 35.37
Pb 29.5357 29.2887 35.3489
I 29.0247 23.2334 34.9274
I 35.4477 17.219 35.2039
I 28.8025 28.4712 41.4075
Cs -11.8582 -34.2298 -40.1633
Cs -11.4587 -33.6995 -17.5084
Cs -11.4541 -33.6895 5.89935
Cs -11.6199 -33.7229 28.9
Cs -0.157384 -34.105 -40.4851
Cs 0.0455764 -23.0704 -40.3489
I 5.57927 -35.4745 -35.555
I -0.0601198 -28.9015 -35.2608
Cs -0.321346 -34.1814 -29.5782
Cs 0.912086 -34.5332 -17.6405
Cs 0.511619 -23.7149 -17.7283
Pb -5.91303 -29.2705 -35.4889
Pb -5.647 -29.1471 -23.6002
I -5.90269 -35.308 -35.2474
I 6.73465 -35.2092 -12.0874
I 0.259633 -29.7471 -12.0159
I -6.37647 -35.1741 -23.8274
I 6.75311 -35.2848 -23.2327
I 0.174815 -29.9081 -23.439
I -5.74655 -28.6441 -29.5172
I 5.74305 -29.4147 -29.5287
Cs -0.389382 -34.0739 -5.87575
Cs 0.981012 -34.4992 5.98802
Cs 0.590999 -23.7242 5.94164
Pb -5.54612 -29.0357 -11.7406
Pb -5.52756 -29.0474 -0.00543108
I -6.35487 -35.0233 -11.4116
I 6.67338 -35.2118 11.7306
I 0.236256 -29.7006 11.6396
I -6.37301 -35.0278 -0.36583
I 6.82186 -35.2156 0.397617
I 0.282015 -29.79 0.279249
I -5.49688 -28.1796 -5.87635
I 5.81191 -29.1916 -5.87072
Cs -0.38413 -34.13 17.6306
Cs 0.304526 -34.2258 29.8511
Cs 0.240409 -23.2208 30.0236
Pb -5.57143 -29.0445 11.8665
Pb -5.66652 -28.9177 23.6295
I -6.35819 -35.0323 12.2136
I 5.85466 -35.4241 35.5501
I 0.106239 -28.9487 35.466
I -6.5538 -34.9516 23.213
I 6.70456 -35.1096 23.8425
I 0.100471 -29.9894 23.79
I -5.62916 -28.1703 17.7424
I 5.79337 -28.9055 17.8597
Cs 0.0812639 -34.1831 40.6647
Pb -5.73468 -29.4042 35.5539
I -5.53348 -35.4571 35.5325
I -5.89151 -29.2284 41.6407
I 6.01313 -29.3698 41.8297
Cs 11.462 -23.3181 -40.4179
Cs 11.8069 -11.5137 -40.3931
I 17.41 -23.4271 -35.6153
I 11.6836 -17.4793 -35.5401
I 17.3893 -29.4059 -41.6141
I 5.83776 -29.1473 -41.547
Cs 11.5417 -23.2162 -29.6763
Cs 12.3943 -23.6479 -17.8434
Cs 11.8432 -33.9782 -29.0925
Cs 12.2397 -12.6536 -17.848
Pb 5.79235 -29.4045 -35.4766
Pb 5.82111 -17.5569 -35.6586
Pb 5.99954 -29.2615 -23.6068
Pb 5.94892 -17.5155 -23.7149
I 5.80653 -23.4224 -35.089
I 11.6508 -29.0493 -35.0707
I 18.9343 -23.4967 -12.142
I 11.8956 -18.8595 -12.3153
I 4.88572 -23.3534 -24.1432
I 11.8119 -28.2709 -23.8172
I 18.4805 -23.4226 -23.4326
I 11.7681 -18.7285 -23.3771
I 6.22931 -17.2573 -29.6434
I 17.3055 -18.0203 -29.6183
I 17.7124 -29.2038 -17.7332
I 6.33722 -28.5783 -17.7136
Cs 11.3683 -23.2004 -5.88777
Cs 12.414 -23.6885 6.0685
Cs 11.7849 -33.7471 -5.8364
Cs 12.2952 -12.7818 5.95147
Pb 6.10278 -29.1927 -11.7777
Pb 6.13294 -17.4607 -11.7964
Pb 6.12472 -29.211 0.0475417
Pb 6.16629 -17.4795 -0.0203505
I 4.99572 -23.2646 -11.3612
I 11.9157 -28.139 -11.6931
I 18.5661 -23.4651 11.7103
I 11.8603 -18.7217 11.5123
I 5.00798 -23.2818 -0.417726
I 11.9314 -28.1331 -0.0731835
I 18.9634 -23.5367 0.398953
I 11.9222 -18.8938 0.513868
I 6.81549 -16.9853 -5.91114
I 17.3691 -18.257 -5.89223
I 17.7318 -29.2462 6.04132
I 6.38087 -28.6248 5.98325
Cs 11.4797 -23.1609 17.7469
Cs 11.7781 -23.3018 30.1332
Cs 11.6986 -33.6753 17.8529
Cs 11.8668 -11.7385 30.2458
Pb 6.05079 -29.2012 11.929
Pb 6.09341 -17.436 11.9426
Pb 5.89502 -29.0487 23.7745
Pb 5.9702 -17.3491 23.8329
I 5.05341 -23.2554 12.2225
I 11.8544 -28.2954 12.0545
I 17.5865 -23.467 35.6051
I 11.7677 -17.5891 35.5095
I 4.5546 -23.1595 23.6879
I 11.7064 -27.8852 23.8595
I 18.9012 -23.2253 23.9997
I 11.7075 -19.0377 24.0819
I 6.47205 -17.1005 17.887
I 17.3924 -17.8349 17.9197
I 17.5867 -28.9404 29.7441
I 5.91721 -28.7915 29.7424
Cs 11.8097 -23.2489 40.7093
Cs 11.7942 -34.3843 40.4961
Pb 5.94313 -29.3879 35.7234
Pb 5.93257 -17.5706 35.8761
I 5.9438 -23.4339 35.7888
I 11.7821 -29.0417 35.4118
I 5.96789 -17.4845 41.916
I 17.5667 -17.6476 41.9476
Cs 23.0346 -11.8171 -40.316
Cs 23.3198 0.238814 -40.4574
I 28.9145 -11.6593 -35.2593
I 23.3988 -5.77659 -35.7294
I 29.0946 -17.4992 -41.543
I 17.7078 -17.3549 -41.6449
Cs 23.1885 -11.611 -29.595
Cs 23.766 -12.1366 -17.8324
Cs 23.3228 -23.2504 -29.4954
Cs 23.5674 -1.00513 -17.7535
Pb 17.5484 -17.5503 -35.6047
Pb 17.5237 -5.85717 -35.624
Pb 17.5811 -17.569 -23.7187
Pb 17.4533 -5.99113 -23.7325
I 17.4759 -11.7001 -34.928
I 23.4105 -17.5194 -35.0333
I 30.0725 -11.8993 -11.9709
I 23.3075 -7.23839 -12.273
I 16.3848 -11.8064 -24.2943
I 23.4545 -16.8525 -24.0532
I 29.7683 -11.8283 -23.5658
I 23.3045 -7.0529 -23.324
I 18.0519 -5.52284 -29.6313
I 28.6985 -5.95434 -29.5455
I 28.8106 -17.8061 -17.7228
I 18.1179 -17.4225 -17.7782
Cs 23.0269 -11.6809 -5.8594
Cs 23.789 -12.1789 6.03596
Cs 23.3805 -23.1049 -5.86138
Cs 23.5896 -1.05997 5.94493
Pb 17.6747 -17.7014 -11.7887
Pb 17.4776 -6.12285 -11.8136
Pb 17.7 -17.7456 0.0110228
Pb 17.4945 -6.16253 -0.00861715
I 16.3541 -11.9346 -11.3859
I 23.4834 -16.6029 -11.5339
I 29.8477 -11.8578 11.8364
I 23.2922 -7.09233 11.462
I 16.4044 -11.9752 -0.496308
I 23.5056 -16.6467 -0.218607
I 30.0737 -11.9168 0.228137
I 23.3313 -7.23486 0.517016
I 18.1625 -5.74209 -5.91228
I 28.4045 -6.15148 -5.86705
I 28.8756 -17.8272 6.02264
I 18.1485 -17.5166 5.9945
Cs 23.0921 -11.7011 17.7447
Cs 23.2389 -11.8795 30.092
Cs 23.3075 -23.1289 17.7825
Cs 23.2516 -0.207668 30.0571
Pb 17.638 -17.6411 11.9802
Pb 17.4514 -6.09029 11.9255
Pb 17.4377 -17.4512 23.8648
Pb 17.3903 -5.89338 23.824
I 16.4321 -11.8899 12.3271
I 23.4751 -16.8514 12.1508
I 28.9994 -11.7951 35.5231
I 23.4598 -5.95816 35.4777
I 15.9698 -11.7008 23.8355
I 23.2969 -16.2705 23.8092
I 30.0833 -11.7008 23.8145
I 23.1611 -7.40552 24.1405
I 17.9467 -5.8419 17.8755
I 28.3255 -5.94227 17.8237
I 28.9189 -17.5256 29.7473
I 17.6522 -17.5006 29.8573
Cs 23.2423 -11.719 40.6977
Cs 23.2992 -23.3066 40.6548
Pb 17.6104 -17.6178 35.9003
Pb 17.6055 -5.92762 35.9005
I 17.5384 -11.7684 35.6493
I 23.461 -17.5838 35.6612
I 17.8593 -5.86193 41.9398
I 29.2996 -5.82145 41.7393
Cs 34.3528 0.154219 -40.1019
Cs 34.1183 11.8386 -40.3625
I 35.411 6.11761 -35.3447
I 29.478 -5.58896 -41.6076
Cs 33.8242 -0.118548 -29.0372
Cs 33.7983 -0.208803 -17.5039
Cs 34.2199 -11.4347 -29.5888
Cs 34.3171 10.764 -17.5206
Pb 29.3257 -5.79882 -35.5136
Pb 29.3425 5.89674 -35.4192
Pb 29.2537 -5.97857 -23.6341
Pb 29.044 5.6215 -23.5439
I 28.9695 0.0505634 -35.0323
I 35.37 -5.8382 -35.205
I 34.9815 5.03763 -11.9817
I 28.0575 -0.196653 -23.7867
I 35.291 -5.52894 -23.8208
I 35.0815 4.92716 -23.1578
I 29.1989 5.92002 -29.4665
I 29.2454 -6.14345 -17.7128
Cs 33.5515 -0.153419 -5.8535
Cs 33.8306 -0.17894 5.99614
Cs 34.3496 -11.1543 -5.86747
Cs 34.1496 10.7719 5.92787
Pb 29.215 -6.09172 -11.7425
Pb 28.9361 5.519 -11.7704
Pb 29.2539 -6.09902 0.0215561
Pb 28.9536 5.49355 0.0214182
I 28.0044 -0.306296 -11.6478
I 35.1971 -5.22969 -11.4499
I 34.9552 5.13573 11.695
I 28.0158 -0.322675 -0.126315
I 35.2277 -5.23545 -0.307905
I 34.9821 5.00184 0.326806
I 28.9274 5.77818 -5.87803
I 29.3238 -6.17912 5.98622
Cs 33.461 -0.0427966 17.7116
Cs 33.7042 -0.0381536 29.0462
Cs 34.3299 -11.0761 17.7698
Cs 34.1544 11.3229 29.5192
Pb 29.2295 -6.03346 11.9414
Pb 28.9219 5.54661 11.8222
Pb 28.9703 -5.92167 23.7214
Pb 28.8741 5.68434 23.6312
I 28.0691 -0.263838 11.9539
I 35.2092 -5.28158 12.285
I 35.4063 5.78245 35.2368
I 27.7323 -0.122987 23.7688
I 35.013 -5.04801 23.3315
I 34.9616 5.1051 23.5923
I 28.6768 5.77414 17.7373
I 29.0991 -6.03373 29.6853
Cs 34.4284 -0.098965 40.2856
Cs 34.2205 -11.8068 40.7283
Pb 29.4393 -5.95716 35.651
Pb 29.3705 5.72143 35.5427
I 29.0489 -0.11971 35.2377
I 35.4917 -6.15537 35.5975
I 29.4641 5.6809 41.6428
Cs 11.6044 -34.3114 -40.2474
Cs 11.879 -33.9161 -17.6173
Cs 11.8764 -33.9701 6.07347
Cs 11.764 -33.7713 29.3095
Cs 23.4181 -34.1853 -40.3733
Cs 23.3024 -23.0554 -40.3279
I 28.6418 -35.4717 -34.8118
I 23.398 -28.9272 -35.2166
Cs 23.0335 -34.2228 -29.5788
Cs 23.203 -34.6523 -18.0677
Cs 23.5793 -23.5615 -17.9129
Pb 17.5318 -29.3622 -35.5346
Pb 17.611 -29.3584 -23.6577
I 17.511 -35.4074 -35.2392
I 30.369 -35.5357 -11.8223
I 23.4972 -30.3898 -11.9271
I 17.2992 -35.3882 -23.7255
I 29.7286 -35.5203 -23.44
I 23.4891 -29.6744 -23.6567
I 17.592 -28.8146 -29.561
I 28.9584 -29.0927 -29.5247
Cs 22.4666 -34.6504 -5.87696
Cs 23.1648 -34.7173 6.31069
Cs 23.598 -23.5235 6.18619
Pb 17.699 -29.3609 -11.7559
Pb 17.7067 -29.396 0.0590086
I 16.8074 -35.3572 -11.5908
I 30.0758 -35.4853 11.7817
I 23.4863 -29.8966 11.9987
I 16.8078 -35.3865 -0.095828
I 30.4921 -35.5146 0.221402
I 23.5093 -30.4429 0.197354
I 17.7264 -28.633 -5.85742
I 28.7669 -29.1604 -5.84409
Cs 22.6523 -34.4123 17.9365
Cs 23.0745 -34.3103 29.774
Cs 23.3806 -23.2877 29.9679
Pb 17.6346 -29.3849 12.0031
Pb 17.5085 -29.0466 23.799
I 17.0872 -35.3823 12.1899
I 28.7512 -35.5471 34.9365
I 23.4785 -29.0666 35.4526
I 16.8746 -35.109 23.622
I 29.7156 -35.4396 23.6911
I 23.3491 -29.9089 23.8081
I 17.528 -28.5878 17.8994
I 28.8301 -29.0453 17.8899
Cs 23.5541 -34.335 40.5792
Pb 17.6401 -29.4342 35.7213
I 17.6272 -35.4781 35.5178
I 17.5878 -29.3433 41.8026
I 28.7838 -28.7297 41.8187
Cs 34.219 -23.3517 -40.3073
Cs 34.1578 -11.6016 -40.4415
I 35.459 -17.3492 -35.4879
I 28.6526 -28.5583 -41.6224
Cs 34.1162 -23.3075 -29.1557
Cs 33.9319 -23.4156 -17.7193
Cs 34.2987 -34.1644 -29.5408
Cs 34.5886 -12.1823 -17.8625
Pb 29.476 -29.4427 -35.5941
Pb 29.3907 -17.5263 -35.4825
Pb 29.4174 -29.4654 -23.632
Pb 29.4274 -17.6655 -23.6223
I 29.0406 -23.3797 -35.0575
I 35.4983 -28.5797 -34.7292
I 35.4108 -18.5341 -12.0249
I 28.6675 -23.5016 -23.6773
I 35.4416 -28.8962 -23.6777
I 35.4613 -18.1752 -23.3158
I 29.3739 -17.4324 -29.5319
I 28.9865 -29.1547 -17.7155
Cs 33.8666 -23.3636 -5.8511
Cs 33.9376 -23.4345 6.07974
Cs 34.7419 -33.5472 -5.8351
Cs 34.6117 -12.3389 6.10525
Pb 29.3439 -29.5228 -11.7593
Pb 29.4104 -17.7355 -11.7782
Pb 29.3509 -29.5274 0.0867989
Pb 29.4316 -17.7565 0.0674859
I 28.3431 -23.5749 -11.7651
I 35.3645 -28.6074 -11.8116
I 35.4475 -18.3264 11.7409
I 28.3378 -23.5868 0.0530579
I 35.371 -28.537 0.0866629
I 35.4244 -18.5722 0.336666
I 29.2305 -17.4743 -5.86095
I 28.961 -29.1498 6.04663
Cs 33.8497 -23.2185 17.9055
Cs 33.8873 -23.2952 29.3376
Cs 34.4921 -33.7898 17.8743
Cs 34.2834 -11.8872 29.9165
Pb 29.3939 -29.4633 11.9829
Pb 29.4503 -17.6883 11.9776
Pb 29.2295 -29.3323 23.7816
Pb 29.2146 -17.5009 23.803
I 28.5797 -23.5165 12.0269
I 35.4133 -28.6632 12.0776
I 35.4617 -17.5084 35.5735
I 28.2913 -23.3636 23.7854
I 35.2651 -28.7618 23.7471
I 35.2946 -18.2563 23.8332
I 29.002 -17.4178 17.8967
I 28.8941 -29.0589 29.685
Cs 34.3403 -23.4887 40.5002
Pb 29.5555 -29.5396 35.7578
Pb 29.428 -17.6475 35.7302
I 29.0496 -23.4791 35.3623
I 35.546 -28.5729 34.8309
I 29.2809 -17.6675 41.8276
Cs 34.7793 -33.7513 -17.7371
Cs 34.9257 -33.5306 6.08082
Cs 34.3324 -34.0523 29.616
