0	-0.00026  	0.00023   	0.00013   	1089.51787	 (0.00000   )
1	-0.00101  	0.00041   	-0.00202  	1109.52606	 (0.00000   )
2	0.00141   	-0.00158  	0.00115   	1104.01930	 (0.00000   )
3	-0.00027  	0.00096   	0.00101   	1112.32974	 (0.00000   )
4	-0.00038  	0.00037   	-0.00078  	1302.07434	 (0.00000   )
5	-0.00048  	0.00030   	-0.00051  	1341.93337	 (-0.00000  )
6	0.00031   	-0.00030  	-0.00005  	1297.31766	 (0.00000   )
7	0.00027   	0.00002   	-0.00011  	1335.05259	 (0.00000   )
8	-0.00013  	-0.00003  	0.00261   	1342.08670	 (-0.00000  )
9	0.00058   	-0.00050  	-0.00156  	1395.33542	 (-0.00000  )
10	-0.00086  	0.00102   	-0.00139  	1301.31111	 (-0.00000  )
11	0.00086   	-0.00119  	0.00086   	1363.89073	 (-0.00000  )
12	0.00047   	-0.00114  	-0.00041  	1351.46171	 (0.00000   )
13	-0.00065  	0.00087   	0.00028   	1371.29869	 (0.00000   )
14	0.00003   	0.00032   	0.00075   	1369.33130	 (0.00000   )
15	-0.00003  	-0.00000  	0.00008   	1418.51451	 (-0.00000  )
16	-0.00018  	0.00018   	0.00039   	1349.98745	 (0.00000   )
17	0.00039   	-0.00037  	-0.00004  	1354.84506	 (0.00000   )
18	-0.00019  	0.00034   	-0.00040  	1321.90788	 (0.00000   )
19	-0.00044  	0.00050   	-0.00048  	1338.70144	 (0.00000   )
20	-0.01298  	-0.00652  	0.02947   	1375.56863	 (-0.00000  )
21	0.01360   	0.00631   	-0.02983  	1374.96871	 (0.00000   )
22	-0.00089  	0.00045   	0.00015   	1333.15939	 (-0.00000  )
23	0.00070   	-0.00047  	0.00117   	1354.16973	 (-0.00000  )
24	-0.00004  	0.00070   	0.00001   	1365.96032	 (0.00000   )
25	0.00019   	0.00014   	0.00057   	1365.47268	 (0.00000   )
26	-0.00072  	0.00009   	-0.00014  	1363.49956	 (0.00000   )
27	0.00058   	-0.00076  	-0.00041  	1361.57278	 (0.00000   )
28	-0.00512  	0.00578   	-0.00060  	1571.69318	 (0.00000   )
29	0.00138   	-0.00194  	0.00038   	1614.95922	 (0.00000   )
30	-0.00247  	-0.00322  	-0.00065  	1588.58763	 (-0.00000  )
31	-0.02162  	0.02286   	-0.02047  	1474.60871	 (0.00000   )
32	0.02378   	-0.02073  	0.01340   	1598.56361	 (0.00000   )
33	-0.00157  	0.00056   	0.00590   	1497.94848	 (-0.00000  )
34	-0.00244  	0.00079   	-0.00495  	1592.66983	 (-0.00000  )
35	0.00833   	-0.00632  	0.01055   	1573.83105	 (0.00000   )
36	-0.00291  	0.00159   	-0.00427  	1549.41855	 (-0.00000  )
37	0.01520   	-0.01054  	-0.00099  	1503.10535	 (0.00000   )
38	-0.01545  	0.01322   	0.00550   	1498.72330	 (-0.00000  )
39	-0.00421  	0.00518   	0.00198   	1511.23125	 (0.00000   )
40	0.00101   	-0.00107  	-0.00301  	1592.99046	 (-0.00000  )
41	0.00728   	-0.00644  	0.00713   	1520.18274	 (0.00000   )
42	-0.00806  	0.00780   	-0.00794  	1469.91462	 (0.00000   )
43	-0.00127  	-0.00050  	0.00442   	1471.33622	 (-0.00000  )
44	0.00743   	-0.00670  	0.00239   	1477.00401	 (-0.00000  )
45	-0.00188  	0.00591   	-0.00522  	1474.58044	 (0.00000   )
46	0.03855   	-0.03575  	0.03854   	1577.84657	 (-0.00000  )
47	-0.03780  	0.03327   	-0.02980  	1558.49547	 (-0.00000  )
48	-0.00070  	0.00064   	0.00256   	1550.75326	 (-0.00000  )
49	-0.00099  	0.00163   	-0.00034  	1591.11738	 (0.00000   )
50	-0.00050  	0.00123   	-0.00256  	1509.09858	 (-0.00000  )
51	-0.00338  	0.00206   	0.00032   	1602.66965	 (0.00000   )
52	0.00177   	-0.00287  	-0.00158  	1489.52612	 (-0.00000  )
53	-0.01462  	0.01161   	-0.00454  	1573.27811	 (0.00000   )
54	-0.03188  	0.03370   	-0.00964  	1573.04935	 (-0.00000  )
55	0.03461   	-0.03336  	0.00895   	1564.23745	 (0.00000   )
56	0.00881   	-0.00925  	-0.00308  	1556.65349	 (-0.00000  )
57	-0.02558  	0.02326   	0.00475   	1547.59558	 (-0.00000  )
58	0.02410   	-0.02345  	-0.00268  	1538.22119	 (0.00000   )
59	0.01685   	-0.01352  	-0.09972  	1532.20791	 (0.00000   )
60	-0.01344  	0.01034   	0.10140   	1543.52252	 (-0.00000  )
61	0.00232   	-0.00117  	0.00284   	1516.83565	 (-0.00000  )
62	0.00271   	-0.00349  	0.00046   	1472.66218	 (-0.00000  )
63	-0.01569  	0.01293   	-0.01490  	1525.57098	 (0.00000   )
64	0.00634   	-0.00022  	0.02280   	1515.54016	 (0.00000   )
65	-0.00156  	-0.00498  	-0.00655  	1503.79718	 (0.00000   )
66	0.00461   	-0.00253  	0.00273   	1409.81232	 (0.00000   )
67	0.00059   	0.00152   	-0.00304  	1495.26313	 (0.00000   )
68	-0.00205  	0.00150   	-0.00358  	1484.31494	 (0.00000   )
69	-0.00226  	-0.00019  	-0.00000  	1615.16622	 (-0.00000  )
70	0.01971   	-0.01448  	-0.00776  	1558.93208	 (-0.00000  )
71	0.00462   	-0.00674  	0.00444   	1542.86779	 (0.00000   )
72	-0.00860  	0.01143   	-0.00066  	1559.40932	 (-0.00000  )
73	-0.02020  	0.00379   	0.01210   	1568.34080	 (-0.00000  )
74	0.00245   	0.01343   	0.00157   	1556.64424	 (0.00000   )
75	-0.03017  	0.01901   	0.00448   	1531.74144	 (0.00000   )
76	0.03063   	-0.01759  	-0.00514  	1530.85276	 (0.00000   )
77	0.00132   	-0.00027  	-0.00245  	1501.38200	 (0.00000   )
78	0.00433   	-0.00216  	-0.00029  	1495.63231	 (0.00000   )
79	-0.00048  	0.00224   	0.00015   	1558.53273	 (-0.00000  )
80	-0.04007  	-0.02036  	0.01266   	1539.98349	 (-0.00000  )
81	0.05237   	0.02415   	-0.02099  	1544.89148	 (0.00000   )
82	-0.01161  	-0.00218  	0.00890   	1532.40915	 (0.00000   )
83	0.00514   	-0.00397  	-0.00548  	1544.67833	 (-0.00000  )
84	-0.02013  	0.04034   	-0.02309  	1552.82656	 (0.00000   )
85	0.01158   	-0.04974  	0.02562   	1560.88064	 (0.00000   )
86	0.02184   	-0.00575  	-0.00709  	1564.65017	 (0.00000   )
87	-0.00871  	0.01432   	0.01693   	1533.81349	 (0.00000   )
88	-0.00276  	-0.00246  	0.00205   	1502.48155	 (0.00000   )
89	-0.00062  	-0.00080  	0.00319   	1499.74475	 (-0.00000  )
90	0.00807   	-0.00553  	-0.00661  	1490.35421	 (0.00000   )
91	-0.01290  	0.00138   	0.00470   	1499.15504	 (0.00000   )
92	0.00555   	0.00053   	0.00019   	1418.41953	 (-0.00000  )
93	-0.00292  	0.00507   	0.00106   	1434.05353	 (-0.00000  )
94	-0.00081  	0.00113   	-0.00005  	1473.45577	 (-0.00000  )
95	0.00028   	0.00036   	0.00107   	1510.97553	 (-0.00000  )
96	0.00077   	-0.00168  	0.00132   	1471.49403	 (0.00000   )
97	-0.00310  	-0.00168  	-0.00342  	1474.17841	 (0.00000   )
98	0.00239   	0.00215   	-0.00554  	1464.20532	 (0.00000   )
99	-0.00233  	0.00328   	0.00549   	1472.32511	 (0.00000   )
100	0.00776   	-0.00057  	-0.02842  	1738.47358	 (0.00000   )
101	0.00233   	-0.00435  	-0.00710  	1570.47426	 (-0.00000  )
102	-0.00138  	0.00497   	-0.00025  	1574.15757	 (-0.00000  )
103	-0.00229  	0.00027   	-0.01550  	1581.78701	 (0.00000   )
104	0.00146   	-0.00051  	-0.00072  	1567.49179	 (-0.00000  )
105	0.01331   	0.00709   	0.00024   	1539.71828	 (0.00000   )
106	-0.02842  	0.08059   	0.12040   	1531.86860	 (-0.00000  )
107	0.01335   	-0.08327  	-0.07377  	1538.01995	 (0.00000   )
108	-0.00656  	0.00457   	-0.03454  	1536.52730	 (0.00000   )
109	-0.00786  	0.01148   	-0.02614  	1736.57942	 (0.00000   )
110	0.00218   	0.00313   	0.00987   	1531.73564	 (0.00000   )
111	0.00221   	-0.00410  	-0.01012  	1530.92294	 (0.00000   )
112	0.00392   	-0.00547  	-0.01350  	1532.80821	 (0.00000   )
113	-0.00430  	0.00197   	0.01007   	1534.25378	 (0.00000   )
114	-0.01601  	0.01280   	0.02472   	1692.22147	 (0.00000   )
115	0.00907   	-0.00538  	0.04159   	1680.50789	 (0.00000   )
116	0.02831   	-0.03549  	0.05458   	1649.48944	 (0.00000   )
117	-0.04315  	0.03322   	-0.04166  	1593.25508	 (0.00000   )
118	-0.03011  	0.00338   	0.01009   	1588.84333	 (-0.00000  )
119	-0.02459  	0.04791   	-0.08611  	1612.83936	 (0.00000   )
120	0.06263   	-0.07005  	0.06896   	1698.51335	 (0.00000   )
121	0.02521   	-0.02991  	-0.02506  	1571.09508	 (-0.00000  )
122	0.02064   	-0.02115  	-0.00803  	1609.42165	 (-0.00000  )
123	-0.01335  	0.02561   	0.03692   	1505.34405	 (0.00000   )
124	0.00011   	-0.01123  	0.04624   	1688.42426	 (0.00000   )
125	-0.00333  	-0.06150  	-0.01800  	1524.45153	 (0.00000   )
126	0.02507   	0.06422   	-0.00112  	1604.59845	 (0.00000   )
127	-0.04202  	0.01224   	0.00276   	1610.53092	 (-0.00000  )
128	0.00625   	-0.01347  	0.00142   	1617.98673	 (0.00000   )
129	-0.04040  	0.01583   	-0.04459  	1598.24272	 (-0.00000  )
130	0.04777   	-0.00084  	0.01585   	1645.90400	 (0.00000   )
131	-0.00018  	0.05554   	0.00766   	1506.44348	 (0.00000   )
132	0.00733   	-0.06048  	0.01410   	1543.86133	 (-0.00000  )
133	0.02497   	0.01684   	-0.00643  	1655.43295	 (-0.00000  )
134	-0.06158  	0.00397   	-0.01736  	1592.10415	 (0.00000   )
135	0.00781   	0.01922   	-0.00003  	1601.14013	 (0.00000   )
136	0.00475   	-0.01706  	0.00385   	1659.55520	 (0.00000   )
137	0.01049   	-0.00081  	0.00613   	1646.07052	 (-0.00000  )
138	0.01115   	-0.01036  	0.00571   	1685.74159	 (0.00000   )
139	-0.03498  	0.01417   	-0.00178  	1715.49520	 (-0.00000  )
140	0.04328   	-0.02008  	0.00001   	1582.12007	 (-0.00000  )
141	-0.01703  	0.01858   	-0.01181  	1696.86844	 (-0.00000  )
142	-0.00154  	0.01039   	0.00629   	1648.80551	 (0.00000   )
143	-0.00865  	0.00501   	-0.01759  	1691.28429	 (-0.00000  )
144	0.00950   	-0.01202  	0.02689   	1701.48910	 (-0.00000  )
145	-0.02147  	0.02493   	-0.00958  	1695.43054	 (-0.00000  )
146	0.01469   	-0.02240  	-0.00480  	1721.62650	 (0.00000   )
147	-0.00887  	0.00528   	-0.00062  	1725.02852	 (0.00000   )
148	0.00049   	0.00467   	0.00637   	1685.26100	 (-0.00000  )
149	0.00457   	-0.00212  	-0.00675  	1696.12531	 (-0.00000  )
150	0.00503   	-0.00631  	0.00654   	1618.35871	 (0.00000   )
151	-0.00659  	0.00146   	0.00155   	1667.18667	 (0.00000   )
152	-0.00023  	-0.00246  	-0.00215  	1709.31663	 (-0.00000  )
153	-0.00168  	0.00233   	0.00398   	1705.58845	 (-0.00000  )
154	-0.00214  	0.00533   	0.00954   	1696.21618	 (0.00000   )
155	0.00716   	-0.00988  	0.00212   	1699.34575	 (0.00000   )
156	-0.01929  	0.01212   	0.00512   	1721.45890	 (-0.00000  )
157	0.02222   	0.02335   	0.00028   	1733.82931	 (0.00000   )
158	-0.01234  	-0.03351  	0.00697   	1762.79584	 (0.00000   )
159	-0.01249  	0.01481   	-0.01711  	1756.26247	 (-0.00000  )
160	0.01055   	-0.00794  	0.00904   	1711.70367	 (0.00000   )
161	0.01770   	0.00742   	0.00481   	1727.64099	 (0.00000   )
162	-0.01797  	-0.00615  	0.00086   	1802.59111	 (0.00000   )
163	0.01996   	-0.01542  	-0.01035  	1732.68112	 (0.00000   )
164	-0.01306  	0.00081   	0.01735   	1743.16332	 (0.00000   )
165	-0.00099  	-0.00818  	-0.06699  	1653.76967	 (-0.00000  )
166	0.04825   	-0.03949  	0.01500   	1663.81321	 (-0.00000  )
167	-0.06453  	0.06045   	0.03114   	1615.37428	 (0.00000   )
168	0.01685   	-0.00542  	0.00128   	1652.48958	 (-0.00000  )
169	-0.01002  	0.01055   	0.00504   	1678.44501	 (-0.00000  )
170	-0.00529  	0.00216   	0.00010   	1761.22127	 (0.00000   )
171	-0.00192  	0.00104   	-0.00409  	1795.90329	 (0.00000   )
172	0.00007   	0.00575   	-0.00104  	1684.28465	 (-0.00000  )
173	-0.00336  	0.00862   	-0.00516  	1625.84460	 (0.00000   )
174	-0.00396  	-0.00237  	-0.01560  	1765.93952	 (0.00000   )
175	-0.00432  	-0.00008  	-0.00923  	1725.84233	 (0.00000   )
176	0.00858   	-0.00222  	0.01175   	1721.93837	 (0.00000   )
177	-0.00602  	0.00807   	-0.00084  	1659.20626	 (0.00000   )
178	-0.00506  	0.00109   	-0.01995  	1665.59623	 (0.00000   )
179	-0.00424  	-0.00150  	-0.00804  	1671.84640	 (-0.00000  )
180	0.02781   	-0.01882  	-0.00567  	1722.09478	 (0.00000   )
181	-0.01616  	0.00089   	-0.01388  	1680.18348	 (-0.00000  )
182	-0.01049  	0.01544   	0.00275   	1695.29384	 (0.00000   )
183	0.02048   	-0.01351  	0.04063   	1702.00890	 (-0.00000  )
184	0.00176   	0.00086   	0.00424   	1622.82834	 (0.00000   )
185	0.01340   	-0.00648  	0.04474   	1690.73824	 (-0.00000  )
186	0.00317   	-0.00970  	-0.01205  	1681.45479	 (0.00000   )
187	0.00508   	-0.00180  	0.00181   	1679.21183	 (0.00000   )
188	-0.00704  	0.01106   	-0.00297  	1663.87736	 (-0.00000  )
189	-0.00027  	-0.01199  	-0.01342  	1637.94103	 (-0.00000  )
190	-0.00139  	-0.00150  	0.00162   	1650.00115	 (-0.00000  )
191	0.00146   	-0.00194  	-0.00251  	1663.09022	 (-0.00000  )
192	0.00578   	-0.00180  	0.01514   	1668.31450	 (-0.00000  )
193	-0.01963  	0.02437   	-0.00744  	1668.86097	 (-0.00000  )
194	-0.01540  	-0.00058  	-0.00875  	1655.52508	 (-0.00000  )
195	0.01273   	-0.00908  	0.01364   	1675.11446	 (-0.00000  )
196	0.00968   	-0.00177  	0.00782   	1710.29626	 (0.00000   )
197	0.00265   	0.00064   	-0.01865  	1669.13682	 (-0.00000  )
198	0.00726   	-0.00613  	0.02011   	1707.29358	 (0.00000   )
199	-0.00655  	0.00168   	-0.00809  	1735.68214	 (-0.00000  )
200	0.00517   	-0.00473  	-0.00844  	1710.78997	 (-0.00000  )
201	-0.00207  	-0.02651  	-0.00638  	1391.44681	 (0.00000   )
202	0.00322   	0.00335   	0.02118   	1677.53968	 (-0.00000  )
203	-0.00308  	0.00765   	0.00344   	1650.02773	 (-0.00000  )
204	0.00008   	-0.00445  	-0.01493  	1715.99234	 (-0.00000  )
205	0.00511   	0.00051   	-0.00010  	1392.96147	 (0.00000   )
206	0.00505   	-0.00892  	0.01104   	1688.23837	 (-0.00000  )
207	0.00801   	-0.00304  	0.01116   	1704.51977	 (-0.00000  )
208	-0.02752  	0.02385   	-0.00929  	1686.46966	 (0.00000   )
209	0.00101   	0.03051   	-0.00414  	1387.67206	 (0.00000   )
210	0.00177   	0.00226   	0.00042   	1649.25434	 (-0.00000  )
211	-0.02411  	0.01782   	0.00967   	1651.13125	 (-0.00000  )
212	0.02187   	-0.01094  	-0.01166  	1628.63649	 (0.00000   )
213	0.00624   	-0.00935  	-0.01126  	1404.40884	 (0.00000   )
214	0.00796   	-0.00318  	0.01053   	1666.38695	 (0.00000   )
215	0.00273   	-0.00494  	-0.00080  	1644.93179	 (-0.00000  )
216	0.00692   	-0.00699  	0.01742   	1682.49235	 (-0.00000  )
217	-0.00143  	0.00089   	0.01133   	1639.33616	 (-0.00000  )
218	0.00285   	-0.00396  	-0.01245  	1659.33912	 (-0.00000  )
219	0.00307   	-0.05994  	-0.03533  	1426.72740	 (-0.00000  )
220	-0.01920  	0.00879   	-0.00312  	1654.47676	 (-0.00000  )
221	-0.01798  	0.08760   	0.02541   	1375.81755	 (-0.00000  )
222	0.01969   	0.03096   	0.06569   	1673.60226	 (-0.00000  )
223	-0.01408  	-0.02752  	-0.08732  	1674.68520	 (-0.00000  )
224	0.00056   	-0.01590  	0.05540   	1644.77947	 (-0.00000  )
225	0.00619   	-0.02672  	0.00513   	1416.43215	 (0.00000   )
226	-0.01042  	-0.00484  	-0.01174  	1666.99679	 (0.00000   )
227	0.02001   	0.01509   	-0.02685  	1660.15266	 (0.00000   )
228	0.00160   	0.00282   	-0.00414  	1379.22189	 (0.00000   )
229	-0.01084  	0.00340   	-0.01763  	1685.82432	 (0.00000   )
230	0.00835   	-0.01004  	0.00034   	1491.03453	 (0.00000   )
231	-0.00256  	0.00315   	-0.00233  	1674.78259	 (-0.00000  )
232	-0.00168  	-0.00142  	-0.00758  	1686.41476	 (0.00000   )
233	-0.00032  	-0.00167  	0.00321   	1694.28946	 (-0.00000  )
234	-0.06380  	0.06787   	0.09414   	1661.09609	 (0.00000   )
235	0.06122   	-0.06339  	-0.09748  	1669.38383	 (0.00000   )
236	0.00731   	-0.00982  	0.01088   	1682.37166	 (0.00000   )
237	0.00048   	-0.00136  	0.00604   	1673.85350	 (0.00000   )
238	0.00135   	-0.00481  	-0.01985  	1654.16222	 (0.00000   )
239	0.00188   	0.00197   	0.00047   	1655.60538	 (0.00000   )
240	0.00265   	0.00485   	0.00805   	1701.37122	 (-0.00000  )
241	-0.00294  	0.00006   	-0.00065  	1641.97181	 (-0.00000  )
242	-0.00009  	-0.00200  	0.00510   	1653.31680	 (-0.00000  )
243	-0.00195  	0.01346   	-0.00802  	1673.57599	 (-0.00000  )
244	0.00674   	0.00802   	0.02831   	1676.14952	 (0.00000   )
245	-0.09941  	0.05377   	-0.01981  	1651.34490	 (-0.00000  )
246	0.09513   	-0.07469  	-0.01559  	1656.18710	 (0.00000   )
247	-0.00150  	-0.00145  	0.00279   	1678.45552	 (-0.00000  )
248	0.02023   	-0.03402  	-0.02120  	1613.64978	 (0.00000   )
249	0.00223   	-0.00950  	0.02289   	1582.87325	 (-0.00000  )
250	-0.02524  	-0.01821  	0.06749   	1710.90135	 (0.00000   )
251	0.05066   	-0.01632  	-0.05632  	1694.91413	 (-0.00000  )
252	-0.03056  	0.01475   	0.04128   	1683.71899	 (0.00000   )
253	-0.00822  	0.02463   	-0.04331  	1701.20788	 (0.00000   )
254	0.01106   	0.01594   	-0.01326  	1663.30193	 (0.00000   )
255	0.03160   	-0.05148  	0.01734   	1573.94599	 (-0.00000  )
256	0.00263   	-0.01563  	0.01238   	1657.10068	 (0.00000   )
257	0.00599   	-0.00059  	0.00104   	1674.04382	 (0.00000   )
258	-0.00369  	0.00694   	-0.02787  	1674.27639	 (-0.00000  )
259	-0.01104  	0.00276   	0.00313   	1691.68538	 (-0.00000  )
260	-0.01124  	-0.00215  	0.05531   	1677.55516	 (0.00000   )
261	0.04892   	0.00855   	-0.10785  	1630.49815	 (0.00000   )
262	-0.04540  	0.01977   	0.08405   	1642.59787	 (0.00000   )
263	-0.10483  	0.07104   	-0.01043  	1642.03786	 (0.00000   )
264	0.09183   	-0.06101  	-0.00946  	1642.03623	 (0.00000   )
265	-0.46598  	0.28668   	-0.07447  	1627.10144	 (-0.00000  )
266	0.44746   	-0.29798  	0.07946   	1616.16736	 (-0.00000  )
267	-0.01246  	0.02760   	-0.01651  	1679.41969	 (0.00000   )
268	0.00948   	-0.03167  	-0.03969  	1695.99031	 (-0.00000  )
269	0.03813   	-0.01810  	0.03702   	1656.46410	 (0.00000   )
270	-0.00059  	-0.01102  	0.00225   	1665.22227	 (-0.00000  )
271	0.01237   	-0.00721  	0.00450   	1673.22300	 (-0.00000  )
272	-0.00735  	0.00552   	-0.00458  	1662.50056	 (0.00000   )
273	0.00843   	-0.00734  	0.00697   	1555.15368	 (0.00000   )
274	0.00171   	-0.00140  	-0.01111  	1622.88712	 (0.00000   )
275	-0.00012  	0.00420   	-0.00785  	1608.37584	 (-0.00000  )
276	-0.04713  	-0.07651  	-0.11646  	1476.14031	 (-0.00000  )
277	0.06236   	0.07494   	0.10923   	1406.55086	 (-0.00000  )
278	-0.00534  	0.01490   	-0.00191  	1509.93183	 (-0.00000  )
279	0.00093   	-0.00586  	0.01339   	1513.68794	 (0.00000   )
280	0.00346   	0.00063   	0.00798   	1580.81152	 (0.00000   )
281	-0.01553  	-0.00354  	-0.02453  	1544.09063	 (0.00000   )
282	-0.03598  	0.01100   	0.00671   	1556.72315	 (-0.00000  )
283	0.03376   	-0.01464  	0.04289   	1556.69542	 (0.00000   )
284	-0.00534  	0.01810   	-0.01368  	1551.30208	 (0.00000   )
285	0.00318   	0.01512   	0.00922   	1543.60415	 (-0.00000  )
286	0.00032   	0.00567   	0.06973   	1627.56245	 (0.00000   )
287	-0.00814  	-0.01493  	-0.06524  	1627.76809	 (-0.00000  )
288	0.00905   	-0.00464  	-0.01619  	1472.44667	 (-0.00000  )
289	0.00629   	-0.00155  	-0.00532  	1546.57757	 (-0.00000  )
290	-0.00317  	-0.00072  	0.00026   	1493.14898	 (0.00000   )
291	0.00362   	-0.00312  	-0.00060  	1521.52353	 (-0.00000  )
292	-0.09427  	-0.00145  	-0.03750  	1776.68457	 (-0.00000  )
293	-0.01039  	-0.00334  	-0.00951  	1415.67361	 (-0.00000  )
294	-0.00573  	-0.00740  	-0.00018  	1526.00590	 (-0.00000  )
295	0.14952   	-0.05582  	-0.06725  	1818.19500	 (-0.00000  )
296	0.01463   	0.01721   	0.00404   	1519.25617	 (-0.00000  )
297	-0.00407  	-0.00701  	-0.00436  	1530.82668	 (0.00000   )
298	-0.00238  	0.00258   	0.00188   	1571.24828	 (0.00000   )
299	0.00113   	0.00584   	-0.00004  	1530.89870	 (0.00000   )
300	-0.00455  	-0.00735  	-0.00756  	1581.54076	 (0.00000   )
301	-0.00835  	0.00207   	0.01199   	1577.18298	 (0.00000   )
302	-0.00377  	-0.00163  	0.01126   	1449.80118	 (0.00000   )
303	0.01944   	0.00169   	-0.01315  	1451.48953	 (0.00000   )
304	-0.01174  	0.01095   	-0.00157  	1513.89041	 (0.00000   )
305	0.00228   	0.00142   	0.00213   	1459.04240	 (0.00000   )
306	-0.13905  	0.08466   	-0.07074  	1807.30784	 (0.00000   )
307	-0.27694  	0.19031   	-0.01898  	1809.82087	 (-0.00000  )
308	0.00799   	-0.00493  	0.01088   	1551.89122	 (0.00000   )
309	0.51517   	-0.28278  	-0.56831  	1802.28381	 (-0.00000  )
310	-0.14571  	-0.18788  	0.06558   	1544.35077	 (-0.00000  )
311	0.15473   	0.17898   	-0.06719  	1556.06372	 (0.00000   )
312	-0.00038  	-0.00268  	-0.00549  	1566.32146	 (0.00000   )
313	-0.76421  	0.63895   	-0.90785  	1794.40757	 (0.00000   )
314	0.12996   	-0.21490  	0.04100   	1542.79424	 (-0.00000  )
315	-0.09482  	0.10264   	-0.00822  	1532.52237	 (0.00000   )
316	0.48612   	-0.54313  	0.99004   	1717.74960	 (0.00000   )
317	0.00531   	0.07222   	-0.04268  	1524.35613	 (0.00000   )
318	-0.06793  	0.06374   	-0.00451  	1515.96195	 (-0.00000  )
319	0.44758   	-0.54277  	-0.75409  	1696.18351	 (-0.00000  )
320	0.27998   	-0.23717  	0.93799   	1750.32803	 (0.00000   )
321	-0.03883  	0.04370   	-0.37619  	1696.94637	 (0.00000   )
322	-0.22120  	0.20628   	0.99969   	1743.81412	 (0.00000   )
323	-0.21684  	0.26868   	1.30556   	1756.49821	 (-0.00000  )
324	-0.05685  	0.04347   	0.07309   	1596.90301	 (0.00000   )
325	0.05082   	-0.06452  	-0.07368  	1593.30248	 (0.00000   )
326	-0.08266  	0.09700   	0.13275   	1592.93000	 (0.00000   )
327	0.09398   	-0.08584  	-0.13330  	1594.44895	 (0.00000   )
328	-0.04425  	-0.01671  	-0.31299  	1756.24224	 (0.00000   )
329	0.01903   	0.05118   	-0.20545  	1743.02941	 (0.00000   )
330	0.02545   	0.01614   	-0.07111  	1824.04977	 (-0.00000  )
331	0.09781   	0.08010   	0.11355   	1788.94446	 (0.00000   )
332	0.06308   	0.06444   	0.03973   	1933.57179	 (0.00000   )
333	-0.04847  	-0.12595  	-0.06545  	1786.77093	 (0.00000   )
334	-0.15457  	-0.19213  	0.00001   	1745.74473	 (-0.00000  )
335	-0.09212  	0.04468   	-0.13154  	1756.16370	 (0.00000   )
336	-0.17210  	0.39235   	0.11733   	1748.01221	 (0.00000   )
337	0.04823   	-0.06785  	-0.08663  	1885.81286	 (0.00000   )
338	0.23112   	-0.18179  	-0.05725  	1827.84898	 (0.00000   )
339	0.16213   	-0.19522  	0.02714   	1717.39986	 (0.00000   )
340	-0.05280  	-0.01854  	0.01750   	1774.75014	 (-0.00000  )
341	-0.26419  	0.21378   	0.03301   	1721.01772	 (-0.00000  )
342	-0.34928  	0.25504   	-0.26116  	1706.05791	 (0.00000   )
343	0.53563   	-0.31607  	0.15420   	1740.50997	 (-0.00000  )
344	-0.00673  	0.03262   	-0.04167  	1681.41698	 (-0.00000  )
345	-0.05126  	-0.02957  	-0.01285  	1748.83714	 (0.00000   )
346	0.12123   	-0.08826  	-0.00558  	1750.89018	 (-0.00000  )
347	-0.06685  	0.39726   	0.00987   	1694.72077	 (0.00000   )
348	0.09300   	-0.39149  	0.21709   	1813.78865	 (-0.00000  )
349	0.00348   	-0.20557  	-0.03049  	1732.84494	 (0.00000   )
350	-0.02652  	0.20511   	-0.17790  	1692.28201	 (0.00000   )
351	0.12044   	0.07151   	0.30665   	1755.37384	 (-0.00000  )
352	-0.15669  	0.11555   	0.11103   	1665.39422	 (0.00000   )
353	0.00121   	-0.03851  	-0.26312  	1694.00844	 (-0.00000  )
354	-0.07407  	0.26032   	-0.08374  	1656.91667	 (-0.00000  )
355	0.17636   	-0.26113  	0.10513   	1685.43043	 (-0.00000  )
356	-0.08190  	-0.05323  	-0.06521  	1708.85103	 (0.00000   )
357	-0.03448  	0.04541   	0.05245   	1717.23295	 (0.00000   )
358	0.09089   	-0.08471  	0.12863   	1722.92864	 (0.00000   )
359	-0.15010  	-0.05235  	-0.18823  	1721.82674	 (0.00000   )
360	0.05498   	0.03140   	-0.14913  	1761.05280	 (-0.00000  )
361	0.01521   	0.01896   	0.08985   	1774.36397	 (-0.00000  )
362	0.09857   	-0.05597  	-0.06888  	1782.53944	 (0.00000   )
363	0.06030   	0.03764   	-0.03720  	1772.48902	 (0.00000   )
364	-0.05820  	-0.02399  	-0.00405  	1704.24591	 (0.00000   )
365	-0.08625  	0.16357   	0.01980   	1843.53642	 (0.00000   )
366	0.05376   	0.07707   	0.00981   	1769.52601	 (0.00000   )
367	-0.03988  	-0.11039  	0.07969   	1693.79069	 (0.00000   )
368	0.05416   	-0.03578  	0.02846   	1816.86279	 (-0.00000  )
369	0.04520   	-0.05391  	-0.09728  	1773.73110	 (-0.00000  )
370	-0.16116  	0.20292   	-0.11117  	1813.37948	 (0.00000   )
371	0.05283   	-0.04561  	-0.02401  	1826.96633	 (-0.00000  )
372	-0.23622  	0.35326   	-0.02498  	1834.61796	 (-0.00000  )
373	0.16743   	-0.20338  	0.02836   	1848.02635	 (0.00000   )
374	0.10623   	-0.17913  	0.08444   	1831.12746	 (0.00000   )
375	-0.26018  	0.07114   	0.02547   	1816.53604	 (-0.00000  )
376	0.07012   	0.01486   	-0.11299  	1763.47107	 (-0.00000  )
377	0.04888   	0.03070   	0.01919   	1822.98817	 (0.00000   )
378	0.10000   	0.09637   	0.10122   	1810.12393	 (-0.00000  )
379	0.02462   	0.08470   	-0.33651  	1785.39011	 (-0.00000  )
380	-0.23454  	-0.10407  	0.24986   	1825.21724	 (0.00000   )
381	-0.16383  	-0.06337  	-0.08774  	1854.79832	 (-0.00000  )
382	0.04680   	-0.26418  	-0.03758  	1825.85710	 (-0.00000  )
383	-0.23796  	0.22559   	-0.07905  	1819.81792	 (0.00000   )
384	0.39521   	-0.25984  	-0.20434  	1844.45399	 (0.00000   )
385	0.34763   	0.21895   	-0.12621  	1817.52887	 (-0.00000  )
386	-0.11445  	0.07973   	0.10307   	1819.57930	 (-0.00000  )
387	-0.09757  	0.18077   	0.30344   	1807.80229	 (0.00000   )
388	-0.13310  	-0.19259  	0.25602   	1819.23573	 (0.00000   )
389	0.13336   	0.02648   	-0.00017  	1784.50104	 (0.00000   )
390	-0.32114  	-0.13304  	-0.06543  	1775.49585	 (0.00000   )
391	-0.28981  	0.15519   	0.22327   	1799.89551	 (-0.00000  )
392	0.53397   	-0.56492  	-0.23377  	1790.51429	 (0.00000   )
393	-0.15533  	0.07314   	-0.48273  	1770.98167	 (0.00000   )
394	0.07727   	0.18950   	-0.10987  	1774.48247	 (-0.00000  )
395	-0.02480  	-0.08300  	0.28817   	1783.21240	 (0.00000   )
396	0.13981   	0.13391   	0.20023   	1776.51023	 (0.00000   )
397	0.12311   	-0.12685  	-0.26597  	1799.04524	 (-0.00000  )
398	0.02576   	0.06341   	0.74766   	1803.75796	 (0.00000   )
399	-0.18521  	0.07725   	-0.16213  	1800.22012	 (-0.00000  )
400	-0.30057  	-0.18984  	0.12968   	1807.71862	 (-0.00000  )
401	0.35465   	0.29330   	0.06057   	1804.36199	 (-0.00000  )
402	0.13330   	-0.30910  	0.30545   	1800.06014	 (-0.00000  )
403	0.06059   	0.22054   	-0.48425  	1807.67311	 (0.00000   )
404	-0.05351  	0.02396   	0.33847   	1787.42486	 (-0.00000  )
405	-0.24072  	0.11661   	0.12071   	1823.84548	 (0.00000   )
406	-0.14690  	-0.05591  	-0.01882  	1800.70774	 (0.00000   )
407	0.16812   	0.01331   	0.06387   	1800.69466	 (0.00000   )
408	-0.15298  	-0.09658  	0.12509   	1799.71634	 (0.00000   )
409	-0.12629  	0.14002   	0.14450   	1791.18610	 (-0.00000  )
410	0.00222   	-0.26661  	-0.69942  	1797.24744	 (-0.00000  )
411	0.08641   	-0.31822  	0.39806   	1785.81720	 (-0.00000  )
412	-0.03730  	0.56444   	-0.25148  	1793.38363	 (0.00000   )
413	-0.07246  	0.41792   	-0.61153  	1794.71811	 (0.00000   )
414	0.12345   	-0.23490  	0.23980   	1771.55501	 (-0.00000  )
415	-0.01932  	-0.11897  	-0.07091  	1814.19101	 (-0.00000  )
416	0.04800   	0.15353   	0.30162   	1827.72653	 (0.00000   )
417	-0.32854  	0.07517   	0.00072   	1817.85608	 (0.00000   )
418	-0.22439  	-0.13037  	-0.76771  	1824.68026	 (0.00000   )
419	0.42917   	0.05124   	0.55324   	1827.31593	 (-0.00000  )
420	-0.03514  	-0.04974  	-0.24324  	1804.00447	 (0.00000   )
421	-0.15972  	0.28990   	0.07935   	1783.28765	 (-0.00000  )
422	-0.37427  	0.04579   	0.08450   	1787.62040	 (-0.00000  )
423	0.19300   	0.15399   	0.28151   	1815.20715	 (-0.00000  )
424	0.09645   	-0.02386  	-0.02501  	1799.28280	 (0.00000   )
425	-0.27880  	-0.02844  	-0.35538  	1775.51075	 (-0.00000  )
426	0.01532   	0.14039   	-0.12645  	1786.83488	 (0.00000   )
427	0.30127   	0.00949   	0.74140   	1815.18894	 (0.00000   )
428	0.22066   	-0.25722  	0.23812   	1799.52209	 (-0.00000  )
429	-0.17783  	-0.06445  	0.10832   	1809.37896	 (-0.00000  )
430	0.26220   	-0.09658  	-0.08756  	1814.89365	 (0.00000   )
431	0.09862   	-0.06647  	-0.11456  	1806.23833	 (-0.00000  )
432	-0.22822  	-0.21317  	0.12613   	1805.78712	 (0.00000   )
433	0.38773   	0.14000   	-0.40922  	1791.77007	 (-0.00000  )
434	-0.26855  	0.44237   	-0.30838  	1786.64073	 (-0.00000  )
435	-0.12207  	-0.21397  	-0.13694  	1781.64652	 (-0.00000  )
436	-0.09633  	-0.21518  	0.20236   	1792.73853	 (-0.00000  )
437	0.13427   	0.25693   	0.14744   	1793.24627	 (-0.00000  )
438	0.10664   	-0.18577  	-0.50952  	1824.09959	 (0.00000   )
439	-0.16956  	0.39935   	-0.16255  	1823.45621	 (0.00000   )
440	0.19674   	0.07548   	-0.00387  	1824.57439	 (0.00000   )
441	-0.04780  	-0.47298  	0.29611   	1820.72009	 (-0.00000  )
442	-0.02722  	0.16492   	0.02708   	1791.19079	 (0.00000   )
443	0.17234   	-0.20428  	0.26648   	1828.42061	 (-0.00000  )
444	-0.20281  	-0.13530  	1.04501   	1842.40044	 (0.00000   )
445	-0.02845  	-0.00301  	-1.04679  	1836.94276	 (0.00000   )
446	0.31241   	-0.36920  	0.18607   	1840.84394	 (0.00000   )
447	0.08929   	0.47540   	0.27614   	1842.65174	 (-0.00000  )
448	-0.09362  	-0.23892  	0.04421   	1819.04608	 (0.00000   )
449	-0.16663  	-0.27122  	-0.00769  	1813.29198	 (-0.00000  )
450	0.01602   	0.27974   	0.06789   	1831.61560	 (0.00000   )
451	0.01413   	0.06691   	-0.12059  	1808.94206	 (-0.00000  )
452	0.13906   	0.00944   	0.08784   	1783.44129	 (-0.00000  )
453	0.03298   	0.00548   	0.17874   	1797.11413	 (0.00000   )
454	-0.08007  	0.04848   	-0.04077  	1815.27549	 (0.00000   )
455	0.16175   	-0.13495  	0.09232   	1783.10414	 (0.00000   )
456	0.04759   	0.00297   	0.10462   	1788.57358	 (0.00000   )
457	-0.07008  	0.00205   	-0.02862  	1820.92288	 (0.00000   )
458	-0.02854  	-0.03801  	0.11453   	1795.23844	 (-0.00000  )
459	-0.08538  	0.15325   	-0.08388  	1813.21596	 (-0.00000  )
460	-0.04369  	0.02014   	0.10467   	1804.53814	 (-0.00000  )
461	-0.31814  	0.03460   	-0.40030  	1830.07480	 (-0.00000  )
462	0.41351   	-0.01406  	0.18295   	1798.37134	 (-0.00000  )
463	-0.35857  	0.00314   	-0.08921  	1782.31974	 (-0.00000  )
464	0.13864   	0.04176   	0.22667   	1808.54565	 (-0.00000  )
465	0.03081   	-0.10443  	-0.14522  	1827.72623	 (-0.00000  )
466	-0.00467  	0.38738   	-0.02703  	1848.05771	 (-0.00000  )
467	-0.08503  	-0.36026  	-0.03275  	1821.93068	 (0.00000   )
468	-0.01801  	-0.03478  	-0.02983  	1659.81448	 (0.00000   )
469	-0.00471  	0.38260   	-0.01956  	1828.85169	 (-0.00000  )
470	0.00087   	-0.30016  	0.17643   	1781.34426	 (-0.00000  )
471	0.08335   	0.10936   	0.11898   	1781.67487	 (-0.00000  )
472	0.11939   	-0.09566  	-0.01471  	1773.67006	 (-0.00000  )
473	0.01499   	0.09201   	-0.00016  	1648.01922	 (0.00000   )
474	-0.13951  	-0.07976  	-0.01283  	1608.14751	 (0.00000   )
475	-0.01066  	-0.05960  	-0.32491  	1825.49647	 (-0.00000  )
476	-0.01788  	-0.08973  	0.41253   	1779.77172	 (-0.00000  )
477	0.26158   	0.15125   	-0.11636  	1797.66769	 (0.00000   )
478	0.16461   	-0.00501  	0.03119   	1646.03841	 (0.00000   )
479	-0.45650  	0.04579   	-0.14556  	1812.85723	 (-0.00000  )
480	-0.00567  	-0.00643  	0.00354   	1634.98429	 (0.00000   )
481	0.02301   	0.02027   	0.00668   	1651.13133	 (0.00000   )
482	0.17632   	-0.04690  	-0.10144  	1829.68266	 (0.00000   )
483	-0.13147  	-0.01337  	0.49585   	1824.89545	 (0.00000   )
484	0.19789   	-0.09748  	-0.13573  	1830.92851	 (0.00000   )
485	-0.02604  	-0.01497  	0.00663   	1653.88471	 (0.00000   )
486	-0.24280  	0.03320   	0.10374   	1796.38772	 (0.00000   )
487	0.13528   	-0.20257  	-0.46059  	1815.09355	 (0.00000   )
488	-0.20369  	0.39268   	-0.13037  	1816.63785	 (-0.00000  )
489	-0.07514  	0.07172   	-0.04839  	1555.71195	 (0.00000   )
490	0.20409   	-0.05547  	0.23070   	1823.49176	 (-0.00000  )
491	-0.08225  	0.00660   	0.09733   	1812.78090	 (-0.00000  )
492	-0.02158  	0.02728   	-0.01488  	1586.56559	 (0.00000   )
493	0.06134   	-0.03705  	0.01241   	1601.68450	 (-0.00000  )
494	-0.20426  	-0.06539  	-0.03476  	1825.19543	 (-0.00000  )
495	0.11057   	0.06105   	-0.22590  	1833.50944	 (-0.00000  )
496	-0.01897  	0.00196   	-0.11128  	1799.19376	 (-0.00000  )
497	0.13726   	-0.17270  	0.02908   	1662.15745	 (-0.00000  )
498	-0.23817  	-0.07952  	-0.43059  	1830.19533	 (-0.00000  )
499	0.17163   	-0.26618  	-0.56717  	1829.96800	 (0.00000   )
500	-0.11853  	0.05902   	-0.04209  	1620.03904	 (-0.00000  )
501	0.03845   	0.30259   	0.69389   	1838.30751	 (-0.00000  )
502	-0.04942  	0.14563   	-0.03404  	1728.50837	 (0.00000   )
503	0.14958   	0.06965   	0.21285   	1833.68358	 (0.00000   )
504	-0.14204  	-0.05772  	0.20735   	1816.23000	 (-0.00000  )
505	0.04302   	-0.04285  	0.03474   	1598.86867	 (-0.00000  )
506	-0.04936  	0.00653   	0.00691   	1808.07551	 (-0.00000  )
507	-0.29390  	-0.06655  	-0.04692  	1567.12445	 (-0.00000  )
508	0.02492   	-0.05885  	-0.08924  	1780.94444	 (0.00000   )
509	0.27390   	0.12129   	0.01846   	1597.64415	 (0.00000   )
510	0.01267   	0.03056   	0.06916   	1798.15909	 (0.00000   )
511	-0.02003  	0.00316   	-0.02878  	1593.80021	 (-0.00000  )
512	0.03241   	-0.02793  	0.02272   	1574.29641	 (-0.00000  )
513	-0.08086  	0.03867   	-0.00136  	1807.28658	 (-0.00000  )
514	0.07649   	-0.03552  	0.19133   	1793.75510	 (0.00000   )
515	-0.05786  	0.00888   	-0.17445  	1794.23859	 (-0.00000  )
516	0.03784   	-0.04448  	0.02687   	1675.09446	 (-0.00000  )
517	-0.03092  	0.07841   	0.17996   	1818.49248	 (0.00000   )
518	0.08892   	-0.11641  	-0.23318  	1803.84701	 (0.00000   )
519	0.04290   	0.03349   	0.09710   	1811.06730	 (-0.00000  )
520	-0.03341  	0.01314   	-0.00342  	1722.38386	 (0.00000   )
521	-0.01203  	-0.01732  	-0.00335  	1792.47215	 (-0.00000  )
522	-0.02312  	-0.01392  	-0.06745  	1786.25263	 (-0.00000  )
523	-0.02992  	0.01034   	0.03930   	1800.14611	 (0.00000   )
524	0.01475   	-0.00190  	0.31000   	1795.99683	 (0.00000   )
525	-0.01731  	-0.00430  	0.00530   	1592.49913	 (0.00000   )
526	0.01206   	-0.02763  	0.01329   	1809.12753	 (-0.00000  )
527	-0.05877  	0.04998   	-0.07899  	1786.48766	 (0.00000   )
528	0.01474   	0.05055   	-0.07599  	1794.09501	 (-0.00000  )
529	0.05657   	-0.02924  	0.00997   	1820.26676	 (-0.00000  )
530	0.00289   	0.02926   	0.00437   	1583.49516	 (0.00000   )
531	0.02977   	-0.00949  	0.01576   	1584.76923	 (0.00000   )
532	0.04061   	0.04194   	-0.02186  	1799.04000	 (-0.00000  )
533	0.03227   	-0.03350  	-0.27814  	1825.26788	 (-0.00000  )
534	-0.03257  	-0.00730  	0.00357   	1582.48536	 (0.00000   )
535	-0.00338  	0.13690   	0.04912   	1799.31333	 (0.00000   )
536	0.04548   	-0.11072  	0.06402   	1785.52250	 (0.00000   )
537	0.02327   	-0.01729  	0.00615   	1583.73539	 (-0.00000  )
538	-0.03945  	-0.02667  	0.10754   	1808.70143	 (0.00000   )
539	-0.01597  	0.03322   	-0.01751  	1798.97941	 (-0.00000  )
540	-0.02414  	0.02937   	0.05829   	1814.98800	 (-0.00000  )
541	-0.03593  	-0.02139  	-0.07641  	1817.59067	 (-0.00000  )
542	0.01718   	-0.05310  	-0.03107  	1575.95836	 (-0.00000  )
543	-0.00877  	0.07786   	-0.02391  	1591.73257	 (0.00000   )
544	-0.04043  	0.00967   	-0.03475  	1815.68230	 (-0.00000  )
545	0.00721   	-0.04099  	0.03635   	1643.01207	 (-0.00000  )
546	0.01289   	0.00870   	0.03198   	1810.31911	 (-0.00000  )
547	-0.03372  	-0.03593  	0.16084   	1814.30416	 (-0.00000  )
548	0.19207   	0.13235   	-0.05323  	1798.22531	 (-0.00000  )
549	-0.04978  	-0.14926  	-0.03000  	1810.64402	 (-0.00000  )
550	0.06896   	-0.04268  	-0.03164  	1806.90238	 (-0.00000  )
551	-0.12392  	0.06322   	-0.17433  	1688.40327	 (-0.00000  )
552	-0.07335  	-0.01448  	0.06544   	1785.97833	 (-0.00000  )
553	-0.04461  	0.12873   	0.17380   	1683.82236	 (-0.00000  )
554	0.05377   	-0.02422  	-0.05598  	1792.49042	 (-0.00000  )
555	0.02209   	-0.02282  	0.03373   	1792.64337	 (0.00000   )
556	0.02285   	0.02178   	0.08586   	1782.42220	 (-0.00000  )
557	-0.15265  	0.06144   	0.02068   	1787.72848	 (-0.00000  )
558	-0.00290  	0.07572   	0.00765   	1761.08737	 (0.00000   )
559	0.00231   	0.13691   	-0.00637  	1766.03982	 (0.00000   )
560	0.07505   	-0.01282  	-0.22792  	1713.91387	 (-0.00000  )
561	0.02436   	-0.11350  	0.02226   	1790.28793	 (-0.00000  )
562	0.01462   	-0.03952  	-0.10775  	1770.99672	 (-0.00000  )
563	0.03615   	-0.02713  	-0.00452  	1777.35538	 (-0.00000  )
564	0.00477   	-0.02237  	-0.03943  	1764.11748	 (0.00000   )
565	-0.15923  	0.13754   	-1.02489  	1711.41418	 (0.00000   )
566	0.01919   	-0.02587  	0.02905   	1768.13039	 (0.00000   )
567	0.21690   	-0.26722  	-0.09934  	1725.47802	 (0.00000   )
568	-0.04825  	0.04447   	0.01231   	1786.44511	 (-0.00000  )
569	0.02620   	-0.02286  	-0.05017  	1790.49912	 (-0.00000  )
570	0.00620   	0.00168   	0.07089   	1777.17722	 (0.00000   )
571	0.00821   	-0.00150  	-0.00537  	1771.90908	 (0.00000   )
572	0.45298   	-0.49018  	0.13560   	1739.29638	 (-0.00000  )
573	-0.02650  	-0.03292  	0.04087   	1770.20540	 (0.00000   )
574	-0.01671  	-0.01343  	-0.02677  	1774.43473	 (-0.00000  )
575	0.02711   	0.16367   	0.13768   	1760.89013	 (0.00000   )
576	-0.23731  	0.26592   	0.93261   	1716.71222	 (0.00000   )
577	0.01548   	0.04180   	-0.21543  	1744.37423	 (-0.00000  )
578	0.06590   	-0.13978  	0.19093   	1756.09077	 (0.00000   )
579	-0.02219  	-0.02932  	-0.11043  	1745.18640	 (-0.00000  )
580	-0.01472  	0.01136   	0.06323   	1769.91400	 (0.00000   )
581	-0.03014  	-0.05841  	-0.16538  	1778.24517	 (-0.00000  )
582	-0.07947  	-0.00048  	0.48390   	1737.75329	 (-0.00000  )
583	0.00477   	0.11254   	0.23403   	1767.21519	 (0.00000   )
584	0.09252   	-0.22141  	-0.24033  	1756.38999	 (0.00000   )
585	-0.04626  	0.08919   	0.18227   	1779.76114	 (-0.00000  )
586	0.09417   	0.06071   	-0.10801  	1747.70562	 (-0.00000  )
587	-0.10074  	-0.01250  	0.06346   	1763.11427	 (-0.00000  )
588	-0.04460  	0.04359   	-0.04999  	1771.28848	 (-0.00000  )
589	-0.01486  	0.00610   	-0.00383  	1766.74794	 (-0.00000  )
590	-0.02814  	0.01489   	0.00291   	1705.64500	 (-0.00000  )
591	-0.00589  	-0.00381  	0.00076   	1657.29876	 (0.00000   )
592	-0.00995  	0.00149   	0.00477   	1665.03998	 (-0.00000  )
593	0.01152   	0.01851   	-0.01040  	1664.74646	 (0.00000   )
594	0.00809   	0.01044   	-0.00867  	1650.74940	 (-0.00000  )
595	-0.00208  	-0.01022  	0.25588   	1878.15375	 (0.00000   )
596	-0.00553  	-0.02091  	-0.00944  	1675.67664	 (-0.00000  )
597	0.04842   	-0.04274  	-0.23582  	1874.90575	 (-0.00000  )
598	-0.00734  	0.02101   	0.00769   	1641.18468	 (0.00000   )
599	-0.01411  	0.01989   	-0.01725  	1619.30428	 (0.00000   )
600	0.01308   	-0.02470  	-0.00370  	1603.70773	 (-0.00000  )
601	-0.00906  	0.00394   	0.00765   	1642.86629	 (-0.00000  )
602	-0.02050  	0.02646   	0.00811   	1898.32071	 (0.00000   )
603	0.00419   	0.01938   	-0.00341  	1632.46094	 (0.00000   )
604	0.00770   	0.00257   	-0.01570  	1658.35183	 (-0.00000  )
605	0.02363   	-0.04504  	-0.00321  	1878.78139	 (0.00000   )
606	-0.13024  	0.09275   	-0.06398  	1618.37555	 (-0.00000  )
607	0.09100   	-0.07309  	0.11034   	1613.26975	 (0.00000   )
608	0.04355   	-0.05235  	-0.08447  	1589.83582	 (0.00000   )
609	-0.04221  	0.07772   	0.03765   	1598.12908	 (-0.00000  )
610	-0.06668  	0.06845   	-0.04220  	1580.87106	 (0.00000   )
611	0.05108   	0.09422   	-0.01234  	1602.70777	 (0.00000   )
612	0.01438   	-0.19011  	0.06973   	1555.45670	 (0.00000   )
613	0.02656   	-0.02226  	0.01985   	1609.55759	 (0.00000   )
614	-0.00622  	-0.02772  	-0.00268  	1598.48751	 (0.00000   )
615	0.01353   	-0.01192  	0.01750   	1545.38459	 (0.00000   )
616	-0.00704  	-0.01978  	0.00516   	1598.87090	 (0.00000   )
617	0.03544   	0.01695   	-0.05498  	1588.69098	 (-0.00000  )
618	-0.03708  	-0.00113  	0.06237   	1579.02560	 (0.00000   )
619	-0.00384  	0.00315   	-0.01168  	1560.70558	 (-0.00000  )
620	-0.01021  	-0.00628  	-0.01895  	1632.64935	 (0.00000   )
621	0.01771   	0.00337   	-0.00751  	1653.51670	 (0.00000   )
622	-0.00522  	0.00214   	-0.00100  	1633.69020	 (0.00000   )
623	0.00648   	0.01164   	-0.00332  	1600.66115	 (0.00000   )
624	-0.00484  	-0.00640  	0.00030   	1618.27999	 (0.00000   )
625	0.00276   	-0.00279  	0.00710   	1719.96774	 (0.00000   )
626	-0.05425  	0.02348   	-0.00658  	1852.21701	 (0.00000   )
627	-0.04538  	0.02059   	0.01766   	1760.97169	 (0.00000   )
628	0.05213   	-0.01954  	-0.02261  	1686.71289	 (0.00000   )
629	0.05864   	-0.04990  	-0.02361  	1851.27094	 (0.00000   )
630	-0.00893  	0.01513   	0.00879   	1637.52375	 (0.00000   )
631	0.00685   	-0.00856  	-0.00812  	1608.48082	 (0.00000   )
632	0.02014   	-0.00563  	-0.01064  	1607.29609	 (0.00000   )
633	-0.01601  	0.01059   	0.00012   	1582.30405	 (0.00000   )
634	-0.02335  	0.00411   	0.00371   	1591.60988	 (0.00000   )
635	0.32665   	-0.28136  	-0.35101  	1853.49377	 (0.00000   )
636	-0.00076  	0.01010   	-0.00450  	1580.66457	 (-0.00000  )
637	-0.66307  	0.63175   	0.51526   	1860.90040	 (0.00000   )
638	0.01136   	0.00420   	-0.00677  	1493.35950	 (0.00000   )
639	-0.03341  	-0.00262  	-0.00478  	1484.01087	 (-0.00000  )
640	0.03418   	-0.00105  	-0.01120  	1469.37637	 (0.00000   )
641	0.48412   	-0.65465  	-1.02422  	1874.33150	 (-0.00000  )
642	-0.01438  	-0.00820  	0.00920   	1485.86742	 (0.00000   )
643	0.17710   	-0.17351  	-0.97708  	1869.28911	 (-0.00000  )
644	-0.34252  	0.44400   	-1.22295  	1867.56541	 (0.00000   )
645	-0.12405  	-0.06010  	0.15949   	1876.09587	 (-0.00000  )
646	0.01313   	-0.00547  	0.01319   	1648.31312	 (-0.00000  )
647	0.03190   	-0.01746  	-0.03779  	1681.14181	 (-0.00000  )
648	-0.00618  	-0.00367  	0.01968   	1696.25123	 (0.00000   )
649	0.01874   	0.00363   	-0.03542  	1539.36477	 (-0.00000  )
650	-0.29369  	0.34861   	1.17457   	1884.95421	 (0.00000   )
651	-0.01076  	0.00152   	0.05375   	1544.98678	 (-0.00000  )
652	-0.13866  	0.16024   	0.73914   	1869.15378	 (0.00000   )
653	0.00199   	-0.00771  	-0.02225  	1585.65194	 (0.00000   )
654	0.00905   	0.00791   	0.02130   	1548.19191	 (0.00000   )
655	0.18475   	-0.19683  	0.79210   	1874.71777	 (-0.00000  )
656	-0.01855  	0.01105   	0.02728   	1514.10847	 (-0.00000  )
657	0.06107   	0.09094   	-0.01800  	1852.40178	 (0.00000   )
658	-0.21140  	-0.03385  	-0.26194  	1849.84691	 (-0.00000  )
659	0.00978   	-0.01886  	-0.01196  	1733.15925	 (0.00000   )
660	-0.01651  	0.00764   	0.01722   	1680.20986	 (0.00000   )
661	0.44094   	-0.54989  	-0.97620  	1832.49951	 (-0.00000  )
662	0.03830   	-0.03789  	0.00456   	1725.58458	 (0.00000   )
663	0.44498   	-0.33706  	1.26726   	1821.38601	 (0.00000   )
664	-0.03707  	0.04129   	-0.00298  	1738.74288	 (0.00000   )
665	-0.05461  	0.07718   	0.35461   	1826.54946	 (-0.00000  )
666	-0.19582  	0.29378   	-0.68669  	1860.75714	 (0.00000   )
667	-0.09066  	-0.23643  	-0.19161  	1861.55630	 (-0.00000  )
668	0.03283   	0.05593   	-0.84912  	1866.50714	 (0.00000   )
669	-0.01243  	-0.14056  	-0.19779  	1872.64706	 (0.00000   )
670	-0.28901  	-0.02210  	-0.33444  	1881.99627	 (0.00000   )
671	0.28422   	0.06859   	-0.61226  	1869.13446	 (-0.00000  )
672	0.21289   	0.08509   	-0.04209  	1879.47993	 (-0.00000  )
673	-0.02174  	-0.01198  	2.08167   	1865.10494	 (0.00000   )
674	0.26551   	0.85284   	0.31339   	1873.14241	 (0.00000   )
675	0.02711   	0.25816   	1.59017   	1861.89998	 (0.00000   )
676	-0.11014  	0.05274   	0.51260   	1868.24527	 (0.00000   )
677	-0.37557  	-0.63580  	0.25433   	1884.95678	 (-0.00000  )
678	0.12579   	-0.19537  	0.39216   	1848.44722	 (0.00000   )
679	-0.31363  	0.04464   	-0.06683  	1865.13893	 (-0.00000  )
680	0.16838   	-0.15032  	0.89281   	1867.40783	 (-0.00000  )
681	-0.07507  	0.10771   	-0.12451  	1885.18805	 (0.00000   )
682	-0.21623  	-0.06172  	0.22101   	1871.99280	 (0.00000   )
683	-0.10313  	0.04676   	-0.69041  	1877.67479	 (0.00000   )
684	0.07958   	-0.26088  	0.82437   	1865.28048	 (0.00000   )
685	0.03487   	0.17282   	-0.09140  	1858.10528	 (-0.00000  )
686	0.30460   	-0.15139  	0.20455   	1881.56590	 (-0.00000  )
687	-0.32238  	0.04778   	0.11924   	1896.08337	 (0.00000   )
688	0.07572   	0.20740   	-0.49342  	1878.29218	 (-0.00000  )
689	0.58717   	-0.10244  	-0.61254  	1810.05083	 (0.00000   )
690	0.42955   	-0.23893  	-0.19264  	1766.56122	 (-0.00000  )
691	0.00771   	0.09902   	0.11157   	1806.30883	 (-0.00000  )
692	0.02544   	0.25042   	-0.55981  	1824.26949	 (0.00000   )
693	-0.42046  	-0.02552  	-0.22190  	1791.28452	 (-0.00000  )
694	0.10493   	-0.41852  	-0.11463  	1794.98252	 (0.00000   )
695	-0.40997  	0.03647   	0.20054   	1771.91128	 (-0.00000  )
696	0.09427   	0.39016   	-0.24529  	1757.41972	 (0.00000   )
697	-0.25652  	0.59178   	-0.48496  	1795.01830	 (-0.00000  )
698	0.07866   	-0.14560  	0.41589   	1780.13566	 (0.00000   )
699	0.21980   	0.01267   	0.08411   	1796.94227	 (0.00000   )
700	-0.04954  	0.10479   	0.17457   	1803.00305	 (-0.00000  )
701	-0.15471  	-0.01703  	0.69692   	1825.00950	 (-0.00000  )
702	-0.14078  	0.06297   	0.09074   	1748.46661	 (0.00000   )
703	-0.27710  	0.02795   	-0.06040  	1818.32071	 (0.00000   )
704	0.31695   	-0.06981  	0.01304   	1793.75847	 (0.00000   )
705	0.13665   	-0.10578  	-0.27116  	1826.01897	 (0.00000   )
706	-0.02561  	0.07136   	0.02552   	1764.49135	 (0.00000   )
707	0.02982   	-0.04830  	0.05261   	1773.97064	 (-0.00000  )
708	0.05615   	-0.57391  	-0.66789  	1858.44831	 (-0.00000  )
709	-0.41009  	-0.32262  	0.68163   	1798.48636	 (-0.00000  )
710	-0.14446  	0.10289   	0.38286   	1862.04148	 (-0.00000  )
711	0.01913   	0.00186   	0.54024   	1815.73859	 (0.00000   )
712	0.23050   	-0.31443  	-0.14020  	1857.91640	 (0.00000   )
713	0.04977   	0.33370   	0.53121   	1873.76905	 (0.00000   )
714	-0.03394  	-0.09945  	-0.15769  	1919.30951	 (0.00000   )
715	0.03783   	-0.43757  	0.41612   	1823.19896	 (0.00000   )
716	0.13464   	0.44761   	0.13821   	1889.39072	 (-0.00000  )
717	0.38830   	0.02845   	0.30637   	1935.02642	 (-0.00000  )
718	-0.30873  	-0.35857  	-0.06401  	1779.52830	 (-0.00000  )
719	0.27930   	0.36637   	-0.44018  	1829.10718	 (0.00000   )
720	0.06206   	0.29473   	0.16836   	1834.72671	 (0.00000   )
721	-0.28635  	0.26419   	0.09072   	1859.94105	 (-0.00000  )
722	-0.01306  	0.10384   	0.12004   	1845.22514	 (0.00000   )
723	-0.08523  	-0.38838  	-0.07475  	1825.58041	 (0.00000   )
724	-0.16933  	0.17593   	-0.36706  	1737.53421	 (-0.00000  )
725	-0.05185  	0.00613   	-0.15831  	1789.45381	 (0.00000   )
726	0.20079   	-0.23922  	-0.16118  	1907.69351	 (0.00000   )
727	0.01869   	0.00207   	-0.29094  	1761.09999	 (0.00000   )
728	0.07447   	-0.12787  	-0.06622  	1819.43969	 (0.00000   )
729	-0.29747  	-0.08451  	-0.33474  	1743.05470	 (0.00000   )
730	0.21721   	0.15820   	0.10250   	1725.94776	 (-0.00000  )
731	-0.03714  	0.10095   	0.02062   	1794.60464	 (0.00000   )
732	0.28483   	-0.11759  	-0.17930  	1938.31640	 (0.00000   )
733	-0.07219  	-0.39640  	-0.18692  	1883.51101	 (-0.00000  )
734	0.56385   	-0.65011  	0.26346   	1882.88632	 (-0.00000  )
735	0.15659   	0.19640   	0.35350   	1922.66502	 (-0.00000  )
736	-0.20863  	0.03198   	0.67266   	1881.02439	 (-0.00000  )
737	-0.41761  	0.23501   	0.03848   	1873.85620	 (0.00000   )
738	-0.72781  	0.77463   	0.14300   	1892.66460	 (0.00000   )
739	-0.15590  	0.12006   	0.06589   	1860.99903	 (0.00000   )
740	-0.08268  	0.12857   	-0.53102  	1840.91045	 (-0.00000  )
741	-0.13212  	0.18697   	-0.35257  	1849.72847	 (0.00000   )
742	0.55400   	-0.47953  	0.22355   	1995.54332	 (0.00000   )
743	-0.19096  	0.17684   	0.51701   	1963.21533	 (-0.00000  )
744	-0.06744  	-0.11676  	0.27295   	1860.26336	 (0.00000   )
745	-0.08353  	-0.00293  	0.39202   	1917.92370	 (0.00000   )
746	0.17345   	0.11461   	0.50288   	1894.90017	 (0.00000   )
747	0.13288   	-0.07414  	0.86520   	1986.76128	 (0.00000   )
748	0.28441   	0.08175   	-0.22848  	1983.46336	 (-0.00000  )
749	-0.40266  	0.17646   	-0.73826  	1996.96384	 (-0.00000  )
750	-0.07560  	-0.06287  	0.05771   	2020.86348	 (0.00000   )
751	-0.35291  	0.35670   	-1.13945  	2016.53891	 (0.00000   )
752	0.12045   	0.08143   	-0.00132  	2011.52912	 (-0.00000  )
753	-0.23635  	0.82308   	-0.38078  	2032.84926	 (-0.00000  )
754	0.65331   	-0.57383  	0.32962   	2051.20623	 (0.00000   )
755	-0.35083  	-0.36279  	0.31706   	2025.78335	 (-0.00000  )
756	0.04649   	-0.04617  	-0.05477  	2015.50285	 (0.00000   )
757	0.17021   	0.41011   	-0.47054  	1994.37243	 (-0.00000  )
758	0.01086   	-0.20188  	0.59091   	1989.78388	 (0.00000   )
759	-0.07636  	-0.38091  	-0.12085  	1971.70970	 (-0.00000  )
760	-0.05348  	-0.25665  	-0.71788  	1971.42087	 (-0.00000  )
761	0.65877   	-0.01140  	-0.17466  	1979.23227	 (0.00000   )
762	0.23090   	-0.08972  	-0.24122  	1978.58683	 (0.00000   )
763	-0.06556  	-0.42606  	0.16362   	1980.22967	 (0.00000   )
764	0.00395   	0.67079   	0.49128   	1957.68620	 (0.00000   )
765	0.53887   	-0.87692  	-0.19213  	1970.58723	 (0.00000   )
766	-0.01293  	-0.04752  	-0.08568  	1959.12286	 (0.00000   )
767	-0.08303  	-0.04902  	-0.23756  	1952.42880	 (-0.00000  )
768	0.33447   	-0.05684  	0.01229   	1975.79097	 (-0.00000  )
769	-0.48203  	0.34772   	0.59905   	1972.04803	 (-0.00000  )
770	-0.01335  	0.16093   	0.43275   	1979.09156	 (0.00000   )
771	-0.71000  	0.29319   	-0.00395  	1975.70277	 (-0.00000  )
772	-0.46692  	0.40615   	0.15916   	1958.73383	 (-0.00000  )
773	0.19398   	-0.10887  	-0.03235  	1956.60777	 (-0.00000  )
774	-0.01326  	0.06625   	-0.00781  	1930.00309	 (0.00000   )
775	-0.10399  	0.10329   	-0.32238  	1947.22239	 (-0.00000  )
776	-0.45254  	-0.25698  	0.14472   	1963.09512	 (-0.00000  )
777	0.01723   	-0.03174  	-0.03031  	1819.67713	 (0.00000   )
778	0.35095   	0.27756   	-0.24005  	1952.33837	 (-0.00000  )
779	-0.00340  	0.10372   	0.22877   	1938.86987	 (-0.00000  )
780	-0.07303  	0.02954   	0.04485   	1816.54060	 (0.00000   )
781	-0.04569  	0.05761   	-0.08765  	1820.17992	 (-0.00000  )
782	0.07110   	-0.06299  	0.01715   	1822.63755	 (-0.00000  )
783	-0.15743  	0.01577   	-0.38640  	1931.70122	 (-0.00000  )
784	0.03217   	-0.01498  	0.00039   	1816.51441	 (-0.00000  )
785	-0.03069  	0.01621   	0.00976   	1814.06764	 (0.00000   )
786	0.16311   	-0.22977  	0.27983   	1931.30735	 (0.00000   )
787	-0.19813  	0.28281   	-0.14085  	1910.35714	 (-0.00000  )
788	-0.12542  	0.17895   	-0.17145  	1928.63508	 (0.00000   )
789	0.02794   	-0.00554  	-0.00391  	1822.59982	 (0.00000   )
790	0.18557   	-0.16099  	-0.10525  	1945.07571	 (-0.00000  )
791	0.08414   	0.05969   	-0.13482  	1928.89487	 (0.00000   )
792	-0.02168  	0.00775   	-0.00387  	1812.61477	 (0.00000   )
793	-0.14992  	0.12831   	0.36632   	1944.68337	 (-0.00000  )
794	-0.15031  	-0.09675  	-0.40293  	1928.04582	 (-0.00000  )
795	0.21050   	0.07094   	0.25057   	1949.16167	 (0.00000   )
796	-0.25109  	-0.27639  	-0.11687  	1938.21298	 (-0.00000  )
797	-0.00808  	0.26092   	-0.12752  	1938.82702	 (0.00000   )
798	0.14764   	-0.32437  	-0.42449  	1924.68944	 (0.00000   )
799	0.02299   	-0.00867  	-0.01127  	1826.85559	 (0.00000   )
800	0.42646   	0.38720   	0.51416   	1924.62379	 (0.00000   )
801	-0.35682  	0.03034   	0.19225   	1946.11885	 (-0.00000  )
802	-0.13733  	-0.11668  	-0.06254  	1920.52965	 (0.00000   )
803	0.16304   	0.06913   	-0.07476  	1916.66433	 (0.00000   )
804	0.20177   	-0.41191  	0.37815   	1931.91836	 (0.00000   )
805	0.05038   	0.19308   	-0.49039  	1938.87697	 (-0.00000  )
806	0.02010   	-0.02298  	0.01417   	1827.99949	 (0.00000   )
807	-0.03193  	0.03520   	-0.01517  	1948.19856	 (0.00000   )
808	0.04646   	0.13223   	-0.08876  	1947.17254	 (-0.00000  )
809	-0.13503  	-0.07651  	0.49709   	1939.90554	 (-0.00000  )
810	-0.23167  	-0.26815  	0.05055   	1946.25436	 (-0.00000  )
811	0.25775   	0.07294   	0.29361   	1949.68011	 (0.00000   )
812	0.08315   	-0.03321  	-0.12049  	1905.64801	 (0.00000   )
813	0.01946   	-0.00237  	-0.00084  	1834.45158	 (0.00000   )
814	-0.04137  	0.02934   	0.07548   	1962.24831	 (0.00000   )
815	-0.03135  	0.07565   	0.11124   	1946.17207	 (0.00000   )
816	0.00809   	-0.00662  	0.00530   	1836.32298	 (0.00000   )
817	-0.15068  	-0.07432  	0.03136   	1973.41992	 (0.00000   )
818	0.03341   	0.02282   	-0.18294  	1954.75832	 (-0.00000  )
819	0.05434   	-0.10481  	0.17223   	1950.99859	 (-0.00000  )
820	-0.05303  	0.00566   	-0.15823  	1936.44866	 (0.00000   )
821	0.26744   	0.12983   	-0.00549  	1928.76907	 (-0.00000  )
822	-0.29652  	-0.09674  	-0.12383  	1907.90192	 (-0.00000  )
823	0.01556   	-0.05139  	0.10041   	1780.92722	 (-0.00000  )
824	0.17018   	0.13362   	0.15685   	1889.04057	 (0.00000   )
825	0.03534   	-0.01427  	-0.11889  	1781.96947	 (0.00000   )
826	-0.08265  	0.14655   	0.01048   	1883.57333	 (-0.00000  )
827	-0.10262  	-0.00321  	-0.19142  	1781.90589	 (0.00000   )
828	0.00058   	0.01043   	0.07872   	1916.07731	 (-0.00000  )
829	0.05145   	0.05787   	0.19084   	1776.72981	 (-0.00000  )
830	-0.02549  	-0.00956  	-0.03258  	1769.71036	 (-0.00000  )
831	0.01017   	0.01547   	0.04155   	1762.87894	 (0.00000   )
832	0.15470   	0.20489   	-0.11623  	1863.27400	 (0.00000   )
833	0.03096   	-0.05196  	0.11707   	1912.20621	 (0.00000   )
834	-0.24243  	-0.15167  	0.35536   	1882.54810	 (-0.00000  )
835	0.25853   	0.08480   	-0.28429  	1909.60582	 (-0.00000  )
836	-0.05810  	-0.19823  	-0.13454  	1885.75568	 (0.00000   )
837	-0.02712  	-0.07207  	0.18391   	1882.97967	 (-0.00000  )
838	-0.00367  	0.02539   	0.00565   	1764.48645	 (-0.00000  )
839	-0.00199  	-0.01015  	-0.01439  	1761.77347	 (-0.00000  )
840	-0.10675  	0.00122   	-0.06146  	1876.10431	 (-0.00000  )
841	0.00678   	0.10381   	0.25539   	1880.61587	 (-0.00000  )
842	0.06223   	0.03194   	-0.14300  	1881.73718	 (-0.00000  )
843	-0.03187  	-0.00107  	0.10414   	1868.56162	 (-0.00000  )
844	0.00398   	-0.01041  	-0.00048  	1761.98062	 (0.00000   )
845	-0.03685  	0.03330   	0.00017   	1765.76815	 (0.00000   )
846	0.03705   	-0.04393  	0.02572   	1871.09640	 (0.00000   )
847	0.00521   	-0.01046  	0.01640   	1697.93419	 (-0.00000  )
848	-0.09507  	-0.15030  	0.09068   	1879.48897	 (0.00000   )
849	0.03803   	-0.07805  	0.01522   	1744.49616	 (-0.00000  )
850	-0.01595  	0.01174   	-0.04278  	1731.30808	 (0.00000   )
851	0.14889   	0.01933   	-0.06754  	1875.55403	 (0.00000   )
852	-0.01221  	-0.05669  	0.01130   	1681.98742	 (-0.00000  )
853	0.08271   	0.03137   	0.11724   	1757.01728	 (0.00000   )
854	0.04680   	-0.06780  	0.03129   	1882.76950	 (0.00000   )
855	-0.12589  	0.12908   	-0.02906  	1699.48844	 (-0.00000  )
856	0.06139   	-0.07676  	-0.12375  	1759.90208	 (0.00000   )
857	-0.00149  	-0.03499  	-0.01850  	1715.52367	 (0.00000   )
858	-0.07171  	0.10924   	-0.06289  	1911.98834	 (-0.00000  )
859	0.01598   	0.04138   	0.01719   	1701.30521	 (-0.00000  )
860	0.02347   	0.00424   	-0.04520  	1875.36913	 (0.00000   )
861	-0.25665  	-0.03633  	-0.08492  	1877.79209	 (0.00000   )
862	0.18569   	0.11103   	0.10616   	1901.70505	 (-0.00000  )
863	0.00619   	0.00062   	0.00191   	1739.19377	 (-0.00000  )
864	-0.05136  	-0.10064  	-0.05018  	1884.95208	 (0.00000   )
865	0.09211   	0.14821   	-0.04366  	1903.00178	 (-0.00000  )
866	0.00233   	-0.02349  	-0.01236  	1631.95671	 (-0.00000  )
867	-0.04326  	-0.12259  	0.08153   	1888.44748	 (-0.00000  )
868	-0.03364  	-0.01968  	0.01473   	1624.60523	 (-0.00000  )
869	0.01901   	0.02539   	0.00555   	1668.03008	 (0.00000   )
870	0.00636   	-0.04544  	-0.02933  	1909.71179	 (0.00000   )
871	-0.13815  	0.05786   	0.12646   	1915.53251	 (0.00000   )
872	0.00345   	0.02117   	0.00362   	1616.35395	 (-0.00000  )
873	0.03967   	0.14113   	0.12001   	1876.65437	 (-0.00000  )
874	-0.07499  	-0.04286  	0.02157   	1925.17354	 (0.00000   )
875	0.06375   	0.09180   	-0.06570  	1913.88403	 (0.00000   )
876	0.02128   	-0.21850  	-0.14971  	1894.11563	 (-0.00000  )
877	-0.04991  	0.01509   	0.12352   	1910.94264	 (0.00000   )
878	-0.07581  	0.02293   	-0.05147  	1891.23257	 (-0.00000  )
879	0.01295   	-0.05096  	-0.00222  	1641.23944	 (0.00000   )
880	0.02712   	-0.07300  	0.19713   	1918.47941	 (-0.00000  )
881	0.13182   	-0.24773  	-0.07343  	1918.63604	 (0.00000   )
882	-0.00488  	0.05407   	0.00398   	1642.11806	 (0.00000   )
883	0.04674   	0.05332   	0.07369   	1885.31743	 (-0.00000  )
884	0.00477   	0.00327   	-0.00038  	1655.96521	 (0.00000   )
885	0.01335   	0.04542   	-0.11282  	1901.80354	 (-0.00000  )
886	-0.01411  	0.08068   	0.02357   	1888.40810	 (-0.00000  )
887	0.01920   	-0.00954  	-0.00858  	1686.53919	 (-0.00000  )
888	-0.47866  	0.20363   	-0.40568  	1914.17441	 (0.00000   )
889	-0.00903  	0.01534   	-0.02217  	1746.94356	 (-0.00000  )
890	0.52191   	-0.29106  	0.42725   	1906.78488	 (0.00000   )
891	-0.08773  	0.06009   	-0.14020  	1903.70420	 (-0.00000  )
892	0.04068   	0.00053   	0.01067   	1688.99116	 (-0.00000  )
893	-0.02303  	0.00037   	-0.01457  	1664.92735	 (-0.00000  )
894	0.06374   	0.02958   	-0.07420  	1896.47629	 (0.00000   )
895	-0.12133  	0.06343   	-0.03027  	1797.37298	 (-0.00000  )
896	0.15090   	-0.17283  	-0.02049  	1840.57297	 (-0.00000  )
897	-0.04938  	0.02082   	-0.13303  	1917.74277	 (0.00000   )
898	0.00054   	-0.00767  	0.01498   	1659.56580	 (-0.00000  )
899	-0.14960  	-0.15886  	0.41697   	1905.00744	 (-0.00000  )
900	0.00083   	0.00171   	0.00533   	1644.78621	 (-0.00000  )
901	0.12269   	0.17559   	-0.42158  	1910.91316	 (0.00000   )
902	0.00788   	0.00162   	-0.29532  	1841.15895	 (0.00000   )
903	-0.15258  	0.10908   	-0.26281  	1838.11864	 (-0.00000  )
904	0.01298   	-0.02815  	0.37990   	1838.28619	 (0.00000   )
905	0.01790   	-0.02796  	-0.04000  	1839.37986	 (-0.00000  )
906	0.29417   	-0.21337  	0.44815   	1876.77268	 (0.00000   )
907	0.03333   	-0.05705  	-0.12302  	1869.05861	 (-0.00000  )
908	0.04613   	0.08661   	-0.00521  	1821.80389	 (0.00000   )
909	0.02105   	-0.02506  	-0.00401  	1833.48866	 (0.00000   )
910	0.02492   	-0.01635  	-0.00390  	1835.50310	 (0.00000   )
911	0.01795   	-0.00120  	0.03418   	1738.85079	 (-0.00000  )
912	0.00039   	-0.00386  	0.02325   	1717.64380	 (0.00000   )
913	-0.00465  	0.01015   	0.00625   	1837.97677	 (-0.00000  )
914	-0.02102  	0.08348   	0.18190   	1834.79914	 (0.00000   )
915	0.05109   	-0.06766  	-0.09979  	1764.62374	 (-0.00000  )
916	0.00952   	-0.01339  	0.00247   	1687.58952	 (0.00000   )
917	0.03085   	-0.03222  	0.01419   	1828.60345	 (0.00000   )
918	0.01393   	0.01040   	0.00839   	1831.31521	 (-0.00000  )
919	0.10566   	0.00433   	0.02831   	1785.92107	 (-0.00000  )
920	-0.12116  	-0.06458  	-0.02816  	1832.31022	 (0.00000   )
921	0.00351   	-0.00706  	0.02107   	1686.98040	 (0.00000   )
922	-0.00245  	-0.00894  	0.00709   	1781.25703	 (-0.00000  )
923	0.01588   	-0.00269  	-0.00105  	1792.78176	 (-0.00000  )
924	-0.01552  	0.00649   	0.00443   	1684.27706	 (0.00000   )
925	0.00946   	-0.00110  	-0.00864  	1683.48874	 (0.00000   )
926	-0.01325  	0.00125   	0.01696   	1791.95599	 (0.00000   )
927	0.00371   	0.00028   	0.04262   	1680.70957	 (0.00000   )
928	-0.07868  	0.04800   	-0.00797  	1855.18055	 (-0.00000  )
929	-0.01947  	0.00519   	-0.03251  	1679.51049	 (0.00000   )
930	-0.01209  	0.07123   	0.01329   	1882.87015	 (-0.00000  )
931	0.03543   	-0.04903  	-0.03394  	1869.50637	 (-0.00000  )
932	0.00516   	-0.03103  	-0.04067  	1897.60970	 (-0.00000  )
933	0.00952   	-0.00389  	-0.01757  	1689.83500	 (0.00000   )
934	-0.02516  	-0.01290  	-0.03432  	1878.54466	 (-0.00000  )
935	0.01706   	-0.00081  	0.03584   	1820.71564	 (-0.00000  )
936	0.03828   	-0.03409  	0.05013   	1807.21659	 (-0.00000  )
937	-0.00429  	0.00224   	0.02808   	1679.83649	 (0.00000   )
938	-0.09052  	0.06522   	-0.07616  	1877.05460	 (-0.00000  )
939	-0.14889  	0.25435   	-0.03231  	1689.86402	 (-0.00000  )
940	0.01292   	-0.06184  	0.04128   	1689.36551	 (-0.00000  )
941	-0.04768  	0.00063   	-0.00169  	1744.83141	 (0.00000   )
942	0.03074   	0.00140   	0.03287   	1727.75866	 (0.00000   )
943	0.22846   	0.16276   	-0.11056  	1837.24404	 (-0.00000  )
944	-0.29413  	-0.14549  	0.13286   	1851.91060	 (0.00000   )
945	0.19157   	-0.31511  	-0.07817  	1692.97048	 (-0.00000  )
946	-0.01430  	0.06043   	0.00506   	1807.51056	 (0.00000   )
947	0.01568   	0.06733   	0.03271   	1840.55969	 (0.00000   )
948	-0.02494  	-0.01171  	0.10555   	1681.60032	 (-0.00000  )
949	0.00116   	0.00382   	-0.00414  	1665.90704	 (0.00000   )
950	0.05957   	-0.05305  	-0.14803  	1679.37669	 (-0.00000  )
951	-0.05266  	-0.04130  	0.06894   	1759.97833	 (0.00000   )
952	0.14362   	-0.09751  	0.20485   	1766.57838	 (0.00000   )
953	-0.12562  	0.08665   	-0.19151  	1787.19454	 (0.00000   )
954	-0.00274  	-0.01848  	0.02325   	1691.06099	 (0.00000   )
955	-0.21942  	0.20367   	-0.07908  	1810.38891	 (0.00000   )
956	0.17192   	-0.18009  	0.01259   	1826.68883	 (-0.00000  )
957	0.11824   	-0.13743  	0.01661   	1668.84327	 (0.00000   )
958	0.01951   	-0.01807  	0.00418   	1775.57102	 (-0.00000  )
959	0.03031   	-0.00989  	-0.00247  	1842.22239	 (-0.00000  )
960	0.04933   	-0.06508  	-0.00824  	1676.24944	 (-0.00000  )
961	-0.00604  	-0.00664  	-0.06612  	1793.60372	 (0.00000   )
962	-0.02698  	-0.01457  	0.09162   	1811.54967	 (-0.00000  )
963	0.00446   	0.00101   	-0.03231  	1826.34887	 (-0.00000  )
964	0.00437   	0.03032   	-0.02001  	1672.31350	 (-0.00000  )
965	0.00006   	-0.02358  	0.01233   	1692.27707	 (-0.00000  )
966	-0.00404  	0.00530   	-0.00670  	1649.69075	 (-0.00000  )
967	-0.00434  	0.00480   	0.03965   	1742.34591	 (0.00000   )
968	0.00121   	-0.01368  	-0.01770  	1721.76199	 (-0.00000  )
969	0.03534   	0.02538   	0.00351   	1758.37158	 (0.00000   )
970	0.02913   	-0.02938  	-0.10586  	1712.42130	 (0.00000   )
971	-0.02162  	-0.02505  	0.07879   	1717.60601	 (0.00000   )
972	-0.03398  	0.01740   	0.00700   	1716.24003	 (0.00000   )
973	0.02833   	0.00537   	0.00546   	1731.48279	 (-0.00000  )
974	0.00363   	0.00569   	-0.02401  	1647.69536	 (0.00000   )
975	0.02773   	0.02839   	0.00988   	1724.50587	 (0.00000   )
976	0.01013   	0.01516   	0.01799   	1715.29466	 (0.00000   )
977	0.02147   	-0.04008  	0.00994   	1743.75914	 (0.00000   )
978	-0.02008  	0.01482   	-0.00962  	1729.88556	 (0.00000   )
979	-0.04194  	-0.00331  	0.00436   	1746.05548	 (-0.00000  )
980	0.04565   	-0.03962  	-0.13786  	1773.12587	 (0.00000   )
981	0.01606   	-0.01833  	0.15747   	1765.60795	 (0.00000   )
982	-0.04112  	0.02404   	0.01307   	1676.08487	 (0.00000   )
983	0.00488   	-0.02994  	0.00403   	1684.87573	 (0.00000   )
984	0.03465   	-0.01331  	-0.01937  	1707.93985	 (0.00000   )
985	0.02252   	-0.07007  	0.01461   	1766.64229	 (0.00000   )
986	-0.01610  	0.01804   	0.00389   	1690.23555	 (0.00000   )
987	0.02207   	-0.04457  	0.01716   	1762.31504	 (0.00000   )
988	-0.01119  	-0.01769  	-0.00282  	1636.22392	 (-0.00000  )
989	0.01315   	0.02327   	-0.00501  	1693.63383	 (-0.00000  )
990	0.00077   	-0.00105  	0.00095   	1587.40866	 (-0.00000  )
991	0.00204   	0.00338   	-0.00585  	1639.11755	 (-0.00000  )
992	0.00384   	-0.01823  	-0.03809  	1612.18779	 (-0.00000  )
993	-0.03994  	0.01566   	0.01301   	1668.07214	 (-0.00000  )
994	0.02690   	-0.00971  	0.02537   	1619.07954	 (-0.00000  )
995	0.02606   	-0.01396  	0.00818   	1639.52629	 (0.00000   )
996	-0.01598  	0.01956   	-0.01487  	1541.69002	 (0.00000   )
997	0.02044   	-0.00768  	-0.01737  	1597.13508	 (0.00000   )
998	0.00620   	-0.04167  	-0.02010  	1551.38587	 (0.00000   )
999	-0.01859  	0.04821   	0.03976   	1581.73289	 (-0.00000  )
1000	-0.05073  	0.01816   	-0.00156  	2124.62534	 (0.00000   )
1001	0.01089   	0.02154   	0.01446   	1594.19057	 (0.00000   )
1002	0.02991   	0.00192   	0.00994   	2132.82059	 (0.00000   )
1003	-0.00256  	0.00005   	0.02880   	1609.36349	 (0.00000   )
1004	0.00023   	-0.01306  	-0.01438  	1596.33082	 (0.00000   )
1005	-0.00528  	-0.00813  	-0.02784  	1606.89993	 (0.00000   )
1006	0.02933   	-0.00682  	-0.01136  	1786.50273	 (-0.00000  )
1007	0.08303   	-0.11616  	-0.17731  	1786.85375	 (0.00000   )
1008	-0.04421  	0.08791   	0.16713   	1754.65559	 (0.00000   )
1009	-0.06360  	0.05457   	0.00828   	2131.14152	 (0.00000   )
1010	-0.01489  	0.01235   	0.00669   	1521.51667	 (-0.00000  )
1011	0.00020   	-0.00263  	0.00610   	1533.33979	 (-0.00000  )
1012	-0.00739  	-0.00236  	-0.00179  	1574.42826	 (-0.00000  )
1013	-0.02860  	0.03442   	0.04856   	2139.37875	 (0.00000   )
1014	0.01783   	0.00131   	-0.00367  	1565.75678	 (-0.00000  )
1015	-0.01893  	0.00915   	0.02247   	1651.69235	 (-0.00000  )
1016	0.01544   	-0.00308  	-0.01657  	1460.44682	 (-0.00000  )
1017	-0.01525  	-0.00689  	0.01039   	1450.82464	 (-0.00000  )
1018	-0.00102  	0.01124   	-0.00513  	1442.96052	 (-0.00000  )
1019	0.00056   	-0.00750  	0.00685   	1452.77750	 (-0.00000  )
1020	-0.05534  	-0.42411  	-0.45043  	1577.58342	 (-0.00000  )
1021	0.05835   	0.42310   	0.46482   	1584.22075	 (0.00000   )
1022	0.00554   	-0.00904  	-0.00559  	1546.26342	 (0.00000   )
1023	-0.01717  	0.00918   	0.03085   	1571.53623	 (0.00000   )
1024	0.61141   	-0.68134  	0.45425   	2071.12582	 (-0.00000  )
1025	-0.65910  	0.65180   	0.86071   	2071.06381	 (0.00000   )
1026	0.01908   	0.01982   	-0.00476  	1506.03532	 (0.00000   )
1027	-0.58068  	0.51172   	-0.53457  	2143.96677	 (0.00000   )
1028	-0.01680  	-0.02131  	0.00687   	1509.70049	 (0.00000   )
1029	0.19618   	-0.21469  	-0.92940  	2151.02187	 (0.00000   )
1030	0.01157   	0.01305   	0.00162   	1506.19256	 (0.00000   )
1031	-0.01052  	-0.01285  	0.00793   	1506.41135	 (0.00000   )
1032	0.02343   	-0.07011  	-1.32481  	2147.96776	 (0.00000   )
1033	-0.30041  	0.39921   	-1.53924  	2147.91523	 (-0.00000  )
1034	0.21235   	-0.16979  	2.88142   	2161.75701	 (-0.00000  )
1035	0.36327   	-0.31432  	2.78337   	2159.37427	 (0.00000   )
1036	0.15496   	-0.14171  	0.11399   	2137.42987	 (0.00000   )
1037	-0.12266  	0.14533   	0.01967   	2141.79763	 (0.00000   )
1038	-0.38090  	0.16079   	0.24612   	2050.03634	 (-0.00000  )
1039	0.25774   	-0.19879  	-0.48576  	2011.32738	 (0.00000   )
1040	-0.56773  	0.54089   	0.00601   	2012.00520	 (-0.00000  )
1041	-0.02901  	0.03315   	-0.90433  	2018.40119	 (0.00000   )
1042	-0.35307  	0.31499   	-0.66789  	2039.39094	 (-0.00000  )
1043	0.16380   	-0.09026  	-1.31000  	2037.66572	 (-0.00000  )
1044	0.53143   	-0.36878  	3.13972   	2014.30595	 (-0.00000  )
1045	-0.08511  	-0.27442  	0.85895   	2034.19569	 (-0.00000  )
1046	-0.38837  	0.26017   	-0.55595  	2042.61330	 (-0.00000  )
1047	0.20704   	-0.04357  	2.46346   	1991.51498	 (0.00000   )
1048	-0.50722  	0.37743   	-0.22380  	1975.96271	 (0.00000   )
1049	0.25819   	-0.24594  	0.63510   	1973.32779	 (-0.00000  )
1050	-0.40649  	0.37784   	-1.37034  	1999.21514	 (-0.00000  )
1051	0.04541   	0.03219   	-0.20124  	1964.34222	 (-0.00000  )
1052	0.56528   	-0.37570  	2.56583   	2029.53016	 (0.00000   )
1053	0.06177   	-0.05781  	0.78688   	1946.19641	 (0.00000   )
1054	0.31759   	-0.28278  	0.57275   	2011.71095	 (-0.00000  )
1055	0.13363   	0.07366   	-0.17060  	2005.23285	 (0.00000   )
1056	-0.30666  	0.37370   	0.66151   	1945.91235	 (0.00000   )
1057	0.13247   	-0.11133  	-1.72324  	1967.36151	 (-0.00000  )
1058	-0.32889  	0.06233   	0.59562   	1980.62275	 (-0.00000  )
1059	-0.43506  	0.32073   	1.87985   	1985.18617	 (0.00000   )
