905
Cs -35.918043427381555 36.03470565335084 5.89236904
Cs -35.918043427381555 36.03470565335084 29.4618452
Cs -34.89969337323488 23.32308753535137 -5.892369039999998
Cs -35.0867911122468 34.97012888627751 -5.892369039999998
I -28.232599803626655 23.710276855493063 -0.8430801622432007
I -35.35731820641921 28.419697542638573 -0.8430801622432007
I -30.122368265815776 17.240933248279713 -5.892369039999998
Cs -35.73094568836963 24.387664302424696 5.89236904
Cs -34.89969337323488 23.32308753535137 17.677107120000002
Cs -35.54384794935771 12.740622951498558 5.89236904
Cs -35.0867911122468 34.97012888627751 17.677107120000002
I -35.273320855185304 19.291054295137496 0.8430801622432001
I -28.232599803626655 23.710276855493063 22.7263959977568
I -35.35731820641921 28.419697542638573 22.7263959977568
I -35.273320855185304 19.291054295137496 10.9416579177568
I -28.232599803626655 23.710276855493063 12.6278182422432
I -35.35731820641921 28.419697542638573 12.6278182422432
I -30.282720850484434 28.861229444862595 5.89236904
I -30.122368265815776 17.240933248279713 17.677107120000002
Cs -35.73094568836963 24.387664302424696 29.4618452
Cs -34.89969337323488 23.32308753535137 41.24658328
Cs -35.54384794935771 12.740622951498558 29.4618452
Cs -35.0867911122468 34.97012888627751 41.24658328
I -35.273320855185304 19.291054295137496 24.4125563222432
I -35.273320855185304 19.291054295137496 34.5111340777568
I -28.232599803626655 23.710276855493063 36.1972944022432
I -35.35731820641921 28.419697542638573 36.1972944022432
I -30.282720850484434 28.861229444862595 29.4618452
I -30.122368265815776 17.240933248279713 41.24658328
Cs -23.43974976132066 34.78303114726559 -5.892369039999998
I -16.772656191712436 35.17022046740728 -0.8430801622432007
I -18.662424653901557 28.700876860193933 -5.892369039999998
I -28.887974599205855 30.309466004827694 -5.892369039999998
Cs -24.27100207645541 35.847607914338916 5.89236904
Cs -23.43974976132066 34.78303114726559 17.677107120000002
Cs -24.083904337443492 24.200566563412778 5.89236904
Pb -29.585347724845143 29.585347724845143 0.0
Pb -29.585347724845143 29.585347724845143 11.78473808
I -30.938095646063633 35.46041859419722 0.8430801622432001
I -23.813377243271084 30.750997907051715 0.8430801622432001
I -16.772656191712436 35.17022046740728 22.7263959977568
I -30.938095646063633 35.46041859419722 10.9416579177568
I -23.813377243271084 30.750997907051715 10.9416579177568
I -16.772656191712436 35.17022046740728 12.6278182422432
I -18.662424653901557 28.700876860193933 17.677107120000002
I -28.887974599205855 30.309466004827694 17.677107120000002
Cs -24.27100207645541 35.847607914338916 29.4618452
Cs -23.43974976132066 34.78303114726559 41.24658328
Cs -24.083904337443492 24.200566563412778 29.4618452
Pb -29.585347724845143 29.585347724845143 23.56947616
Pb -29.585347724845143 29.585347724845143 35.354214240000005
I -30.938095646063633 35.46041859419722 24.4125563222432
I -23.813377243271084 30.750997907051715 24.4125563222432
I -30.938095646063633 35.46041859419722 34.5111340777568
I -23.813377243271084 30.750997907051715 34.5111340777568
I -16.772656191712436 35.17022046740728 36.1972944022432
I -18.662424653901557 28.700876860193933 41.24658328
I -28.887974599205855 30.309466004827694 41.24658328
Cs -12.623960725529273 35.660510175327 5.89236904
Cs -12.623960725529273 35.660510175327 29.4618452
Cs -34.52549789521103 0.029004833499099214 -5.892369039999998
Cs -34.71259563422296 11.676046184425237 -5.892369039999998
I -27.858404325602812 0.41619415364079165 -0.8430801622432007
I -34.983122728395365 5.125614840786301 -0.8430801622432007
I -29.748172787791933 -6.053149453572558 -5.892369039999998
Cs -35.35675021034579 1.093581600572425 5.89236904
Cs -34.52549789521103 0.029004833499099214 17.677107120000002
Cs -35.16965247133387 -10.553459750353714 5.89236904
Cs -34.71259563422296 11.676046184425237 17.677107120000002
I -34.89912537716146 -4.003028406714777 0.8430801622432001
I -27.858404325602812 0.41619415364079165 22.7263959977568
I -34.983122728395365 5.125614840786301 22.7263959977568
I -34.89912537716146 -4.003028406714777 10.9416579177568
I -27.858404325602812 0.41619415364079165 12.6278182422432
I -34.983122728395365 5.125614840786301 12.6278182422432
I -29.90852537246059 5.567146743010322 5.89236904
I -29.748172787791933 -6.053149453572558 17.677107120000002
Cs -35.35675021034579 1.093581600572425 29.4618452
Cs -34.52549789521103 0.029004833499099214 41.24658328
Cs -35.16965247133387 -10.553459750353714 29.4618452
Cs -34.71259563422296 11.676046184425237 41.24658328
I -34.89912537716146 -4.003028406714777 24.4125563222432
I -34.89912537716146 -4.003028406714777 34.5111340777568
I -27.858404325602812 0.41619415364079165 36.1972944022432
I -34.983122728395365 5.125614840786301 36.1972944022432
I -29.90852537246059 5.567146743010322 29.4618452
I -29.748172787791933 -6.053149453572558 41.24658328
Cs -23.065554283296823 11.488948445413318 -5.892369039999998
Cs -23.252652022308745 23.135989796339455 -5.892369039999998
I -16.3984607136886 11.87613776555501 -0.8430801622432007
I -23.523179116481153 16.585558452700518 -0.8430801622432007
I -18.28822917587772 5.40679415834166 -5.892369039999998
I -28.51377912118202 7.015383302975421 -5.892369039999998
Cs -23.896806598431574 12.553525212486644 5.89236904
Cs -23.065554283296823 11.488948445413318 17.677107120000002
Cs -23.709708859419656 0.9064838615605044 5.89236904
Cs -23.252652022308745 23.135989796339455 17.677107120000002
Pb -29.211152246821307 6.291265022992871 0.0
Pb -29.39824998583323 17.93830637391901 0.0
Pb -29.211152246821307 6.291265022992871 11.78473808
Pb -29.39824998583323 17.93830637391901 11.78473808
I -30.563900168039797 12.16633589234495 0.8430801622432001
I -23.43918176524725 7.456915205199441 0.8430801622432001
I -16.3984607136886 11.87613776555501 22.7263959977568
I -23.523179116481153 16.585558452700518 22.7263959977568
I -30.563900168039797 12.16633589234495 10.9416579177568
I -23.43918176524725 7.456915205199441 10.9416579177568
I -16.3984607136886 11.87613776555501 12.6278182422432
I -23.523179116481153 16.585558452700518 12.6278182422432
I -28.67413170585068 18.6356794995583 5.89236904
I -18.44858176054638 17.02709035492454 5.89236904
I -18.28822917587772 5.40679415834166 17.677107120000002
I -28.51377912118202 7.015383302975421 17.677107120000002
Cs -23.896806598431574 12.553525212486644 29.4618452
Cs -23.065554283296823 11.488948445413318 41.24658328
Cs -23.709708859419656 0.9064838615605044 29.4618452
Cs -23.252652022308745 23.135989796339455 41.24658328
Pb -29.211152246821307 6.291265022992871 23.56947616
Pb -29.39824998583323 17.93830637391901 23.56947616
Pb -29.211152246821307 6.291265022992871 35.354214240000005
Pb -29.39824998583323 17.93830637391901 35.354214240000005
I -30.563900168039797 12.16633589234495 24.4125563222432
I -23.43918176524725 7.456915205199441 24.4125563222432
I -30.563900168039797 12.16633589234495 34.5111340777568
I -23.43918176524725 7.456915205199441 34.5111340777568
I -16.3984607136886 11.87613776555501 36.1972944022432
I -23.523179116481153 16.585558452700518 36.1972944022432
I -28.67413170585068 18.6356794995583 29.4618452
I -18.44858176054638 17.02709035492454 29.4618452
I -18.28822917587772 5.40679415834166 41.24658328
I -28.51377912118202 7.015383302975421 41.24658328
Cs -11.605610671382603 22.948892057327534 -5.892369039999998
Cs -11.792708410394525 34.59593340825367 -5.892369039999998
I -4.93851710177438 23.336081377469228 -0.8430801622432007
I -12.063235504566931 28.045502064614737 -0.8430801622432007
I -6.828285563963501 16.866737770255877 -5.892369039999998
I -17.0538355092678 18.47532691488964 -5.892369039999998
Cs -12.436862986517355 24.01346882440086 5.89236904
Cs -11.605610671382603 22.948892057327534 17.677107120000002
Cs -12.249765247505437 12.366427473474722 5.89236904
Cs -11.792708410394525 34.59593340825367 17.677107120000002
Pb -17.751208634907087 17.751208634907087 0.0
Pb -17.93830637391901 29.39824998583323 0.0
Pb -17.751208634907087 17.751208634907087 11.78473808
Pb -17.93830637391901 29.39824998583323 11.78473808
I -19.103956556125578 23.626279504259166 0.8430801622432001
I -11.979238153333029 18.91685881711366 0.8430801622432001
I -4.93851710177438 23.336081377469228 22.7263959977568
I -12.063235504566931 28.045502064614737 22.7263959977568
I -19.103956556125578 23.626279504259166 10.9416579177568
I -11.979238153333029 18.91685881711366 10.9416579177568
I -4.93851710177438 23.336081377469228 12.6278182422432
I -12.063235504566931 28.045502064614737 12.6278182422432
I -17.21418809393646 30.095623111472516 5.89236904
I -6.988638148632159 28.48703396683876 5.89236904
I -6.828285563963501 16.866737770255877 17.677107120000002
I -17.0538355092678 18.47532691488964 17.677107120000002
Cs -12.436862986517355 24.01346882440086 29.4618452
Cs -11.605610671382603 22.948892057327534 41.24658328
Cs -12.249765247505437 12.366427473474722 29.4618452
Cs -11.792708410394525 34.59593340825367 41.24658328
Pb -17.751208634907087 17.751208634907087 23.56947616
Pb -17.93830637391901 29.39824998583323 23.56947616
Pb -17.751208634907087 17.751208634907087 35.354214240000005
Pb -17.93830637391901 29.39824998583323 35.354214240000005
I -19.103956556125578 23.626279504259166 24.4125563222432
I -11.979238153333029 18.91685881711366 24.4125563222432
I -19.103956556125578 23.626279504259166 34.5111340777568
I -11.979238153333029 18.91685881711366 34.5111340777568
I -4.93851710177438 23.336081377469228 36.1972944022432
I -12.063235504566931 28.045502064614737 36.1972944022432
I -17.21418809393646 30.095623111472516 29.4618452
I -6.988638148632159 28.48703396683876 29.4618452
I -6.828285563963501 16.866737770255877 41.24658328
I -17.0538355092678 18.47532691488964 41.24658328
Cs -0.14566705946838532 34.40883566924175 -5.892369039999998
I 6.521426510139838 34.79602498938345 -0.8430801622432007
I 4.631658047950717 28.326681382170097 -5.892369039999998
I -5.593891897353581 29.93527052680386 -5.892369039999998
Cs -0.9769193746031366 35.47341243631508 5.89236904
Cs -0.14566705946838532 34.40883566924175 17.677107120000002
Cs -0.7898216355912187 23.826371085388942 5.89236904
Pb -6.291265022992871 29.211152246821307 0.0
Pb -6.291265022992871 29.211152246821307 11.78473808
I -7.644012944211361 35.086223116173386 0.8430801622432001
I -0.5192945414188106 30.37680242902788 0.8430801622432001
I 6.521426510139838 34.79602498938345 22.7263959977568
I -7.644012944211361 35.086223116173386 10.9416579177568
I -0.5192945414188106 30.37680242902788 10.9416579177568
I 6.521426510139838 34.79602498938345 12.6278182422432
I 4.631658047950717 28.326681382170097 17.677107120000002
I -5.593891897353581 29.93527052680386 17.677107120000002
Cs -0.9769193746031366 35.47341243631508 29.4618452
Cs -0.14566705946838532 34.40883566924175 41.24658328
Cs -0.7898216355912187 23.826371085388942 29.4618452
Pb -6.291265022992871 29.211152246821307 23.56947616
Pb -6.291265022992871 29.211152246821307 35.354214240000005
I -7.644012944211361 35.086223116173386 24.4125563222432
I -0.5192945414188106 30.37680242902788 24.4125563222432
I -7.644012944211361 35.086223116173386 34.5111340777568
I -0.5192945414188106 30.37680242902788 34.5111340777568
I 6.521426510139838 34.79602498938345 36.1972944022432
I 4.631658047950717 28.326681382170097 41.24658328
I -5.593891897353581 29.93527052680386 41.24658328
Cs 10.670121976323 35.286314697303155 5.89236904
Cs 10.670121976323 35.286314697303155 29.4618452
Cs -34.151302417187196 -23.26507786835318 -5.892369039999998
Cs -34.33840015619912 -11.618036517427042 -5.892369039999998
I -27.484208847578977 -22.877888548211487 -0.8430801622432007
I -34.60892725037153 -18.168467861065977 -0.8430801622432007
I -29.373977309768097 -29.347232155424837 -5.892369039999998
Cs -34.98255473232195 -22.200501101279855 5.89236904
Cs -34.151302417187196 -23.26507786835318 17.677107120000002
Cs -34.79545699331003 -33.84754245220599 5.89236904
Cs -34.33840015619912 -11.618036517427042 17.677107120000002
I -34.524929899137625 -27.297111108567055 0.8430801622432001
I -27.484208847578977 -22.877888548211487 22.7263959977568
I -34.60892725037153 -18.168467861065977 22.7263959977568
I -34.524929899137625 -27.297111108567055 10.9416579177568
I -27.484208847578977 -22.877888548211487 12.6278182422432
I -34.60892725037153 -18.168467861065977 12.6278182422432
I -29.534329894436755 -17.726935958841956 5.89236904
I -29.373977309768097 -29.347232155424837 17.677107120000002
Cs -34.98255473232195 -22.200501101279855 29.4618452
Cs -34.151302417187196 -23.26507786835318 41.24658328
Cs -34.79545699331003 -33.84754245220599 29.4618452
Cs -34.33840015619912 -11.618036517427042 41.24658328
I -34.524929899137625 -27.297111108567055 24.4125563222432
I -34.524929899137625 -27.297111108567055 34.5111340777568
I -27.484208847578977 -22.877888548211487 36.1972944022432
I -34.60892725037153 -18.168467861065977 36.1972944022432
I -29.534329894436755 -17.726935958841956 29.4618452
I -29.373977309768097 -29.347232155424837 41.24658328
Cs -22.69135880527298 -11.80513425643896 -5.892369039999998
Cs -22.8784565442849 -0.15809290551282196 -5.892369039999998
I -16.024265235664757 -11.417944936297268 -0.8430801622432007
I -23.14898363845731 -6.7085242491517585 -0.8430801622432007
I -17.914033697853878 -17.887288543510618 -5.892369039999998
I -28.139583643158176 -16.278699398876856 -5.892369039999998
Cs -23.52261112040773 -10.740557489365633 5.89236904
Cs -22.69135880527298 -11.80513425643896 17.677107120000002
Cs -23.335513381395813 -22.387598840291773 5.89236904
Cs -22.8784565442849 -0.15809290551282196 17.677107120000002
Pb -28.836956768797464 -17.002817678859408 0.0
Pb -29.024054507809385 -5.355776327933268 0.0
Pb -28.836956768797464 -17.002817678859408 11.78473808
Pb -29.024054507809385 -5.355776327933268 11.78473808
I -30.189704690015954 -11.127746809507327 0.8430801622432001
I -23.064986287223405 -15.837167496652835 0.8430801622432001
I -16.024265235664757 -11.417944936297268 22.7263959977568
I -23.14898363845731 -6.7085242491517585 22.7263959977568
I -30.189704690015954 -11.127746809507327 10.9416579177568
I -23.064986287223405 -15.837167496652835 10.9416579177568
I -16.024265235664757 -11.417944936297268 12.6278182422432
I -23.14898363845731 -6.7085242491517585 12.6278182422432
I -28.299936227826837 -4.658403202293979 5.89236904
I -18.074386282522536 -6.266992346927737 5.89236904
I -17.914033697853878 -17.887288543510618 17.677107120000002
I -28.139583643158176 -16.278699398876856 17.677107120000002
Cs -23.52261112040773 -10.740557489365633 29.4618452
Cs -22.69135880527298 -11.80513425643896 41.24658328
Cs -23.335513381395813 -22.387598840291773 29.4618452
Cs -22.8784565442849 -0.15809290551282196 41.24658328
Pb -28.836956768797464 -17.002817678859408 23.56947616
Pb -29.024054507809385 -5.355776327933268 23.56947616
Pb -28.836956768797464 -17.002817678859408 35.354214240000005
Pb -29.024054507809385 -5.355776327933268 35.354214240000005
I -30.189704690015954 -11.127746809507327 24.4125563222432
I -23.064986287223405 -15.837167496652835 24.4125563222432
I -30.189704690015954 -11.127746809507327 34.5111340777568
I -23.064986287223405 -15.837167496652835 34.5111340777568
I -16.024265235664757 -11.417944936297268 36.1972944022432
I -23.14898363845731 -6.7085242491517585 36.1972944022432
I -28.299936227826837 -4.658403202293979 29.4618452
I -18.074386282522536 -6.266992346927737 29.4618452
I -17.914033697853878 -17.887288543510618 41.24658328
I -28.139583643158176 -16.278699398876856 41.24658328
Cs -11.23141519335876 -0.345190644524742 -5.892369039999998
Cs -11.418512932370682 11.301850706401396 -5.892369039999998
I -4.564321623750537 0.04199867561695042 -0.8430801622432007
I -11.689040026543088 4.7514193627624595 -0.8430801622432007
I -6.454090085939658 -6.427344931596399 -5.892369039999998
I -16.679640031243956 -4.8187557869626385 -5.892369039999998
Cs -12.062667508493512 0.7193861225485838 5.89236904
Cs -11.23141519335876 -0.345190644524742 17.677107120000002
Cs -11.875569769481594 -10.927655228377555 5.89236904
Cs -11.418512932370682 11.301850706401396 17.677107120000002
Pb -17.377013156883244 -5.542874066945188 0.0
Pb -17.564110895895165 6.10416728398095 0.0
Pb -17.377013156883244 -5.542874066945188 11.78473808
Pb -17.564110895895165 6.10416728398095 11.78473808
I -18.729761078101735 0.3321968024068907 0.8430801622432001
I -11.605042675309186 -4.377223884738618 0.8430801622432001
I -4.564321623750537 0.04199867561695042 22.7263959977568
I -11.689040026543088 4.7514193627624595 22.7263959977568
I -18.729761078101735 0.3321968024068907 10.9416579177568
I -11.605042675309186 -4.377223884738618 10.9416579177568
I -4.564321623750537 0.04199867561695042 12.6278182422432
I -11.689040026543088 4.7514193627624595 12.6278182422432
I -16.839992615912617 6.801540409620239 5.89236904
I -6.614442670608316 5.192951264986481 5.89236904
I -6.454090085939658 -6.427344931596399 17.677107120000002
I -16.679640031243956 -4.8187557869626385 17.677107120000002
Cs -12.062667508493512 0.7193861225485838 29.4618452
Cs -11.23141519335876 -0.345190644524742 41.24658328
Cs -11.875569769481594 -10.927655228377555 29.4618452
Cs -11.418512932370682 11.301850706401396 41.24658328
Pb -17.377013156883244 -5.542874066945188 23.56947616
Pb -17.564110895895165 6.10416728398095 23.56947616
Pb -17.377013156883244 -5.542874066945188 35.354214240000005
Pb -17.564110895895165 6.10416728398095 35.354214240000005
I -18.729761078101735 0.3321968024068907 24.4125563222432
I -11.605042675309186 -4.377223884738618 24.4125563222432
I -18.729761078101735 0.3321968024068907 34.5111340777568
I -11.605042675309186 -4.377223884738618 34.5111340777568
I -4.564321623750537 0.04199867561695042 36.1972944022432
I -11.689040026543088 4.7514193627624595 36.1972944022432
I -16.839992615912617 6.801540409620239 29.4618452
I -6.614442670608316 5.192951264986481 29.4618452
I -6.454090085939658 -6.427344931596399 41.24658328
I -16.679640031243956 -4.8187557869626385 41.24658328
Cs 0.22852841855545591 11.114752967389476 -5.892369039999998
Cs 0.04143067954353441 22.761794318315616 -5.892369039999998
I 6.895621988163679 11.501942287531168 -0.8430801622432007
I -0.22909641462887187 16.21136297467668 -0.8430801622432007
I 5.005853525974558 5.032598680317819 -5.892369039999998
I -5.21969641932974 6.641187824951579 -5.892369039999998
Cs -0.6027238965792954 12.179329734462803 5.89236904
Cs 0.22852841855545591 11.114752967389476 17.677107120000002
Cs -0.4156261575673774 0.5322883835366632 5.89236904
Cs 0.04143067954353441 22.761794318315616 17.677107120000002
Pb -5.91706954496903 5.91706954496903 0.0
Pb -6.10416728398095 17.56411089589517 0.0
Pb -5.91706954496903 5.91706954496903 11.78473808
Pb -6.10416728398095 17.56411089589517 11.78473808
I -7.2698174661875195 11.792140414321109 0.8430801622432001
I -0.14509906339496936 7.0827197271756 0.8430801622432001
I 6.895621988163679 11.501942287531168 22.7263959977568
I -0.22909641462887187 16.21136297467668 22.7263959977568
I -7.2698174661875195 11.792140414321109 10.9416579177568
I -0.14509906339496936 7.0827197271756 10.9416579177568
I 6.895621988163679 11.501942287531168 12.6278182422432
I -0.22909641462887187 16.21136297467668 12.6278182422432
I -5.380049003998401 18.261484021534457 5.89236904
I 4.8455009413059 16.6528948769007 5.89236904
I 5.005853525974558 5.032598680317819 17.677107120000002
I -5.21969641932974 6.641187824951579 17.677107120000002
Cs -0.6027238965792954 12.179329734462803 29.4618452
Cs 0.22852841855545591 11.114752967389476 41.24658328
Cs -0.4156261575673774 0.5322883835366632 29.4618452
Cs 0.04143067954353441 22.761794318315616 41.24658328
Pb -5.91706954496903 5.91706954496903 23.56947616
Pb -6.10416728398095 17.56411089589517 23.56947616
Pb -5.91706954496903 5.91706954496903 35.354214240000005
Pb -6.10416728398095 17.56411089589517 35.354214240000005
I -7.2698174661875195 11.792140414321109 24.4125563222432
I -0.14509906339496936 7.0827197271756 24.4125563222432
I -7.2698174661875195 11.792140414321109 34.5111340777568
I -0.14509906339496936 7.0827197271756 34.5111340777568
I 6.895621988163679 11.501942287531168 36.1972944022432
I -0.22909641462887187 16.21136297467668 36.1972944022432
I -5.380049003998401 18.261484021534457 29.4618452
I 4.8455009413059 16.6528948769007 29.4618452
I 5.005853525974558 5.032598680317819 41.24658328
I -5.21969641932974 6.641187824951579 41.24658328
Cs 11.688472030469674 22.57469657930369 -5.892369039999998
Cs 11.501374291457752 34.22173793022983 -5.892369039999998
I 18.355565600077895 22.961885899445384 -0.8430801622432007
I 11.230847197285346 27.671306586590894 -0.8430801622432007
I 16.465797137888778 16.492542292232034 -5.892369039999998
I 6.240247192584478 18.101131436865796 -5.892369039999998
Cs 10.857219715334923 23.639273346377017 5.89236904
Cs 11.688472030469674 22.57469657930369 17.677107120000002
Cs 11.04431745434684 11.99223199545088 5.89236904
Cs 11.501374291457752 34.22173793022983 17.677107120000002
Pb 5.542874066945188 17.377013156883244 0.0
Pb 5.355776327933268 29.024054507809385 0.0
Pb 5.542874066945188 17.377013156883244 11.78473808
Pb 5.355776327933268 29.024054507809385 11.78473808
I 4.1901261457266985 23.252084026235323 0.8430801622432001
I 11.314844548519249 18.542663339089817 0.8430801622432001
I 18.355565600077895 22.961885899445384 22.7263959977568
I 11.230847197285346 27.671306586590894 22.7263959977568
I 4.1901261457266985 23.252084026235323 10.9416579177568
I 11.314844548519249 18.542663339089817 10.9416579177568
I 18.355565600077895 22.961885899445384 12.6278182422432
I 11.230847197285346 27.671306586590894 12.6278182422432
I 6.079894607915817 29.721427633448673 5.89236904
I 16.30544455322012 28.112838488814916 5.89236904
I 16.465797137888778 16.492542292232034 17.677107120000002
I 6.240247192584478 18.101131436865796 17.677107120000002
Cs 10.857219715334923 23.639273346377017 29.4618452
Cs 11.688472030469674 22.57469657930369 41.24658328
Cs 11.04431745434684 11.99223199545088 29.4618452
Cs 11.501374291457752 34.22173793022983 41.24658328
Pb 5.542874066945188 17.377013156883244 23.56947616
Pb 5.355776327933268 29.024054507809385 23.56947616
Pb 5.542874066945188 17.377013156883244 35.354214240000005
Pb 5.355776327933268 29.024054507809385 35.354214240000005
I 4.1901261457266985 23.252084026235323 24.4125563222432
I 11.314844548519249 18.542663339089817 24.4125563222432
I 4.1901261457266985 23.252084026235323 34.5111340777568
I 11.314844548519249 18.542663339089817 34.5111340777568
I 18.355565600077895 22.961885899445384 36.1972944022432
I 11.230847197285346 27.671306586590894 36.1972944022432
I 6.079894607915817 29.721427633448673 29.4618452
I 16.30544455322012 28.112838488814916 29.4618452
I 16.465797137888778 16.492542292232034 41.24658328
I 6.240247192584478 18.101131436865796 41.24658328
Cs 23.148415642383892 34.03464019121791 -5.892369039999998
I 29.815509211992115 34.421829511359604 -0.8430801622432007
I 27.925740749802994 27.952485904146254 -5.892369039999998
I 17.700190804498696 29.561075048780015 -5.892369039999998
Cs 22.31716332724914 35.09921695829124 5.89236904
Cs 23.148415642383892 34.03464019121791 17.677107120000002
Cs 22.50426106626106 23.4521756073651 5.89236904
Pb 17.002817678859408 28.836956768797464 0.0
Pb 17.002817678859408 28.836956768797464 11.78473808
I 15.650069757640917 34.71202763814954 0.8430801622432001
I 22.774788160433467 30.002606951004037 0.8430801622432001
I 29.815509211992115 34.421829511359604 22.7263959977568
I 15.650069757640917 34.71202763814954 10.9416579177568
I 22.774788160433467 30.002606951004037 10.9416579177568
I 29.815509211992115 34.421829511359604 12.6278182422432
I 27.925740749802994 27.952485904146254 17.677107120000002
I 17.700190804498696 29.561075048780015 17.677107120000002
Cs 22.31716332724914 35.09921695829124 29.4618452
Cs 23.148415642383892 34.03464019121791 41.24658328
Cs 22.50426106626106 23.4521756073651 29.4618452
Pb 17.002817678859408 28.836956768797464 23.56947616
Pb 17.002817678859408 28.836956768797464 35.354214240000005
I 15.650069757640917 34.71202763814954 24.4125563222432
I 22.774788160433467 30.002606951004037 24.4125563222432
I 15.650069757640917 34.71202763814954 34.5111340777568
I 22.774788160433467 30.002606951004037 34.5111340777568
I 29.815509211992115 34.421829511359604 36.1972944022432
I 27.925740749802994 27.952485904146254 41.24658328
I 17.700190804498696 29.561075048780015 41.24658328
Cs 33.96420467817528 34.91211921927932 5.89236904
Cs 33.96420467817528 34.91211921927932 29.4618452
Cs -33.96420467817528 -34.91211921927932 -5.892369039999998
Cs -33.96420467817528 -34.91211921927932 17.677107120000002
Cs -33.96420467817528 -34.91211921927932 41.24658328
Cs -22.317163327249137 -35.09921695829124 -5.892369039999998
Cs -22.50426106626106 -23.4521756073651 -5.892369039999998
I -15.650069757640914 -34.71202763814954 -0.8430801622432007
I -22.774788160433467 -30.002606951004033 -0.8430801622432007
Cs -23.14841564238389 -34.03464019121791 5.89236904
Cs -22.317163327249137 -35.09921695829124 17.677107120000002
Cs -22.50426106626106 -23.4521756073651 17.677107120000002
Pb -28.649859029785542 -28.649859029785542 0.0
Pb -28.649859029785542 -28.649859029785542 11.78473808
I -29.81550921199211 -34.421829511359604 0.8430801622432001
I -15.650069757640914 -34.71202763814954 22.7263959977568
I -22.774788160433467 -30.002606951004033 22.7263959977568
I -29.81550921199211 -34.421829511359604 10.9416579177568
I -15.650069757640914 -34.71202763814954 12.6278182422432
I -22.774788160433467 -30.002606951004033 12.6278182422432
I -27.925740749802994 -27.952485904146254 5.89236904
I -17.700190804498693 -29.561075048780012 5.89236904
Cs -23.14841564238389 -34.03464019121791 29.4618452
Cs -22.317163327249137 -35.09921695829124 41.24658328
Cs -22.50426106626106 -23.4521756073651 41.24658328
Pb -28.649859029785542 -28.649859029785542 23.56947616
Pb -28.649859029785542 -28.649859029785542 35.354214240000005
I -29.81550921199211 -34.421829511359604 24.4125563222432
I -29.81550921199211 -34.421829511359604 34.5111340777568
I -15.650069757640914 -34.71202763814954 36.1972944022432
I -22.774788160433467 -30.002606951004033 36.1972944022432
I -27.925740749802994 -27.952485904146254 29.4618452
I -17.700190804498693 -29.561075048780012 29.4618452
Cs -10.85721971533492 -23.63927334637702 -5.892369039999998
Cs -11.044317454346842 -11.992231995450881 -5.892369039999998
I -4.190126145726698 -23.252084026235327 -0.8430801622432007
I -11.314844548519249 -18.542663339089817 -0.8430801622432007
I -6.0798946079158185 -29.721427633448677 -5.892369039999998
I -16.305444553220116 -28.112838488814916 -5.892369039999998
Cs -11.688472030469672 -22.574696579303694 5.89236904
Cs -10.85721971533492 -23.63927334637702 17.677107120000002
Cs -11.501374291457754 -34.221737930229835 5.89236904
Cs -11.044317454346842 -11.992231995450881 17.677107120000002
Pb -17.002817678859408 -28.836956768797464 0.0
Pb -17.189915417871326 -17.189915417871326 0.0
Pb -17.002817678859408 -28.836956768797464 11.78473808
Pb -17.189915417871326 -17.189915417871326 11.78473808
I -18.355565600077895 -22.961885899445388 0.8430801622432001
I -11.230847197285346 -27.671306586590894 0.8430801622432001
I -4.190126145726698 -23.252084026235327 22.7263959977568
I -11.314844548519249 -18.542663339089817 22.7263959977568
I -18.355565600077895 -22.961885899445388 10.9416579177568
I -11.230847197285346 -27.671306586590894 10.9416579177568
I -4.190126145726698 -23.252084026235327 12.6278182422432
I -11.314844548519249 -18.542663339089817 12.6278182422432
I -16.465797137888778 -16.492542292232038 5.89236904
I -6.2402471925844765 -18.101131436865796 5.89236904
I -6.0798946079158185 -29.721427633448677 17.677107120000002
I -16.305444553220116 -28.112838488814916 17.677107120000002
Cs -11.688472030469672 -22.574696579303694 29.4618452
Cs -10.85721971533492 -23.63927334637702 41.24658328
Cs -11.501374291457754 -34.221737930229835 29.4618452
Cs -11.044317454346842 -11.992231995450881 41.24658328
Pb -17.002817678859408 -28.836956768797464 23.56947616
Pb -17.189915417871326 -17.189915417871326 23.56947616
Pb -17.002817678859408 -28.836956768797464 35.354214240000005
Pb -17.189915417871326 -17.189915417871326 35.354214240000005
I -18.355565600077895 -22.961885899445388 24.4125563222432
I -11.230847197285346 -27.671306586590894 24.4125563222432
I -18.355565600077895 -22.961885899445388 34.5111340777568
I -11.230847197285346 -27.671306586590894 34.5111340777568
I -4.190126145726698 -23.252084026235327 36.1972944022432
I -11.314844548519249 -18.542663339089817 36.1972944022432
I -16.465797137888778 -16.492542292232038 29.4618452
I -6.2402471925844765 -18.101131436865796 29.4618452
I -6.0798946079158185 -29.721427633448677 41.24658328
I -16.305444553220116 -28.112838488814916 41.24658328
Cs 0.6027238965792971 -12.1793297344628 -5.892369039999998
Cs 0.41562615756737564 -0.5322883835366632 -5.892369039999998
I 7.26981746618752 -11.792140414321109 -0.8430801622432007
I 0.14509906339496936 -7.0827197271756 -0.8430801622432007
I 5.3800490039983995 -18.261484021534457 -5.892369039999998
I -4.8455009413058985 -16.652894876900696 -5.892369039999998
Cs -0.22852841855545414 -11.114752967389474 5.89236904
Cs 0.6027238965792971 -12.1793297344628 17.677107120000002
Cs -0.041430679543536186 -22.761794318315616 5.89236904
Cs 0.41562615756737564 -0.5322883835366632 17.677107120000002
Pb -5.542874066945188 -17.377013156883248 0.0
Pb -5.729971805957109 -5.729971805957109 0.0
Pb -5.542874066945188 -17.377013156883248 11.78473808
Pb -5.729971805957109 -5.729971805957109 11.78473808
I -6.895621988163678 -11.501942287531168 0.8430801622432001
I 0.22909641462887187 -16.21136297467668 0.8430801622432001
I 7.26981746618752 -11.792140414321109 22.7263959977568
I 0.14509906339496936 -7.0827197271756 22.7263959977568
I -6.895621988163678 -11.501942287531168 10.9416579177568
I 0.22909641462887187 -16.21136297467668 10.9416579177568
I 7.26981746618752 -11.792140414321109 12.6278182422432
I 0.14509906339496936 -7.0827197271756 12.6278182422432
I -5.00585352597456 -5.03259868031782 5.89236904
I 5.2196964193297415 -6.6411878249515786 5.89236904
I 5.3800490039983995 -18.261484021534457 17.677107120000002
I -4.8455009413058985 -16.652894876900696 17.677107120000002
Cs -0.22852841855545414 -11.114752967389474 29.4618452
Cs 0.6027238965792971 -12.1793297344628 41.24658328
Cs -0.041430679543536186 -22.761794318315616 29.4618452
Cs 0.41562615756737564 -0.5322883835366632 41.24658328
Pb -5.542874066945188 -17.377013156883248 23.56947616
Pb -5.729971805957109 -5.729971805957109 23.56947616
Pb -5.542874066945188 -17.377013156883248 35.354214240000005
Pb -5.729971805957109 -5.729971805957109 35.354214240000005
I -6.895621988163678 -11.501942287531168 24.4125563222432
I 0.22909641462887187 -16.21136297467668 24.4125563222432
I -6.895621988163678 -11.501942287531168 34.5111340777568
I 0.22909641462887187 -16.21136297467668 34.5111340777568
I 7.26981746618752 -11.792140414321109 36.1972944022432
I 0.14509906339496936 -7.0827197271756 36.1972944022432
I -5.00585352597456 -5.03259868031782 29.4618452
I 5.2196964193297415 -6.6411878249515786 29.4618452
I 5.3800490039983995 -18.261484021534457 41.24658328
I -4.8455009413058985 -16.652894876900696 41.24658328
Cs 12.062667508493515 -0.7193861225485833 -5.892369039999998
Cs 11.875569769481594 10.927655228377555 -5.892369039999998
I 18.72976107810174 -0.3321968024068908 -0.8430801622432007
I 11.605042675309187 4.377223884738618 -0.8430801622432007
I 16.839992615912617 -6.80154040962024 -5.892369039999998
I 6.6144426706083195 -5.19295126498648 -5.892369039999998
Cs 11.231415193358764 0.34519064452474263 5.89236904
Cs 12.062667508493515 -0.7193861225485833 17.677107120000002
Cs 11.418512932370682 -11.301850706401396 5.89236904
Cs 11.875569769481594 10.927655228377555 17.677107120000002
Pb 5.91706954496903 -5.91706954496903 0.0
Pb 5.729971805957109 5.729971805957109 0.0
Pb 5.91706954496903 -5.91706954496903 11.78473808
Pb 5.729971805957109 5.729971805957109 11.78473808
I 4.56432162375054 -0.04199867561695055 0.8430801622432001
I 11.68904002654309 -4.7514193627624595 0.8430801622432001
I 18.72976107810174 -0.3321968024068908 22.7263959977568
I 11.605042675309187 4.377223884738618 22.7263959977568
I 4.56432162375054 -0.04199867561695055 10.9416579177568
I 11.68904002654309 -4.7514193627624595 10.9416579177568
I 18.72976107810174 -0.3321968024068908 12.6278182422432
I 11.605042675309187 4.377223884738618 12.6278182422432
I 6.454090085939658 6.427344931596398 5.89236904
I 16.67964003124396 4.818755786962639 5.89236904
I 16.839992615912617 -6.80154040962024 17.677107120000002
I 6.6144426706083195 -5.19295126498648 17.677107120000002
Cs 11.231415193358764 0.34519064452474263 29.4618452
Cs 12.062667508493515 -0.7193861225485833 41.24658328
Cs 11.418512932370682 -11.301850706401396 29.4618452
Cs 11.875569769481594 10.927655228377555 41.24658328
Pb 5.91706954496903 -5.91706954496903 23.56947616
Pb 5.729971805957109 5.729971805957109 23.56947616
Pb 5.91706954496903 -5.91706954496903 35.354214240000005
Pb 5.729971805957109 5.729971805957109 35.354214240000005
I 4.56432162375054 -0.04199867561695055 24.4125563222432
I 11.68904002654309 -4.7514193627624595 24.4125563222432
I 4.56432162375054 -0.04199867561695055 34.5111340777568
I 11.68904002654309 -4.7514193627624595 34.5111340777568
I 18.72976107810174 -0.3321968024068908 36.1972944022432
I 11.605042675309187 4.377223884738618 36.1972944022432
I 6.454090085939658 6.427344931596398 29.4618452
I 16.67964003124396 4.818755786962639 29.4618452
I 16.839992615912617 -6.80154040962024 41.24658328
I 6.6144426706083195 -5.19295126498648 41.24658328
Cs 23.52261112040773 10.740557489365635 -5.892369039999998
Cs 23.335513381395813 22.387598840291773 -5.892369039999998
I 30.189704690015958 11.127746809507327 -0.8430801622432007
I 23.064986287223405 15.837167496652835 -0.8430801622432007
I 28.299936227826834 4.658403202293978 -5.892369039999998
I 18.07438628252254 6.266992346927738 -5.892369039999998
Cs 22.691358805272984 11.805134256438961 5.89236904
Cs 23.52261112040773 10.740557489365635 17.677107120000002
Cs 22.8784565442849 0.15809290551282196 5.89236904
Cs 23.335513381395813 22.387598840291773 17.677107120000002
Pb 17.377013156883248 5.542874066945188 0.0
Pb 17.189915417871326 17.189915417871326 0.0
Pb 17.377013156883248 5.542874066945188 11.78473808
Pb 17.189915417871326 17.189915417871326 11.78473808
I 16.024265235664757 11.417944936297268 0.8430801622432001
I 23.14898363845731 6.7085242491517585 0.8430801622432001
I 30.189704690015958 11.127746809507327 22.7263959977568
I 23.064986287223405 15.837167496652835 22.7263959977568
I 16.024265235664757 11.417944936297268 10.9416579177568
I 23.14898363845731 6.7085242491517585 10.9416579177568
I 30.189704690015958 11.127746809507327 12.6278182422432
I 23.064986287223405 15.837167496652835 12.6278182422432
I 17.914033697853874 17.887288543510614 5.89236904
I 28.139583643158176 16.278699398876856 5.89236904
I 28.299936227826834 4.658403202293978 17.677107120000002
I 18.07438628252254 6.266992346927738 17.677107120000002
Cs 22.691358805272984 11.805134256438961 29.4618452
Cs 23.52261112040773 10.740557489365635 41.24658328
Cs 22.8784565442849 0.15809290551282196 29.4618452
Cs 23.335513381395813 22.387598840291773 41.24658328
Pb 17.377013156883248 5.542874066945188 23.56947616
Pb 17.189915417871326 17.189915417871326 23.56947616
Pb 17.377013156883248 5.542874066945188 35.354214240000005
Pb 17.189915417871326 17.189915417871326 35.354214240000005
I 16.024265235664757 11.417944936297268 24.4125563222432
I 23.14898363845731 6.7085242491517585 24.4125563222432
I 16.024265235664757 11.417944936297268 34.5111340777568
I 23.14898363845731 6.7085242491517585 34.5111340777568
I 30.189704690015958 11.127746809507327 36.1972944022432
I 23.064986287223405 15.837167496652835 36.1972944022432
I 17.914033697853874 17.887288543510614 29.4618452
I 28.139583643158176 16.278699398876856 29.4618452
I 28.299936227826834 4.658403202293978 41.24658328
I 18.07438628252254 6.266992346927738 41.24658328
Cs 34.98255473232195 22.20050110127985 -5.892369039999998
Cs 34.795456993310026 33.84754245220599 -5.892369039999998
I 34.524929899137625 27.297111108567055 -0.8430801622432007
I 29.534329894436755 17.726935958841956 -5.892369039999998
Cs 34.151302417187196 23.265077868353178 5.89236904
Cs 34.98255473232195 22.20050110127985 17.677107120000002
Cs 34.338400156199114 11.61803651742704 5.89236904
Cs 34.795456993310026 33.84754245220599 17.677107120000002
Pb 28.836956768797464 17.002817678859408 0.0
Pb 28.649859029785546 28.649859029785546 0.0
Pb 28.836956768797464 17.002817678859408 11.78473808
Pb 28.649859029785546 28.649859029785546 11.78473808
I 27.484208847578977 22.877888548211484 0.8430801622432001
I 34.60892725037152 18.168467861065977 0.8430801622432001
I 34.524929899137625 27.297111108567055 22.7263959977568
I 27.484208847578977 22.877888548211484 10.9416579177568
I 34.60892725037152 18.168467861065977 10.9416579177568
I 34.524929899137625 27.297111108567055 12.6278182422432
I 29.373977309768094 29.347232155424834 5.89236904
I 29.534329894436755 17.726935958841956 17.677107120000002
Cs 34.151302417187196 23.265077868353178 29.4618452
Cs 34.98255473232195 22.20050110127985 41.24658328
Cs 34.338400156199114 11.61803651742704 29.4618452
Cs 34.795456993310026 33.84754245220599 41.24658328
Pb 28.836956768797464 17.002817678859408 23.56947616
Pb 28.649859029785546 28.649859029785546 23.56947616
Pb 28.836956768797464 17.002817678859408 35.354214240000005
Pb 28.649859029785546 28.649859029785546 35.354214240000005
I 27.484208847578977 22.877888548211484 24.4125563222432
I 34.60892725037152 18.168467861065977 24.4125563222432
I 27.484208847578977 22.877888548211484 34.5111340777568
I 34.60892725037152 18.168467861065977 34.5111340777568
I 34.524929899137625 27.297111108567055 36.1972944022432
I 29.373977309768094 29.347232155424834 29.4618452
I 29.534329894436755 17.726935958841956 41.24658328
Cs -10.670121976323003 -35.28631469730316 -5.892369039999998
Cs -10.670121976323003 -35.28631469730316 17.677107120000002
Cs -10.670121976323003 -35.28631469730316 41.24658328
Cs 0.9769193746031384 -35.47341243631508 -5.892369039999998
Cs 0.7898216355912169 -23.826371085388942 -5.892369039999998
I 7.644012944211362 -35.086223116173386 -0.8430801622432007
I 0.5192945414188106 -30.376802429027876 -0.8430801622432007
Cs 0.1456670594683871 -34.40883566924175 5.89236904
Cs 0.9769193746031384 -35.47341243631508 17.677107120000002
Cs 0.7898216355912169 -23.826371085388942 17.677107120000002
Pb -5.355776327933268 -29.024054507809385 0.0
Pb -5.355776327933268 -29.024054507809385 11.78473808
I -6.521426510139837 -34.79602498938345 0.8430801622432001
I 7.644012944211362 -35.086223116173386 22.7263959977568
I 0.5192945414188106 -30.376802429027876 22.7263959977568
I -6.521426510139837 -34.79602498938345 10.9416579177568
I 7.644012944211362 -35.086223116173386 12.6278182422432
I 0.5192945414188106 -30.376802429027876 12.6278182422432
I -4.631658047950719 -28.326681382170097 5.89236904
I 5.593891897353583 -29.935270526803855 5.89236904
Cs 0.1456670594683871 -34.40883566924175 29.4618452
Cs 0.9769193746031384 -35.47341243631508 41.24658328
Cs 0.7898216355912169 -23.826371085388942 41.24658328
Pb -5.355776327933268 -29.024054507809385 23.56947616
Pb -5.355776327933268 -29.024054507809385 35.354214240000005
I -6.521426510139837 -34.79602498938345 24.4125563222432
I -6.521426510139837 -34.79602498938345 34.5111340777568
I 7.644012944211362 -35.086223116173386 36.1972944022432
I 0.5192945414188106 -30.376802429027876 36.1972944022432
I -4.631658047950719 -28.326681382170097 29.4618452
I 5.593891897353583 -29.935270526803855 29.4618452
Cs 12.436862986517356 -24.01346882440086 -5.892369039999998
Cs 12.249765247505435 -12.36642747347472 -5.892369039999998
I 19.10395655612558 -23.626279504259166 -0.8430801622432007
I 11.979238153333029 -18.916858817113656 -0.8430801622432007
I 17.214188093936457 -30.095623111472516 -5.892369039999998
I 6.988638148632161 -28.487033966838755 -5.892369039999998
Cs 11.605610671382605 -22.948892057327534 5.89236904
Cs 12.436862986517356 -24.01346882440086 17.677107120000002
Cs 11.792708410394523 -34.59593340825367 5.89236904
Cs 12.249765247505435 -12.36642747347472 17.677107120000002
Pb 6.291265022992871 -29.211152246821307 0.0
Pb 6.10416728398095 -17.564110895895165 0.0
Pb 6.291265022992871 -29.211152246821307 11.78473808
Pb 6.10416728398095 -17.564110895895165 11.78473808
I 4.938517101774381 -23.336081377469228 0.8430801622432001
I 12.063235504566931 -28.045502064614734 0.8430801622432001
I 19.10395655612558 -23.626279504259166 22.7263959977568
I 11.979238153333029 -18.916858817113656 22.7263959977568
I 4.938517101774381 -23.336081377469228 10.9416579177568
I 12.063235504566931 -28.045502064614734 10.9416579177568
I 19.10395655612558 -23.626279504259166 12.6278182422432
I 11.979238153333029 -18.916858817113656 12.6278182422432
I 6.828285563963499 -16.866737770255877 5.89236904
I 17.0538355092678 -18.475326914889635 5.89236904
I 17.214188093936457 -30.095623111472516 17.677107120000002
I 6.988638148632161 -28.487033966838755 17.677107120000002
Cs 11.605610671382605 -22.948892057327534 29.4618452
Cs 12.436862986517356 -24.01346882440086 41.24658328
Cs 11.792708410394523 -34.59593340825367 29.4618452
Cs 12.249765247505435 -12.36642747347472 41.24658328
Pb 6.291265022992871 -29.211152246821307 23.56947616
Pb 6.10416728398095 -17.564110895895165 23.56947616
Pb 6.291265022992871 -29.211152246821307 35.354214240000005
Pb 6.10416728398095 -17.564110895895165 35.354214240000005
I 4.938517101774381 -23.336081377469228 24.4125563222432
I 12.063235504566931 -28.045502064614734 24.4125563222432
I 4.938517101774381 -23.336081377469228 34.5111340777568
I 12.063235504566931 -28.045502064614734 34.5111340777568
I 19.10395655612558 -23.626279504259166 36.1972944022432
I 11.979238153333029 -18.916858817113656 36.1972944022432
I 6.828285563963499 -16.866737770255877 29.4618452
I 17.0538355092678 -18.475326914889635 29.4618452
I 17.214188093936457 -30.095623111472516 41.24658328
I 6.988638148632161 -28.487033966838755 41.24658328
Cs 23.896806598431574 -12.553525212486642 -5.892369039999998
Cs 23.709708859419653 -0.9064838615605044 -5.892369039999998
I 30.563900168039797 -12.16633589234495 -0.8430801622432007
I 23.43918176524725 -7.456915205199441 -0.8430801622432007
I 28.674131705850677 -18.6356794995583 -5.892369039999998
I 18.44858176054638 -17.02709035492454 -5.892369039999998
Cs 23.065554283296823 -11.488948445413316 5.89236904
Cs 23.896806598431574 -12.553525212486642 17.677107120000002
Cs 23.25265202230874 -23.135989796339455 5.89236904
Cs 23.709708859419653 -0.9064838615605044 17.677107120000002
Pb 17.751208634907087 -17.751208634907087 0.0
Pb 17.56411089589517 -6.10416728398095 0.0
Pb 17.751208634907087 -17.751208634907087 11.78473808
Pb 17.56411089589517 -6.10416728398095 11.78473808
I 16.3984607136886 -11.87613776555501 0.8430801622432001
I 23.52317911648115 -16.585558452700518 0.8430801622432001
I 30.563900168039797 -12.16633589234495 22.7263959977568
I 23.43918176524725 -7.456915205199441 22.7263959977568
I 16.3984607136886 -11.87613776555501 10.9416579177568
I 23.52317911648115 -16.585558452700518 10.9416579177568
I 30.563900168039797 -12.16633589234495 12.6278182422432
I 23.43918176524725 -7.456915205199441 12.6278182422432
I 18.288229175877717 -5.406794158341661 5.89236904
I 28.51377912118202 -7.01538330297542 5.89236904
I 28.674131705850677 -18.6356794995583 17.677107120000002
I 18.44858176054638 -17.02709035492454 17.677107120000002
Cs 23.065554283296823 -11.488948445413316 29.4618452
Cs 23.896806598431574 -12.553525212486642 41.24658328
Cs 23.25265202230874 -23.135989796339455 29.4618452
Cs 23.709708859419653 -0.9064838615605044 41.24658328
Pb 17.751208634907087 -17.751208634907087 23.56947616
Pb 17.56411089589517 -6.10416728398095 23.56947616
Pb 17.751208634907087 -17.751208634907087 35.354214240000005
Pb 17.56411089589517 -6.10416728398095 35.354214240000005
I 16.3984607136886 -11.87613776555501 24.4125563222432
I 23.52317911648115 -16.585558452700518 24.4125563222432
I 16.3984607136886 -11.87613776555501 34.5111340777568
I 23.52317911648115 -16.585558452700518 34.5111340777568
I 30.563900168039797 -12.16633589234495 36.1972944022432
I 23.43918176524725 -7.456915205199441 36.1972944022432
I 18.288229175877717 -5.406794158341661 29.4618452
I 28.51377912118202 -7.01538330297542 29.4618452
I 28.674131705850677 -18.6356794995583 41.24658328
I 18.44858176054638 -17.02709035492454 41.24658328
Cs 35.356750210345794 -1.0935816005724246 -5.892369039999998
Cs 35.16965247133387 10.553459750353714 -5.892369039999998
I 34.89912537716146 4.003028406714777 -0.8430801622432007
I 29.908525372460595 -5.567146743010321 -5.892369039999998
Cs 34.52549789521104 -0.029004833499098603 5.89236904
Cs 35.356750210345794 -1.0935816005724246 17.677107120000002
Cs 34.71259563422296 -11.676046184425237 5.89236904
Cs 35.16965247133387 10.553459750353714 17.677107120000002
Pb 29.211152246821307 -6.291265022992871 0.0
Pb 29.024054507809385 5.355776327933268 0.0
Pb 29.211152246821307 -6.291265022992871 11.78473808
Pb 29.024054507809385 5.355776327933268 11.78473808
I 27.858404325602816 -0.41619415364079176 0.8430801622432001
I 34.983122728395365 -5.125614840786301 0.8430801622432001
I 34.89912537716146 4.003028406714777 22.7263959977568
I 27.858404325602816 -0.41619415364079176 10.9416579177568
I 34.983122728395365 -5.125614840786301 10.9416579177568
I 34.89912537716146 4.003028406714777 12.6278182422432
I 29.748172787791933 6.053149453572557 5.89236904
I 29.908525372460595 -5.567146743010321 17.677107120000002
Cs 34.52549789521104 -0.029004833499098603 29.4618452
Cs 35.356750210345794 -1.0935816005724246 41.24658328
Cs 34.71259563422296 -11.676046184425237 29.4618452
Cs 35.16965247133387 10.553459750353714 41.24658328
Pb 29.211152246821307 -6.291265022992871 23.56947616
Pb 29.024054507809385 5.355776327933268 23.56947616
Pb 29.211152246821307 -6.291265022992871 35.354214240000005
Pb 29.024054507809385 5.355776327933268 35.354214240000005
I 27.858404325602816 -0.41619415364079176 24.4125563222432
I 34.983122728395365 -5.125614840786301 24.4125563222432
I 27.858404325602816 -0.41619415364079176 34.5111340777568
I 34.983122728395365 -5.125614840786301 34.5111340777568
I 34.89912537716146 4.003028406714777 36.1972944022432
I 29.748172787791933 6.053149453572557 29.4618452
I 29.908525372460595 -5.567146743010321 41.24658328
Cs 12.623960725529276 -35.660510175327 -5.892369039999998
Cs 12.623960725529276 -35.660510175327 17.677107120000002
Cs 12.623960725529276 -35.660510175327 41.24658328
Cs 24.271002076455417 -35.84760791433892 -5.892369039999998
Cs 24.083904337443492 -24.200566563412785 -5.892369039999998
I 30.938095646063637 -35.46041859419723 -0.8430801622432007
I 23.813377243271088 -30.75099790705172 -0.8430801622432007
Cs 23.439749761320662 -34.783031147265596 5.89236904
Cs 24.271002076455417 -35.84760791433892 17.677107120000002
Cs 24.083904337443492 -24.200566563412785 17.677107120000002
Pb 17.93830637391901 -29.39824998583323 0.0
Pb 17.93830637391901 -29.39824998583323 11.78473808
I 16.77265619171244 -35.17022046740729 0.8430801622432001
I 30.938095646063637 -35.46041859419723 22.7263959977568
I 23.813377243271088 -30.75099790705172 22.7263959977568
I 16.77265619171244 -35.17022046740729 10.9416579177568
I 30.938095646063637 -35.46041859419723 12.6278182422432
I 23.813377243271088 -30.75099790705172 12.6278182422432
I 18.66242465390156 -28.70087686019394 5.89236904
I 28.88797459920586 -30.309466004827698 5.89236904
Cs 23.439749761320662 -34.783031147265596 29.4618452
Cs 24.271002076455417 -35.84760791433892 41.24658328
Cs 24.083904337443492 -24.200566563412785 41.24658328
Pb 17.93830637391901 -29.39824998583323 23.56947616
Pb 17.93830637391901 -29.39824998583323 35.354214240000005
I 16.77265619171244 -35.17022046740729 24.4125563222432
I 16.77265619171244 -35.17022046740729 34.5111340777568
I 30.938095646063637 -35.46041859419723 36.1972944022432
I 23.813377243271088 -30.75099790705172 36.1972944022432
I 18.66242465390156 -28.70087686019394 29.4618452
I 28.88797459920586 -30.309466004827698 29.4618452
Cs 35.73094568836963 -24.387664302424703 -5.892369039999998
Cs 35.54384794935771 -12.740622951498564 -5.892369039999998
I 35.273320855185304 -19.2910542951375 -0.8430801622432007
I 30.282720850484438 -28.861229444862598 -5.892369039999998
Cs 34.89969337323488 -23.323087535351377 5.89236904
Cs 35.73094568836963 -24.387664302424703 17.677107120000002
Cs 35.0867911122468 -34.970128886277514 5.89236904
Cs 35.54384794935771 -12.740622951498564 17.677107120000002
Pb 29.58534772484515 -29.58534772484515 0.0
Pb 29.39824998583323 -17.93830637391901 0.0
Pb 29.58534772484515 -29.58534772484515 11.78473808
Pb 29.39824998583323 -17.93830637391901 11.78473808
I 28.23259980362666 -23.71027685549307 0.8430801622432001
I 35.35731820641921 -28.419697542638577 0.8430801622432001
I 35.273320855185304 -19.2910542951375 22.7263959977568
I 28.23259980362666 -23.71027685549307 10.9416579177568
I 35.35731820641921 -28.419697542638577 10.9416579177568
I 35.273320855185304 -19.2910542951375 12.6278182422432
I 30.122368265815776 -17.24093324827972 5.89236904
I 30.282720850484438 -28.861229444862598 17.677107120000002
Cs 34.89969337323488 -23.323087535351377 29.4618452
Cs 35.73094568836963 -24.387664302424703 41.24658328
Cs 35.0867911122468 -34.970128886277514 29.4618452
Cs 35.54384794935771 -12.740622951498564 41.24658328
Pb 29.58534772484515 -29.58534772484515 23.56947616
Pb 29.39824998583323 -17.93830637391901 23.56947616
Pb 29.58534772484515 -29.58534772484515 35.354214240000005
Pb 29.39824998583323 -17.93830637391901 35.354214240000005
I 28.23259980362666 -23.71027685549307 24.4125563222432
I 35.35731820641921 -28.419697542638577 24.4125563222432
I 28.23259980362666 -23.71027685549307 34.5111340777568
I 35.35731820641921 -28.419697542638577 34.5111340777568
I 35.273320855185304 -19.2910542951375 36.1972944022432
I 30.122368265815776 -17.24093324827972 29.4618452
I 30.282720850484438 -28.861229444862598 41.24658328
Cs 35.91804342738155 -36.03470565335084 -5.892369039999998
Cs 35.91804342738155 -36.03470565335084 17.677107120000002
Cs 35.91804342738155 -36.03470565335084 41.24658328
