0 -0.247876501876823 5.63887e-06
1 -0.247876501814143 3.25263e-06
2 -0.247792907893423 7.18617e-06
3 -0.247792907817227 5.1189e-06
4 -0.247792907783705 2.84557e-06
5 -0.247792907773403 1.667e-06
6 -0.24692510893996 2.5712e-06
7 -0.246925108934725 2.21322e-06
8 -0.246925108928173 6.6652e-07
9 -0.246925108927543 4.92957e-07
10 -0.246897009627769 1.84271e-06
11 -0.246897009621453 6.44475e-07
12 -0.246318809050805 2.11783e-06
13 -0.246318809043633 5.35827e-07
14 -0.246097656331186 1.45255e-06
15 -0.24609765632826 6.54528e-07
16 -0.246097656327726 4.10087e-07
17 -0.246097656327403 1.85854e-07
18 -0.244854035832858 3.46622e-07
19 -0.24485403583265 4.3444e-08
20 -0.242664369677915 6.72103e-08
21 -0.242664369677908 9.69292e-08
22 -0.242664369677897 6.04715e-08
23 -0.242664369677888 9.45373e-08
24 -0.24260319002221 7.62093e-08
25 -0.242603190022191 7.03873e-08
26 -0.241104128408969 1.00652e-07
27 -0.241104128408958 7.3757e-08
28 -0.241104128408951 7.55233e-08
29 -0.241104128408937 8.81171e-08
30 -0.240755893503471 8.95621e-08
31 -0.240755893503445 5.90785e-08
32 -0.237314818134881 8.68081e-08
33 -0.237314818134857 1.02699e-07
34 -0.236846747604326 7.36628e-08
35 -0.236846747604318 5.75313e-08
36 -0.236846747604276 1.07001e-07
37 -0.236846747604159 4.58529e-08
38 -0.232837552461023 3.3424e-08
39 -0.232837552460861 7.52472e-08
40 -0.153926494384493 2.61435e-08
41 -0.153926494384424 2.69923e-08
42 -0.14923363942656 2.15617e-08
43 -0.149233639426557 7.0903e-08
44 -0.148942367115768 4.59285e-08
45 -0.148942367115765 4.88567e-08
46 -0.148942367115759 2.1722e-08
47 -0.148942367115729 4.17748e-08
48 -0.14414029991174 3.31111e-08
49 -0.144140299911737 1.4428e-08
50 -0.144140299911733 6.7878e-08
51 -0.144140299911728 4.11472e-08
52 -0.1437654402979 3.17743e-08
53 -0.143765440297894 7.67988e-09
54 -0.143749936820612 4.45869e-08
55 -0.143749936820609 3.31635e-08
56 -0.143359197593466 4.62296e-08
57 -0.143359197593463 4.36432e-08
58 -0.14335919759346 4.74152e-08
59 -0.143359197593455 7.79423e-08
60 -0.139296951737697 6.21772e-07
61 -0.139296951736966 7.39102e-07
62 -0.139188895803326 1.40749e-06
63 -0.139188895802971 5.81682e-07
64 -0.139188895802008 5.33706e-07
65 -0.139188895796423 4.10877e-06
66 -0.138724773186119 6.457e-06
67 -0.138724773165833 8.55037e-06
68 -0.138410358831264 1.21285e-06
69 -0.138410358829298 2.77513e-06
70 -0.138410358824613 5.79923e-06
71 -0.138073626171536 8.8525e-06
72 -0.138073626112285 3.5659e-06
73 -0.137836913383638 4.47899e-06
74 -0.137744380127414 1.01733e-06
75 -0.137744380107941 6.0645e-06
76 -0.137744380104628 5.60283e-06
