0	-3.19455  	 (0.00000   )
1	-1.29712  	 (-0.00000  )
2	-1.29724  	 (-0.00000  )
3	-1.29773  	 (-0.00000  )
4	-2.49645  	 (-0.00000  )
5	-2.50330  	 (-0.00000  )
6	-2.48303  	 (-0.00000  )
7	-0.66537  	 (-0.00000  )
8	-0.66204  	 (-0.00000  )
9	-0.66527  	 (0.00000   )
10	-1.69739  	 (0.00000   )
11	-1.69734  	 (-0.00000  )
12	-1.69873  	 (0.00000   )
13	-1.89310  	 (-0.00000  )
14	-1.89852  	 (0.00000   )
15	-0.17928  	 (0.00000   )
16	-0.49341  	 (-0.00000  )
17	-0.49570  	 (0.00000   )
18	-0.49584  	 (-0.00000  )
19	-0.13425  	 (0.00000   )
20	-1.33211  	 (-0.00000  )
21	-1.33416  	 (0.00000   )
22	-1.35416  	 (0.00000   )
23	-1.60239  	 (-0.00000  )
24	-1.61963  	 (0.00000   )
25	-2.55954  	 (-0.00000  )
26	-2.56544  	 (-0.00000  )
27	-2.58190  	 (0.00000   )
28	-2.20392  	 (-0.00000  )
29	-2.19000  	 (-0.00000  )
30	-2.19518  	 (-0.00000  )
31	-0.50212  	 (0.00000   )
32	-0.51165  	 (0.00000   )
33	-2.32589  	 (-0.00000  )
34	-2.02528  	 (0.00000   )
35	-0.92624  	 (-0.00000  )
36	-0.92163  	 (-0.00000  )
37	-0.93391  	 (0.00000   )
38	-0.91139  	 (0.00000   )
39	-0.91534  	 (-0.00000  )
40	-0.89612  	 (-0.00000  )
41	-2.10386  	 (-0.00000  )
42	-2.07932  	 (-0.00000  )
43	-1.21414  	 (0.00000   )
44	-1.21537  	 (0.00000   )
45	-1.21595  	 (0.00000   )
46	-1.59676  	 (0.00000   )
47	-1.61984  	 (0.00000   )
48	-1.62029  	 (0.00000   )
49	-0.98388  	 (0.00000   )
50	-0.98874  	 (0.00000   )
51	-0.99556  	 (-0.00000  )
52	-2.71833  	 (-0.00000  )
53	-2.56625  	 (0.00000   )
54	-2.56552  	 (0.00000   )
55	-2.57277  	 (-0.00000  )
56	-1.15691  	 (0.00000   )
57	-1.13016  	 (0.00000   )
58	-1.61111  	 (0.00000   )
59	-1.59903  	 (-0.00000  )
60	-1.60744  	 (0.00000   )
61	-1.89001  	 (-0.00000  )
62	-1.28244  	 (-0.00000  )
63	-1.27499  	 (-0.00000  )
64	-1.26742  	 (-0.00000  )
65	-2.14572  	 (-0.00000  )
66	-2.16097  	 (0.00000   )
67	-2.13072  	 (-0.00000  )
68	-1.34306  	 (0.00000   )
69	-1.35594  	 (0.00000   )
70	-1.35368  	 (0.00000   )
71	0.70240   	 (-0.00000  )
72	-1.52225  	 (0.00000   )
73	-1.52637  	 (0.00000   )
74	-1.63558  	 (-0.00000  )
75	-1.67585  	 (-0.00000  )
76	-1.72822  	 (0.00000   )
77	0.52294   	 (-0.00000  )
78	0.58067   	 (0.00000   )
79	0.65423   	 (-0.00000  )
80	-0.44935  	 (0.00000   )
81	-0.44434  	 (-0.00000  )
82	-0.44220  	 (-0.00000  )
83	-0.47975  	 (-0.00000  )
84	-0.49538  	 (0.00000   )
85	0.12099   	 (-0.00000  )
86	0.13800   	 (0.00000   )
87	0.15076   	 (-0.00000  )
88	-2.15898  	 (-0.00000  )
89	-0.92113  	 (-0.00000  )
90	-0.93149  	 (0.00000   )
91	-0.91218  	 (-0.00000  )
92	-1.79849  	 (-0.00000  )
93	2.15732   	 (0.00000   )
94	2.16167   	 (0.00000   )
95	2.15607   	 (0.00000   )
96	1.27894   	 (0.00000   )
97	1.28571   	 (0.00000   )
98	0.17528   	 (0.00000   )
99	0.17205   	 (0.00000   )
100	0.16222   	 (-0.00000  )
101	-1.24361  	 (-0.00000  )
102	-1.28718  	 (-0.00000  )
103	-1.43173  	 (-0.00000  )
104	-1.36679  	 (-0.00000  )
105	-1.55760  	 (-0.00000  )
106	-1.64230  	 (-0.00000  )
107	-3.97632  	 (0.00000   )
108	-3.64868  	 (0.00000   )
109	-1.61084  	 (-0.00000  )
110	-4.10918  	 (-0.00000  )
111	-4.19479  	 (-0.00000  )
112	-4.24380  	 (0.00000   )
113	-0.93795  	 (0.00000   )
114	-0.95098  	 (0.00000   )
115	-1.06150  	 (0.00000   )
116	-1.43361  	 (0.00000   )
117	-1.58470  	 (-0.00000  )
118	-1.69500  	 (-0.00000  )
119	-0.81131  	 (0.00000   )
120	-0.75583  	 (0.00000   )
121	-0.80962  	 (-0.00000  )
122	-1.45293  	 (-0.00000  )
123	-1.35048  	 (0.00000   )
124	-1.23091  	 (-0.00000  )
125	-1.52217  	 (-0.00000  )
126	-1.50695  	 (-0.00000  )
127	-1.61687  	 (0.00000   )
128	-1.69514  	 (0.00000   )
129	-0.51624  	 (-0.00000  )
130	-1.32441  	 (-0.00000  )
131	-1.49991  	 (-0.00000  )
132	-0.30987  	 (-0.00000  )
133	-1.06565  	 (-0.00000  )
134	-1.15653  	 (0.00000   )
135	-0.92477  	 (0.00000   )
136	-0.80597  	 (-0.00000  )
137	-1.73003  	 (-0.00000  )
138	-1.69650  	 (0.00000   )
139	-1.60061  	 (0.00000   )
140	-1.99402  	 (-0.00000  )
141	-1.94551  	 (0.00000   )
142	-2.07845  	 (0.00000   )
143	-1.15764  	 (0.00000   )
144	-1.16013  	 (0.00000   )
145	-1.16362  	 (0.00000   )
146	-0.53650  	 (-0.00000  )
147	-0.52832  	 (0.00000   )
148	-0.49557  	 (0.00000   )
149	-1.10986  	 (0.00000   )
150	-1.15594  	 (0.00000   )
151	-3.11027  	 (-0.00000  )
152	-3.45069  	 (0.00000   )
153	-3.23298  	 (-0.00000  )
154	-2.98215  	 (0.00000   )
155	-0.81030  	 (0.00000   )
156	-2.11417  	 (0.00000   )
157	-2.13695  	 (0.00000   )
158	-2.14734  	 (-0.00000  )
159	-0.37951  	 (-0.00000  )
160	-0.41394  	 (-0.00000  )
161	-0.41517  	 (0.00000   )
162	-2.60628  	 (-0.00000  )
163	-2.60429  	 (-0.00000  )
164	-0.89690  	 (0.00000   )
165	-0.91471  	 (0.00000   )
166	-0.95819  	 (-0.00000  )
167	-1.08711  	 (0.00000   )
168	-1.08777  	 (-0.00000  )
169	-1.10179  	 (0.00000   )
170	-1.54497  	 (-0.00000  )
171	-1.55551  	 (-0.00000  )
172	-2.34581  	 (0.00000   )
173	-2.27099  	 (0.00000   )
174	-2.12813  	 (0.00000   )
175	-0.25884  	 (-0.00000  )
176	-1.44499  	 (-0.00000  )
177	-1.63393  	 (0.00000   )
178	-2.39228  	 (0.00000   )
179	-2.51201  	 (-0.00000  )
180	-2.14764  	 (-0.00000  )
181	-1.42706  	 (-0.00000  )
182	-1.49378  	 (0.00000   )
183	-1.61992  	 (-0.00000  )
184	-2.88775  	 (-0.00000  )
185	-2.68998  	 (-0.00000  )
186	-2.21627  	 (0.00000   )
187	-0.33759  	 (0.00000   )
188	-1.15120  	 (0.00000   )
189	-0.97467  	 (-0.00000  )
190	0.24728   	 (-0.00000  )
191	-1.25172  	 (-0.00000  )
192	0.45782   	 (0.00000   )
193	0.48085   	 (0.00000   )
194	0.89023   	 (-0.00000  )
195	0.06410   	 (-0.00000  )
196	0.34383   	 (0.00000   )
197	0.77293   	 (-0.00000  )
198	-0.10689  	 (0.00000   )
199	0.01397   	 (0.00000   )
200	-1.65123  	 (-0.00000  )
201	-1.62836  	 (-0.00000  )
202	-1.62991  	 (-0.00000  )
203	0.04352   	 (0.00000   )
204	-0.81209  	 (-0.00000  )
205	-1.02766  	 (0.00000   )
206	-0.61934  	 (-0.00000  )
207	-0.71863  	 (-0.00000  )
208	-0.28866  	 (0.00000   )
209	-0.75622  	 (0.00000   )
210	-0.65337  	 (-0.00000  )
211	-0.56909  	 (0.00000   )
212	0.03937   	 (-0.00000  )
213	-0.82276  	 (0.00000   )
214	-1.01357  	 (0.00000   )
215	-1.74813  	 (0.00000   )
216	-1.57600  	 (0.00000   )
217	-1.53826  	 (-0.00000  )
218	-0.52081  	 (-0.00000  )
219	-0.22980  	 (-0.00000  )
220	0.09168   	 (0.00000   )
221	0.40347   	 (0.00000   )
222	-1.34861  	 (-0.00000  )
223	-1.12467  	 (0.00000   )
224	-0.52646  	 (0.00000   )
225	-0.66180  	 (-0.00000  )
226	-0.97187  	 (0.00000   )
227	-0.77669  	 (-0.00000  )
228	-0.72454  	 (-0.00000  )
229	-0.50461  	 (0.00000   )
230	-0.72707  	 (-0.00000  )
231	-0.41979  	 (-0.00000  )
232	-0.53335  	 (0.00000   )
233	-0.50756  	 (-0.00000  )
234	-1.02211  	 (0.00000   )
235	-0.71559  	 (0.00000   )
236	-0.57994  	 (-0.00000  )
237	-1.11667  	 (0.00000   )
238	-1.12489  	 (-0.00000  )
239	-0.86855  	 (0.00000   )
240	-0.79785  	 (0.00000   )
241	-0.90902  	 (0.00000   )
242	0.38378   	 (0.00000   )
243	-0.47668  	 (0.00000   )
244	-0.77716  	 (-0.00000  )
245	-0.82314  	 (0.00000   )
246	-0.69121  	 (0.00000   )
247	-0.92945  	 (0.00000   )
248	-0.97737  	 (0.00000   )
249	-0.44032  	 (0.00000   )
250	-0.78648  	 (-0.00000  )
251	-1.89424  	 (-0.00000  )
252	-1.83002  	 (-0.00000  )
253	-1.77926  	 (0.00000   )
254	-1.73365  	 (-0.00000  )
255	-1.21432  	 (-0.00000  )
256	-1.07438  	 (-0.00000  )
257	-1.13292  	 (-0.00000  )
258	-0.92076  	 (0.00000   )
259	-0.58054  	 (-0.00000  )
260	-0.20884  	 (0.00000   )
261	-0.24292  	 (0.00000   )
262	-0.54538  	 (0.00000   )
263	-0.92562  	 (0.00000   )
264	-0.57978  	 (-0.00000  )
265	-1.27513  	 (-0.00000  )
266	-1.20078  	 (-0.00000  )
267	-1.28169  	 (-0.00000  )
268	-1.33346  	 (0.00000   )
269	-1.48668  	 (0.00000   )
270	-0.83088  	 (-0.00000  )
271	-1.02561  	 (-0.00000  )
272	-0.54785  	 (0.00000   )
273	-1.25553  	 (0.00000   )
274	-0.54062  	 (-0.00000  )
275	-0.72145  	 (0.00000   )
276	-0.46156  	 (-0.00000  )
277	-0.38721  	 (0.00000   )
278	-0.47779  	 (0.00000   )
279	0.75703   	 (-0.00000  )
280	0.62078   	 (-0.00000  )
281	0.95685   	 (0.00000   )
282	-0.01182  	 (-0.00000  )
283	0.02188   	 (0.00000   )
284	0.11193   	 (-0.00000  )
285	-0.16750  	 (-0.00000  )
286	-0.24529  	 (-0.00000  )
287	-0.60938  	 (0.00000   )
288	-0.70284  	 (0.00000   )
289	0.34021   	 (0.00000   )
290	0.41777   	 (0.00000   )
291	-0.60577  	 (0.00000   )
292	-0.58234  	 (0.00000   )
293	-0.71471  	 (-0.00000  )
294	-0.60867  	 (-0.00000  )
295	-0.67504  	 (-0.00000  )
296	-0.66342  	 (-0.00000  )
297	-0.60759  	 (0.00000   )
298	-0.10576  	 (-0.00000  )
299	-0.36776  	 (-0.00000  )
300	0.06980   	 (-0.00000  )
301	0.40628   	 (-0.00000  )
302	0.31554   	 (-0.00000  )
303	0.22602   	 (-0.00000  )
304	-0.50058  	 (0.00000   )
305	-0.50742  	 (0.00000   )
306	-0.50796  	 (-0.00000  )
307	1.52671   	 (-0.00000  )
308	-0.23716  	 (-0.00000  )
309	-0.18437  	 (0.00000   )
310	-0.10928  	 (-0.00000  )
311	3.35325   	 (-0.00000  )
312	2.27455   	 (-0.00000  )
313	2.52952   	 (0.00000   )
314	-0.94842  	 (0.00000   )
315	2.41948   	 (-0.00000  )
316	-1.01652  	 (0.00000   )
317	-0.02141  	 (0.00000   )
318	-0.34648  	 (0.00000   )
319	0.32482   	 (-0.00000  )
320	0.95066   	 (0.00000   )
321	0.17427   	 (0.00000   )
322	-0.28561  	 (0.00000   )
323	-0.86697  	 (0.00000   )
324	-1.41335  	 (0.00000   )
325	-1.48175  	 (-0.00000  )
326	-1.17482  	 (-0.00000  )
327	-0.06909  	 (0.00000   )
328	-2.02245  	 (-0.00000  )
329	-2.08621  	 (0.00000   )
330	-2.19743  	 (0.00000   )
331	-0.81379  	 (-0.00000  )
332	-0.49128  	 (-0.00000  )
333	-0.65824  	 (0.00000   )
334	-0.58888  	 (-0.00000  )
335	-2.82417  	 (0.00000   )
336	-3.01800  	 (0.00000   )
337	-2.01467  	 (-0.00000  )
338	-2.12534  	 (-0.00000  )
339	-2.91805  	 (-0.00000  )
340	-3.37098  	 (-0.00000  )
341	-5.53860  	 (0.00000   )
342	-3.98450  	 (0.00000   )
343	-0.20084  	 (0.00000   )
344	-0.26271  	 (-0.00000  )
345	-1.21795  	 (-0.00000  )
346	-1.30552  	 (-0.00000  )
347	-1.12469  	 (0.00000   )
348	-1.38812  	 (-0.00000  )
349	-1.31998  	 (-0.00000  )
350	-1.51727  	 (0.00000   )
351	-1.42837  	 (-0.00000  )
352	-1.41053  	 (-0.00000  )
353	-1.35254  	 (-0.00000  )
354	-1.55313  	 (-0.00000  )
355	-1.72666  	 (-0.00000  )
356	-1.24352  	 (0.00000   )
357	-0.73236  	 (-0.00000  )
358	-0.68691  	 (-0.00000  )
359	-0.68450  	 (0.00000   )
360	-0.97316  	 (-0.00000  )
361	-0.93555  	 (0.00000   )
362	-1.25038  	 (-0.00000  )
363	-1.68565  	 (0.00000   )
364	-1.85323  	 (0.00000   )
365	-1.64694  	 (0.00000   )
366	-1.69243  	 (-0.00000  )
367	-1.23812  	 (0.00000   )
368	-1.18692  	 (-0.00000  )
369	-1.86679  	 (0.00000   )
370	-2.05884  	 (0.00000   )
371	-1.88947  	 (0.00000   )
372	-1.95888  	 (0.00000   )
373	-2.17215  	 (0.00000   )
374	-2.08617  	 (0.00000   )
375	-1.74213  	 (0.00000   )
376	-1.81527  	 (0.00000   )
377	-2.00759  	 (0.00000   )
378	-4.09039  	 (0.00000   )
379	-3.58579  	 (0.00000   )
380	-3.08264  	 (0.00000   )
381	-1.57418  	 (0.00000   )
382	-1.13618  	 (0.00000   )
383	-1.12196  	 (-0.00000  )
384	-0.54232  	 (0.00000   )
385	-0.53275  	 (-0.00000  )
386	-1.38038  	 (0.00000   )
387	-1.32168  	 (0.00000   )
388	-1.17444  	 (-0.00000  )
389	-1.06181  	 (0.00000   )
390	-0.94538  	 (0.00000   )
391	-1.10473  	 (0.00000   )
392	-1.42583  	 (0.00000   )
393	-1.01500  	 (0.00000   )
394	-0.89147  	 (0.00000   )
395	-0.87101  	 (0.00000   )
396	-0.74884  	 (0.00000   )
397	-0.44045  	 (-0.00000  )
398	-0.85593  	 (-0.00000  )
399	-0.24557  	 (0.00000   )
400	-0.49761  	 (0.00000   )
401	-0.16470  	 (-0.00000  )
402	-1.59316  	 (-0.00000  )
403	-1.59494  	 (0.00000   )
404	-1.83558  	 (-0.00000  )
405	-0.89394  	 (-0.00000  )
406	-0.66024  	 (-0.00000  )
407	-0.23428  	 (0.00000   )
408	-0.36012  	 (-0.00000  )
409	-0.22972  	 (0.00000   )
410	-0.95255  	 (0.00000   )
411	0.04315   	 (-0.00000  )
412	0.36379   	 (0.00000   )
413	-0.12518  	 (-0.00000  )
414	-0.28720  	 (0.00000   )
415	-0.98533  	 (-0.00000  )
416	-1.02755  	 (-0.00000  )
417	-1.12011  	 (-0.00000  )
418	-1.30692  	 (-0.00000  )
419	-1.83870  	 (-0.00000  )
420	-3.25677  	 (0.00000   )
421	-2.18390  	 (0.00000   )
422	-2.05510  	 (0.00000   )
423	-1.77995  	 (0.00000   )
424	-1.37323  	 (-0.00000  )
425	-1.48720  	 (-0.00000  )
426	-0.68826  	 (-0.00000  )
427	-0.74392  	 (-0.00000  )
428	-0.76178  	 (-0.00000  )
429	-1.22559  	 (-0.00000  )
430	-3.27552  	 (-0.00000  )
431	-3.58386  	 (-0.00000  )
432	-3.51526  	 (0.00000   )
433	-0.59467  	 (-0.00000  )
434	0.01161   	 (-0.00000  )
435	-2.54300  	 (0.00000   )
436	-2.60646  	 (0.00000   )
437	-2.42245  	 (0.00000   )
438	-0.79423  	 (0.00000   )
439	-0.79175  	 (0.00000   )
440	-0.89572  	 (0.00000   )
441	0.10975   	 (0.00000   )
442	-0.48081  	 (-0.00000  )
443	-0.74353  	 (0.00000   )
444	-0.46392  	 (-0.00000  )
445	-0.22475  	 (-0.00000  )
446	-0.51239  	 (-0.00000  )
447	-0.38745  	 (-0.00000  )
448	-0.40056  	 (-0.00000  )
449	-0.83686  	 (0.00000   )
450	-0.61433  	 (0.00000   )
451	-0.66086  	 (-0.00000  )
452	0.10471   	 (-0.00000  )
453	0.09593   	 (0.00000   )
454	0.00516   	 (0.00000   )
455	-1.09693  	 (0.00000   )
456	-0.98458  	 (-0.00000  )
457	-0.96973  	 (-0.00000  )
458	1.17124   	 (-0.00000  )
459	-0.76754  	 (-0.00000  )
460	-0.81882  	 (0.00000   )
461	-0.81106  	 (0.00000   )
462	-0.56124  	 (0.00000   )
463	-0.82509  	 (-0.00000  )
464	-1.16333  	 (-0.00000  )
465	-1.19842  	 (-0.00000  )
466	-1.21071  	 (-0.00000  )
467	-1.97289  	 (-0.00000  )
468	-2.24101  	 (0.00000   )
469	-2.30502  	 (0.00000   )
470	-2.30917  	 (0.00000   )
471	-2.45608  	 (0.00000   )
472	-2.17362  	 (0.00000   )
473	-2.25550  	 (0.00000   )
474	-0.83266  	 (-0.00000  )
475	-0.72862  	 (0.00000   )
476	-0.73888  	 (0.00000   )
477	-0.66817  	 (0.00000   )
478	-0.64277  	 (-0.00000  )
479	-0.69723  	 (-0.00000  )
480	-1.42458  	 (0.00000   )
481	-1.80546  	 (-0.00000  )
482	-1.50393  	 (0.00000   )
483	-1.71614  	 (-0.00000  )
484	-1.16492  	 (-0.00000  )
485	-0.99273  	 (0.00000   )
486	-0.89524  	 (-0.00000  )
487	-0.66571  	 (-0.00000  )
488	-0.40927  	 (0.00000   )
489	-0.58011  	 (0.00000   )
490	-0.52465  	 (-0.00000  )
491	-0.63913  	 (0.00000   )
492	-0.91020  	 (-0.00000  )
493	-1.45938  	 (-0.00000  )
494	-1.08765  	 (0.00000   )
495	-0.94769  	 (0.00000   )
496	-1.06244  	 (-0.00000  )
497	-0.97535  	 (-0.00000  )
498	-1.74958  	 (0.00000   )
499	-0.59292  	 (0.00000   )
500	-0.68541  	 (-0.00000  )
501	-0.87441  	 (0.00000   )
502	-0.79706  	 (-0.00000  )
503	-0.61985  	 (-0.00000  )
504	-0.75508  	 (0.00000   )
505	-1.01639  	 (0.00000   )
506	-0.96783  	 (-0.00000  )
507	-1.29808  	 (-0.00000  )
508	-1.24523  	 (0.00000   )
509	-1.35014  	 (-0.00000  )
510	-1.62199  	 (-0.00000  )
511	-1.23166  	 (0.00000   )
512	-1.23502  	 (-0.00000  )
513	-0.91554  	 (0.00000   )
514	-1.06866  	 (0.00000   )
515	-1.20116  	 (-0.00000  )
516	-1.82346  	 (-0.00000  )
517	-1.41186  	 (0.00000   )
518	-1.43312  	 (-0.00000  )
519	-1.03424  	 (-0.00000  )
520	-0.48618  	 (-0.00000  )
521	-0.35460  	 (-0.00000  )
522	-0.55881  	 (-0.00000  )
523	-0.99896  	 (-0.00000  )
524	-1.54309  	 (-0.00000  )
525	-1.85025  	 (-0.00000  )
526	-1.22373  	 (0.00000   )
527	-1.06462  	 (-0.00000  )
528	-1.90074  	 (-0.00000  )
529	-1.70159  	 (-0.00000  )
530	-1.62958  	 (0.00000   )
531	-1.50321  	 (0.00000   )
532	-1.26088  	 (-0.00000  )
533	-1.53357  	 (-0.00000  )
534	-1.55760  	 (-0.00000  )
535	-0.11332  	 (-0.00000  )
536	-0.26671  	 (-0.00000  )
537	0.04006   	 (-0.00000  )
538	0.68610   	 (0.00000   )
539	1.02553   	 (-0.00000  )
540	1.50187   	 (-0.00000  )
541	1.79402   	 (0.00000   )
542	1.42494   	 (-0.00000  )
543	1.39493   	 (0.00000   )
544	1.63317   	 (0.00000   )
545	0.96634   	 (0.00000   )
546	1.20146   	 (-0.00000  )
547	0.57754   	 (0.00000   )
548	0.44245   	 (0.00000   )
549	0.62876   	 (-0.00000  )
550	0.10200   	 (-0.00000  )
551	-0.25327  	 (-0.00000  )
552	-0.09836  	 (0.00000   )
553	0.89695   	 (0.00000   )
554	0.85237   	 (-0.00000  )
555	0.85811   	 (-0.00000  )
556	1.06803   	 (0.00000   )
557	1.00232   	 (-0.00000  )
558	0.82930   	 (-0.00000  )
559	1.14225   	 (0.00000   )
560	1.47256   	 (-0.00000  )
561	1.08037   	 (0.00000   )
562	1.01267   	 (-0.00000  )
563	0.85024   	 (-0.00000  )
564	0.68594   	 (0.00000   )
565	0.67533   	 (0.00000   )
566	0.80539   	 (0.00000   )
567	1.24831   	 (-0.00000  )
568	1.88704   	 (-0.00000  )
569	1.91483   	 (0.00000   )
570	1.82803   	 (-0.00000  )
571	1.31704   	 (-0.00000  )
572	0.46055   	 (0.00000   )
573	0.40716   	 (0.00000   )
574	-0.13684  	 (-0.00000  )
575	-0.13024  	 (0.00000   )
576	0.18880   	 (-0.00000  )
577	0.48658   	 (-0.00000  )
578	0.44627   	 (0.00000   )
579	1.05704   	 (0.00000   )
580	0.64366   	 (0.00000   )
581	1.12295   	 (0.00000   )
582	1.20011   	 (0.00000   )
583	0.50125   	 (0.00000   )
584	0.74499   	 (0.00000   )
585	0.90811   	 (0.00000   )
586	0.31192   	 (0.00000   )
587	0.70586   	 (0.00000   )
588	1.10038   	 (0.00000   )
589	1.22995   	 (0.00000   )
590	1.17817   	 (0.00000   )
591	0.43977   	 (0.00000   )
592	1.56233   	 (0.00000   )
593	1.43800   	 (0.00000   )
594	1.17224   	 (0.00000   )
595	1.05040   	 (0.00000   )
596	1.19754   	 (0.00000   )
597	0.88090   	 (0.00000   )
598	0.90621   	 (0.00000   )
599	1.12321   	 (-0.00000  )
600	1.22482   	 (-0.00000  )
601	1.19325   	 (-0.00000  )
602	1.12205   	 (0.00000   )
603	1.82461   	 (0.00000   )
604	1.88643   	 (0.00000   )
605	2.06264   	 (0.00000   )
606	1.67518   	 (0.00000   )
607	1.37627   	 (0.00000   )
608	0.81598   	 (-0.00000  )
609	0.17150   	 (-0.00000  )
610	0.38494   	 (-0.00000  )
611	-1.13333  	 (0.00000   )
612	-0.86367  	 (0.00000   )
613	-0.16082  	 (-0.00000  )
614	-0.70528  	 (0.00000   )
615	0.40965   	 (-0.00000  )
616	-0.12956  	 (-0.00000  )
617	0.17229   	 (-0.00000  )
618	0.10497   	 (0.00000   )
619	-1.01256  	 (-0.00000  )
620	-1.08134  	 (-0.00000  )
621	-0.86335  	 (-0.00000  )
622	-0.08225  	 (-0.00000  )
623	-0.06906  	 (0.00000   )
624	0.10996   	 (-0.00000  )
625	0.34146   	 (-0.00000  )
626	-0.02910  	 (0.00000   )
627	-0.57643  	 (0.00000   )
628	-1.09695  	 (-0.00000  )
629	-0.63207  	 (-0.00000  )
630	-0.46507  	 (0.00000   )
631	-0.16418  	 (-0.00000  )
632	0.09403   	 (-0.00000  )
633	-0.43973  	 (0.00000   )
634	-1.14156  	 (-0.00000  )
635	-0.11479  	 (-0.00000  )
636	-1.27828  	 (0.00000   )
637	-0.43656  	 (-0.00000  )
638	-0.53763  	 (0.00000   )
639	-0.51346  	 (-0.00000  )
640	-0.78246  	 (0.00000   )
641	-0.76078  	 (-0.00000  )
642	-0.88276  	 (-0.00000  )
643	-0.75809  	 (-0.00000  )
644	-1.12863  	 (-0.00000  )
645	-1.21560  	 (-0.00000  )
646	-1.35939  	 (0.00000   )
647	-0.97641  	 (0.00000   )
648	-1.23776  	 (-0.00000  )
649	-1.53973  	 (0.00000   )
650	-1.20013  	 (0.00000   )
651	-0.67426  	 (0.00000   )
652	-0.37150  	 (0.00000   )
653	-0.40427  	 (-0.00000  )
654	-0.75870  	 (-0.00000  )
655	-0.83218  	 (0.00000   )
656	0.22288   	 (0.00000   )
657	-1.08925  	 (0.00000   )
658	-0.62539  	 (-0.00000  )
659	-1.24799  	 (-0.00000  )
660	-0.95844  	 (0.00000   )
661	-1.04170  	 (-0.00000  )
662	-1.56368  	 (-0.00000  )
663	-1.19421  	 (0.00000   )
664	-1.44136  	 (-0.00000  )
665	-1.48780  	 (0.00000   )
666	0.07769   	 (-0.00000  )
667	-1.44781  	 (0.00000   )
668	-0.49922  	 (-0.00000  )
669	0.99523   	 (0.00000   )
670	-1.39064  	 (-0.00000  )
671	-1.81754  	 (0.00000   )
672	-1.61847  	 (-0.00000  )
673	-1.33752  	 (0.00000   )
674	-1.48998  	 (0.00000   )
675	-1.39486  	 (0.00000   )
676	-1.71519  	 (0.00000   )
677	-0.11952  	 (0.00000   )
678	-2.01554  	 (-0.00000  )
679	-1.64477  	 (0.00000   )
680	-2.38669  	 (-0.00000  )
681	-1.69479  	 (0.00000   )
682	-2.35772  	 (0.00000   )
683	-2.50051  	 (0.00000   )
684	-0.34034  	 (0.00000   )
685	-0.99845  	 (0.00000   )
686	-1.05288  	 (-0.00000  )
687	-0.89538  	 (-0.00000  )
688	0.67117   	 (0.00000   )
689	0.62683   	 (0.00000   )
690	0.74399   	 (0.00000   )
691	-1.29945  	 (0.00000   )
692	-0.45336  	 (-0.00000  )
693	-1.00017  	 (0.00000   )
694	-0.72759  	 (-0.00000  )
695	-0.71944  	 (0.00000   )
696	-0.75994  	 (0.00000   )
697	-0.55885  	 (-0.00000  )
698	-1.69339  	 (-0.00000  )
699	-0.35604  	 (-0.00000  )
700	1.23189   	 (0.00000   )
701	0.94940   	 (0.00000   )
702	-1.22826  	 (-0.00000  )
703	-1.21362  	 (0.00000   )
704	-1.27805  	 (-0.00000  )
705	-2.24528  	 (-0.00000  )
706	-1.88943  	 (-0.00000  )
707	-2.11529  	 (0.00000   )
708	-1.93881  	 (-0.00000  )
709	-2.10335  	 (-0.00000  )
710	-1.57319  	 (0.00000   )
711	-1.22310  	 (0.00000   )
712	-1.15206  	 (0.00000   )
713	-1.21175  	 (-0.00000  )
714	-1.12204  	 (0.00000   )
715	-1.13127  	 (-0.00000  )
716	-1.32740  	 (0.00000   )
717	-1.62648  	 (0.00000   )
718	-2.59085  	 (-0.00000  )
719	-3.13256  	 (-0.00000  )
720	-0.91675  	 (-0.00000  )
721	-0.47833  	 (-0.00000  )
722	-0.36842  	 (0.00000   )
723	-0.50459  	 (0.00000   )
724	-0.84518  	 (-0.00000  )
725	-0.86688  	 (-0.00000  )
726	-1.16930  	 (-0.00000  )
727	-0.99910  	 (0.00000   )
728	-1.25255  	 (0.00000   )
729	-1.30170  	 (-0.00000  )
730	-1.48259  	 (-0.00000  )
731	-1.20159  	 (-0.00000  )
732	-1.24616  	 (0.00000   )
733	-0.97961  	 (0.00000   )
734	-1.19540  	 (0.00000   )
735	-1.03847  	 (0.00000   )
736	-0.86435  	 (0.00000   )
737	-0.90442  	 (0.00000   )
738	-0.99249  	 (-0.00000  )
739	-1.05091  	 (0.00000   )
740	-1.09995  	 (0.00000   )
741	-2.15120  	 (-0.00000  )
742	-1.76084  	 (-0.00000  )
743	-1.14233  	 (-0.00000  )
744	-1.37891  	 (-0.00000  )
745	-1.33305  	 (-0.00000  )
746	-1.68872  	 (-0.00000  )
747	-0.90299  	 (0.00000   )
748	-1.25467  	 (0.00000   )
749	-0.93449  	 (-0.00000  )
750	-0.91599  	 (0.00000   )
751	-0.76427  	 (0.00000   )
752	-1.44157  	 (-0.00000  )
753	-1.38003  	 (0.00000   )
754	-1.64919  	 (0.00000   )
755	-1.08873  	 (-0.00000  )
756	-1.25680  	 (-0.00000  )
757	-0.89112  	 (-0.00000  )
758	-1.24038  	 (-0.00000  )
759	-1.80806  	 (0.00000   )
760	-1.57087  	 (0.00000   )
761	-1.57302  	 (0.00000   )
762	-1.62172  	 (0.00000   )
763	-1.66746  	 (-0.00000  )
764	-1.71945  	 (-0.00000  )
765	-1.59431  	 (-0.00000  )
766	-1.72562  	 (0.00000   )
767	-2.16108  	 (0.00000   )
768	-1.51459  	 (0.00000   )
769	-1.09692  	 (-0.00000  )
770	-1.17563  	 (-0.00000  )
771	-1.80047  	 (0.00000   )
772	-1.41673  	 (0.00000   )
773	-1.64826  	 (0.00000   )
774	-1.55391  	 (0.00000   )
775	-2.48330  	 (0.00000   )
776	-2.33533  	 (0.00000   )
777	-0.43453  	 (0.00000   )
778	-1.18105  	 (-0.00000  )
779	-1.59349  	 (0.00000   )
780	-1.60161  	 (0.00000   )
781	-1.34812  	 (0.00000   )
782	-1.66095  	 (0.00000   )
783	-2.31053  	 (0.00000   )
784	-2.02846  	 (0.00000   )
785	-2.32500  	 (0.00000   )
786	-2.39640  	 (0.00000   )
787	-2.00901  	 (-0.00000  )
788	-2.12488  	 (-0.00000  )
789	-0.55729  	 (-0.00000  )
790	-0.35618  	 (0.00000   )
791	-0.59425  	 (0.00000   )
792	-0.58271  	 (-0.00000  )
793	-0.70958  	 (-0.00000  )
794	-1.00704  	 (-0.00000  )
795	-1.82043  	 (0.00000   )
796	-1.05694  	 (-0.00000  )
797	-1.39183  	 (0.00000   )
798	-1.27458  	 (0.00000   )
799	0.11651   	 (-0.00000  )
800	0.35336   	 (0.00000   )
801	0.32891   	 (0.00000   )
802	0.89832   	 (0.00000   )
803	0.00995   	 (0.00000   )
804	0.49171   	 (0.00000   )
805	0.19048   	 (0.00000   )
806	0.13468   	 (0.00000   )
807	-0.36438  	 (-0.00000  )
808	-0.51689  	 (-0.00000  )
809	-0.92604  	 (-0.00000  )
810	-0.97377  	 (-0.00000  )
811	-0.87158  	 (-0.00000  )
812	-1.00741  	 (0.00000   )
813	-0.02142  	 (0.00000   )
814	0.15095   	 (-0.00000  )
815	-0.65557  	 (0.00000   )
816	-0.70520  	 (-0.00000  )
817	-0.52426  	 (0.00000   )
818	-0.73989  	 (-0.00000  )
819	-1.62543  	 (0.00000   )
820	-1.10105  	 (-0.00000  )
821	-0.61012  	 (0.00000   )
822	-0.46852  	 (-0.00000  )
823	-0.32128  	 (-0.00000  )
824	-0.14257  	 (0.00000   )
825	-0.58373  	 (0.00000   )
826	-0.01863  	 (-0.00000  )
827	-0.05267  	 (-0.00000  )
828	-0.64327  	 (0.00000   )
829	-0.82973  	 (-0.00000  )
830	-0.91661  	 (0.00000   )
831	-1.09756  	 (-0.00000  )
832	-1.38685  	 (-0.00000  )
833	-0.87993  	 (0.00000   )
834	-0.92147  	 (0.00000   )
835	-0.71216  	 (0.00000   )
836	-0.18839  	 (-0.00000  )
837	-1.35413  	 (-0.00000  )
838	-0.62123  	 (0.00000   )
839	-1.09425  	 (0.00000   )
840	0.00608   	 (0.00000   )
841	-0.28246  	 (-0.00000  )
842	-0.35663  	 (0.00000   )
843	0.05775   	 (0.00000   )
844	-1.38240  	 (0.00000   )
845	-1.13032  	 (0.00000   )
846	-0.76018  	 (-0.00000  )
847	-0.76311  	 (0.00000   )
848	-1.70861  	 (-0.00000  )
849	-0.58501  	 (-0.00000  )
850	-0.86713  	 (0.00000   )
851	-0.84446  	 (0.00000   )
852	-0.61750  	 (-0.00000  )
853	-0.52385  	 (0.00000   )
854	-0.72603  	 (-0.00000  )
855	-0.24694  	 (-0.00000  )
856	-0.62096  	 (-0.00000  )
857	-0.04019  	 (0.00000   )
858	-0.05651  	 (0.00000   )
859	-0.44154  	 (0.00000   )
860	-0.16245  	 (-0.00000  )
861	-0.11578  	 (0.00000   )
862	0.07369   	 (0.00000   )
863	0.19225   	 (-0.00000  )
864	-0.24024  	 (0.00000   )
865	-0.78291  	 (0.00000   )
866	0.26201   	 (-0.00000  )
867	-0.03191  	 (-0.00000  )
868	-0.32213  	 (-0.00000  )
869	0.26877   	 (0.00000   )
870	0.07744   	 (-0.00000  )
871	-0.59730  	 (-0.00000  )
872	-0.08727  	 (-0.00000  )
873	-0.83585  	 (-0.00000  )
874	-0.08136  	 (-0.00000  )
875	-0.60443  	 (0.00000   )
876	-0.20602  	 (0.00000   )
877	-0.59861  	 (-0.00000  )
878	-0.19028  	 (0.00000   )
879	-0.39470  	 (0.00000   )
880	-0.57049  	 (-0.00000  )
881	-0.51070  	 (0.00000   )
882	-0.48019  	 (-0.00000  )
883	-0.47579  	 (0.00000   )
884	-0.31905  	 (-0.00000  )
885	-0.74448  	 (0.00000   )
886	-0.51100  	 (0.00000   )
887	-0.67481  	 (0.00000   )
888	-0.84934  	 (0.00000   )
889	-0.70020  	 (0.00000   )
890	-0.77598  	 (-0.00000  )
891	-0.15236  	 (-0.00000  )
892	-0.43335  	 (-0.00000  )
893	-0.48953  	 (-0.00000  )
894	-0.38428  	 (-0.00000  )
895	-0.40324  	 (-0.00000  )
896	-0.31478  	 (0.00000   )
897	-0.31618  	 (0.00000   )
898	-0.72234  	 (-0.00000  )
899	-0.48734  	 (0.00000   )
900	-0.48151  	 (-0.00000  )
901	-0.26612  	 (0.00000   )
902	-0.25210  	 (-0.00000  )
903	-0.45439  	 (0.00000   )
904	-0.10982  	 (-0.00000  )
905	-0.22967  	 (0.00000   )
906	-0.64342  	 (0.00000   )
907	0.56732   	 (-0.00000  )
908	-0.32082  	 (0.00000   )
909	-0.31458  	 (0.00000   )
910	0.59297   	 (-0.00000  )
911	-0.59927  	 (-0.00000  )
912	-0.04475  	 (-0.00000  )
913	-0.67468  	 (0.00000   )
914	0.18231   	 (-0.00000  )
915	0.22403   	 (-0.00000  )
916	-0.06319  	 (0.00000   )
917	0.00327   	 (-0.00000  )
918	-0.16983  	 (0.00000   )
919	-0.55101  	 (-0.00000  )
920	-0.76939  	 (0.00000   )
921	-0.11577  	 (0.00000   )
922	0.01007   	 (-0.00000  )
923	-0.33175  	 (0.00000   )
924	-0.67776  	 (-0.00000  )
925	0.60737   	 (0.00000   )
926	0.14361   	 (0.00000   )
927	0.47558   	 (-0.00000  )
928	0.09235   	 (-0.00000  )
929	-0.04498  	 (-0.00000  )
930	-0.37934  	 (-0.00000  )
931	-0.50122  	 (-0.00000  )
932	-1.02675  	 (0.00000   )
933	-0.93619  	 (-0.00000  )
934	-0.76192  	 (-0.00000  )
935	-1.18407  	 (-0.00000  )
936	-0.87176  	 (-0.00000  )
937	-1.06715  	 (0.00000   )
938	-0.69851  	 (-0.00000  )
939	-0.58021  	 (0.00000   )
940	-0.25242  	 (-0.00000  )
941	-0.22971  	 (-0.00000  )
942	-0.35664  	 (-0.00000  )
943	-0.44829  	 (-0.00000  )
944	-0.62891  	 (-0.00000  )
945	-0.47508  	 (-0.00000  )
946	-0.48666  	 (-0.00000  )
947	-1.23211  	 (-0.00000  )
948	-0.80009  	 (0.00000   )
949	-0.62806  	 (-0.00000  )
950	-0.33305  	 (0.00000   )
951	1.60501   	 (0.00000   )
952	0.27086   	 (0.00000   )
953	-2.61540  	 (-0.00000  )
954	-0.03043  	 (0.00000   )
955	-0.08415  	 (-0.00000  )
956	0.40919   	 (-0.00000  )
957	-0.13325  	 (-0.00000  )
958	0.98307   	 (0.00000   )
959	1.04920   	 (-0.00000  )
960	0.81810   	 (-0.00000  )
961	0.24586   	 (0.00000   )
962	1.19559   	 (-0.00000  )
963	0.92961   	 (-0.00000  )
964	0.40960   	 (-0.00000  )
965	0.44383   	 (-0.00000  )
966	1.13017   	 (0.00000   )
967	1.30188   	 (0.00000   )
968	1.23698   	 (0.00000   )
969	0.77041   	 (0.00000   )
970	-0.27128  	 (-0.00000  )
971	0.62124   	 (-0.00000  )
972	0.63772   	 (0.00000   )
973	0.29245   	 (0.00000   )
974	-0.01733  	 (-0.00000  )
975	0.29991   	 (-0.00000  )
976	0.64444   	 (-0.00000  )
977	0.52763   	 (-0.00000  )
978	0.53889   	 (0.00000   )
979	0.57991   	 (0.00000   )
980	0.66400   	 (-0.00000  )
981	0.15345   	 (0.00000   )
982	-0.02340  	 (-0.00000  )
983	0.81821   	 (0.00000   )
984	0.31182   	 (-0.00000  )
985	0.37397   	 (-0.00000  )
986	-0.04945  	 (-0.00000  )
987	-0.04524  	 (-0.00000  )
988	0.42309   	 (-0.00000  )
989	0.39406   	 (-0.00000  )
990	-0.09353  	 (-0.00000  )
991	-0.48373  	 (0.00000   )
992	-0.24086  	 (0.00000   )
993	0.00948   	 (-0.00000  )
994	0.18091   	 (-0.00000  )
995	-0.20202  	 (-0.00000  )
996	0.02214   	 (0.00000   )
997	-0.30944  	 (-0.00000  )
998	0.18502   	 (-0.00000  )
999	0.02016   	 (-0.00000  )
1000	-0.33899  	 (0.00000   )
1001	0.15790   	 (-0.00000  )
1002	-0.17695  	 (-0.00000  )
1003	0.24621   	 (0.00000   )
1004	0.21887   	 (0.00000   )
1005	0.02501   	 (0.00000   )
1006	0.17294   	 (0.00000   )
1007	0.66416   	 (-0.00000  )
1008	0.45247   	 (-0.00000  )
1009	0.69230   	 (-0.00000  )
1010	0.87990   	 (-0.00000  )
1011	0.58940   	 (0.00000   )
1012	0.65775   	 (0.00000   )
1013	0.75254   	 (0.00000   )
1014	1.16929   	 (0.00000   )
1015	0.39979   	 (0.00000   )
1016	-0.12075  	 (-0.00000  )
1017	0.55153   	 (0.00000   )
1018	0.28535   	 (-0.00000  )
1019	-0.39991  	 (0.00000   )
1020	-0.69869  	 (0.00000   )
1021	-0.65969  	 (0.00000   )
1022	-1.65544  	 (-0.00000  )
1023	-1.09454  	 (-0.00000  )
1024	-2.02516  	 (-0.00000  )
1025	-1.93869  	 (0.00000   )
1026	-1.57340  	 (-0.00000  )
1027	-1.57444  	 (-0.00000  )
1028	-1.48457  	 (-0.00000  )
1029	-1.73789  	 (0.00000   )
1030	-1.49027  	 (-0.00000  )
1031	-1.66943  	 (-0.00000  )
1032	-1.70908  	 (-0.00000  )
1033	-1.21641  	 (0.00000   )
1034	-0.71867  	 (0.00000   )
1035	-1.24944  	 (-0.00000  )
1036	-1.71246  	 (-0.00000  )
1037	-0.94256  	 (-0.00000  )
1038	-1.05442  	 (-0.00000  )
1039	-1.08131  	 (0.00000   )
1040	-1.76687  	 (0.00000   )
1041	-1.35535  	 (0.00000   )
1042	-1.12492  	 (-0.00000  )
1043	-0.18223  	 (0.00000   )
1044	-1.45756  	 (0.00000   )
1045	-0.11663  	 (0.00000   )
1046	-0.51543  	 (0.00000   )
1047	-0.78834  	 (-0.00000  )
1048	-0.62348  	 (-0.00000  )
1049	0.54822   	 (-0.00000  )
1050	0.53897   	 (0.00000   )
1051	0.38120   	 (-0.00000  )
1052	-0.46881  	 (-0.00000  )
1053	0.37809   	 (-0.00000  )
1054	0.51151   	 (0.00000   )
1055	-0.12775  	 (-0.00000  )
1056	-0.70990  	 (-0.00000  )
1057	-0.29231  	 (0.00000   )
1058	-0.40006  	 (0.00000   )
1059	-0.35618  	 (-0.00000  )
1060	0.26947   	 (0.00000   )
1061	-0.29836  	 (-0.00000  )
1062	-0.27163  	 (-0.00000  )
1063	-0.06150  	 (-0.00000  )
1064	-0.60384  	 (-0.00000  )
1065	-0.44512  	 (-0.00000  )
1066	-0.26818  	 (-0.00000  )
1067	0.02999   	 (0.00000   )
1068	-0.24066  	 (-0.00000  )
1069	-0.22039  	 (0.00000   )
1070	-0.33101  	 (-0.00000  )
1071	0.91928   	 (-0.00000  )
1072	0.72604   	 (0.00000   )
1073	1.50915   	 (0.00000   )
1074	4.58100   	 (-0.00000  )
1075	2.89702   	 (0.00000   )
1076	2.90732   	 (0.00000   )
1077	3.19686   	 (-0.00000  )
1078	3.15793   	 (0.00000   )
1079	2.59041   	 (-0.00000  )
1080	2.09283   	 (0.00000   )
1081	0.60632   	 (0.00000   )
1082	1.09715   	 (-0.00000  )
1083	2.03069   	 (0.00000   )
1084	2.53934   	 (-0.00000  )
1085	3.65289   	 (-0.00000  )
1086	3.73423   	 (-0.00000  )
1087	3.43253   	 (-0.00000  )
1088	3.91332   	 (-0.00000  )
1089	4.02371   	 (0.00000   )
1090	3.60831   	 (-0.00000  )
1091	2.58640   	 (0.00000   )
1092	2.60899   	 (-0.00000  )
1093	2.08970   	 (0.00000   )
1094	2.15092   	 (0.00000   )
1095	1.97652   	 (0.00000   )
1096	1.50438   	 (0.00000   )
1097	1.58702   	 (0.00000   )
1098	1.82676   	 (0.00000   )
1099	2.13469   	 (0.00000   )
1100	1.96865   	 (0.00000   )
1101	1.56450   	 (0.00000   )
1102	2.24091   	 (0.00000   )
1103	1.47909   	 (0.00000   )
1104	-1.58875  	 (-0.00000  )
1105	-1.67322  	 (0.00000   )
1106	-1.84030  	 (0.00000   )
1107	0.33393   	 (-0.00000  )
1108	0.39344   	 (-0.00000  )
1109	0.28515   	 (-0.00000  )
1110	0.35443   	 (-0.00000  )
1111	0.36010   	 (-0.00000  )
1112	-0.35788  	 (0.00000   )
1113	-0.35728  	 (0.00000   )
1114	-0.32441  	 (0.00000   )
1115	0.22466   	 (-0.00000  )
1116	-1.63241  	 (-0.00000  )
1117	-1.71423  	 (-0.00000  )
1118	-1.66709  	 (0.00000   )
1119	-2.11196  	 (0.00000   )
1120	-1.66695  	 (0.00000   )
1121	-3.11677  	 (-0.00000  )
1122	-3.15027  	 (-0.00000  )
1123	-1.30524  	 (-0.00000  )
1124	-1.38199  	 (0.00000   )
1125	-2.06629  	 (-0.00000  )
1126	-1.58008  	 (-0.00000  )
1127	-1.44759  	 (0.00000   )
1128	-2.07795  	 (0.00000   )
1129	-1.17147  	 (-0.00000  )
1130	-1.43597  	 (-0.00000  )
1131	-1.03664  	 (-0.00000  )
1132	-1.74856  	 (0.00000   )
1133	-0.80547  	 (-0.00000  )
1134	-1.50204  	 (0.00000   )
1135	-1.35512  	 (-0.00000  )
1136	-1.60856  	 (0.00000   )
1137	-1.90502  	 (0.00000   )
1138	-1.80300  	 (0.00000   )
1139	-2.16497  	 (-0.00000  )
1140	-1.39876  	 (0.00000   )
1141	-1.41719  	 (-0.00000  )
1142	-1.44958  	 (-0.00000  )
1143	-2.60442  	 (0.00000   )
1144	-1.56263  	 (0.00000   )
1145	-1.54910  	 (0.00000   )
1146	-1.62030  	 (0.00000   )
1147	-2.88116  	 (0.00000   )
1148	-2.87049  	 (-0.00000  )
1149	-0.77610  	 (0.00000   )
1150	-0.83029  	 (0.00000   )
1151	-0.90404  	 (0.00000   )
1152	2.00859   	 (-0.00000  )
1153	-0.00355  	 (-0.00000  )
1154	0.09287   	 (0.00000   )
1155	0.08193   	 (-0.00000  )
1156	-0.97355  	 (0.00000   )
1157	-1.15001  	 (0.00000   )
1158	-1.29921  	 (0.00000   )
1159	-1.62357  	 (-0.00000  )
1160	-0.90026  	 (-0.00000  )
1161	-0.67210  	 (-0.00000  )
1162	-1.72214  	 (-0.00000  )
1163	-1.70902  	 (-0.00000  )
1164	-2.42952  	 (-0.00000  )
1165	-2.29083  	 (-0.00000  )
1166	-2.22444  	 (0.00000   )
1167	-1.96185  	 (-0.00000  )
1168	-2.22463  	 (0.00000   )
1169	-2.02867  	 (-0.00000  )
1170	-2.00913  	 (0.00000   )
1171	-1.73100  	 (0.00000   )
1172	-2.12115  	 (0.00000   )
1173	-1.72105  	 (0.00000   )
1174	-1.68409  	 (0.00000   )
1175	-1.80255  	 (0.00000   )
1176	-1.46698  	 (0.00000   )
1177	-1.85542  	 (0.00000   )
1178	-1.87245  	 (0.00000   )
1179	-1.85817  	 (0.00000   )
1180	-2.17413  	 (0.00000   )
1181	-2.21830  	 (0.00000   )
1182	-2.33149  	 (-0.00000  )
1183	-2.42379  	 (-0.00000  )
1184	-2.39092  	 (0.00000   )
1185	-2.35888  	 (-0.00000  )
1186	-2.48898  	 (-0.00000  )
1187	-2.57857  	 (0.00000   )
1188	-2.65320  	 (0.00000   )
1189	-3.45639  	 (0.00000   )
1190	-0.61993  	 (-0.00000  )
1191	-2.18989  	 (0.00000   )
1192	-2.00507  	 (0.00000   )
1193	-2.48375  	 (0.00000   )
1194	-1.72716  	 (-0.00000  )
1195	-1.45226  	 (-0.00000  )
1196	-1.18331  	 (-0.00000  )
1197	-1.45725  	 (-0.00000  )
1198	-0.41755  	 (-0.00000  )
1199	-1.44577  	 (0.00000   )
1200	-1.12593  	 (-0.00000  )
1201	-1.03680  	 (0.00000   )
1202	-1.48560  	 (0.00000   )
1203	-0.91659  	 (-0.00000  )
1204	-0.37192  	 (0.00000   )
1205	-1.45889  	 (0.00000   )
1206	-1.12654  	 (-0.00000  )
1207	-1.07361  	 (-0.00000  )
1208	-0.35245  	 (-0.00000  )
1209	-0.74040  	 (-0.00000  )
1210	-1.02353  	 (-0.00000  )
1211	-0.67243  	 (-0.00000  )
1212	-1.26224  	 (0.00000   )
1213	-1.05824  	 (-0.00000  )
1214	-2.29985  	 (0.00000   )
1215	-1.70266  	 (-0.00000  )
1216	-1.50056  	 (-0.00000  )
1217	-1.51961  	 (-0.00000  )
1218	-0.01720  	 (-0.00000  )
1219	0.04247   	 (-0.00000  )
1220	-1.14933  	 (-0.00000  )
1221	-1.00079  	 (0.00000   )
1222	0.92513   	 (-0.00000  )
1223	0.99648   	 (0.00000   )
1224	1.12283   	 (-0.00000  )
1225	0.65919   	 (-0.00000  )
1226	0.94138   	 (0.00000   )
1227	2.19043   	 (-0.00000  )
1228	1.94493   	 (0.00000   )
1229	2.44434   	 (0.00000   )
1230	1.51607   	 (-0.00000  )
1231	0.84014   	 (0.00000   )
1232	0.27851   	 (0.00000   )
1233	0.66854   	 (0.00000   )
1234	0.86894   	 (0.00000   )
1235	1.57922   	 (-0.00000  )
1236	1.03818   	 (-0.00000  )
1237	1.08445   	 (-0.00000  )
1238	0.63178   	 (-0.00000  )
1239	0.71051   	 (-0.00000  )
1240	0.74639   	 (-0.00000  )
1241	0.77747   	 (-0.00000  )
1242	0.67260   	 (-0.00000  )
1243	2.13564   	 (-0.00000  )
1244	2.09359   	 (0.00000   )
1245	1.97586   	 (-0.00000  )
1246	0.37006   	 (-0.00000  )
1247	0.19916   	 (0.00000   )
1248	-0.03101  	 (0.00000   )
1249	0.20803   	 (-0.00000  )
1250	-0.41696  	 (0.00000   )
1251	-0.27258  	 (0.00000   )
1252	-0.76266  	 (-0.00000  )
1253	-0.09186  	 (-0.00000  )
1254	-0.13880  	 (-0.00000  )
1255	0.16107   	 (-0.00000  )
1256	-0.06282  	 (0.00000   )
1257	0.52025   	 (-0.00000  )
1258	0.06577   	 (-0.00000  )
1259	0.36672   	 (-0.00000  )
1260	-0.06007  	 (-0.00000  )
1261	0.65547   	 (-0.00000  )
1262	0.81260   	 (0.00000   )
1263	0.56622   	 (-0.00000  )
1264	1.26975   	 (-0.00000  )
1265	0.82167   	 (0.00000   )
1266	0.46616   	 (-0.00000  )
1267	0.42807   	 (-0.00000  )
1268	-0.26497  	 (0.00000   )
1269	-0.61007  	 (0.00000   )
1270	0.36460   	 (0.00000   )
1271	0.29928   	 (-0.00000  )
1272	0.66762   	 (-0.00000  )
1273	-0.18554  	 (0.00000   )
1274	-0.91427  	 (0.00000   )
1275	-0.74059  	 (0.00000   )
1276	-1.06278  	 (0.00000   )
1277	-1.40074  	 (0.00000   )
1278	-1.28741  	 (0.00000   )
1279	-0.79525  	 (0.00000   )
1280	-0.82598  	 (-0.00000  )
1281	-0.53052  	 (-0.00000  )
1282	-1.09848  	 (0.00000   )
1283	-0.98006  	 (-0.00000  )
1284	-0.90437  	 (0.00000   )
1285	-0.11049  	 (0.00000   )
1286	0.25750   	 (-0.00000  )
1287	0.41656   	 (0.00000   )
1288	0.95631   	 (-0.00000  )
1289	0.71801   	 (0.00000   )
1290	1.11163   	 (0.00000   )
1291	0.33756   	 (0.00000   )
1292	0.48127   	 (0.00000   )
1293	0.31542   	 (-0.00000  )
1294	0.01398   	 (0.00000   )
1295	-0.26224  	 (0.00000   )
1296	-0.50721  	 (0.00000   )
1297	0.22616   	 (0.00000   )
1298	-0.05292  	 (-0.00000  )
1299	0.19082   	 (0.00000   )
1300	0.47373   	 (-0.00000  )
1301	0.83181   	 (0.00000   )
1302	0.92995   	 (0.00000   )
1303	0.77126   	 (-0.00000  )
1304	0.63245   	 (0.00000   )
1305	0.46487   	 (-0.00000  )
1306	1.27222   	 (0.00000   )
1307	1.51371   	 (-0.00000  )
1308	1.09912   	 (0.00000   )
1309	0.73632   	 (0.00000   )
1310	0.56446   	 (-0.00000  )
1311	0.53299   	 (0.00000   )
1312	1.10171   	 (0.00000   )
1313	0.83852   	 (-0.00000  )
1314	1.02477   	 (-0.00000  )
1315	1.26245   	 (-0.00000  )
1316	1.11928   	 (-0.00000  )
1317	0.84004   	 (0.00000   )
1318	0.43941   	 (0.00000   )
1319	0.51427   	 (0.00000   )
1320	0.98396   	 (0.00000   )
1321	-0.07216  	 (0.00000   )
1322	0.57471   	 (0.00000   )
1323	0.34551   	 (0.00000   )
1324	-0.15797  	 (-0.00000  )
1325	-0.98984  	 (0.00000   )
1326	-1.29112  	 (0.00000   )
1327	0.20233   	 (0.00000   )
1328	-1.22499  	 (0.00000   )
1329	0.44939   	 (-0.00000  )
1330	0.68183   	 (0.00000   )
1331	0.71972   	 (-0.00000  )
1332	1.38067   	 (0.00000   )
1333	0.98124   	 (0.00000   )
1334	1.03970   	 (0.00000   )
1335	1.23477   	 (-0.00000  )
1336	1.18546   	 (-0.00000  )
1337	0.38843   	 (-0.00000  )
1338	-1.71618  	 (-0.00000  )
1339	-2.87608  	 (0.00000   )
1340	-2.31849  	 (-0.00000  )
1341	-2.40506  	 (0.00000   )
1342	0.10538   	 (0.00000   )
1343	-1.75479  	 (0.00000   )
1344	-0.56312  	 (0.00000   )
1345	-0.99393  	 (0.00000   )
1346	-1.85382  	 (-0.00000  )
1347	-3.02194  	 (0.00000   )
1348	-2.98113  	 (0.00000   )
1349	-1.98301  	 (-0.00000  )
1350	-1.23509  	 (0.00000   )
1351	0.05324   	 (-0.00000  )
1352	-2.55772  	 (0.00000   )
1353	-0.27399  	 (0.00000   )
1354	-1.20005  	 (0.00000   )
1355	0.55961   	 (-0.00000  )
1356	-0.10553  	 (-0.00000  )
1357	-2.40955  	 (-0.00000  )
1358	0.88716   	 (-0.00000  )
1359	0.89807   	 (-0.00000  )
1360	0.33464   	 (-0.00000  )
1361	0.66041   	 (-0.00000  )
1362	1.80766   	 (0.00000   )
1363	0.71500   	 (-0.00000  )
1364	0.75911   	 (-0.00000  )
1365	0.59157   	 (-0.00000  )
1366	0.87747   	 (0.00000   )
1367	1.13756   	 (0.00000   )
1368	1.06625   	 (-0.00000  )
1369	1.14952   	 (-0.00000  )
1370	1.18601   	 (-0.00000  )
1371	1.48876   	 (0.00000   )
1372	1.91950   	 (-0.00000  )
1373	-0.19047  	 (-0.00000  )
1374	-1.33531  	 (0.00000   )
1375	-2.22606  	 (-0.00000  )
1376	-2.04519  	 (-0.00000  )
1377	-2.06502  	 (-0.00000  )
1378	1.31407   	 (-0.00000  )
1379	1.42247   	 (-0.00000  )
1380	1.44578   	 (0.00000   )
1381	-0.18691  	 (-0.00000  )
1382	-0.24962  	 (0.00000   )
1383	0.20696   	 (0.00000   )
1384	0.24642   	 (-0.00000  )
1385	0.33605   	 (0.00000   )
1386	0.32787   	 (-0.00000  )
1387	0.21977   	 (-0.00000  )
1388	-0.00674  	 (-0.00000  )
1389	0.81510   	 (0.00000   )
1390	-0.15660  	 (-0.00000  )
1391	-0.10516  	 (0.00000   )
1392	-0.06049  	 (0.00000   )
1393	0.07362   	 (-0.00000  )
1394	0.13501   	 (-0.00000  )
1395	0.50106   	 (-0.00000  )
1396	1.31962   	 (-0.00000  )
1397	3.47520   	 (0.00000   )
1398	3.68671   	 (0.00000   )
1399	3.20048   	 (-0.00000  )
1400	3.66473   	 (-0.00000  )
1401	2.41434   	 (-0.00000  )
1402	-0.22118  	 (-0.00000  )
1403	0.26131   	 (0.00000   )
1404	1.04147   	 (-0.00000  )
1405	0.91276   	 (0.00000   )
1406	1.03060   	 (0.00000   )
1407	1.47193   	 (-0.00000  )
1408	0.94421   	 (0.00000   )
1409	0.90563   	 (0.00000   )
1410	0.72815   	 (-0.00000  )
1411	0.94521   	 (0.00000   )
1412	1.25695   	 (-0.00000  )
1413	1.26223   	 (0.00000   )
1414	1.83491   	 (-0.00000  )
1415	1.25200   	 (-0.00000  )
1416	1.09963   	 (0.00000   )
1417	2.67490   	 (-0.00000  )
1418	0.90945   	 (-0.00000  )
1419	1.94588   	 (-0.00000  )
1420	0.46544   	 (-0.00000  )
1421	0.73452   	 (-0.00000  )
1422	2.82264   	 (-0.00000  )
1423	0.72316   	 (-0.00000  )
1424	0.25607   	 (-0.00000  )
1425	2.81813   	 (0.00000   )
1426	2.00622   	 (0.00000   )
1427	1.85509   	 (-0.00000  )
1428	1.82371   	 (-0.00000  )
1429	2.19992   	 (0.00000   )
1430	2.04290   	 (0.00000   )
1431	1.08865   	 (-0.00000  )
1432	0.82727   	 (-0.00000  )
1433	1.41077   	 (-0.00000  )
1434	1.83085   	 (-0.00000  )
1435	1.96971   	 (0.00000   )
1436	1.88519   	 (0.00000   )
1437	2.07843   	 (-0.00000  )
1438	1.47535   	 (0.00000   )
1439	1.56625   	 (0.00000   )
1440	0.39742   	 (0.00000   )
1441	0.37473   	 (0.00000   )
1442	0.56863   	 (0.00000   )
1443	3.09949   	 (0.00000   )
1444	-0.32237  	 (-0.00000  )
1445	-0.33477  	 (-0.00000  )
1446	-0.17211  	 (0.00000   )
1447	-0.03606  	 (-0.00000  )
1448	-0.14895  	 (0.00000   )
1449	1.19057   	 (-0.00000  )
1450	1.05870   	 (0.00000   )
1451	0.79140   	 (-0.00000  )
1452	-0.85728  	 (0.00000   )
1453	-0.06829  	 (0.00000   )
1454	-0.06346  	 (-0.00000  )
1455	0.01312   	 (0.00000   )
1456	-2.31234  	 (-0.00000  )
1457	-2.21982  	 (0.00000   )
1458	-1.18283  	 (-0.00000  )
1459	-2.20236  	 (-0.00000  )
1460	-1.95998  	 (0.00000   )
1461	-1.82495  	 (0.00000   )
1462	-1.60162  	 (-0.00000  )
1463	-1.67992  	 (0.00000   )
1464	-1.01425  	 (0.00000   )
1465	-1.12940  	 (-0.00000  )
1466	-0.58439  	 (-0.00000  )
1467	-0.50417  	 (-0.00000  )
1468	-0.84476  	 (-0.00000  )
1469	-0.73594  	 (-0.00000  )
1470	-1.40581  	 (0.00000   )
1471	-1.11521  	 (-0.00000  )
1472	-2.26903  	 (-0.00000  )
1473	-1.89415  	 (0.00000   )
1474	-1.28658  	 (0.00000   )
1475	-1.13781  	 (-0.00000  )
1476	-0.92318  	 (0.00000   )
1477	-0.55841  	 (-0.00000  )
1478	-0.70177  	 (0.00000   )
1479	-0.59196  	 (-0.00000  )
