0	-0.00140  	0.00279   	-0.00060  	1.96330   	 (-0.00000  )
1	0.05627   	-0.18919  	0.04589   	1.34688   	 (0.00000   )
2	0.23229   	0.17964   	-0.02003  	1.34689   	 (-0.00000  )
3	-0.28714  	0.00673   	-0.02527  	1.34688   	 (-0.00000  )
4	0.02877   	-0.24876  	-0.10600  	1.87504   	 (0.00000   )
5	0.15152   	0.09096   	-0.03793  	1.87555   	 (-0.00000  )
6	-0.19017  	0.15625   	0.14157   	1.87016   	 (-0.00000  )
7	-0.03977  	0.12390   	-0.08136  	1.39811   	 (0.00000   )
8	-0.10074  	-0.02839  	0.09334   	1.39795   	 (0.00000   )
9	0.14848   	-0.09588  	-0.01409  	1.40345   	 (-0.00000  )
10	0.05776   	-0.09122  	-0.07156  	1.32884   	 (-0.00000  )
11	-0.01912  	-0.01488  	0.01219   	1.32890   	 (0.00000   )
12	-0.03448  	0.11403   	0.06406   	1.32909   	 (0.00000   )
13	0.00007   	0.00088   	0.00121   	1.38109   	 (0.00000   )
14	-0.00218  	-0.00715  	-0.00127  	1.38096   	 (-0.00000  )
15	-0.00017  	0.00059   	0.00019   	1.42816   	 (-0.00000  )
16	-0.18981  	0.42406   	-0.14931  	1.61209   	 (-0.00000  )
17	-0.15020  	-0.07776  	0.08982   	1.61270   	 (-0.00000  )
18	0.34078   	-0.34799  	0.05835   	1.61284   	 (-0.00000  )
19	-0.00144  	0.00221   	-0.00004  	1.42505   	 (-0.00000  )
20	-0.04154  	-0.05817  	-0.03932  	1.30059   	 (0.00000   )
21	0.10639   	-0.02642  	0.02541   	1.30140   	 (-0.00000  )
22	0.03350   	0.00474   	0.00477   	1.31335   	 (0.00000   )
23	-0.03878  	0.06599   	0.02433   	1.44064   	 (0.00000   )
24	-0.06973  	0.03150   	-0.01310  	1.44802   	 (-0.00000  )
25	0.01052   	0.16050   	-0.10883  	1.64756   	 (0.00000   )
26	-0.31016  	0.00139   	0.13052   	1.64753   	 (0.00000   )
27	0.31048   	-0.18038  	-0.02282  	1.64855   	 (-0.00000  )
28	0.13947   	-0.06934  	-0.04887  	1.91143   	 (-0.00000  )
29	-0.11283  	-0.05147  	-0.07767  	1.91000   	 (-0.00000  )
30	-0.03798  	0.11248   	0.11204   	1.90994   	 (-0.00000  )
31	0.00194   	0.00328   	0.00900   	1.39161   	 (0.00000   )
32	0.00105   	0.00380   	0.00855   	1.38542   	 (-0.00000  )
33	-0.01498  	0.00420   	0.00075   	1.95925   	 (-0.00000  )
34	-0.00582  	-0.01952  	-0.03094  	1.31174   	 (0.00000   )
35	-0.20528  	0.13111   	0.21408   	1.38831   	 (-0.00000  )
36	0.02214   	0.07856   	0.00438   	1.38950   	 (0.00000   )
37	0.15645   	-0.16929  	-0.17556  	1.39135   	 (0.00000   )
38	0.05592   	-0.04032  	0.03286   	1.36879   	 (0.00000   )
39	-0.00851  	-0.05062  	-0.01795  	1.36938   	 (-0.00000  )
40	-0.00502  	0.03358   	-0.00605  	1.36506   	 (0.00000   )
41	-0.00914  	0.00560   	-0.02096  	1.84267   	 (-0.00000  )
42	0.01719   	0.03790   	-0.01608  	1.83927   	 (-0.00000  )
43	0.02351   	-0.07915  	0.02818   	1.36132   	 (-0.00000  )
44	0.05308   	0.02420   	-0.02194  	1.36112   	 (-0.00000  )
45	-0.08125  	0.05803   	-0.00656  	1.36063   	 (0.00000   )
46	-0.06976  	0.03330   	0.03978   	1.31105   	 (0.00000   )
47	0.05140   	0.04711   	-0.00200  	1.31120   	 (0.00000   )
48	0.03285   	-0.07600  	-0.01998  	1.31166   	 (-0.00000  )
49	0.02023   	-0.07388  	-0.01337  	1.41166   	 (-0.00000  )
50	0.03816   	0.06747   	0.02425   	1.41187   	 (0.00000   )
51	-0.06367  	-0.00224  	-0.01509  	1.41125   	 (-0.00000  )
52	0.00130   	-0.01450  	-0.00221  	1.95392   	 (0.00000   )
53	-0.26461  	-0.07575  	-0.14336  	1.73643   	 (0.00000   )
54	0.23504   	0.17845   	0.07610   	1.73852   	 (-0.00000  )
55	0.01221   	-0.09669  	0.06266   	1.73973   	 (-0.00000  )
56	0.00318   	-0.00764  	-0.00042  	1.36331   	 (0.00000   )
57	0.01072   	-0.00020  	0.00591   	1.36343   	 (0.00000   )
58	0.15675   	0.02547   	0.05424   	1.67796   	 (-0.00000  )
59	-0.03485  	0.19991   	-0.31359  	1.67598   	 (-0.00000  )
60	-0.12757  	-0.22409  	0.25649   	1.67689   	 (-0.00000  )
61	0.01788   	-0.00873  	-0.01622  	1.29826   	 (0.00000   )
62	0.04865   	-0.04782  	0.00971   	1.46426   	 (0.00000   )
63	-0.00692  	0.00373   	0.00581   	1.46385   	 (-0.00000  )
64	-0.06114  	0.04634   	-0.01436  	1.45957   	 (-0.00000  )
65	0.18319   	0.11037   	0.32299   	1.49475   	 (0.00000   )
66	-0.08670  	-0.29952  	-0.17675  	1.49132   	 (0.00000   )
67	-0.11068  	0.18745   	-0.09767  	1.48485   	 (-0.00000  )
68	0.08510   	-0.01662  	0.07188   	1.40754   	 (-0.00000  )
69	0.02891   	-0.04696  	-0.05919  	1.40373   	 (0.00000   )
70	-0.08677  	0.05314   	-0.03994  	1.40544   	 (0.00000   )
71	0.00524   	-0.00046  	-0.00211  	1.27065   	 (0.00000   )
72	0.00382   	0.01288   	-0.00175  	1.30374   	 (-0.00000  )
73	-0.00676  	0.00517   	-0.00181  	1.30385   	 (0.00000   )
74	0.00438   	-0.07889  	0.02490   	1.39506   	 (0.00000   )
75	0.02285   	0.00497   	-0.02621  	1.39645   	 (-0.00000  )
76	-0.01559  	0.06374   	0.00173   	1.39895   	 (0.00000   )
77	0.00548   	0.09034   	-0.06315  	1.56795   	 (-0.00000  )
78	-0.17252  	-0.00424  	0.07328   	1.56463   	 (0.00000   )
79	0.15094   	-0.07312  	-0.00684  	1.55777   	 (-0.00000  )
80	0.01755   	-0.07482  	-0.00117  	1.37580   	 (-0.00000  )
81	0.09757   	0.08967   	0.02341   	1.37822   	 (0.00000   )
82	-0.11856  	-0.02238  	-0.01205  	1.37847   	 (0.00000   )
83	-0.00077  	0.01012   	-0.00106  	1.78373   	 (-0.00000  )
84	-0.01012  	0.00315   	-0.01054  	1.78458   	 (-0.00000  )
85	0.02986   	0.00624   	-0.02771  	1.41392   	 (0.00000   )
86	0.00309   	-0.01200  	-0.00377  	1.41395   	 (0.00000   )
87	-0.02092  	0.00283   	0.03305   	1.41448   	 (-0.00000  )
88	-0.10270  	0.07823   	-0.03918  	1.95010   	 (-0.00000  )
89	0.13828   	-0.24983  	0.09437   	1.37528   	 (0.00000   )
90	0.15388   	-0.07281  	-0.03524  	1.38106   	 (-0.00000  )
91	-0.18530  	0.21610   	-0.02254  	1.37588   	 (0.00000   )
92	-0.00533  	0.00425   	0.00232   	1.91243   	 (-0.00000  )
93	-0.15363  	0.09875   	0.08495   	1.50446   	 (-0.00000  )
94	0.17189   	0.09458   	-0.02751  	1.50491   	 (0.00000   )
95	-0.06534  	-0.13188  	-0.04661  	1.50852   	 (0.00000   )
96	0.00767   	-0.04608  	-0.02602  	1.73896   	 (-0.00000  )
97	0.04907   	0.00299   	-0.00440  	1.73719   	 (-0.00000  )
98	0.03840   	-0.13158  	-0.02426  	1.40515   	 (-0.00000  )
99	0.09184   	0.13946   	0.02953   	1.39918   	 (0.00000   )
100	-0.13593  	-0.00415  	0.00144   	1.40179   	 (0.00000   )
101	0.11840   	-0.15288  	-0.02040  	1.43432   	 (0.00000   )
102	0.11535   	-0.09559  	0.01820   	1.42599   	 (0.00000   )
103	-0.14554  	0.16313   	0.04075   	1.42067   	 (-0.00000  )
104	0.07409   	0.12094   	-0.00159  	1.41626   	 (0.00000   )
105	-0.13892  	0.09470   	0.07013   	1.40065   	 (0.00000   )
106	-0.05583  	-0.08854  	-0.15221  	1.40849   	 (-0.00000  )
107	-0.02016  	-0.03020  	0.02717   	1.49554   	 (0.00000   )
108	-0.02711  	0.00461   	0.02833   	1.46322   	 (-0.00000  )
109	0.01274   	-0.00053  	0.01945   	1.26993   	 (0.00000   )
110	-0.33949  	0.13493   	0.33005   	1.66622   	 (-0.00000  )
111	0.19884   	0.10821   	0.08446   	1.66942   	 (0.00000   )
112	0.20115   	-0.25091  	-0.42917  	1.67276   	 (-0.00000  )
113	0.08735   	0.10689   	0.03595   	1.55165   	 (-0.00000  )
114	-0.10006  	0.03023   	-0.09201  	1.54773   	 (-0.00000  )
115	0.01199   	-0.25500  	0.00847   	1.60986   	 (0.00000   )
116	-0.00317  	0.03696   	0.01402   	1.87655   	 (-0.00000  )
117	-0.05653  	0.05773   	-0.00562  	1.82900   	 (-0.00000  )
118	0.01390   	0.06028   	0.02893   	1.86459   	 (-0.00000  )
119	0.04947   	0.11163   	0.03700   	1.37513   	 (-0.00000  )
120	-0.18432  	-0.03696  	0.01061   	1.36742   	 (0.00000   )
121	0.14370   	-0.11684  	-0.03417  	1.37646   	 (0.00000   )
122	0.15098   	-0.10627  	-0.06941  	1.67590   	 (-0.00000  )
123	-0.09785  	0.10597   	0.04141   	1.65422   	 (-0.00000  )
124	-0.16458  	0.04966   	0.07260   	1.65891   	 (0.00000   )
125	-0.20308  	-0.06434  	0.00014   	1.44074   	 (0.00000   )
126	-0.07380  	0.09259   	0.14168   	1.43826   	 (0.00000   )
127	0.22261   	-0.08514  	-0.08687  	1.41431   	 (0.00000   )
128	-0.09130  	-0.02354  	-0.02473  	1.37890   	 (-0.00000  )
129	0.02399   	0.02275   	-0.03259  	1.37723   	 (0.00000   )
130	0.00639   	-0.05938  	-0.05572  	1.45273   	 (0.00000   )
131	0.26973   	0.11969   	-0.00631  	1.49599   	 (0.00000   )
132	0.00963   	-0.01922  	-0.00097  	1.34418   	 (0.00000   )
133	-0.00431  	0.02588   	0.01157   	1.43692   	 (0.00000   )
134	0.07023   	-0.00317  	0.01962   	1.43260   	 (0.00000   )
135	-0.05564  	0.02247   	-0.01454  	1.41193   	 (0.00000   )
136	-0.02908  	-0.04242  	-0.02218  	1.39888   	 (0.00000   )
137	-0.03814  	-0.02100  	-0.02924  	1.82005   	 (-0.00000  )
138	0.06725   	0.07064   	0.07310   	1.77477   	 (-0.00000  )
139	0.02137   	-0.07128  	0.00110   	1.73257   	 (-0.00000  )
140	0.04816   	0.02855   	0.00731   	1.38719   	 (-0.00000  )
141	-0.11932  	-0.01635  	-0.04995  	1.38500   	 (-0.00000  )
142	-0.00267  	0.00455   	0.00556   	1.37561   	 (-0.00000  )
143	-0.11216  	0.06685   	0.10686   	1.27186   	 (0.00000   )
144	0.07389   	0.06162   	-0.01423  	1.27650   	 (0.00000   )
145	0.06286   	-0.15928  	-0.09125  	1.27768   	 (0.00000   )
146	0.00455   	0.03541   	0.05066   	1.25535   	 (0.00000   )
147	-0.03168  	-0.02756  	-0.03624  	1.25678   	 (0.00000   )
148	0.06004   	-0.05669  	-0.00998  	1.26209   	 (0.00000   )
149	-0.00413  	0.02701   	0.01090   	1.55953   	 (-0.00000  )
150	-0.02027  	0.03709   	-0.01305  	1.57703   	 (0.00000   )
151	-0.03217  	-0.16598  	0.02968   	1.83869   	 (-0.00000  )
152	0.00541   	0.04454   	0.00634   	1.85054   	 (0.00000   )
153	0.19864   	0.04981   	-0.02502  	1.83703   	 (-0.00000  )
154	-0.19975  	0.04513   	0.02386   	1.79627   	 (-0.00000  )
155	-0.00264  	0.01884   	-0.00057  	1.58181   	 (0.00000   )
156	0.15104   	-0.04138  	-0.13030  	1.39066   	 (0.00000   )
157	0.02603   	-0.04024  	-0.03002  	1.39774   	 (-0.00000  )
158	-0.14533  	0.06662   	0.13260   	1.40208   	 (0.00000   )
159	0.02415   	0.10303   	-0.03826  	1.44129   	 (0.00000   )
160	-0.17297  	-0.03052  	0.03603   	1.44867   	 (0.00000   )
161	0.16177   	-0.09955  	-0.00543  	1.45826   	 (0.00000   )
162	0.00006   	0.00530   	-0.01431  	1.88273   	 (-0.00000  )
163	-0.00427  	0.00092   	0.00174   	1.88115   	 (-0.00000  )
164	0.06469   	-0.01779  	-0.02731  	1.44912   	 (0.00000   )
165	-0.04267  	-0.04817  	0.00735   	1.44914   	 (-0.00000  )
166	-0.01897  	0.07835   	0.04036   	1.44993   	 (0.00000   )
167	0.00766   	0.06319   	0.06765   	1.30902   	 (-0.00000  )
168	-0.05957  	-0.00087  	-0.01389  	1.30926   	 (0.00000   )
169	0.04954   	-0.07160  	-0.05860  	1.31144   	 (0.00000   )
170	0.00086   	-0.01512  	0.00141   	1.38309   	 (0.00000   )
171	0.00560   	0.00286   	0.01087   	1.38566   	 (0.00000   )
172	-0.00511  	0.01031   	0.00066   	1.43866   	 (0.00000   )
173	-0.00670  	-0.00108  	0.00543   	1.42760   	 (0.00000   )
174	0.01430   	0.00262   	-0.01587  	1.41694   	 (-0.00000  )
175	-0.00763  	0.00113   	0.01019   	1.40109   	 (0.00000   )
176	-0.01571  	-0.05977  	0.01588   	1.47477   	 (-0.00000  )
177	-0.07232  	0.00803   	-0.02234  	1.49085   	 (-0.00000  )
178	0.09702   	0.02202   	-0.00602  	1.53825   	 (0.00000   )
179	0.02683   	-0.09604  	-0.00359  	1.54558   	 (-0.00000  )
180	-0.04480  	0.02214   	-0.00420  	1.48840   	 (0.00000   )
181	-0.03164  	0.10216   	-0.00200  	1.47542   	 (-0.00000  )
182	-0.00842  	0.03040   	0.04659   	1.39727   	 (-0.00000  )
183	-0.07562  	-0.02844  	-0.02033  	1.42672   	 (0.00000   )
184	-0.04704  	-0.04744  	-0.08694  	1.63925   	 (-0.00000  )
185	0.12918   	0.00381   	0.06143   	1.63463   	 (0.00000   )
186	0.09390   	-0.04875  	0.01715   	1.60728   	 (-0.00000  )
187	-0.05157  	-0.06517  	-0.00455  	1.48416   	 (-0.00000  )
188	-0.01411  	0.04544   	-0.01894  	1.52344   	 (0.00000   )
189	-0.01106  	0.05970   	0.01625   	1.50859   	 (-0.00000  )
190	-0.02861  	0.08251   	-0.02031  	1.50742   	 (0.00000   )
191	0.04148   	0.00750   	-0.01803  	1.43753   	 (-0.00000  )
192	-0.12575  	-0.09637  	0.04375   	1.50739   	 (0.00000   )
193	0.09675   	-0.06593  	-0.05164  	1.49633   	 (0.00000   )
194	0.12482   	0.07665   	-0.03561  	1.47387   	 (-0.00000  )
195	-0.03562  	0.00765   	0.00992   	1.36576   	 (-0.00000  )
196	-0.07627  	-0.01286  	0.00049   	1.39839   	 (-0.00000  )
197	0.06185   	0.05992   	0.02429   	1.45070   	 (-0.00000  )
198	0.12832   	-0.04871  	-0.10286  	1.44598   	 (-0.00000  )
199	-0.04718  	-0.02876  	0.05371   	1.46590   	 (0.00000   )
200	-0.15889  	-0.17525  	-0.16729  	1.67955   	 (-0.00000  )
201	-0.00995  	0.23677   	0.25758   	1.67778   	 (-0.00000  )
202	0.12287   	0.03186   	-0.09711  	1.67805   	 (0.00000   )
203	-0.12570  	0.06334   	0.13998   	1.46905   	 (-0.00000  )
204	-0.00336  	0.01807   	0.02302   	1.34864   	 (0.00000   )
205	-0.08472  	0.17435   	0.01641   	1.49500   	 (-0.00000  )
206	-0.06562  	-0.21869  	0.12940   	1.61617   	 (0.00000   )
207	0.07424   	0.13526   	-0.04298  	1.66749   	 (-0.00000  )
208	0.10997   	-0.18271  	-0.12082  	1.62206   	 (0.00000   )
209	0.03405   	-0.07197  	-0.00081  	1.34277   	 (0.00000   )
210	-0.01595  	0.00012   	0.02995   	1.36888   	 (0.00000   )
211	0.00641   	-0.00289  	-0.03430  	1.39655   	 (-0.00000  )
212	0.07730   	-0.03167  	-0.05489  	1.57920   	 (0.00000   )
213	-0.04466  	0.01430   	0.00976   	1.35858   	 (-0.00000  )
214	-0.00957  	0.07357   	0.00169   	1.36400   	 (0.00000   )
215	-0.05608  	-0.04934  	-0.08706  	1.38735   	 (-0.00000  )
216	-0.00798  	0.09291   	0.04349   	1.38778   	 (-0.00000  )
217	0.04796   	-0.03085  	0.00749   	1.39202   	 (0.00000   )
218	0.00215   	0.00420   	-0.00174  	1.51854   	 (0.00000   )
219	-0.06677  	-0.05612  	-0.07708  	1.43075   	 (0.00000   )
220	0.05964   	0.04333   	0.06215   	1.43422   	 (0.00000   )
221	-0.02486  	0.04361   	0.03831   	1.47944   	 (0.00000   )
222	0.02085   	-0.03077  	-0.08823  	1.49972   	 (-0.00000  )
223	0.14812   	-0.12809  	-0.02999  	1.55888   	 (-0.00000  )
224	0.07619   	0.07291   	0.01784   	1.68485   	 (0.00000   )
225	-0.10915  	-0.10364  	-0.02602  	1.65652   	 (-0.00000  )
226	-0.10585  	0.06176   	0.05226   	1.62452   	 (-0.00000  )
227	0.11796   	0.26911   	0.00227   	1.55185   	 (0.00000   )
228	-0.01141  	-0.16747  	-0.18090  	1.54123   	 (-0.00000  )
229	-0.09121  	-0.14415  	0.19565   	1.55992   	 (-0.00000  )
230	-0.01272  	0.04168   	-0.08081  	1.48715   	 (0.00000   )
231	-0.11110  	-0.03995  	-0.06396  	1.54127   	 (-0.00000  )
232	-0.04560  	0.07050   	-0.08524  	1.49471   	 (0.00000   )
233	0.06657   	0.02686   	0.13266   	1.62321   	 (-0.00000  )
234	0.02848   	0.03181   	-0.04029  	1.52503   	 (-0.00000  )
235	-0.10019  	0.07451   	0.05778   	1.54474   	 (-0.00000  )
236	0.10389   	-0.08675  	0.04044   	1.61549   	 (-0.00000  )
237	0.14389   	-0.04192  	0.07254   	1.51102   	 (-0.00000  )
238	-0.05893  	-0.03038  	0.26713   	1.46631   	 (-0.00000  )
239	-0.00840  	0.05247   	-0.20303  	1.44169   	 (-0.00000  )
240	-0.03378  	0.01716   	0.03909   	1.55725   	 (0.00000   )
241	-0.13207  	0.04976   	0.14411   	1.47690   	 (0.00000   )
242	-0.02805  	0.00098   	-0.01667  	1.52579   	 (-0.00000  )
243	-0.04108  	-0.04214  	-0.06022  	1.48285   	 (0.00000   )
244	-0.03402  	0.10067   	0.07589   	1.50333   	 (0.00000   )
245	0.11104   	-0.05217  	-0.12293  	1.49364   	 (-0.00000  )
246	0.00517   	-0.11977  	-0.01268  	1.54855   	 (0.00000   )
247	-0.01053  	0.04527   	-0.00458  	1.54693   	 (0.00000   )
248	0.02908   	-0.01666  	-0.02302  	1.54822   	 (-0.00000  )
249	-0.23919  	0.12649   	0.08250   	1.56196   	 (0.00000   )
250	0.24542   	-0.10169  	-0.09417  	1.51771   	 (-0.00000  )
251	0.05283   	0.16863   	0.08743   	1.62366   	 (0.00000   )
252	-0.20508  	-0.12201  	0.03138   	1.61125   	 (0.00000   )
253	0.07566   	0.11932   	-0.09914  	1.59549   	 (-0.00000  )
254	0.16238   	-0.01125  	-0.16088  	1.40195   	 (0.00000   )
255	-0.04020  	0.09145   	-0.01835  	1.46269   	 (-0.00000  )
256	-0.00444  	-0.00165  	0.00178   	1.31109   	 (-0.00000  )
257	-0.04001  	-0.09499  	0.16592   	1.48718   	 (0.00000   )
258	-0.03627  	-0.04037  	-0.02045  	1.48172   	 (0.00000   )
259	0.06287   	-0.04706  	-0.06334  	1.44776   	 (-0.00000  )
260	-0.06124  	-0.14784  	-0.01993  	1.50830   	 (0.00000   )
261	0.08072   	0.12815   	0.12500   	1.55298   	 (-0.00000  )
262	-0.05247  	-0.00099  	0.12172   	1.50819   	 (0.00000   )
263	0.03527   	-0.08216  	-0.22437  	1.46276   	 (0.00000   )
264	0.03634   	-0.07537  	0.02926   	1.41163   	 (0.00000   )
265	0.01279   	0.01348   	-0.08796  	1.39823   	 (-0.00000  )
266	0.06168   	-0.05308  	-0.03517  	1.42691   	 (-0.00000  )
267	0.06618   	0.06979   	0.11009   	1.44478   	 (-0.00000  )
268	-0.00263  	0.14800   	-0.00369  	1.43275   	 (0.00000   )
269	-0.14276  	0.04580   	-0.01901  	1.44477   	 (-0.00000  )
270	0.07611   	-0.04044  	0.02153   	1.43971   	 (-0.00000  )
271	0.01067   	-0.09082  	0.09889   	1.44083   	 (-0.00000  )
272	0.08881   	0.04180   	-0.07057  	1.46528   	 (-0.00000  )
273	-0.12692  	0.00215   	-0.11361  	1.45154   	 (0.00000   )
274	-0.00338  	-0.02632  	0.13007   	1.47663   	 (-0.00000  )
275	-0.00114  	0.00237   	0.00037   	1.43945   	 (-0.00000  )
276	-0.00051  	-0.05022  	0.02966   	1.32540   	 (0.00000   )
277	0.07670   	-0.03209  	-0.02347  	1.33888   	 (-0.00000  )
278	-0.09175  	0.04012   	-0.01796  	1.33521   	 (0.00000   )
279	0.04401   	0.01181   	-0.00532  	1.54115   	 (-0.00000  )
280	0.00344   	0.02118   	-0.01104  	1.54465   	 (-0.00000  )
281	-0.02924  	0.01429   	0.02186   	1.58315   	 (-0.00000  )
282	0.00335   	0.26981   	0.11235   	1.65377   	 (0.00000   )
283	-0.06242  	-0.06513  	-0.17765  	1.66451   	 (-0.00000  )
284	0.09541   	-0.10751  	0.08794   	1.66249   	 (0.00000   )
285	-0.02278  	0.02028   	0.02172   	1.52828   	 (-0.00000  )
286	-0.03558  	-0.01541  	-0.04219  	1.52462   	 (-0.00000  )
287	0.01430   	0.12846   	-0.10260  	1.84138   	 (-0.00000  )
288	0.02099   	-0.08179  	-0.01466  	1.84870   	 (0.00000   )
289	-0.00250  	-0.01363  	0.00296   	1.43679   	 (0.00000   )
290	0.02607   	-0.02516  	-0.00835  	1.43488   	 (0.00000   )
291	-0.07194  	-0.04771  	0.12591   	1.83462   	 (-0.00000  )
292	0.02400   	0.07484   	-0.05856  	1.51761   	 (0.00000   )
293	-0.21047  	0.08127   	0.00819   	1.51958   	 (0.00000   )
294	0.22092   	-0.15414  	0.07398   	1.51490   	 (0.00000   )
295	-0.03898  	-0.02465  	0.00078   	1.30562   	 (-0.00000  )
296	0.06365   	0.01321   	0.01070   	1.30928   	 (-0.00000  )
297	-0.03473  	-0.09653  	-0.01928  	1.32346   	 (-0.00000  )
298	-0.03026  	0.01717   	-0.00260  	1.48832   	 (0.00000   )
299	-0.00514  	0.07358   	-0.00709  	1.49917   	 (-0.00000  )
300	-0.00024  	0.00205   	0.00072   	1.45739   	 (-0.00000  )
301	0.06340   	-0.03288  	-0.05607  	1.33328   	 (0.00000   )
302	0.02622   	-0.00008  	-0.01045  	1.33673   	 (0.00000   )
303	-0.11224  	0.04390   	0.08435   	1.35027   	 (0.00000   )
304	0.00624   	0.16100   	0.06101   	1.58050   	 (-0.00000  )
305	-0.06330  	-0.05125  	-0.12373  	1.57824   	 (0.00000   )
306	0.02651   	-0.10088  	0.06554   	1.57782   	 (-0.00000  )
307	-0.02448  	0.01261   	0.02634   	1.52882   	 (-0.00000  )
308	-0.04751  	0.02101   	-0.00675  	1.60255   	 (0.00000   )
309	0.02328   	-0.01003  	0.00357   	1.60238   	 (-0.00000  )
310	0.08353   	-0.02603  	-0.02363  	1.60415   	 (-0.00000  )
311	-0.25704  	0.26423   	0.27622   	1.54392   	 (-0.00000  )
312	0.13136   	-0.27794  	-0.15672  	1.45069   	 (0.00000   )
313	-0.01406  	0.05129   	0.02099   	1.45190   	 (0.00000   )
314	0.00604   	0.04059   	0.01120   	1.53582   	 (-0.00000  )
315	0.19322   	-0.16722  	-0.17174  	1.59926   	 (-0.00000  )
316	0.00337   	-0.01058  	0.00040   	1.52973   	 (-0.00000  )
317	-0.05445  	-0.17993  	0.03645   	1.55752   	 (-0.00000  )
318	0.07631   	0.09104   	-0.14082  	1.53162   	 (0.00000   )
319	-0.02337  	-0.31270  	0.01235   	1.57742   	 (-0.00000  )
320	0.01870   	0.14236   	-0.03186  	1.61208   	 (-0.00000  )
321	-0.00010  	0.29303   	0.07399   	1.44922   	 (-0.00000  )
322	-0.00795  	-0.01476  	-0.00747  	1.35194   	 (0.00000   )
323	-0.06476  	0.05111   	-0.01611  	1.78584   	 (0.00000   )
324	0.00402   	0.00957   	-0.01919  	1.53557   	 (0.00000   )
325	0.07109   	0.02912   	-0.01751  	1.55213   	 (-0.00000  )
326	-0.08156  	-0.00284  	0.04017   	1.57578   	 (-0.00000  )
327	-0.01144  	-0.05840  	-0.02453  	1.46053   	 (-0.00000  )
328	-0.19744  	0.23048   	0.05790   	1.51949   	 (-0.00000  )
329	0.09464   	0.09233   	-0.24554  	1.51041   	 (-0.00000  )
330	0.13939   	-0.31735  	0.18976   	1.50860   	 (-0.00000  )
331	-0.03571  	-0.00711  	-0.00120  	1.39609   	 (-0.00000  )
332	0.01897   	-0.01559  	-0.00010  	1.45364   	 (-0.00000  )
333	0.02379   	-0.06928  	0.04366   	1.49050   	 (0.00000   )
334	-0.00161  	-0.02733  	-0.00693  	1.45642   	 (-0.00000  )
335	-0.16504  	0.13311   	0.04505   	1.42925   	 (-0.00000  )
336	0.13176   	-0.04029  	-0.02090  	1.46616   	 (-0.00000  )
337	-0.13734  	0.06806   	-0.12267  	1.44069   	 (-0.00000  )
338	0.05156   	-0.26391  	-0.03556  	1.45087   	 (0.00000   )
339	0.11808   	0.19391   	0.18363   	1.48999   	 (-0.00000  )
340	-0.03197  	-0.11847  	-0.07739  	1.51844   	 (0.00000   )
341	-0.33104  	0.23418   	0.31511   	1.59066   	 (0.00000   )
342	0.26847   	-0.19869  	-0.25837  	1.59018   	 (-0.00000  )
343	0.06587   	-0.01456  	-0.09431  	1.58958   	 (-0.00000  )
344	0.05707   	-0.00108  	-0.06150  	1.58639   	 (-0.00000  )
345	-0.03264  	0.00717   	0.04494   	1.38564   	 (0.00000   )
346	0.02855   	0.13501   	-0.03410  	1.50130   	 (-0.00000  )
347	0.00486   	0.06772   	0.00426   	1.39696   	 (-0.00000  )
348	-0.07747  	-0.04188  	0.02967   	1.61618   	 (-0.00000  )
349	-0.02969  	-0.06452  	-0.08493  	1.64348   	 (-0.00000  )
350	-0.05529  	-0.05393  	0.06281   	1.58073   	 (-0.00000  )
351	-0.08249  	0.12646   	0.06530   	1.59193   	 (-0.00000  )
352	-0.04475  	-0.04488  	0.01779   	1.56577   	 (0.00000   )
353	0.03860   	-0.06200  	0.00420   	1.61905   	 (0.00000   )
354	0.06337   	-0.04233  	-0.02617  	1.47914   	 (-0.00000  )
355	-0.06223  	0.04119   	0.14196   	1.47996   	 (-0.00000  )
356	0.02779   	0.03118   	-0.03045  	1.49022   	 (0.00000   )
357	0.00542   	0.05102   	0.00025   	1.42393   	 (0.00000   )
358	0.06918   	-0.04467  	0.05667   	1.43908   	 (0.00000   )
359	0.07266   	-0.10268  	-0.01640  	1.44726   	 (0.00000   )
360	0.00951   	-0.01827  	-0.05011  	1.47545   	 (0.00000   )
361	0.00416   	0.05745   	-0.08910  	1.47896   	 (0.00000   )
362	-0.05767  	0.06453   	0.02932   	1.50009   	 (-0.00000  )
363	-0.00881  	-0.01214  	-0.02945  	1.47382   	 (-0.00000  )
364	-0.07420  	-0.04615  	0.01781   	1.48289   	 (0.00000   )
365	0.00017   	0.02319   	-0.04083  	1.46525   	 (0.00000   )
366	-0.09344  	0.02190   	-0.02649  	1.47115   	 (0.00000   )
367	-0.01066  	-0.00414  	0.00299   	1.35329   	 (0.00000   )
368	0.02967   	0.01971   	0.02029   	1.37413   	 (-0.00000  )
369	0.04169   	-0.01256  	0.04036   	1.49291   	 (0.00000   )
370	0.22170   	0.03180   	0.20612   	1.47892   	 (0.00000   )
371	-0.05317  	-0.02729  	0.05234   	1.41354   	 (-0.00000  )
372	0.09526   	-0.03866  	-0.17615  	1.46044   	 (0.00000   )
373	-0.00541  	-0.07940  	0.14177   	1.43759   	 (-0.00000  )
374	-0.07527  	0.11254   	-0.21902  	1.43161   	 (0.00000   )
375	0.04138   	0.04422   	-0.03447  	1.39312   	 (0.00000   )
376	0.12665   	-0.05292  	0.08537   	1.39926   	 (0.00000   )
377	-0.14059  	-0.00184  	-0.00324  	1.41675   	 (0.00000   )
378	-0.27638  	0.11045   	0.03807   	1.73819   	 (-0.00000  )
379	-0.01941  	0.00286   	0.07590   	1.78149   	 (-0.00000  )
380	0.10592   	-0.08679  	-0.03220  	1.79376   	 (-0.00000  )
381	-0.00163  	0.00715   	-0.03582  	1.75988   	 (-0.00000  )
382	0.00591   	-0.06665  	-0.06855  	1.57554   	 (-0.00000  )
383	0.06996   	0.11700   	-0.11539  	1.60401   	 (-0.00000  )
384	0.13296   	-0.00987  	0.05023   	1.47456   	 (0.00000   )
385	-0.11532  	-0.12443  	0.06180   	1.45656   	 (0.00000   )
386	0.01469   	-0.03660  	-0.01936  	1.70339   	 (-0.00000  )
387	0.01138   	0.00523   	-0.00593  	1.45639   	 (-0.00000  )
388	0.02300   	-0.03636  	-0.02879  	1.46214   	 (0.00000   )
389	0.00554   	-0.02199  	-0.01590  	1.51879   	 (-0.00000  )
390	0.03452   	0.03483   	0.03316   	1.51435   	 (0.00000   )
391	-0.04427  	0.00415   	-0.01032  	1.49672   	 (0.00000   )
392	0.01296   	0.05216   	-0.01113  	1.47550   	 (0.00000   )
393	0.02068   	-0.02939  	-0.00203  	1.49314   	 (-0.00000  )
394	-0.01581  	-0.03977  	-0.01592  	1.49359   	 (-0.00000  )
395	0.03126   	0.00927   	0.02422   	1.48281   	 (0.00000   )
396	-0.00946  	0.02648   	0.00402   	1.31726   	 (0.00000   )
397	-0.00476  	0.03447   	0.00533   	1.29538   	 (-0.00000  )
398	-0.00429  	-0.01755  	0.01878   	1.34017   	 (0.00000   )
399	0.00692   	-0.02916  	0.01995   	1.29912   	 (-0.00000  )
400	0.02327   	-0.01307  	-0.02978  	1.31774   	 (0.00000   )
401	-0.01535  	0.02284   	0.00253   	1.31485   	 (0.00000   )
402	-0.01815  	0.00249   	0.00005   	1.70530   	 (-0.00000  )
403	0.00646   	0.01251   	0.00713   	1.69870   	 (-0.00000  )
404	-0.00977  	-0.00574  	-0.00067  	1.49866   	 (-0.00000  )
405	-0.07093  	0.00899   	-0.02364  	1.49968   	 (0.00000   )
406	0.04758   	-0.01164  	-0.01979  	1.48759   	 (0.00000   )
407	0.01891   	-0.06518  	-0.02135  	1.44658   	 (0.00000   )
408	0.03455   	0.00241   	0.00022   	1.47971   	 (-0.00000  )
409	0.01815   	0.05691   	0.02708   	1.45081   	 (-0.00000  )
410	0.02763   	-0.01671  	0.02163   	1.39993   	 (0.00000   )
411	0.04638   	-0.01122  	0.00633   	1.45257   	 (0.00000   )
412	-0.03286  	0.00061   	0.04777   	1.46939   	 (-0.00000  )
413	-0.03384  	-0.17645  	-0.08721  	1.51424   	 (-0.00000  )
414	0.05736   	-0.10127  	-0.01496  	1.52301   	 (0.00000   )
415	0.06686   	0.06511   	-0.04860  	1.59456   	 (-0.00000  )
416	0.05031   	0.02900   	-0.04051  	1.57467   	 (0.00000   )
417	-0.07773  	0.15132   	-0.02852  	1.57922   	 (-0.00000  )
418	-0.03493  	0.10508   	0.17393   	1.62857   	 (-0.00000  )
419	-0.08690  	-0.08044  	0.00305   	1.63829   	 (-0.00000  )
420	-0.01729  	-0.00363  	0.03132   	1.49248   	 (-0.00000  )
421	0.01623   	0.00050   	-0.01115  	1.59195   	 (-0.00000  )
422	-0.01424  	-0.00504  	0.05182   	1.61861   	 (0.00000   )
423	-0.06983  	0.03958   	0.03905   	1.63565   	 (-0.00000  )
424	-0.01045  	0.03543   	-0.05096  	1.49038   	 (0.00000   )
425	0.04147   	-0.04333  	-0.01363  	1.44534   	 (0.00000   )
426	-0.06582  	-0.03927  	0.03346   	1.45359   	 (-0.00000  )
427	-0.06240  	0.04816   	-0.02934  	1.44937   	 (-0.00000  )
428	-0.04184  	-0.07485  	-0.07423  	1.44830   	 (0.00000   )
429	0.16295   	0.03545   	0.05264   	1.44243   	 (0.00000   )
430	0.09369   	-0.09711  	-0.12183  	1.52861   	 (-0.00000  )
431	0.06240   	0.07671   	0.03214   	1.52555   	 (0.00000   )
432	-0.18349  	0.03207   	0.08109   	1.52998   	 (-0.00000  )
433	-0.00832  	-0.03111  	0.00270   	1.43979   	 (0.00000   )
434	-0.00481  	0.05571   	0.01240   	1.43759   	 (0.00000   )
435	-0.04463  	0.10572   	0.03117   	1.58825   	 (-0.00000  )
436	0.03768   	-0.10478  	-0.04095  	1.57998   	 (0.00000   )
437	0.10645   	-0.05342  	-0.08476  	1.59322   	 (-0.00000  )
438	-0.01231  	0.08903   	0.16854   	1.57798   	 (-0.00000  )
439	-0.04305  	-0.07844  	-0.08015  	1.47887   	 (0.00000   )
440	-0.08343  	0.04632   	-0.00733  	1.63629   	 (-0.00000  )
441	-0.03634  	-0.08756  	-0.16048  	1.57982   	 (-0.00000  )
442	0.13498   	0.09228   	-0.01935  	1.60792   	 (-0.00000  )
443	-0.01333  	0.16538   	0.07800   	1.60246   	 (0.00000   )
444	-0.11680  	0.05932   	0.14742   	1.55812   	 (0.00000   )
445	0.05187   	-0.05624  	-0.03589  	1.45930   	 (-0.00000  )
446	0.04773   	0.17660   	0.00828   	1.48560   	 (-0.00000  )
447	-0.00184  	-0.07546  	0.05734   	1.47100   	 (-0.00000  )
448	0.11180   	-0.14596  	-0.07740  	1.50696   	 (0.00000   )
449	-0.04523  	-0.18567  	-0.01870  	1.49594   	 (0.00000   )
450	0.05806   	0.03652   	-0.01715  	1.30395   	 (0.00000   )
451	0.02563   	0.01141   	-0.08541  	1.30637   	 (0.00000   )
452	0.03503   	-0.02555  	0.00683   	1.35621   	 (0.00000   )
453	-0.00316  	0.03551   	0.02668   	1.37288   	 (0.00000   )
454	0.00231   	-0.01687  	0.00712   	1.39021   	 (0.00000   )
455	0.02657   	0.01211   	-0.02111  	1.47000   	 (-0.00000  )
456	0.00308   	-0.03826  	0.00795   	1.45991   	 (-0.00000  )
457	-0.04562  	0.02537   	0.03800   	1.45342   	 (-0.00000  )
458	-0.01339  	-0.00955  	0.01037   	1.51128   	 (-0.00000  )
459	0.00727   	-0.01242  	0.03116   	1.45932   	 (-0.00000  )
460	-0.00996  	-0.03956  	-0.00420  	1.45420   	 (0.00000   )
461	0.00870   	-0.00363  	-0.01024  	1.45169   	 (-0.00000  )
462	-0.03398  	0.05692   	0.00685   	1.45826   	 (-0.00000  )
463	-0.06158  	0.01666   	-0.01959  	1.46240   	 (-0.00000  )
464	0.02403   	0.01622   	0.02832   	1.46056   	 (-0.00000  )
465	-0.02412  	-0.01545  	-0.00744  	1.45742   	 (0.00000   )
466	-0.00694  	0.01872   	-0.00776  	1.46548   	 (0.00000   )
467	0.22228   	-0.03357  	-0.09461  	1.66548   	 (-0.00000  )
468	-0.05003  	-0.24166  	-0.07992  	1.69560   	 (-0.00000  )
469	-0.05764  	-0.09469  	-0.00350  	1.70600   	 (-0.00000  )
470	-0.28495  	-0.04331  	0.14108   	1.73151   	 (-0.00000  )
471	0.19729   	0.02157   	-0.07151  	1.74870   	 (-0.00000  )
472	-0.07699  	0.10887   	0.03186   	1.70313   	 (0.00000   )
473	0.02284   	0.31212   	0.02146   	1.68961   	 (0.00000   )
474	-0.04837  	0.04319   	0.00544   	1.41217   	 (-0.00000  )
475	-0.01891  	0.01797   	0.01294   	1.40537   	 (0.00000   )
476	0.00458   	-0.03858  	0.02329   	1.40506   	 (-0.00000  )
477	-0.03125  	0.00715   	-0.01348  	1.36890   	 (-0.00000  )
478	0.02871   	-0.01858  	-0.00187  	1.35391   	 (0.00000   )
479	0.01115   	0.06662   	0.02768   	1.37742   	 (0.00000   )
480	-0.02047  	0.03395   	0.02421   	1.42239   	 (-0.00000  )
481	-0.03298  	-0.02494  	-0.02482  	1.43447   	 (-0.00000  )
482	-0.00802  	0.03514   	0.01661   	1.42622   	 (0.00000   )
483	0.00958   	-0.00152  	0.00785   	1.38598   	 (0.00000   )
484	-0.01907  	-0.00460  	-0.00158  	1.49155   	 (0.00000   )
485	0.03771   	-0.07015  	0.00480   	1.50816   	 (-0.00000  )
486	0.01206   	0.04696   	0.00923   	1.49491   	 (0.00000   )
487	-0.04937  	-0.05655  	0.01201   	1.51391   	 (-0.00000  )
488	-0.02304  	-0.04131  	-0.00361  	1.52340   	 (0.00000   )
489	0.04711   	0.06022   	0.07138   	1.48299   	 (-0.00000  )
490	-0.00320  	-0.02638  	-0.00523  	1.39260   	 (-0.00000  )
491	0.05359   	-0.05708  	0.01427   	1.39109   	 (-0.00000  )
492	-0.07156  	0.06725   	0.03343   	1.35375   	 (0.00000   )
493	0.02247   	0.09178   	0.03473   	1.42109   	 (0.00000   )
494	0.04434   	0.03618   	-0.05490  	1.36824   	 (0.00000   )
495	0.04982   	-0.06825  	-0.03782  	1.37472   	 (-0.00000  )
496	-0.02342  	0.06722   	0.02895   	1.40127   	 (0.00000   )
497	-0.07721  	-0.08388  	0.01175   	1.38991   	 (0.00000   )
498	0.03816   	-0.01538  	-0.03390  	1.48093   	 (-0.00000  )
499	0.01789   	-0.06227  	-0.02234  	1.43671   	 (0.00000   )
500	-0.03245  	0.00810   	-0.04251  	1.39311   	 (-0.00000  )
501	-0.07143  	0.09329   	-0.08091  	1.38257   	 (0.00000   )
502	-0.00177  	0.07054   	-0.05122  	1.52268   	 (0.00000   )
503	0.09933   	-0.11140  	0.04755   	1.49925   	 (0.00000   )
504	0.06559   	-0.02609  	-0.00933  	1.40304   	 (0.00000   )
505	0.01506   	-0.03111  	-0.05487  	1.44668   	 (0.00000   )
506	0.05644   	-0.10358  	0.05216   	1.50027   	 (-0.00000  )
507	-0.03933  	-0.06870  	0.00246   	1.47475   	 (0.00000   )
508	0.04789   	-0.01268  	-0.02237  	1.48896   	 (-0.00000  )
509	-0.08583  	0.00954   	0.02660   	1.55073   	 (0.00000   )
510	-0.03063  	0.05967   	0.07942   	1.52854   	 (0.00000   )
511	-0.03746  	0.03758   	0.01945   	1.54831   	 (-0.00000  )
512	-0.04301  	0.05531   	0.04398   	1.49620   	 (-0.00000  )
513	-0.06299  	0.06108   	0.04384   	1.55591   	 (0.00000   )
514	0.03609   	0.00125   	-0.05187  	1.50173   	 (-0.00000  )
515	0.06295   	0.02519   	0.10572   	1.58671   	 (0.00000   )
516	-0.02120  	0.01714   	0.01589   	1.59744   	 (0.00000   )
517	-0.00518  	0.06282   	-0.08893  	1.57861   	 (-0.00000  )
518	0.02310   	-0.09108  	-0.02386  	1.56214   	 (0.00000   )
519	0.02461   	-0.01466  	-0.02965  	1.54389   	 (-0.00000  )
520	0.05646   	-0.10427  	-0.09536  	1.49767   	 (0.00000   )
521	-0.00021  	0.00634   	-0.03472  	1.41523   	 (-0.00000  )
522	-0.01325  	0.02568   	0.09145   	1.43713   	 (0.00000   )
523	-0.01515  	0.03707   	0.00039   	1.42550   	 (0.00000   )
524	-0.00681  	0.04458   	0.01655   	1.60269   	 (-0.00000  )
525	0.00092   	0.02499   	-0.03720  	1.59883   	 (0.00000   )
526	-0.02278  	-0.00930  	0.01257   	1.47332   	 (0.00000   )
527	-0.03603  	-0.03787  	-0.02183  	1.45067   	 (0.00000   )
528	-0.02035  	0.08560   	0.01318   	1.48964   	 (-0.00000  )
529	0.04957   	0.06818   	-0.00392  	1.42124   	 (-0.00000  )
530	-0.00392  	-0.05339  	0.01165   	1.41833   	 (-0.00000  )
531	0.03704   	-0.14022  	-0.05906  	1.47055   	 (0.00000   )
532	-0.02991  	-0.10726  	0.00661   	1.64314   	 (-0.00000  )
533	0.08473   	-0.05226  	-0.01538  	1.60611   	 (0.00000   )
534	-0.07600  	0.00107   	0.01562   	1.59010   	 (-0.00000  )
535	-0.05973  	-0.01307  	0.01168   	1.46979   	 (-0.00000  )
536	0.07678   	-0.04410  	-0.05051  	1.47339   	 (0.00000   )
537	0.01921   	0.00526   	0.00086   	1.46872   	 (0.00000   )
538	-0.03672  	-0.02174  	-0.00324  	1.44360   	 (0.00000   )
539	-0.08529  	0.06506   	0.02852   	1.43866   	 (-0.00000  )
540	0.01405   	0.07848   	0.02417   	1.44112   	 (0.00000   )
541	-0.03951  	0.02694   	-0.01783  	1.43259   	 (-0.00000  )
542	-0.01020  	0.06708   	0.05905   	1.48551   	 (-0.00000  )
543	0.00049   	0.02190   	0.06485   	1.52966   	 (0.00000   )
544	-0.04424  	0.05778   	-0.03508  	1.45390   	 (-0.00000  )
545	0.00385   	0.04711   	-0.08430  	1.54900   	 (-0.00000  )
546	-0.01343  	0.06137   	0.11093   	1.53783   	 (-0.00000  )
547	-0.01349  	0.05836   	0.09089   	1.60362   	 (-0.00000  )
548	-0.01644  	0.06414   	-0.09290  	1.56795   	 (-0.00000  )
549	0.12996   	-0.20439  	-0.08401  	1.56778   	 (0.00000   )
550	-0.02137  	-0.14356  	-0.04495  	1.56317   	 (0.00000   )
551	0.11608   	0.04228   	-0.07338  	1.55837   	 (-0.00000  )
552	0.02482   	-0.12133  	0.07734   	1.54446   	 (0.00000   )
553	-0.08802  	0.06866   	0.05794   	1.52619   	 (-0.00000  )
554	-0.02135  	0.10680   	-0.02881  	1.51891   	 (-0.00000  )
555	0.04403   	0.03752   	-0.08267  	1.55212   	 (-0.00000  )
556	-0.02866  	-0.03680  	-0.05108  	1.48961   	 (-0.00000  )
557	-0.00310  	-0.02298  	0.03456   	1.53767   	 (-0.00000  )
558	-0.11769  	0.02443   	0.13093   	1.51953   	 (-0.00000  )
559	0.05860   	-0.01608  	0.01876   	1.49012   	 (-0.00000  )
560	0.20148   	0.02254   	-0.01658  	1.46619   	 (-0.00000  )
561	-0.02117  	-0.04715  	-0.00189  	1.45736   	 (-0.00000  )
562	0.02033   	-0.00741  	-0.01179  	1.45630   	 (0.00000   )
563	0.08430   	-0.01118  	0.00079   	1.48561   	 (-0.00000  )
564	-0.02482  	-0.04364  	-0.02268  	1.47565   	 (-0.00000  )
565	0.12933   	-0.03709  	0.00392   	1.46592   	 (-0.00000  )
566	-0.07360  	0.01808   	-0.00012  	1.45083   	 (-0.00000  )
567	0.11186   	0.09676   	0.10235   	1.52973   	 (0.00000   )
568	-0.00766  	0.16206   	0.01878   	1.63385   	 (-0.00000  )
569	0.00609   	0.00858   	0.01317   	1.56664   	 (-0.00000  )
570	-0.06454  	0.02028   	-0.08350  	1.59639   	 (0.00000   )
571	-0.01058  	-0.20140  	-0.02463  	1.50790   	 (0.00000   )
572	0.04296   	0.04343   	0.07392   	1.46299   	 (0.00000   )
573	-0.09606  	-0.03425  	-0.19213  	1.48487   	 (0.00000   )
574	0.03832   	-0.04216  	0.04182   	1.48934   	 (0.00000   )
575	-0.06829  	-0.13178  	0.02357   	1.48252   	 (0.00000   )
576	-0.01983  	0.01518   	0.02194   	1.45806   	 (0.00000   )
577	0.00459   	0.02731   	0.01994   	1.45744   	 (0.00000   )
578	0.00131   	-0.03752  	-0.00706  	1.44572   	 (0.00000   )
579	-0.05847  	0.01069   	-0.00473  	1.52352   	 (0.00000   )
580	0.04215   	-0.01058  	0.03396   	1.47905   	 (-0.00000  )
581	-0.03135  	-0.03618  	-0.12724  	1.50391   	 (-0.00000  )
582	0.06628   	0.07094   	0.04245   	1.52313   	 (-0.00000  )
583	-0.04034  	0.03280   	0.01704   	1.49384   	 (-0.00000  )
584	-0.02990  	0.11982   	0.03564   	1.50282   	 (-0.00000  )
585	0.00606   	-0.03859  	-0.03726  	1.48630   	 (0.00000   )
586	0.00873   	0.08597   	0.00288   	1.54816   	 (-0.00000  )
587	-0.11760  	0.00788   	0.00552   	1.55247   	 (-0.00000  )
588	0.07073   	-0.01864  	-0.01483  	1.54531   	 (0.00000   )
589	0.09057   	-0.03332  	-0.01881  	1.52529   	 (-0.00000  )
590	0.01376   	-0.04057  	-0.01663  	1.53478   	 (0.00000   )
591	-0.10765  	0.02175   	0.05845   	1.44792   	 (-0.00000  )
592	0.11114   	-0.02169  	-0.03962  	1.51942   	 (-0.00000  )
593	0.03498   	-0.02828  	-0.05118  	1.50580   	 (0.00000   )
594	0.03480   	0.03454   	0.04014   	1.50206   	 (-0.00000  )
595	0.08724   	-0.09046  	-0.02172  	1.49190   	 (0.00000   )
596	-0.02584  	-0.05922  	-0.01281  	1.49515   	 (0.00000   )
597	-0.07914  	-0.05785  	-0.00180  	1.48386   	 (0.00000   )
598	0.05584   	-0.07038  	0.06709   	1.47680   	 (-0.00000  )
599	-0.11852  	-0.07071  	0.00121   	1.48928   	 (0.00000   )
600	0.03438   	-0.01177  	-0.04637  	1.48932   	 (-0.00000  )
601	0.02449   	-0.09075  	0.01490   	1.49925   	 (0.00000   )
602	0.02227   	0.07029   	0.04563   	1.49283   	 (0.00000   )
603	-0.05495  	0.00469   	-0.05568  	1.56715   	 (-0.00000  )
604	-0.02145  	0.03336   	-0.00523  	1.55571   	 (-0.00000  )
605	0.04979   	0.03988   	0.06891   	1.58696   	 (-0.00000  )
606	-0.00496  	-0.04192  	0.01039   	1.60760   	 (0.00000   )
607	-0.06652  	0.01716   	0.02233   	1.56286   	 (-0.00000  )
608	0.02118   	0.10911   	-0.02671  	1.53420   	 (0.00000   )
609	-0.02840  	0.03584   	-0.07533  	1.46478   	 (0.00000   )
610	0.07203   	-0.05336  	0.01408   	1.47634   	 (0.00000   )
611	-0.12990  	-0.07026  	-0.01373  	1.50828   	 (-0.00000  )
612	-0.01013  	0.09903   	-0.00258  	1.52471   	 (-0.00000  )
613	-0.02531  	0.00203   	-0.05598  	1.51069   	 (-0.00000  )
614	-0.05698  	-0.07772  	-0.07051  	1.51817   	 (-0.00000  )
615	0.01877   	0.07746   	0.09882   	1.49798   	 (0.00000   )
616	-0.04990  	0.01487   	0.01948   	1.50586   	 (-0.00000  )
617	0.00425   	-0.11596  	-0.00854  	1.49014   	 (0.00000   )
618	0.11345   	-0.06478  	0.03684   	1.50786   	 (0.00000   )
619	0.06866   	-0.00954  	-0.07514  	1.47323   	 (-0.00000  )
620	0.13008   	-0.05457  	-0.01997  	1.46965   	 (0.00000   )
621	0.09942   	-0.07602  	0.00525   	1.50746   	 (0.00000   )
622	0.01639   	0.06678   	0.04704   	1.49487   	 (-0.00000  )
623	-0.05586  	0.00577   	-0.04019  	1.46418   	 (0.00000   )
624	-0.00483  	-0.03457  	-0.06256  	1.48577   	 (0.00000   )
625	0.00208   	0.04002   	0.00070   	1.49149   	 (-0.00000  )
626	-0.01092  	-0.03925  	0.06864   	1.47784   	 (0.00000   )
627	0.05377   	0.04791   	-0.02205  	1.47806   	 (-0.00000  )
628	-0.06055  	-0.04227  	0.04114   	1.47576   	 (-0.00000  )
629	-0.04393  	0.13181   	0.00387   	1.45991   	 (0.00000   )
630	-0.08217  	0.02712   	-0.00175  	1.45010   	 (-0.00000  )
631	0.05301   	0.02096   	0.05851   	1.48023   	 (0.00000   )
632	-0.04052  	0.01325   	0.02020   	1.46033   	 (-0.00000  )
633	-0.03025  	-0.01723  	0.11683   	1.49054   	 (0.00000   )
634	-0.05087  	-0.01446  	0.02779   	1.44233   	 (0.00000   )
635	0.04351   	0.01484   	0.01991   	1.40353   	 (0.00000   )
636	0.02050   	0.05680   	-0.08300  	1.47192   	 (0.00000   )
637	-0.01797  	-0.02363  	-0.05672  	1.41526   	 (0.00000   )
638	-0.02297  	0.01716   	0.01246   	1.43035   	 (0.00000   )
639	-0.04216  	-0.00687  	-0.06374  	1.43235   	 (0.00000   )
640	-0.02038  	-0.00234  	-0.05810  	1.45321   	 (-0.00000  )
641	-0.00227  	-0.03685  	0.01568   	1.42490   	 (0.00000   )
642	0.05842   	0.06684   	0.02870   	1.44501   	 (0.00000   )
643	-0.04252  	-0.02217  	-0.06341  	1.43079   	 (0.00000   )
644	-0.00981  	-0.00950  	0.03054   	1.47073   	 (-0.00000  )
645	0.01071   	0.04037   	0.04383   	1.48556   	 (0.00000   )
646	-0.03290  	-0.04034  	0.08456   	1.55819   	 (0.00000   )
647	-0.04777  	-0.00215  	0.01147   	1.51765   	 (-0.00000  )
648	-0.00312  	0.01930   	-0.03974  	1.51104   	 (0.00000   )
649	-0.01811  	-0.04969  	0.02795   	1.46744   	 (0.00000   )
650	-0.04290  	0.03034   	0.03480   	1.43328   	 (-0.00000  )
651	-0.01518  	-0.04634  	-0.03593  	1.45088   	 (0.00000   )
652	-0.02485  	0.00930   	-0.00787  	1.46524   	 (0.00000   )
653	0.05037   	0.01555   	0.02426   	1.46296   	 (0.00000   )
654	-0.07276  	-0.01077  	-0.00816  	1.49008   	 (0.00000   )
655	-0.02712  	0.03098   	-0.02352  	1.48800   	 (0.00000   )
656	-0.00125  	0.03609   	0.00974   	1.51090   	 (-0.00000  )
657	0.07601   	0.06963   	0.02033   	1.50078   	 (0.00000   )
658	-0.00606  	0.00500   	0.01170   	1.51813   	 (-0.00000  )
659	0.00244   	0.07614   	-0.07294  	1.49316   	 (-0.00000  )
660	-0.05788  	-0.02523  	0.10348   	1.54998   	 (-0.00000  )
661	0.06237   	-0.07447  	0.01779   	1.54335   	 (-0.00000  )
662	-0.05997  	-0.04680  	0.00798   	1.52556   	 (0.00000   )
663	0.11851   	0.02567   	-0.08761  	1.55950   	 (-0.00000  )
664	0.01025   	-0.04984  	0.03316   	1.51589   	 (0.00000   )
665	-0.07325  	0.11739   	0.08950   	1.56127   	 (0.00000   )
666	-0.05071  	0.00671   	0.00884   	1.53987   	 (0.00000   )
667	0.03626   	-0.00862  	0.05810   	1.51292   	 (0.00000   )
668	-0.02551  	-0.07838  	-0.10056  	1.48500   	 (-0.00000  )
669	-0.04006  	0.00549   	0.00169   	1.49273   	 (0.00000   )
670	-0.01565  	-0.03859  	0.07047   	1.46471   	 (-0.00000  )
671	-0.01629  	0.02992   	-0.01566  	1.48178   	 (-0.00000  )
672	0.00137   	-0.04357  	-0.02196  	1.43038   	 (0.00000   )
673	0.07730   	0.04206   	0.02901   	1.43153   	 (-0.00000  )
674	0.04181   	-0.00522  	-0.05604  	1.39521   	 (-0.00000  )
675	0.05467   	-0.10551  	-0.05458  	1.44073   	 (0.00000   )
676	-0.02960  	0.02284   	-0.03561  	1.50281   	 (0.00000   )
677	-0.00072  	-0.02274  	-0.03115  	1.52926   	 (-0.00000  )
678	-0.07239  	0.02177   	0.06629   	1.46027   	 (0.00000   )
679	0.12369   	-0.01674  	-0.00227  	1.47814   	 (-0.00000  )
680	0.03541   	0.10940   	-0.07056  	1.50958   	 (-0.00000  )
681	-0.00925  	0.03738   	0.04154   	1.42189   	 (0.00000   )
682	-0.01491  	-0.00171  	-0.13317  	1.49398   	 (0.00000   )
683	0.07532   	-0.04787  	-0.04667  	1.46525   	 (-0.00000  )
684	0.00198   	-0.00605  	0.00507   	1.51710   	 (-0.00000  )
685	0.01661   	-0.01935  	-0.00170  	1.43571   	 (0.00000   )
686	0.04211   	0.03224   	-0.04108  	1.41544   	 (0.00000   )
687	0.01795   	-0.03980  	0.01240   	1.39988   	 (-0.00000  )
688	-0.15187  	-0.04853  	-0.02303  	1.78230   	 (0.00000   )
689	0.21548   	-0.13942  	-0.02124  	1.78302   	 (0.00000   )
690	-0.08991  	0.20058   	0.03686   	1.75524   	 (0.00000   )
691	-0.03463  	-0.01290  	0.04500   	1.44963   	 (0.00000   )
692	0.00054   	0.01400   	0.00789   	1.48401   	 (0.00000   )
693	-0.13594  	0.04711   	0.12121   	1.49744   	 (-0.00000  )
694	-0.15760  	0.03173   	0.03229   	1.49534   	 (-0.00000  )
695	-0.08760  	0.04491   	0.00169   	1.54330   	 (-0.00000  )
696	0.04099   	0.00904   	0.05715   	1.56671   	 (-0.00000  )
697	0.16746   	-0.16813  	-0.12750  	1.58470   	 (-0.00000  )
698	-0.03559  	0.02192   	0.00289   	1.86845   	 (0.00000   )
699	-0.03002  	0.03915   	-0.00236  	1.56087   	 (0.00000   )
700	0.01550   	-0.01842  	0.00159   	1.60652   	 (-0.00000  )
701	0.01079   	-0.05314  	-0.00551  	1.60498   	 (-0.00000  )
702	0.01536   	-0.12753  	-0.01773  	1.43022   	 (-0.00000  )
703	0.09528   	-0.02986  	0.02294   	1.45446   	 (0.00000   )
704	-0.08946  	0.07367   	-0.02852  	1.43671   	 (-0.00000  )
705	-0.13979  	0.33024   	0.12890   	1.53446   	 (-0.00000  )
706	0.07627   	-0.16118  	0.04033   	1.51462   	 (-0.00000  )
707	0.07370   	-0.04344  	-0.17592  	1.52105   	 (0.00000   )
708	-0.03956  	-0.05194  	0.07863   	1.53490   	 (0.00000   )
709	0.16634   	-0.19120  	-0.04161  	1.55142   	 (0.00000   )
710	-0.14953  	0.12819   	-0.00383  	1.49916   	 (-0.00000  )
711	0.03353   	0.00544   	-0.01491  	1.52751   	 (-0.00000  )
712	0.00016   	-0.10525  	0.02324   	1.54274   	 (-0.00000  )
713	-0.00971  	0.01644   	0.01805   	1.54449   	 (-0.00000  )
714	-0.07323  	0.06374   	-0.00698  	1.56404   	 (-0.00000  )
715	-0.12032  	0.01007   	0.07075   	1.56132   	 (-0.00000  )
716	0.07493   	0.08640   	-0.06384  	1.54219   	 (0.00000   )
717	0.00252   	0.02229   	-0.00351  	1.37154   	 (-0.00000  )
718	0.02023   	-0.02424  	-0.05661  	1.53494   	 (0.00000   )
719	0.03419   	-0.07233  	-0.04453  	1.52979   	 (-0.00000  )
720	0.00296   	0.01980   	-0.14726  	1.56960   	 (-0.00000  )
721	0.05233   	-0.08527  	0.00704   	1.55332   	 (0.00000   )
722	0.03570   	0.06562   	-0.00504  	1.53577   	 (0.00000   )
723	0.06180   	0.02671   	0.04756   	1.52776   	 (0.00000   )
724	-0.08809  	-0.14891  	-0.18863  	1.58547   	 (-0.00000  )
725	-0.10274  	0.07440   	-0.00618  	1.51559   	 (0.00000   )
726	-0.06857  	0.04988   	0.02311   	1.55330   	 (-0.00000  )
727	0.01269   	-0.06677  	0.05125   	1.46425   	 (-0.00000  )
728	0.09826   	0.06623   	0.12396   	1.50718   	 (-0.00000  )
729	0.06717   	0.05338   	0.03829   	1.49913   	 (-0.00000  )
730	-0.05394  	0.04599   	0.02822   	1.47489   	 (-0.00000  )
731	0.05610   	0.01835   	0.00436   	1.39230   	 (-0.00000  )
732	0.06061   	0.02610   	0.05890   	1.45556   	 (0.00000   )
733	0.00637   	-0.11333  	-0.07575  	1.55657   	 (0.00000   )
734	0.06987   	0.07913   	-0.02074  	1.60175   	 (-0.00000  )
735	-0.05292  	0.01095   	0.00834   	1.59631   	 (-0.00000  )
736	-0.07182  	0.00357   	-0.00444  	1.56146   	 (0.00000   )
737	-0.06465  	0.17939   	0.12149   	1.58281   	 (-0.00000  )
738	-0.16773  	-0.10604  	0.11644   	1.58273   	 (-0.00000  )
739	0.06340   	-0.06474  	-0.06575  	1.56796   	 (-0.00000  )
740	0.05281   	0.07341   	-0.01611  	1.56450   	 (0.00000   )
741	-0.21672  	0.06954   	0.01718   	1.44325   	 (0.00000   )
742	0.01596   	-0.07140  	-0.02192  	1.41538   	 (0.00000   )
743	0.02465   	0.00068   	-0.00224  	1.34829   	 (0.00000   )
744	0.11236   	0.04313   	0.02275   	1.38612   	 (0.00000   )
745	-0.03458  	-0.05571  	0.03579   	1.41078   	 (-0.00000  )
746	0.08630   	0.04562   	-0.03386  	1.42420   	 (-0.00000  )
747	0.00614   	0.00875   	0.00042   	1.27472   	 (0.00000   )
748	0.05715   	-0.02516  	-0.06634  	1.32361   	 (0.00000   )
749	-0.01217  	-0.02103  	-0.05564  	1.66537   	 (-0.00000  )
750	0.05772   	-0.03790  	0.00181   	1.64297   	 (0.00000   )
751	0.04558   	-0.06977  	-0.02713  	1.65328   	 (0.00000   )
752	0.03661   	-0.00182  	-0.02502  	1.35465   	 (0.00000   )
753	-0.04333  	-0.03788  	0.00850   	1.40472   	 (-0.00000  )
754	-0.00410  	0.05606   	0.04872   	1.47556   	 (0.00000   )
755	0.05467   	0.03304   	-0.02069  	1.50542   	 (0.00000   )
756	0.04357   	-0.04096  	0.01715   	1.52477   	 (0.00000   )
757	-0.01222  	-0.02024  	0.03391   	1.64378   	 (0.00000   )
758	-0.02883  	-0.00450  	0.00716   	1.50157   	 (0.00000   )
759	0.00719   	-0.01172  	0.00750   	1.34222   	 (-0.00000  )
760	-0.10015  	0.05589   	-0.01603  	1.51128   	 (0.00000   )
761	-0.10633  	0.03942   	0.05878   	1.48867   	 (-0.00000  )
762	-0.10451  	-0.07910  	0.03857   	1.50369   	 (-0.00000  )
763	0.13109   	0.00185   	-0.02773  	1.50425   	 (-0.00000  )
764	0.05299   	0.04862   	0.00438   	1.52095   	 (0.00000   )
765	0.09129   	-0.07479  	0.10022   	1.48859   	 (0.00000   )
766	-0.04770  	0.00847   	-0.02669  	1.49582   	 (-0.00000  )
767	-0.11129  	-0.08396  	-0.08018  	1.55328   	 (-0.00000  )
768	0.16044   	0.06576   	-0.05971  	1.49314   	 (-0.00000  )
769	-0.00525  	0.02057   	0.03782   	1.46567   	 (-0.00000  )
770	-0.01881  	-0.06343  	-0.01970  	1.48787   	 (0.00000   )
771	-0.11301  	-0.01322  	0.05866   	1.53102   	 (-0.00000  )
772	-0.05449  	0.09704   	0.07254   	1.49991   	 (-0.00000  )
773	-0.00523  	-0.02263  	-0.03725  	1.53269   	 (0.00000   )
774	-0.01197  	-0.00556  	0.04363   	1.50918   	 (-0.00000  )
775	-0.08207  	-0.09864  	-0.05810  	1.54778   	 (-0.00000  )
776	-0.02967  	0.01032   	0.00508   	1.51629   	 (0.00000   )
777	-0.03109  	0.09666   	0.02720   	1.40032   	 (0.00000   )
778	0.03274   	0.06978   	0.11634   	1.44378   	 (-0.00000  )
779	-0.02967  	-0.00090  	0.05564   	1.43581   	 (0.00000   )
780	-0.04208  	-0.08846  	-0.05879  	1.50277   	 (-0.00000  )
781	0.02565   	-0.01955  	-0.03616  	1.43158   	 (0.00000   )
782	0.03897   	0.04145   	0.02455   	1.44609   	 (-0.00000  )
783	0.05286   	-0.03070  	0.02182   	1.74294   	 (-0.00000  )
784	0.05562   	-0.14724  	0.01189   	1.78180   	 (-0.00000  )
785	-0.04998  	-0.01788  	0.04817   	1.69543   	 (0.00000   )
786	0.08404   	-0.01610  	-0.10994  	1.56600   	 (-0.00000  )
787	0.00964   	0.07558   	0.00681   	1.52505   	 (-0.00000  )
788	0.01669   	0.06495   	-0.04093  	1.53445   	 (0.00000   )
789	-0.03234  	-0.04046  	-0.02333  	1.54721   	 (-0.00000  )
790	0.06575   	-0.04839  	0.07185   	1.53313   	 (0.00000   )
791	0.08277   	-0.06283  	-0.08517  	1.52482   	 (-0.00000  )
792	-0.00215  	0.02412   	-0.05589  	1.48054   	 (-0.00000  )
793	-0.03384  	-0.00696  	0.00755   	1.50612   	 (0.00000   )
794	0.00948   	-0.01924  	-0.06444  	1.54778   	 (-0.00000  )
795	-0.05482  	-0.02460  	0.07831   	1.51440   	 (0.00000   )
796	0.04070   	-0.03717  	0.02895   	1.49756   	 (0.00000   )
797	-0.05169  	0.03812   	-0.02072  	1.54356   	 (-0.00000  )
798	0.02877   	0.06560   	-0.01961  	1.47065   	 (-0.00000  )
799	0.00274   	-0.01690  	-0.00942  	1.56667   	 (0.00000   )
800	-0.01823  	0.01222   	-0.00031  	1.53902   	 (-0.00000  )
801	0.01916   	0.04561   	-0.01599  	1.50587   	 (0.00000   )
802	0.02852   	-0.04410  	0.01831   	1.52512   	 (-0.00000  )
803	0.03575   	-0.01338  	0.00349   	1.53259   	 (-0.00000  )
804	-0.02634  	-0.04087  	-0.05496  	1.53041   	 (-0.00000  )
805	-0.05762  	-0.00308  	0.02272   	1.48822   	 (-0.00000  )
806	-0.01802  	0.07294   	0.05190   	1.50471   	 (-0.00000  )
807	-0.00918  	0.02383   	-0.04296  	1.63821   	 (-0.00000  )
808	-0.08839  	0.03168   	-0.01598  	1.58742   	 (-0.00000  )
809	-0.03834  	-0.02792  	0.01405   	1.37610   	 (0.00000   )
810	0.07553   	0.02274   	-0.10901  	1.38612   	 (0.00000   )
811	0.08967   	-0.07105  	0.05984   	1.37213   	 (-0.00000  )
812	0.01671   	-0.02400  	-0.00471  	1.46498   	 (-0.00000  )
813	0.02405   	-0.02492  	-0.02225  	1.49099   	 (0.00000   )
814	0.00330   	0.03562   	-0.01836  	1.47982   	 (-0.00000  )
815	-0.00194  	0.01404   	0.00908   	1.47651   	 (-0.00000  )
816	0.01891   	-0.05179  	0.00969   	1.49287   	 (0.00000   )
817	-0.03751  	0.02969   	0.02922   	1.47933   	 (-0.00000  )
818	-0.02148  	0.03306   	0.03230   	1.53119   	 (0.00000   )
819	-0.01036  	-0.11573  	-0.12436  	1.49388   	 (-0.00000  )
820	-0.04019  	-0.05285  	0.06410   	1.52566   	 (-0.00000  )
821	0.04304   	0.02044   	-0.00251  	1.56046   	 (-0.00000  )
822	-0.03444  	-0.00592  	0.07908   	1.52855   	 (-0.00000  )
823	0.00848   	0.12886   	-0.02792  	1.52138   	 (-0.00000  )
824	0.02459   	0.01570   	-0.01835  	1.55997   	 (-0.00000  )
825	-0.02884  	-0.03101  	-0.05665  	1.57833   	 (0.00000   )
826	0.02296   	0.01040   	0.00576   	1.54300   	 (-0.00000  )
827	0.00905   	-0.00802  	-0.00493  	1.58316   	 (0.00000   )
828	-0.06862  	-0.07141  	-0.00377  	1.51513   	 (-0.00000  )
829	-0.05640  	0.01766   	0.03675   	1.53014   	 (-0.00000  )
830	0.02039   	0.02677   	-0.05306  	1.55153   	 (-0.00000  )
831	0.02302   	0.01435   	0.04120   	1.59024   	 (-0.00000  )
832	-0.04030  	0.04515   	0.01258   	1.61465   	 (-0.00000  )
833	-0.01619  	0.07086   	-0.02822  	1.57966   	 (-0.00000  )
834	-0.04782  	0.08441   	0.09076   	1.60255   	 (-0.00000  )
835	-0.00799  	0.05846   	0.01067   	1.60483   	 (-0.00000  )
836	-0.00944  	0.04568   	-0.03216  	1.61556   	 (-0.00000  )
837	-0.00544  	0.00717   	-0.09130  	1.56140   	 (-0.00000  )
838	0.15080   	-0.02538  	0.05596   	1.60779   	 (-0.00000  )
839	-0.03566  	0.00892   	-0.01931  	1.52815   	 (-0.00000  )
840	-0.01609  	-0.04105  	-0.02395  	1.44315   	 (0.00000   )
841	-0.01014  	0.00828   	-0.02601  	1.41009   	 (0.00000   )
842	-0.04910  	-0.04270  	-0.01546  	1.41778   	 (-0.00000  )
843	0.07228   	-0.02862  	0.04487   	1.45987   	 (0.00000   )
844	0.04887   	0.03385   	-0.02682  	1.46815   	 (0.00000   )
845	-0.01963  	-0.01514  	-0.02019  	1.44877   	 (0.00000   )
846	0.00606   	-0.00247  	-0.01295  	1.44024   	 (0.00000   )
847	-0.01201  	-0.00388  	-0.03127  	1.46061   	 (-0.00000  )
848	0.04044   	-0.04213  	-0.04346  	1.52748   	 (-0.00000  )
849	0.02604   	-0.05451  	0.05351   	1.46476   	 (0.00000   )
850	-0.04472  	0.00295   	-0.01741  	1.51112   	 (0.00000   )
851	0.01352   	-0.04810  	-0.03414  	1.51905   	 (0.00000   )
852	-0.05597  	0.03219   	0.04320   	1.45175   	 (0.00000   )
853	-0.00260  	0.07693   	0.07243   	1.46710   	 (0.00000   )
854	0.07294   	-0.00854  	0.00360   	1.47229   	 (-0.00000  )
855	-0.01313  	-0.00675  	0.02354   	1.45630   	 (0.00000   )
856	-0.00812  	0.05118   	-0.02816  	1.49302   	 (0.00000   )
857	-0.03042  	0.01481   	-0.02506  	1.41637   	 (0.00000   )
858	0.01465   	0.01717   	0.02510   	1.43384   	 (0.00000   )
859	-0.01324  	0.01926   	0.02705   	1.45784   	 (-0.00000  )
860	0.00182   	0.00752   	-0.02083  	1.45486   	 (0.00000   )
861	-0.01090  	0.00003   	0.00052   	1.44155   	 (-0.00000  )
862	0.04996   	-0.04245  	0.00665   	1.45953   	 (-0.00000  )
863	0.00166   	0.05246   	-0.01334  	1.47141   	 (0.00000   )
864	0.03086   	0.03676   	0.03282   	1.38979   	 (0.00000   )
865	-0.02448  	-0.01398  	0.02580   	1.43442   	 (0.00000   )
866	0.03280   	-0.04228  	0.02784   	1.49374   	 (-0.00000  )
867	-0.02935  	0.06469   	0.01687   	1.44517   	 (0.00000   )
868	-0.04175  	-0.00177  	0.03378   	1.52711   	 (0.00000   )
869	-0.09926  	0.04900   	0.05803   	1.49244   	 (0.00000   )
870	-0.00808  	0.05617   	0.03609   	1.45617   	 (0.00000   )
871	0.03152   	0.02118   	0.03083   	1.45182   	 (0.00000   )
872	0.01145   	-0.09230  	0.00035   	1.49350   	 (-0.00000  )
873	0.00601   	0.02611   	-0.00291  	1.55172   	 (0.00000   )
874	0.02862   	0.01837   	0.00390   	1.48318   	 (0.00000   )
875	0.00939   	-0.05675  	-0.13530  	1.49923   	 (-0.00000  )
876	-0.01955  	-0.00896  	-0.06464  	1.48263   	 (-0.00000  )
877	0.02915   	-0.05069  	-0.04883  	1.50396   	 (0.00000   )
878	0.04174   	-0.04595  	-0.05780  	1.49292   	 (-0.00000  )
879	-0.04044  	0.01821   	-0.04073  	1.51300   	 (-0.00000  )
880	-0.06228  	0.02712   	0.01784   	1.52848   	 (-0.00000  )
881	0.07427   	0.01188   	-0.02214  	1.49290   	 (-0.00000  )
882	0.05370   	-0.04791  	0.00484   	1.49589   	 (0.00000   )
883	-0.03874  	0.03134   	0.05402   	1.48866   	 (-0.00000  )
884	-0.04797  	0.00926   	-0.01517  	1.45629   	 (-0.00000  )
885	0.00286   	-0.07564  	-0.02095  	1.45351   	 (-0.00000  )
886	-0.01137  	-0.03642  	0.02174   	1.44935   	 (0.00000   )
887	0.06895   	0.03915   	0.00011   	1.44396   	 (-0.00000  )
888	-0.03059  	-0.00250  	-0.01713  	1.43817   	 (0.00000   )
889	-0.01755  	0.02445   	0.01705   	1.45917   	 (0.00000   )
890	0.00461   	0.05014   	-0.01356  	1.42016   	 (-0.00000  )
891	-0.00364  	-0.03674  	0.03654   	1.44210   	 (-0.00000  )
892	0.04015   	-0.03091  	0.00805   	1.40683   	 (0.00000   )
893	-0.01611  	0.08874   	-0.00987  	1.44352   	 (-0.00000  )
894	0.01717   	0.02878   	-0.04122  	1.38172   	 (-0.00000  )
895	-0.02827  	-0.00654  	-0.00767  	1.50496   	 (0.00000   )
896	0.00699   	-0.05763  	0.05081   	1.46841   	 (0.00000   )
897	-0.03738  	-0.04711  	-0.05119  	1.44283   	 (-0.00000  )
898	0.01066   	0.03660   	0.00040   	1.39590   	 (-0.00000  )
899	0.04417   	0.01751   	-0.01333  	1.43581   	 (0.00000   )
900	-0.02008  	-0.00859  	0.01403   	1.40039   	 (0.00000   )
901	0.03789   	-0.00999  	0.00830   	1.47529   	 (0.00000   )
902	0.04117   	-0.05221  	0.01450   	1.49082   	 (-0.00000  )
903	-0.00713  	-0.04251  	0.05442   	1.49086   	 (0.00000   )
904	0.03476   	0.02947   	0.06906   	1.46098   	 (0.00000   )
905	-0.03095  	-0.02868  	0.05240   	1.46389   	 (-0.00000  )
906	0.02193   	-0.01925  	-0.01685  	1.48554   	 (0.00000   )
907	0.03376   	-0.01001  	0.03168   	1.49395   	 (0.00000   )
908	0.02932   	0.01263   	-0.04764  	1.46860   	 (0.00000   )
909	0.00140   	0.00806   	0.05013   	1.45280   	 (-0.00000  )
910	0.03495   	-0.03222  	0.02039   	1.50546   	 (0.00000   )
911	-0.05199  	0.08125   	-0.08260  	1.45224   	 (-0.00000  )
912	-0.00164  	-0.02380  	-0.04260  	1.48998   	 (0.00000   )
913	0.06485   	-0.07541  	0.00265   	1.51744   	 (0.00000   )
914	-0.05877  	0.04609   	0.03626   	1.46934   	 (-0.00000  )
915	0.04869   	-0.05899  	-0.03474  	1.50493   	 (0.00000   )
916	0.03279   	-0.01203  	0.01047   	1.50411   	 (0.00000   )
917	-0.05991  	0.01505   	0.02294   	1.48170   	 (-0.00000  )
918	-0.06170  	0.02622   	-0.06655  	1.51728   	 (0.00000   )
919	-0.00196  	-0.02032  	-0.02233  	1.48603   	 (-0.00000  )
920	-0.00332  	-0.02987  	0.01195   	1.49386   	 (-0.00000  )
921	0.04836   	-0.01142  	0.01314   	1.54150   	 (-0.00000  )
922	0.01291   	-0.02396  	0.03549   	1.51382   	 (0.00000   )
923	-0.01860  	-0.00411  	-0.01943  	1.51387   	 (-0.00000  )
924	0.02579   	-0.07737  	0.02188   	1.54694   	 (0.00000   )
925	0.02115   	-0.02446  	0.04279   	1.54053   	 (0.00000   )
926	-0.02020  	0.01977   	0.00192   	1.55955   	 (0.00000   )
927	-0.04271  	-0.05488  	0.02138   	1.56148   	 (0.00000   )
928	0.00135   	-0.01566  	0.03214   	1.59195   	 (0.00000   )
929	-0.02774  	0.02998   	-0.02780  	1.59422   	 (-0.00000  )
930	-0.10078  	-0.00407  	-0.00755  	1.51215   	 (-0.00000  )
931	-0.07750  	0.02820   	-0.02130  	1.51434   	 (-0.00000  )
932	0.01144   	0.00090   	-0.03151  	1.50583   	 (0.00000   )
933	0.02798   	0.03134   	0.05362   	1.52647   	 (0.00000   )
934	0.04424   	-0.00812  	-0.03087  	1.50059   	 (-0.00000  )
935	0.02042   	0.08818   	-0.02604  	1.46944   	 (0.00000   )
936	-0.01780  	-0.02455  	-0.01534  	1.48252   	 (0.00000   )
937	-0.02548  	0.00974   	0.04686   	1.46902   	 (0.00000   )
938	0.01892   	-0.02455  	-0.04613  	1.52148   	 (-0.00000  )
939	0.00632   	-0.03215  	-0.07245  	1.50512   	 (0.00000   )
940	0.03663   	-0.01099  	0.00847   	1.46818   	 (0.00000   )
941	-0.07951  	-0.08679  	0.05237   	1.44897   	 (-0.00000  )
942	0.00217   	0.07545   	-0.03907  	1.51465   	 (-0.00000  )
943	0.03147   	0.00193   	-0.00212  	1.51379   	 (-0.00000  )
944	0.06475   	-0.05239  	0.00070   	1.54115   	 (-0.00000  )
945	-0.03102  	0.02340   	0.02273   	1.50523   	 (-0.00000  )
946	0.02544   	0.01925   	-0.01835  	1.52956   	 (0.00000   )
947	-0.03060  	0.03142   	-0.02768  	1.52676   	 (-0.00000  )
948	0.02875   	0.03512   	-0.04116  	1.47517   	 (0.00000   )
949	0.00101   	-0.06465  	-0.00127  	1.47624   	 (-0.00000  )
950	-0.08148  	0.05279   	-0.02945  	1.49283   	 (0.00000   )
951	0.02603   	0.09913   	0.00242   	1.58498   	 (-0.00000  )
952	-0.00113  	-0.09476  	-0.01960  	1.51391   	 (-0.00000  )
953	-0.08648  	0.07514   	0.09855   	1.52713   	 (-0.00000  )
954	0.00918   	0.00697   	0.01663   	1.48383   	 (0.00000   )
955	0.00383   	-0.01913  	0.01442   	1.47478   	 (0.00000   )
956	0.01829   	0.01164   	-0.01379  	1.45483   	 (-0.00000  )
957	0.00135   	-0.04112  	-0.04746  	1.46131   	 (0.00000   )
958	0.01240   	-0.02150  	-0.01154  	1.44059   	 (0.00000   )
959	0.04927   	-0.08388  	-0.04329  	1.51992   	 (-0.00000  )
960	0.01197   	-0.04053  	0.02200   	1.48535   	 (0.00000   )
961	0.07325   	-0.00967  	-0.01443  	1.46982   	 (-0.00000  )
962	0.09277   	-0.00750  	-0.05612  	1.48798   	 (-0.00000  )
963	0.08590   	-0.04196  	-0.01806  	1.48681   	 (-0.00000  )
964	0.02417   	-0.09687  	0.03886   	1.55397   	 (0.00000   )
965	-0.08471  	0.02949   	-0.02974  	1.50849   	 (0.00000   )
966	0.01147   	-0.01663  	0.05515   	1.53667   	 (0.00000   )
967	-0.07654  	0.00159   	-0.02159  	1.51202   	 (0.00000   )
968	-0.08678  	0.00113   	0.02955   	1.51971   	 (-0.00000  )
969	0.02883   	0.07030   	0.05038   	1.52776   	 (0.00000   )
970	0.02891   	0.01521   	-0.00644  	1.50337   	 (0.00000   )
971	-0.01827  	0.05533   	0.01070   	1.57426   	 (0.00000   )
972	0.05048   	0.00001   	0.01516   	1.53159   	 (0.00000   )
973	-0.02699  	0.02939   	0.00064   	1.46683   	 (0.00000   )
974	0.01020   	0.00579   	-0.00093  	1.44632   	 (0.00000   )
975	-0.05654  	-0.03766  	0.00205   	1.47863   	 (-0.00000  )
976	0.01418   	-0.03500  	0.01135   	1.46465   	 (0.00000   )
977	0.00171   	0.01881   	0.00519   	1.47133   	 (-0.00000  )
978	0.06999   	0.04058   	-0.09157  	1.49082   	 (0.00000   )
979	-0.04247  	0.08309   	-0.00076  	1.46353   	 (-0.00000  )
980	0.00510   	0.05947   	-0.00311  	1.50295   	 (0.00000   )
981	-0.00997  	0.05687   	0.00731   	1.50021   	 (0.00000   )
982	-0.00282  	-0.00603  	0.01260   	1.50884   	 (-0.00000  )
983	0.01600   	0.01273   	-0.04022  	1.47678   	 (0.00000   )
984	0.00150   	0.03595   	-0.00738  	1.45374   	 (0.00000   )
985	-0.02273  	-0.07452  	0.01833   	1.48663   	 (-0.00000  )
986	-0.02116  	-0.06789  	-0.03516  	1.51843   	 (0.00000   )
987	0.01720   	-0.09197  	-0.00478  	1.53285   	 (-0.00000  )
988	0.03001   	0.04852   	0.02868   	1.56401   	 (0.00000   )
989	0.00370   	0.07494   	0.06609   	1.52285   	 (-0.00000  )
990	0.02302   	-0.06024  	0.08489   	1.54355   	 (0.00000   )
991	-0.11024  	0.06626   	-0.01369  	1.51251   	 (0.00000   )
992	-0.05796  	0.04277   	-0.07999  	1.50046   	 (-0.00000  )
993	0.01986   	0.00794   	0.00825   	1.52121   	 (-0.00000  )
994	-0.09534  	-0.08728  	0.02657   	1.52367   	 (-0.00000  )
995	0.01759   	-0.00449  	0.00912   	1.46417   	 (0.00000   )
996	-0.00561  	0.04831   	0.05817   	1.48719   	 (0.00000   )
997	-0.02523  	0.04723   	-0.02880  	1.44912   	 (-0.00000  )
998	0.04983   	-0.02622  	-0.03431  	1.47103   	 (0.00000   )
999	-0.01910  	0.00445   	0.00177   	1.46647   	 (-0.00000  )
1000	0.03914   	0.01534   	-0.00320  	1.46880   	 (0.00000   )
1001	0.04834   	0.02279   	-0.03501  	1.50508   	 (0.00000   )
1002	-0.07079  	-0.01506  	-0.05483  	1.49443   	 (0.00000   )
1003	0.01476   	0.01606   	0.01300   	1.48162   	 (-0.00000  )
1004	0.05850   	-0.03838  	-0.06766  	1.57790   	 (-0.00000  )
1005	0.05418   	-0.00766  	-0.00937  	1.52235   	 (0.00000   )
1006	-0.02793  	0.02104   	0.05894   	1.56641   	 (0.00000   )
1007	0.05495   	0.00516   	-0.03695  	1.49970   	 (0.00000   )
1008	0.01126   	-0.05844  	-0.03727  	1.51477   	 (0.00000   )
1009	0.02477   	-0.03734  	0.00753   	1.50165   	 (-0.00000  )
1010	-0.02377  	0.02898   	0.13741   	1.53415   	 (-0.00000  )
1011	-0.06148  	-0.01482  	0.05801   	1.46161   	 (0.00000   )
1012	-0.03853  	-0.00873  	-0.02229  	1.44903   	 (0.00000   )
1013	0.01373   	0.02274   	-0.04332  	1.45583   	 (0.00000   )
1014	-0.08172  	0.02131   	0.03101   	1.42204   	 (0.00000   )
1015	-0.01019  	-0.03946  	-0.00915  	1.43795   	 (-0.00000  )
1016	0.07015   	-0.02482  	-0.09086  	1.48790   	 (-0.00000  )
1017	0.06391   	0.01795   	0.05315   	1.45314   	 (-0.00000  )
1018	-0.03847  	0.05354   	0.03712   	1.46529   	 (0.00000   )
1019	0.05952   	0.00993   	0.00561   	1.47400   	 (-0.00000  )
1020	-0.00894  	-0.00496  	0.01006   	1.48487   	 (-0.00000  )
1021	-0.01863  	0.00409   	-0.03063  	1.48987   	 (-0.00000  )
1022	-0.01763  	-0.07902  	0.09026   	1.50934   	 (0.00000   )
1023	0.06612   	-0.01680  	-0.01850  	1.49090   	 (0.00000   )
1024	-0.08021  	-0.01122  	-0.00995  	1.50047   	 (0.00000   )
1025	0.01235   	0.07448   	0.00120   	1.48174   	 (-0.00000  )
1026	-0.10255  	0.03446   	0.04843   	1.55810   	 (0.00000   )
1027	0.01395   	0.01563   	0.03046   	1.55138   	 (-0.00000  )
1028	0.04976   	-0.00093  	-0.04287  	1.46468   	 (-0.00000  )
1029	-0.05706  	-0.08566  	-0.03267  	1.47955   	 (-0.00000  )
1030	-0.00746  	0.07538   	-0.03272  	1.47383   	 (0.00000   )
1031	-0.08156  	0.07731   	0.04108   	1.43698   	 (0.00000   )
1032	0.01797   	-0.04968  	0.03034   	1.47657   	 (0.00000   )
1033	0.01075   	-0.11281  	-0.01028  	1.40412   	 (0.00000   )
1034	-0.00131  	0.02503   	0.03659   	1.48925   	 (-0.00000  )
1035	0.06056   	0.06946   	-0.06132  	1.57843   	 (0.00000   )
1036	-0.00744  	-0.07994  	0.04289   	1.59320   	 (-0.00000  )
1037	0.03346   	0.03354   	-0.10616  	1.67960   	 (-0.00000  )
1038	0.03340   	0.02710   	-0.02282  	1.66523   	 (-0.00000  )
1039	-0.06248  	-0.00701  	0.12773   	1.69158   	 (-0.00000  )
1040	0.07384   	-0.05901  	-0.00293  	1.50838   	 (-0.00000  )
1041	-0.02592  	0.01597   	0.02603   	1.42995   	 (0.00000   )
1042	-0.02289  	0.01729   	0.01481   	1.44382   	 (0.00000   )
1043	-0.02732  	0.01105   	0.00903   	1.41829   	 (0.00000   )
1044	-0.02551  	0.03459   	0.03458   	1.46848   	 (-0.00000  )
1045	0.06220   	-0.04652  	-0.05851  	1.42103   	 (0.00000   )
1046	0.00298   	-0.04723  	-0.02574  	1.42157   	 (0.00000   )
1047	-0.03560  	-0.01566  	-0.06362  	1.52695   	 (0.00000   )
1048	-0.01910  	0.09009   	0.04491   	1.50095   	 (0.00000   )
1049	0.00475   	-0.08818  	-0.02441  	1.41547   	 (0.00000   )
1050	0.03650   	0.00140   	-0.00593  	1.41232   	 (-0.00000  )
1051	0.05830   	0.00233   	-0.00174  	1.41783   	 (-0.00000  )
1052	-0.01377  	-0.05285  	0.00867   	1.46300   	 (0.00000   )
1053	-0.02381  	-0.01762  	-0.03837  	1.35425   	 (0.00000   )
1054	0.00458   	0.01691   	-0.04446  	1.35589   	 (-0.00000  )
1055	-0.00003  	0.04634   	0.04033   	1.37165   	 (0.00000   )
1056	0.09264   	-0.03716  	-0.09150  	1.48776   	 (-0.00000  )
1057	0.12374   	-0.08339  	-0.06426  	1.45920   	 (0.00000   )
1058	0.02698   	0.00662   	-0.00218  	1.43430   	 (0.00000   )
1059	0.02764   	0.01331   	0.04904   	1.44985   	 (0.00000   )
1060	0.00312   	-0.03235  	0.01821   	1.45771   	 (0.00000   )
1061	-0.03039  	-0.12802  	-0.13680  	1.42919   	 (-0.00000  )
1062	-0.02409  	0.01488   	0.01254   	1.45295   	 (0.00000   )
1063	0.09052   	0.13190   	0.18055   	1.45828   	 (0.00000   )
1064	-0.00764  	0.05288   	-0.01335  	1.47172   	 (-0.00000  )
1065	-0.10982  	0.06737   	0.14351   	1.52537   	 (-0.00000  )
1066	-0.09214  	-0.17440  	-0.03357  	1.51023   	 (0.00000   )
1067	0.00073   	0.17494   	-0.07831  	1.48982   	 (0.00000   )
1068	-0.01644  	-0.01323  	-0.00516  	1.51671   	 (-0.00000  )
1069	0.09460   	0.01124   	-0.09684  	1.47199   	 (0.00000   )
1070	-0.13180  	0.15119   	0.24904   	1.50828   	 (-0.00000  )
1071	-0.02656  	0.01744   	-0.01897  	1.44347   	 (-0.00000  )
1072	-0.05937  	-0.04811  	0.00257   	1.44247   	 (-0.00000  )
1073	-0.00565  	0.01098   	0.00330   	1.38514   	 (0.00000   )
1074	-0.05233  	0.02662   	0.07275   	1.75263   	 (0.00000   )
1075	0.01272   	0.01175   	-0.09188  	1.52329   	 (0.00000   )
1076	-0.09616  	-0.20997  	-0.01190  	1.52278   	 (0.00000   )
1077	0.09847   	-0.01585  	-0.05048  	1.48088   	 (-0.00000  )
1078	0.10896   	0.05473   	-0.06629  	1.47361   	 (-0.00000  )
1079	-0.02956  	-0.02848  	-0.14096  	1.46663   	 (-0.00000  )
1080	-0.06885  	-0.14729  	0.14494   	1.45466   	 (-0.00000  )
1081	-0.00815  	-0.02068  	0.09671   	1.51353   	 (-0.00000  )
1082	0.07383   	-0.05558  	0.03274   	1.51847   	 (0.00000   )
1083	-0.04191  	0.04746   	-0.11540  	1.52852   	 (0.00000   )
1084	-0.03167  	-0.11504  	0.14660   	1.51829   	 (0.00000   )
1085	-0.01149  	0.14897   	-0.06153  	1.61439   	 (0.00000   )
1086	0.04476   	0.02861   	-0.11128  	1.62983   	 (-0.00000  )
1087	-0.00747  	-0.01493  	0.04265   	1.51275   	 (-0.00000  )
1088	0.05048   	-0.05930  	-0.01233  	1.48559   	 (0.00000   )
1089	0.02357   	-0.03978  	-0.08103  	1.45757   	 (0.00000   )
1090	0.05988   	-0.03576  	0.00261   	1.47962   	 (-0.00000  )
1091	-0.04101  	0.03442   	0.03019   	1.54955   	 (-0.00000  )
1092	-0.03217  	-0.05209  	-0.08764  	1.54178   	 (0.00000   )
1093	0.12853   	0.08265   	-0.01680  	1.53496   	 (-0.00000  )
1094	0.09234   	-0.07154  	0.02485   	1.52703   	 (-0.00000  )
1095	-0.00142  	-0.11104  	0.08404   	1.51604   	 (-0.00000  )
1096	-0.00647  	-0.14472  	-0.06592  	1.49432   	 (-0.00000  )
1097	-0.02427  	0.06273   	-0.00677  	1.48803   	 (0.00000   )
1098	-0.01261  	0.12053   	-0.07390  	1.48032   	 (0.00000   )
1099	0.10370   	-0.07297  	0.00128   	1.50753   	 (-0.00000  )
1100	-0.18909  	0.12151   	0.02061   	1.46796   	 (-0.00000  )
1101	-0.04035  	0.04957   	0.02791   	1.46506   	 (-0.00000  )
1102	0.10910   	-0.06562  	-0.00529  	1.61767   	 (-0.00000  )
1103	-0.05161  	0.12199   	0.03085   	1.44663   	 (0.00000   )
1104	0.03398   	0.19222   	0.10682   	1.51415   	 (0.00000   )
1105	-0.09233  	0.08579   	-0.34127  	1.50892   	 (0.00000   )
1106	0.05796   	-0.25895  	0.23918   	1.50515   	 (-0.00000  )
1107	0.04496   	0.11353   	-0.05023  	1.49767   	 (-0.00000  )
1108	-0.02497  	-0.15517  	-0.01860  	1.44498   	 (0.00000   )
1109	0.19702   	-0.15829  	0.08458   	1.45862   	 (0.00000   )
1110	-0.03025  	0.21776   	0.03347   	1.41923   	 (0.00000   )
1111	-0.19460  	0.03283   	-0.06500  	1.41130   	 (0.00000   )
1112	0.07965   	0.03466   	0.01501   	1.50031   	 (0.00000   )
1113	-0.12224  	-0.05575  	0.02770   	1.48923   	 (0.00000   )
1114	0.05550   	-0.06460  	-0.02156  	1.48084   	 (-0.00000  )
1115	0.00359   	-0.00494  	-0.00154  	1.40798   	 (-0.00000  )
1116	0.06971   	-0.11208  	-0.00245  	1.45335   	 (0.00000   )
1117	-0.13622  	0.03400   	-0.13567  	1.44691   	 (0.00000   )
1118	-0.03580  	-0.00813  	0.09561   	1.44655   	 (0.00000   )
1119	0.16384   	0.00922   	-0.00318  	1.48080   	 (-0.00000  )
1120	-0.12604  	-0.21089  	-0.06447  	1.45512   	 (-0.00000  )
1121	0.13019   	0.06388   	-0.16778  	1.56388   	 (0.00000   )
1122	-0.05049  	0.18416   	0.26174   	1.43591   	 (-0.00000  )
1123	0.09945   	-0.12511  	-0.07431  	1.35643   	 (0.00000   )
1124	0.08296   	0.06912   	-0.07902  	1.39732   	 (-0.00000  )
1125	-0.15859  	0.10393   	0.05238   	1.45640   	 (0.00000   )
1126	-0.09174  	0.02800   	0.00950   	1.42385   	 (0.00000   )
1127	0.00921   	0.06866   	0.12635   	1.41590   	 (-0.00000  )
1128	0.05544   	-0.07776  	-0.24928  	1.53054   	 (0.00000   )
1129	0.11969   	-0.00179  	-0.07458  	1.47943   	 (0.00000   )
1130	0.15249   	0.06492   	-0.06500  	1.49186   	 (0.00000   )
1131	-0.16860  	-0.01744  	0.05802   	1.48250   	 (0.00000   )
1132	-0.24785  	-0.09710  	0.13123   	1.51652   	 (-0.00000  )
1133	-0.07255  	0.03401   	0.09604   	1.47317   	 (-0.00000  )
1134	0.07685   	0.07408   	0.04325   	1.53336   	 (-0.00000  )
1135	-0.12911  	0.02018   	-0.04787  	1.51673   	 (0.00000   )
1136	-0.00252  	0.17865   	0.06249   	1.57393   	 (-0.00000  )
1137	-0.02497  	-0.03472  	0.18201   	1.56739   	 (-0.00000  )
1138	0.07412   	-0.25766  	0.01595   	1.60247   	 (-0.00000  )
1139	-0.04317  	0.03248   	-0.13607  	1.58287   	 (0.00000   )
1140	0.03112   	0.31507   	0.00107   	1.64120   	 (-0.00000  )
1141	-0.10891  	-0.12930  	-0.00735  	1.64201   	 (0.00000   )
1142	0.11051   	-0.29093  	-0.02033  	1.66036   	 (-0.00000  )
1143	-0.03808  	0.10405   	0.02269   	1.68805   	 (0.00000   )
1144	-0.15849  	0.18955   	0.12255   	1.45363   	 (0.00000   )
1145	-0.08396  	-0.06049  	-0.02087  	1.46874   	 (-0.00000  )
1146	0.22495   	-0.20506  	-0.08707  	1.47389   	 (0.00000   )
1147	-0.00248  	0.05377   	-0.02373  	1.70305   	 (-0.00000  )
1148	0.03278   	0.01201   	0.00906   	1.70362   	 (0.00000   )
1149	-0.00331  	-0.00166  	-0.00391  	1.24090   	 (-0.00000  )
1150	0.00420   	0.00819   	0.00578   	1.23958   	 (0.00000   )
1151	-0.00828  	0.00076   	-0.00180  	1.23589   	 (-0.00000  )
1152	-0.02691  	0.02008   	-0.00548  	1.79559   	 (0.00000   )
1153	0.12828   	-0.21144  	0.07265   	1.43339   	 (-0.00000  )
1154	0.06174   	-0.01232  	-0.04654  	1.43312   	 (0.00000   )
1155	-0.15838  	0.18793   	-0.01975  	1.42358   	 (-0.00000  )
1156	0.00378   	0.03868   	-0.01902  	1.73608   	 (0.00000   )
1157	-0.03521  	0.05993   	0.13633   	1.67869   	 (0.00000   )
1158	-0.04415  	-0.03522  	-0.12923  	1.61445   	 (-0.00000  )
1159	0.02993   	-0.09239  	-0.01182  	1.44686   	 (-0.00000  )
1160	0.16219   	0.09754   	0.01369   	1.55988   	 (0.00000   )
1161	-0.13043  	-0.15161  	-0.01443  	1.57669   	 (0.00000   )
1162	-0.00823  	-0.00263  	-0.03692  	1.70173   	 (-0.00000  )
1163	0.03504   	0.00220   	-0.00634  	1.61259   	 (-0.00000  )
1164	0.07834   	-0.07757  	-0.00392  	1.53472   	 (-0.00000  )
1165	-0.09034  	-0.00938  	-0.02128  	1.53573   	 (-0.00000  )
1166	-0.01091  	0.03425   	0.05252   	1.53359   	 (-0.00000  )
1167	-0.01551  	0.00247   	-0.00699  	1.61465   	 (0.00000   )
1168	0.05742   	-0.25652  	-0.06073  	1.60025   	 (-0.00000  )
1169	0.00297   	-0.01459  	0.00612   	1.56227   	 (-0.00000  )
1170	-0.01458  	-0.06070  	0.02929   	1.54847   	 (-0.00000  )
1171	-0.07456  	0.31871   	0.03201   	1.55866   	 (-0.00000  )
1172	-0.00648  	-0.00090  	-0.00161  	1.56200   	 (0.00000   )
1173	-0.01175  	0.07569   	0.00579   	1.53230   	 (0.00000   )
1174	0.00111   	-0.05494  	0.03723   	1.52915   	 (0.00000   )
1175	0.05045   	0.03416   	-0.00702  	1.52725   	 (0.00000   )
1176	-0.00445  	-0.00305  	0.00927   	1.54925   	 (0.00000   )
1177	0.00930   	-0.02216  	0.03150   	1.50399   	 (0.00000   )
1178	-0.16185  	-0.10011  	-0.00278  	1.50396   	 (-0.00000  )
1179	0.15550   	0.02110   	-0.07626  	1.51545   	 (0.00000   )
1180	-0.01600  	0.03097   	0.02173   	1.47920   	 (-0.00000  )
1181	-0.01534  	0.01624   	0.00875   	1.46857   	 (0.00000   )
1182	0.14228   	-0.03540  	-0.06673  	1.50485   	 (0.00000   )
1183	-0.02574  	-0.00146  	-0.11411  	1.53300   	 (-0.00000  )
1184	0.04372   	0.11918   	0.08054   	1.50170   	 (-0.00000  )
1185	-0.16548  	0.07056   	0.12299   	1.53079   	 (-0.00000  )
1186	-0.05173  	0.08566   	0.01162   	1.51841   	 (-0.00000  )
1187	0.09753   	0.00834   	-0.05631  	1.51362   	 (-0.00000  )
1188	-0.01110  	-0.11782  	0.04899   	1.47144   	 (-0.00000  )
1189	-0.15019  	0.00730   	0.12174   	1.48642   	 (0.00000   )
1190	-0.01358  	0.00839   	0.00447   	1.45882   	 (0.00000   )
1191	-0.02212  	0.13513   	-0.00810  	1.67074   	 (-0.00000  )
1192	0.07154   	-0.06005  	-0.01827  	1.55892   	 (0.00000   )
1193	-0.02199  	-0.05934  	-0.05546  	1.56127   	 (0.00000   )
1194	-0.01183  	0.01654   	-0.03475  	1.44178   	 (0.00000   )
1195	-0.02776  	-0.00005  	-0.02111  	1.41762   	 (-0.00000  )
1196	0.03089   	-0.05048  	0.02289   	1.36743   	 (-0.00000  )
1197	0.04699   	0.01978   	-0.05261  	1.40680   	 (-0.00000  )
1198	-0.03701  	-0.00452  	-0.05088  	1.36633   	 (0.00000   )
1199	0.14246   	-0.00028  	-0.00011  	1.50790   	 (-0.00000  )
1200	-0.05040  	-0.05979  	0.02675   	1.49965   	 (0.00000   )
1201	-0.02866  	-0.04832  	-0.03530  	1.45531   	 (-0.00000  )
1202	0.07544   	0.01463   	0.08904   	1.51241   	 (0.00000   )
1203	-0.00320  	0.02180   	-0.02144  	1.43930   	 (0.00000   )
1204	-0.00916  	-0.02082  	-0.04900  	1.52825   	 (-0.00000  )
1205	0.12193   	0.00077   	0.02850   	1.71147   	 (-0.00000  )
1206	-0.12913  	-0.04711  	-0.04842  	1.66344   	 (-0.00000  )
1207	0.14157   	-0.09558  	0.07704   	1.60907   	 (-0.00000  )
1208	-0.08217  	0.16152   	-0.08359  	1.56100   	 (-0.00000  )
1209	0.05014   	-0.06428  	-0.01497  	1.52688   	 (0.00000   )
1210	0.06626   	-0.06498  	-0.11989  	1.53504   	 (-0.00000  )
1211	0.01057   	-0.08005  	-0.06957  	1.50142   	 (-0.00000  )
1212	-0.00106  	0.12674   	0.12481   	1.46843   	 (-0.00000  )
1213	0.01876   	-0.04750  	-0.07797  	1.44520   	 (0.00000   )
1214	-0.10653  	0.12598   	0.19724   	1.51754   	 (0.00000   )
1215	-0.01301  	-0.07000  	-0.05208  	1.49142   	 (0.00000   )
1216	-0.01559  	-0.00400  	-0.14412  	1.45832   	 (0.00000   )
1217	0.01354   	-0.08576  	0.10686   	1.42864   	 (-0.00000  )
1218	-0.00683  	0.03756   	-0.01527  	1.53198   	 (0.00000   )
1219	0.02729   	0.00188   	-0.00838  	1.52038   	 (0.00000   )
1220	0.00600   	0.03241   	-0.01073  	1.51406   	 (-0.00000  )
1221	0.00144   	0.01756   	0.01698   	1.48935   	 (-0.00000  )
1222	0.00419   	-0.03295  	0.00933   	1.54099   	 (-0.00000  )
1223	-0.02312  	-0.04909  	0.01766   	1.53706   	 (-0.00000  )
1224	0.00162   	0.04609   	0.00856   	1.53446   	 (-0.00000  )
1225	-0.02956  	0.00525   	-0.03402  	1.48307   	 (0.00000   )
1226	-0.01600  	0.03655   	0.01861   	1.46482   	 (0.00000   )
1227	0.00310   	0.02102   	-0.01110  	1.48188   	 (0.00000   )
1228	-0.02026  	0.12697   	-0.01289  	1.49965   	 (0.00000   )
1229	-0.00306  	-0.02471  	-0.01374  	1.49589   	 (0.00000   )
1230	-0.05034  	0.00445   	0.07433   	1.52711   	 (-0.00000  )
1231	-0.02373  	-0.00899  	0.04162   	1.52989   	 (-0.00000  )
1232	0.01455   	0.04347   	-0.01387  	1.53355   	 (-0.00000  )
1233	-0.00097  	0.01936   	-0.06274  	1.53921   	 (0.00000   )
1234	0.02838   	0.00481   	0.05659   	1.48213   	 (0.00000   )
1235	0.00981   	-0.20458  	-0.03285  	1.50376   	 (0.00000   )
1236	0.06373   	-0.08207  	-0.00863  	1.44289   	 (0.00000   )
1237	0.00219   	0.05341   	0.06915   	1.44504   	 (-0.00000  )
1238	0.09317   	-0.04761  	-0.05511  	1.40928   	 (-0.00000  )
1239	-0.01386  	-0.09678  	0.03041   	1.42705   	 (-0.00000  )
1240	0.01667   	0.11411   	-0.03079  	1.42405   	 (0.00000   )
1241	0.04042   	-0.02192  	0.01074   	1.41150   	 (0.00000   )
1242	-0.08675  	0.08377   	0.01544   	1.41863   	 (0.00000   )
1243	0.00708   	-0.01347  	0.00642   	1.44611   	 (0.00000   )
1244	-0.00268  	0.03256   	-0.05874  	1.46912   	 (0.00000   )
1245	0.00302   	0.02105   	-0.00185  	1.49649   	 (-0.00000  )
1246	-0.07899  	0.15060   	0.10530   	1.63367   	 (0.00000   )
1247	-0.00093  	0.03067   	-0.03217  	1.58330   	 (-0.00000  )
1248	0.04492   	-0.04190  	-0.04861  	1.48478   	 (-0.00000  )
1249	0.05638   	-0.10695  	-0.00475  	1.61448   	 (-0.00000  )
1250	-0.02373  	-0.06477  	0.00029   	1.57412   	 (-0.00000  )
1251	-0.01769  	-0.09055  	0.00646   	1.58057   	 (-0.00000  )
1252	0.06018   	0.09402   	-0.03192  	1.54070   	 (0.00000   )
1253	-0.06900  	0.07773   	-0.04433  	1.59110   	 (0.00000   )
1254	-0.07174  	0.01496   	-0.07113  	1.57026   	 (0.00000   )
1255	-0.08852  	-0.02537  	0.06459   	1.57934   	 (0.00000   )
1256	-0.00976  	-0.04131  	0.02561   	1.53191   	 (-0.00000  )
1257	0.05839   	-0.06713  	0.00378   	1.59425   	 (0.00000   )
1258	0.03439   	-0.02557  	-0.03606  	1.41221   	 (0.00000   )
1259	0.02628   	0.05210   	0.03128   	1.43781   	 (0.00000   )
1260	0.00344   	-0.00293  	0.03479   	1.41402   	 (0.00000   )
1261	-0.01128  	0.07206   	0.01008   	1.42320   	 (-0.00000  )
1262	0.01997   	-0.01624  	-0.01644  	1.40766   	 (0.00000   )
1263	0.01518   	-0.05077  	-0.02410  	1.39167   	 (0.00000   )
1264	0.00072   	0.00799   	-0.00642  	1.28887   	 (0.00000   )
1265	0.00215   	-0.01673  	-0.00968  	1.38955   	 (0.00000   )
1266	-0.00044  	-0.05391  	0.03645   	1.45952   	 (0.00000   )
1267	0.01781   	0.01166   	0.00628   	1.47497   	 (-0.00000  )
1268	-0.03293  	0.01248   	0.02515   	1.53032   	 (0.00000   )
1269	-0.02372  	0.00554   	-0.02503  	1.53702   	 (-0.00000  )
1270	-0.05362  	-0.02785  	-0.00671  	1.50936   	 (0.00000   )
1271	0.02595   	0.01899   	-0.00099  	1.51625   	 (-0.00000  )
1272	0.02111   	-0.01550  	-0.01135  	1.28631   	 (0.00000   )
1273	0.03639   	-0.00135  	-0.02449  	1.50043   	 (-0.00000  )
1274	-0.02569  	-0.00290  	0.00353   	1.52604   	 (0.00000   )
1275	-0.03903  	-0.00958  	-0.00324  	1.53636   	 (-0.00000  )
1276	-0.01322  	-0.00715  	0.01828   	1.51797   	 (0.00000   )
1277	-0.00431  	-0.04557  	-0.01713  	1.68070   	 (0.00000   )
1278	0.02766   	-0.00426  	-0.01884  	1.73138   	 (0.00000   )
1279	0.03396   	-0.02356  	0.04441   	1.54543   	 (0.00000   )
1280	0.02782   	0.08210   	0.01091   	1.51042   	 (-0.00000  )
1281	-0.00255  	0.02486   	0.05841   	1.51409   	 (-0.00000  )
1282	0.04871   	-0.00298  	-0.02351  	1.49436   	 (0.00000   )
1283	0.01413   	-0.06116  	-0.04311  	1.48155   	 (0.00000   )
1284	-0.09618  	-0.03138  	-0.00426  	1.47622   	 (0.00000   )
1285	-0.00952  	0.11778   	0.05056   	1.54415   	 (-0.00000  )
1286	-0.11303  	-0.00831  	0.06621   	1.52516   	 (-0.00000  )
1287	0.00701   	0.05658   	-0.04458  	1.48129   	 (-0.00000  )
1288	0.06740   	-0.06370  	0.03472   	1.51610   	 (-0.00000  )
1289	0.02325   	-0.05480  	-0.00107  	1.49933   	 (0.00000   )
1290	0.00124   	-0.09896  	-0.04181  	1.47356   	 (0.00000   )
1291	-0.02128  	0.00996   	-0.03941  	1.47727   	 (0.00000   )
1292	-0.04702  	0.01570   	0.11348   	1.52510   	 (0.00000   )
1293	-0.08572  	-0.06276  	0.00606   	1.49755   	 (0.00000   )
1294	-0.05274  	-0.11085  	-0.01336  	1.56000   	 (0.00000   )
1295	-0.01435  	0.04639   	0.00648   	1.55657   	 (-0.00000  )
1296	-0.02436  	0.00741   	0.02054   	1.52864   	 (-0.00000  )
1297	0.05784   	0.03199   	0.01107   	1.54010   	 (-0.00000  )
1298	-0.03813  	0.00729   	-0.07466  	1.54564   	 (0.00000   )
1299	0.05290   	0.01312   	0.02482   	1.54156   	 (-0.00000  )
1300	0.00600   	-0.07845  	-0.06153  	1.56949   	 (0.00000   )
1301	0.08324   	0.00702   	0.00537   	1.43814   	 (-0.00000  )
1302	0.05432   	-0.04771  	-0.06134  	1.43310   	 (0.00000   )
1303	0.00570   	-0.03785  	-0.02152  	1.59636   	 (-0.00000  )
1304	0.08868   	0.12212   	-0.05369  	1.57891   	 (-0.00000  )
1305	0.00822   	0.10080   	0.07738   	1.61049   	 (0.00000   )
1306	-0.08828  	-0.04691  	0.13949   	1.55473   	 (-0.00000  )
1307	0.02526   	0.01792   	-0.05623  	1.60420   	 (-0.00000  )
1308	0.00960   	-0.01223  	-0.05026  	1.61636   	 (0.00000   )
1309	0.02192   	-0.05472  	-0.01425  	1.60193   	 (-0.00000  )
1310	-0.00595  	0.02617   	-0.05927  	1.61474   	 (0.00000   )
1311	-0.01418  	-0.05045  	0.02340   	1.52706   	 (0.00000   )
1312	-0.08435  	-0.01245  	-0.03010  	1.58898   	 (0.00000   )
1313	0.03092   	0.03390   	0.01266   	1.56241   	 (0.00000   )
1314	0.05172   	0.00379   	0.01562   	1.52791   	 (-0.00000  )
1315	-0.02989  	0.03874   	0.01614   	1.48079   	 (0.00000   )
1316	0.01109   	0.03604   	-0.02849  	1.30652   	 (0.00000   )
1317	-0.00730  	0.02414   	-0.01083  	1.45198   	 (-0.00000  )
1318	-0.00028  	-0.09113  	0.00535   	1.47925   	 (-0.00000  )
1319	0.00725   	0.08367   	0.05905   	1.43990   	 (-0.00000  )
1320	0.07957   	0.02088   	-0.00420  	1.42066   	 (0.00000   )
1321	0.00161   	0.00288   	-0.03805  	1.48877   	 (0.00000   )
1322	0.02391   	0.02050   	0.03093   	1.50209   	 (0.00000   )
1323	-0.02682  	0.04529   	-0.02382  	1.45408   	 (0.00000   )
1324	-0.01921  	0.01005   	-0.03064  	1.50887   	 (0.00000   )
1325	0.00606   	-0.00995  	0.00965   	1.46752   	 (-0.00000  )
1326	-0.02072  	0.01169   	0.03543   	1.48534   	 (-0.00000  )
1327	0.05660   	0.07991   	0.00781   	1.49265   	 (-0.00000  )
1328	-0.02781  	-0.03976  	-0.04685  	1.45793   	 (0.00000   )
1329	-0.01803  	0.02103   	0.02974   	1.45884   	 (-0.00000  )
1330	-0.04193  	-0.06367  	0.07866   	1.43756   	 (0.00000   )
1331	-0.04051  	0.02679   	0.00260   	1.44653   	 (-0.00000  )
1332	0.06338   	0.03179   	-0.03446  	1.57648   	 (-0.00000  )
1333	-0.12014  	0.21767   	0.12361   	1.52654   	 (0.00000   )
1334	-0.08301  	0.00564   	-0.03680  	1.52287   	 (-0.00000  )
1335	0.04316   	-0.12129  	0.03376   	1.48275   	 (0.00000   )
1336	-0.01057  	-0.19796  	-0.12251  	1.51259   	 (-0.00000  )
1337	0.03415   	0.00373   	0.00729   	1.38863   	 (0.00000   )
1338	-0.06671  	-0.05762  	-0.01691  	1.53061   	 (0.00000   )
1339	0.02211   	0.05294   	0.03776   	1.53775   	 (-0.00000  )
1340	-0.00750  	0.00379   	-0.02135  	1.48594   	 (-0.00000  )
1341	0.05855   	0.03088   	0.03123   	1.49670   	 (-0.00000  )
1342	0.00296   	0.01192   	-0.02024  	1.41603   	 (0.00000   )
1343	-0.03144  	-0.10890  	0.02425   	1.47926   	 (-0.00000  )
1344	-0.05560  	0.02406   	0.05123   	1.43876   	 (0.00000   )
1345	0.00422   	-0.01277  	-0.00148  	1.42788   	 (0.00000   )
1346	-0.02868  	0.03465   	-0.04716  	1.46793   	 (0.00000   )
1347	-0.03759  	0.05646   	-0.04883  	1.49389   	 (0.00000   )
1348	0.03580   	-0.03776  	0.02935   	1.52431   	 (-0.00000  )
1349	0.00473   	-0.07032  	0.04267   	1.39107   	 (-0.00000  )
1350	-0.00778  	0.00364   	-0.06012  	1.39564   	 (-0.00000  )
1351	0.02409   	-0.05157  	-0.03590  	1.44198   	 (0.00000   )
1352	-0.01269  	0.03400   	0.07375   	1.45385   	 (0.00000   )
1353	-0.07499  	-0.00778  	0.01721   	1.46172   	 (0.00000   )
1354	0.02335   	0.07815   	-0.00382  	1.42796   	 (-0.00000  )
1355	-0.03012  	-0.01576  	0.00383   	1.38855   	 (0.00000   )
1356	0.08378   	-0.00892  	0.00603   	1.42457   	 (-0.00000  )
1357	0.06591   	-0.03868  	-0.06605  	1.50215   	 (0.00000   )
1358	0.00999   	-0.00303  	0.03199   	1.42573   	 (-0.00000  )
1359	0.00978   	-0.01176  	-0.07609  	1.46044   	 (0.00000   )
1360	0.02681   	-0.00810  	-0.04182  	1.45664   	 (-0.00000  )
1361	0.00209   	-0.04814  	0.00221   	1.50473   	 (0.00000   )
1362	-0.10248  	-0.06682  	0.04126   	1.46383   	 (0.00000   )
1363	-0.01483  	-0.00482  	-0.03809  	1.46271   	 (0.00000   )
1364	-0.01781  	-0.05687  	0.05318   	1.52327   	 (0.00000   )
1365	0.00408   	0.04892   	0.01259   	1.50085   	 (-0.00000  )
1366	-0.01858  	-0.06145  	0.01594   	1.52105   	 (-0.00000  )
1367	0.02714   	0.02246   	-0.01784  	1.51234   	 (-0.00000  )
1368	-0.04335  	0.02182   	-0.00371  	1.48977   	 (-0.00000  )
1369	0.07453   	0.01444   	0.00054   	1.50519   	 (0.00000   )
1370	-0.01951  	0.00037   	0.04225   	1.49095   	 (-0.00000  )
1371	-0.00324  	-0.02846  	-0.04457  	1.50960   	 (-0.00000  )
1372	0.02643   	0.05638   	0.01329   	1.50118   	 (-0.00000  )
1373	-0.02156  	-0.01850  	-0.02858  	1.48264   	 (-0.00000  )
1374	-0.02668  	0.03422   	-0.00687  	1.44022   	 (-0.00000  )
1375	0.01817   	-0.04631  	0.00315   	1.45468   	 (-0.00000  )
1376	-0.00529  	-0.00634  	-0.00377  	1.39628   	 (0.00000   )
1377	-0.03117  	-0.01682  	-0.02046  	1.41113   	 (0.00000   )
1378	0.03322   	-0.04642  	0.02700   	1.52164   	 (0.00000   )
1379	0.01294   	0.01289   	-0.01121  	1.53110   	 (0.00000   )
1380	-0.00514  	-0.00570  	-0.01573  	1.52745   	 (-0.00000  )
1381	0.02797   	-0.04024  	-0.10406  	1.40878   	 (-0.00000  )
1382	0.06540   	-0.01598  	-0.00855  	1.39467   	 (-0.00000  )
1383	-0.04239  	-0.09370  	-0.00542  	1.46961   	 (-0.00000  )
1384	0.04736   	0.07999   	0.04300   	1.44684   	 (0.00000   )
1385	-0.00728  	0.06482   	-0.08314  	1.48703   	 (0.00000   )
1386	0.02581   	0.01775   	0.01515   	1.45111   	 (0.00000   )
1387	0.01925   	0.00458   	-0.00464  	1.43561   	 (-0.00000  )
1388	-0.07508  	0.03180   	0.06154   	1.43093   	 (-0.00000  )
1389	-0.00482  	-0.02634  	0.00082   	1.51650   	 (0.00000   )
1390	-0.06682  	0.00561   	0.08676   	1.50228   	 (0.00000   )
1391	0.00120   	-0.01085  	-0.02694  	1.51481   	 (-0.00000  )
1392	-0.06992  	0.08407   	0.00462   	1.51658   	 (0.00000   )
1393	0.03727   	-0.03469  	-0.06350  	1.52502   	 (0.00000   )
1394	0.05216   	0.00460   	-0.08320  	1.49866   	 (-0.00000  )
1395	-0.07406  	-0.05462  	-0.05950  	1.54386   	 (0.00000   )
1396	0.09907   	0.03318   	0.03527   	1.50466   	 (0.00000   )
1397	0.02900   	-0.00355  	0.04469   	1.46020   	 (-0.00000  )
1398	-0.03086  	-0.03685  	-0.08197  	1.49469   	 (0.00000   )
1399	-0.10891  	-0.08499  	0.05520   	1.58710   	 (-0.00000  )
1400	-0.04011  	0.06958   	-0.03675  	1.58733   	 (0.00000   )
1401	0.09306   	0.03214   	-0.01800  	1.56884   	 (-0.00000  )
1402	0.02006   	-0.02841  	0.01731   	1.45980   	 (0.00000   )
1403	0.02857   	0.00066   	0.00860   	1.48779   	 (-0.00000  )
1404	0.03726   	-0.08279  	-0.00493  	1.50740   	 (0.00000   )
1405	0.00733   	-0.06666  	0.00447   	1.49804   	 (-0.00000  )
1406	0.05933   	-0.00907  	-0.01345  	1.46305   	 (-0.00000  )
1407	0.01230   	-0.07349  	-0.05328  	1.51086   	 (-0.00000  )
1408	-0.07954  	-0.02513  	-0.02343  	1.51763   	 (0.00000   )
1409	0.05961   	-0.04045  	-0.01588  	1.52333   	 (0.00000   )
1410	0.03957   	0.01048   	0.05669   	1.45578   	 (-0.00000  )
1411	0.00891   	-0.03018  	0.02182   	1.50682   	 (-0.00000  )
1412	-0.03429  	0.02118   	0.00553   	1.48057   	 (-0.00000  )
1413	-0.07258  	0.05021   	-0.02482  	1.51668   	 (0.00000   )
1414	0.08367   	-0.03891  	-0.09477  	1.53776   	 (0.00000   )
1415	-0.13407  	-0.00243  	0.07639   	1.48369   	 (-0.00000  )
1416	-0.02766  	0.01636   	0.01808   	1.45937   	 (0.00000   )
1417	0.07576   	0.05066   	-0.02019  	1.49685   	 (-0.00000  )
1418	0.04768   	0.07469   	-0.05474  	1.46402   	 (0.00000   )
1419	-0.06397  	0.13977   	0.05863   	1.52765   	 (-0.00000  )
1420	-0.02327  	0.00513   	-0.05046  	1.48183   	 (0.00000   )
1421	-0.02782  	-0.04828  	-0.00700  	1.49002   	 (0.00000   )
1422	-0.02741  	-0.05804  	0.02134   	1.42774   	 (-0.00000  )
1423	0.00662   	0.01128   	-0.02639  	1.47891   	 (-0.00000  )
1424	-0.00712  	0.02282   	0.00303   	1.46629   	 (-0.00000  )
1425	0.09090   	-0.12718  	0.09239   	1.46221   	 (-0.00000  )
1426	0.02459   	-0.01739  	0.01062   	1.47963   	 (-0.00000  )
1427	-0.07702  	-0.01543  	-0.03586  	1.47951   	 (-0.00000  )
1428	0.08049   	-0.02513  	-0.02209  	1.51789   	 (0.00000   )
1429	-0.02348  	0.15490   	0.11887   	1.52801   	 (0.00000   )
1430	-0.05125  	0.07304   	-0.02697  	1.46809   	 (0.00000   )
1431	0.10121   	-0.05648  	0.07513   	1.49527   	 (0.00000   )
1432	0.00326   	-0.00557  	0.03672   	1.44429   	 (0.00000   )
1433	-0.04925  	-0.02874  	-0.05000  	1.47410   	 (0.00000   )
1434	-0.05689  	0.02276   	0.04942   	1.50305   	 (-0.00000  )
1435	-0.10884  	0.02321   	-0.02021  	1.50198   	 (0.00000   )
1436	0.18584   	0.00463   	0.08391   	1.47945   	 (-0.00000  )
1437	-0.12056  	0.04804   	0.09498   	1.52073   	 (-0.00000  )
1438	0.00288   	0.05230   	-0.09851  	1.46863   	 (-0.00000  )
1439	0.12354   	-0.00810  	-0.00186  	1.52103   	 (0.00000   )
1440	-0.08452  	-0.09420  	-0.07086  	1.48380   	 (-0.00000  )
1441	-0.14014  	-0.08140  	-0.01176  	1.50500   	 (-0.00000  )
1442	0.07980   	0.10107   	-0.03939  	1.51593   	 (0.00000   )
1443	0.04355   	-0.14550  	-0.03708  	1.56956   	 (0.00000   )
1444	-0.12929  	0.06354   	-0.11880  	1.46815   	 (-0.00000  )
1445	0.05535   	-0.03031  	-0.04647  	1.45266   	 (-0.00000  )
1446	-0.25803  	-0.05041  	0.12444   	1.46638   	 (-0.00000  )
1447	0.11209   	0.01180   	-0.08018  	1.44937   	 (0.00000   )
1448	0.18604   	0.00186   	0.10814   	1.46339   	 (-0.00000  )
1449	-0.21371  	0.08227   	0.21223   	1.48091   	 (0.00000   )
1450	-0.02229  	0.01027   	0.01916   	1.48692   	 (0.00000   )
1451	0.25716   	-0.17805  	-0.09410  	1.48736   	 (0.00000   )
1452	-0.00380  	0.06366   	-0.15799  	1.49845   	 (0.00000   )
1453	0.09936   	0.10198   	-0.03875  	1.45477   	 (-0.00000  )
1454	-0.01617  	-0.10030  	-0.06909  	1.45587   	 (-0.00000  )
1455	-0.08873  	-0.01820  	0.14587   	1.43539   	 (0.00000   )
1456	-0.09455  	0.05631   	0.10226   	1.52089   	 (-0.00000  )
1457	-0.19466  	0.06869   	0.02686   	1.56332   	 (0.00000   )
1458	-0.03883  	-0.03603  	-0.12838  	1.50765   	 (-0.00000  )
1459	0.01020   	-0.03206  	0.11553   	1.56204   	 (0.00000   )
1460	0.13363   	-0.11885  	-0.00440  	1.58138   	 (-0.00000  )
1461	-0.00454  	0.08979   	-0.20147  	1.54044   	 (-0.00000  )
1462	-0.09269  	0.03381   	-0.08234  	1.52880   	 (0.00000   )
1463	0.10313   	0.11968   	0.13697   	1.53372   	 (-0.00000  )
1464	-0.02997  	-0.13947  	-0.11593  	1.49678   	 (-0.00000  )
1465	0.09469   	-0.05466  	0.02255   	1.50848   	 (-0.00000  )
1466	0.12820   	0.05958   	-0.00484  	1.46967   	 (0.00000   )
1467	0.00040   	0.06961   	0.14746   	1.44166   	 (0.00000   )
1468	0.01412   	-0.07244  	-0.01521  	1.48298   	 (0.00000   )
1469	-0.09287  	0.01530   	0.00886   	1.39876   	 (-0.00000  )
1470	-0.15600  	-0.06168  	-0.04294  	1.42398   	 (-0.00000  )
1471	0.17551   	0.02280   	-0.02230  	1.42292   	 (-0.00000  )
1472	0.01871   	0.02461   	-0.00237  	1.53752   	 (0.00000   )
1473	-0.08716  	-0.06337  	-0.04529  	1.49832   	 (-0.00000  )
1474	0.03608   	-0.10838  	-0.01240  	1.50284   	 (0.00000   )
1475	-0.00403  	-0.06340  	-0.01929  	1.41090   	 (-0.00000  )
1476	-0.06378  	-0.00835  	0.08471   	1.42394   	 (-0.00000  )
1477	-0.04677  	-0.03664  	-0.10079  	1.42311   	 (-0.00000  )
1478	0.04794   	0.06198   	0.18188   	1.42679   	 (0.00000   )
1479	-0.01342  	0.16234   	-0.03724  	1.40999   	 (-0.00000  )
