0	-2.48349  	 (0.00000   )
1	-1.12083  	 (-0.00000  )
2	-0.86697  	 (-0.00000  )
3	-1.04510  	 (0.00000   )
4	-2.06726  	 (0.00000   )
5	-0.65423  	 (0.00000   )
6	-0.85645  	 (-0.00000  )
7	-1.51704  	 (0.00000   )
8	-1.67528  	 (-0.00000  )
9	-0.26051  	 (0.00000   )
10	-1.23330  	 (-0.00000  )
11	-1.35688  	 (-0.00000  )
12	-1.10500  	 (-0.00000  )
13	-1.20316  	 (0.00000   )
14	-1.50038  	 (-0.00000  )
15	-0.71665  	 (0.00000   )
16	-1.58197  	 (0.00000   )
17	-0.56257  	 (0.00000   )
18	-0.58445  	 (-0.00000  )
19	-0.53689  	 (-0.00000  )
20	-1.14685  	 (-0.00000  )
21	-1.69921  	 (0.00000   )
22	-1.22654  	 (0.00000   )
23	-0.79037  	 (-0.00000  )
24	-1.07005  	 (-0.00000  )
25	-0.59739  	 (0.00000   )
26	-1.13589  	 (0.00000   )
27	-1.65329  	 (0.00000   )
28	-1.26722  	 (-0.00000  )
29	-0.84774  	 (-0.00000  )
30	-1.01716  	 (0.00000   )
31	-0.98146  	 (-0.00000  )
32	-0.25915  	 (0.00000   )
33	-0.90199  	 (0.00000   )
34	-0.80488  	 (0.00000   )
35	-0.52762  	 (0.00000   )
36	-1.13511  	 (-0.00000  )
37	-1.07138  	 (0.00000   )
38	-1.15743  	 (0.00000   )
39	-1.14159  	 (-0.00000  )
40	-0.80307  	 (0.00000   )
41	-1.36069  	 (-0.00000  )
42	-0.44288  	 (-0.00000  )
43	-0.27901  	 (-0.00000  )
44	-0.72930  	 (-0.00000  )
45	-1.08308  	 (0.00000   )
46	-1.19151  	 (0.00000   )
47	-1.34816  	 (-0.00000  )
48	-1.30757  	 (-0.00000  )
49	-1.30723  	 (0.00000   )
50	-0.69819  	 (-0.00000  )
51	-1.07542  	 (-0.00000  )
52	-1.71280  	 (0.00000   )
53	-1.51406  	 (-0.00000  )
54	-1.11863  	 (0.00000   )
55	-1.44569  	 (-0.00000  )
56	-1.02246  	 (-0.00000  )
57	-1.07756  	 (-0.00000  )
58	-1.38422  	 (-0.00000  )
59	-1.52648  	 (0.00000   )
60	-1.00010  	 (-0.00000  )
61	-1.76441  	 (0.00000   )
62	-1.23582  	 (0.00000   )
63	-0.00721  	 (0.00000   )
64	-1.25268  	 (-0.00000  )
65	-0.94235  	 (0.00000   )
66	0.34135   	 (-0.00000  )
67	-1.18743  	 (0.00000   )
68	-0.96580  	 (-0.00000  )
69	-0.77143  	 (-0.00000  )
70	-0.75786  	 (0.00000   )
71	-0.10412  	 (-0.00000  )
72	-0.30549  	 (-0.00000  )
73	-0.33313  	 (0.00000   )
74	-1.15035  	 (0.00000   )
75	-0.52086  	 (-0.00000  )
76	0.06736   	 (-0.00000  )
77	-0.81885  	 (0.00000   )
78	-1.02705  	 (-0.00000  )
79	-0.03665  	 (0.00000   )
80	-0.22299  	 (-0.00000  )
81	-0.76614  	 (-0.00000  )
82	0.93068   	 (-0.00000  )
83	-0.20419  	 (0.00000   )
84	-1.47164  	 (0.00000   )
85	-1.32602  	 (-0.00000  )
86	0.44892   	 (0.00000   )
87	-0.36720  	 (0.00000   )
88	-1.47919  	 (0.00000   )
89	-1.75309  	 (-0.00000  )
90	-0.35938  	 (-0.00000  )
91	-0.36696  	 (-0.00000  )
92	-0.56300  	 (-0.00000  )
93	-0.81662  	 (-0.00000  )
94	-0.58216  	 (-0.00000  )
95	-0.03279  	 (-0.00000  )
96	-1.73071  	 (0.00000   )
97	-1.59736  	 (0.00000   )
98	-0.58353  	 (-0.00000  )
99	-0.96897  	 (-0.00000  )
100	-0.60665  	 (-0.00000  )
101	-1.02489  	 (-0.00000  )
102	-0.33623  	 (-0.00000  )
103	-1.21678  	 (-0.00000  )
104	-0.68443  	 (-0.00000  )
105	-0.46510  	 (0.00000   )
106	-0.90558  	 (0.00000   )
107	-1.27739  	 (0.00000   )
108	-0.37079  	 (-0.00000  )
109	-0.93608  	 (-0.00000  )
110	-0.93969  	 (0.00000   )
111	0.06073   	 (-0.00000  )
112	-0.39156  	 (-0.00000  )
113	-0.68284  	 (0.00000   )
114	-1.87391  	 (0.00000   )
115	-0.94465  	 (-0.00000  )
116	-0.92707  	 (-0.00000  )
117	-0.25578  	 (-0.00000  )
118	-1.68908  	 (0.00000   )
119	-1.62775  	 (-0.00000  )
120	-0.54016  	 (-0.00000  )
121	-0.29701  	 (0.00000   )
122	-0.38924  	 (0.00000   )
123	-0.38166  	 (-0.00000  )
124	-0.25610  	 (0.00000   )
125	-0.70637  	 (-0.00000  )
126	-0.13079  	 (0.00000   )
127	-0.73843  	 (0.00000   )
128	-0.59676  	 (0.00000   )
129	-0.74859  	 (-0.00000  )
130	-0.99883  	 (0.00000   )
131	-1.16786  	 (0.00000   )
132	-1.16703  	 (0.00000   )
133	-0.98881  	 (0.00000   )
134	-0.93188  	 (0.00000   )
135	-1.01195  	 (0.00000   )
136	-0.88851  	 (0.00000   )
137	-1.01344  	 (-0.00000  )
138	-0.69337  	 (0.00000   )
139	-1.09203  	 (0.00000   )
140	-0.97825  	 (0.00000   )
141	-0.89093  	 (0.00000   )
142	-0.84026  	 (0.00000   )
143	-1.08824  	 (-0.00000  )
144	-0.94542  	 (0.00000   )
145	-0.84942  	 (0.00000   )
146	-1.32325  	 (-0.00000  )
147	-0.91955  	 (-0.00000  )
148	-0.92514  	 (0.00000   )
149	-0.84451  	 (0.00000   )
150	-0.10678  	 (-0.00000  )
151	-0.19748  	 (-0.00000  )
152	0.16519   	 (-0.00000  )
153	-0.15616  	 (-0.00000  )
154	-1.27584  	 (0.00000   )
155	-0.09343  	 (-0.00000  )
156	-1.19685  	 (-0.00000  )
157	-1.29112  	 (-0.00000  )
158	-0.87420  	 (0.00000   )
159	-0.66036  	 (-0.00000  )
160	-0.35622  	 (-0.00000  )
161	-0.64805  	 (0.00000   )
162	-0.64721  	 (0.00000   )
163	-0.82137  	 (0.00000   )
164	-0.85437  	 (-0.00000  )
165	-1.04020  	 (0.00000   )
166	-1.36335  	 (-0.00000  )
167	-1.25104  	 (0.00000   )
168	-0.54893  	 (-0.00000  )
169	-1.27087  	 (-0.00000  )
170	-1.43063  	 (-0.00000  )
171	-1.75560  	 (-0.00000  )
172	-0.32079  	 (-0.00000  )
173	-1.31921  	 (0.00000   )
174	-1.06818  	 (0.00000   )
175	-1.43629  	 (0.00000   )
176	-1.68901  	 (0.00000   )
177	-1.28449  	 (0.00000   )
178	-0.82852  	 (0.00000   )
179	-1.35140  	 (0.00000   )
180	-1.23498  	 (0.00000   )
181	-1.45410  	 (0.00000   )
182	-2.11686  	 (-0.00000  )
183	-1.00807  	 (-0.00000  )
184	-0.71788  	 (-0.00000  )
185	-0.43979  	 (-0.00000  )
186	-0.90824  	 (-0.00000  )
187	-0.44803  	 (0.00000   )
188	-1.29343  	 (-0.00000  )
189	-0.56957  	 (0.00000   )
190	-0.58769  	 (0.00000   )
191	-0.79808  	 (0.00000   )
192	-1.04914  	 (0.00000   )
193	-1.38676  	 (0.00000   )
194	-0.75895  	 (-0.00000  )
195	-0.73866  	 (-0.00000  )
196	-0.60163  	 (-0.00000  )
197	-0.39793  	 (-0.00000  )
198	-0.55647  	 (-0.00000  )
199	-0.10604  	 (-0.00000  )
200	-0.96074  	 (0.00000   )
201	-0.87614  	 (-0.00000  )
202	-0.34234  	 (0.00000   )
203	-0.09437  	 (0.00000   )
204	-0.61350  	 (-0.00000  )
205	-0.21439  	 (-0.00000  )
206	-1.24673  	 (0.00000   )
207	-0.29373  	 (0.00000   )
208	-0.74187  	 (-0.00000  )
209	-0.10220  	 (0.00000   )
210	-0.82929  	 (-0.00000  )
211	0.26909   	 (0.00000   )
212	-0.37519  	 (0.00000   )
213	-0.53453  	 (-0.00000  )
214	-0.55745  	 (0.00000   )
215	-0.23489  	 (0.00000   )
216	-0.50090  	 (0.00000   )
217	-0.54278  	 (-0.00000  )
218	-0.19588  	 (0.00000   )
219	-0.29247  	 (0.00000   )
220	-1.16084  	 (-0.00000  )
221	-1.07914  	 (0.00000   )
222	-1.11125  	 (0.00000   )
223	-0.43803  	 (-0.00000  )
224	-0.82192  	 (0.00000   )
225	-0.45001  	 (-0.00000  )
226	-0.39601  	 (0.00000   )
227	0.16531   	 (0.00000   )
228	-0.34929  	 (-0.00000  )
229	0.12431   	 (0.00000   )
230	-1.10864  	 (-0.00000  )
231	-0.32110  	 (0.00000   )
232	-0.08608  	 (-0.00000  )
233	-0.31558  	 (0.00000   )
234	-0.87060  	 (0.00000   )
235	-1.23278  	 (0.00000   )
236	-0.44487  	 (0.00000   )
237	-0.96055  	 (0.00000   )
238	-0.51493  	 (-0.00000  )
239	-1.13944  	 (0.00000   )
240	-0.07038  	 (-0.00000  )
241	-0.65840  	 (0.00000   )
242	-0.87612  	 (-0.00000  )
243	-0.69907  	 (-0.00000  )
244	-0.44340  	 (-0.00000  )
245	0.13326   	 (-0.00000  )
246	-0.04649  	 (0.00000   )
247	-0.34747  	 (0.00000   )
248	-0.41386  	 (-0.00000  )
249	-0.58062  	 (-0.00000  )
250	-0.54174  	 (-0.00000  )
251	-0.24724  	 (-0.00000  )
252	-0.42415  	 (-0.00000  )
253	-0.64557  	 (-0.00000  )
254	-0.84975  	 (0.00000   )
255	-0.98411  	 (-0.00000  )
256	-1.00189  	 (-0.00000  )
257	-0.79736  	 (-0.00000  )
258	-0.69388  	 (-0.00000  )
259	-0.37319  	 (0.00000   )
260	-0.36628  	 (0.00000   )
261	-0.76141  	 (0.00000   )
262	-0.33009  	 (0.00000   )
263	-0.52811  	 (-0.00000  )
264	-0.60511  	 (0.00000   )
265	-0.38656  	 (0.00000   )
266	-0.47507  	 (-0.00000  )
267	-0.19726  	 (0.00000   )
268	-0.59652  	 (0.00000   )
269	-0.46043  	 (0.00000   )
270	-0.70105  	 (-0.00000  )
271	-0.53947  	 (-0.00000  )
272	-0.39059  	 (-0.00000  )
273	-0.52001  	 (0.00000   )
274	-0.18518  	 (-0.00000  )
275	-0.58212  	 (-0.00000  )
276	-0.38494  	 (-0.00000  )
277	-0.61024  	 (-0.00000  )
278	-0.45209  	 (-0.00000  )
279	-0.57239  	 (0.00000   )
280	-0.09660  	 (-0.00000  )
281	-0.23034  	 (-0.00000  )
282	-0.12748  	 (0.00000   )
283	0.16000   	 (0.00000   )
284	-0.11010  	 (0.00000   )
285	-0.26222  	 (-0.00000  )
286	-0.09512  	 (0.00000   )
287	0.21039   	 (-0.00000  )
288	-0.25009  	 (-0.00000  )
289	-0.44435  	 (0.00000   )
290	-0.30818  	 (-0.00000  )
291	-0.34995  	 (0.00000   )
292	0.26223   	 (-0.00000  )
293	-0.13127  	 (-0.00000  )
294	-0.76427  	 (0.00000   )
295	-0.63625  	 (-0.00000  )
296	-0.78240  	 (-0.00000  )
297	-1.44844  	 (-0.00000  )
298	-0.20533  	 (-0.00000  )
299	-0.42009  	 (0.00000   )
300	-0.24984  	 (-0.00000  )
301	-0.22156  	 (-0.00000  )
302	-0.01372  	 (0.00000   )
303	-1.08467  	 (0.00000   )
304	-0.50372  	 (-0.00000  )
305	-1.20659  	 (-0.00000  )
306	-0.91520  	 (0.00000   )
307	-0.75893  	 (0.00000   )
308	-0.94004  	 (0.00000   )
309	-0.52271  	 (-0.00000  )
310	-0.73244  	 (-0.00000  )
311	-0.53866  	 (-0.00000  )
312	-0.74097  	 (-0.00000  )
313	-0.71818  	 (0.00000   )
314	-0.05293  	 (-0.00000  )
315	-0.64643  	 (-0.00000  )
316	0.01201   	 (0.00000   )
317	-0.17832  	 (-0.00000  )
318	0.16521   	 (-0.00000  )
319	-0.85957  	 (0.00000   )
320	-1.17596  	 (-0.00000  )
321	-0.85910  	 (0.00000   )
322	-0.72459  	 (0.00000   )
323	-1.20002  	 (0.00000   )
324	-0.64183  	 (0.00000   )
325	-0.61765  	 (0.00000   )
326	-0.48479  	 (0.00000   )
327	0.03181   	 (0.00000   )
328	-0.40158  	 (0.00000   )
329	-0.77521  	 (0.00000   )
330	-1.09715  	 (0.00000   )
331	-0.05410  	 (-0.00000  )
332	-0.75523  	 (-0.00000  )
333	0.13867   	 (-0.00000  )
334	-1.03099  	 (-0.00000  )
335	-0.66804  	 (0.00000   )
336	-0.86075  	 (-0.00000  )
337	-0.03996  	 (-0.00000  )
338	-0.42353  	 (-0.00000  )
339	-0.10560  	 (0.00000   )
340	-0.16722  	 (0.00000   )
341	-1.23730  	 (-0.00000  )
342	-0.50572  	 (0.00000   )
343	-0.98478  	 (0.00000   )
344	0.13474   	 (0.00000   )
345	-0.02241  	 (-0.00000  )
346	-0.38509  	 (-0.00000  )
347	-1.30519  	 (0.00000   )
348	-0.64917  	 (-0.00000  )
349	0.24948   	 (-0.00000  )
350	-1.12531  	 (0.00000   )
351	-0.64274  	 (0.00000   )
352	-0.63620  	 (0.00000   )
353	-1.02360  	 (0.00000   )
354	-1.21962  	 (-0.00000  )
355	-0.51051  	 (0.00000   )
356	-0.25324  	 (0.00000   )
357	-1.15597  	 (0.00000   )
358	0.11820   	 (0.00000   )
359	-0.51294  	 (0.00000   )
360	-0.65893  	 (0.00000   )
361	-1.07841  	 (0.00000   )
362	-0.67890  	 (-0.00000  )
363	-0.42392  	 (-0.00000  )
364	-0.56760  	 (-0.00000  )
365	-0.61189  	 (-0.00000  )
366	-0.60603  	 (-0.00000  )
367	-0.45895  	 (-0.00000  )
368	-0.28079  	 (-0.00000  )
369	-0.96510  	 (0.00000   )
370	-0.62363  	 (0.00000   )
371	-0.55014  	 (-0.00000  )
372	-0.34135  	 (-0.00000  )
373	-0.19491  	 (0.00000   )
374	-0.64571  	 (0.00000   )
375	-0.37333  	 (-0.00000  )
376	0.13814   	 (-0.00000  )
377	-0.94541  	 (0.00000   )
378	0.13657   	 (-0.00000  )
379	-0.73676  	 (0.00000   )
380	-0.28295  	 (-0.00000  )
381	-0.17012  	 (0.00000   )
382	-1.01276  	 (0.00000   )
383	-1.18114  	 (0.00000   )
384	-0.32258  	 (0.00000   )
385	-0.82231  	 (-0.00000  )
386	-0.80815  	 (-0.00000  )
387	-0.75514  	 (0.00000   )
388	-0.34811  	 (0.00000   )
389	-0.33061  	 (-0.00000  )
390	-0.62838  	 (-0.00000  )
391	-0.86035  	 (0.00000   )
392	-0.74819  	 (-0.00000  )
393	-0.49357  	 (-0.00000  )
394	-0.54514  	 (-0.00000  )
395	-0.34436  	 (-0.00000  )
396	-0.63218  	 (0.00000   )
397	-0.75158  	 (-0.00000  )
398	-0.80252  	 (0.00000   )
399	-0.76509  	 (0.00000   )
400	-1.27522  	 (-0.00000  )
401	-1.04090  	 (0.00000   )
402	-0.89699  	 (0.00000   )
403	-0.25006  	 (0.00000   )
404	-0.15444  	 (-0.00000  )
405	-1.00824  	 (-0.00000  )
406	-1.08327  	 (0.00000   )
407	-0.86714  	 (-0.00000  )
408	-0.59635  	 (0.00000   )
409	-0.73555  	 (-0.00000  )
410	-1.06121  	 (0.00000   )
411	-0.80640  	 (0.00000   )
412	-0.05832  	 (0.00000   )
413	-0.48240  	 (-0.00000  )
414	-0.47543  	 (-0.00000  )
415	-0.35719  	 (-0.00000  )
416	0.45739   	 (0.00000   )
417	0.02014   	 (-0.00000  )
418	0.42498   	 (0.00000   )
419	-0.23408  	 (0.00000   )
420	0.83870   	 (0.00000   )
421	-1.00381  	 (-0.00000  )
422	-0.57146  	 (0.00000   )
423	-1.01329  	 (-0.00000  )
424	0.83660   	 (-0.00000  )
425	0.97065   	 (0.00000   )
426	-0.98124  	 (-0.00000  )
427	0.98013   	 (0.00000   )
428	-0.52276  	 (0.00000   )
429	0.02943   	 (0.00000   )
430	-0.23271  	 (-0.00000  )
431	-1.59569  	 (0.00000   )
432	0.97489   	 (0.00000   )
433	-1.16725  	 (-0.00000  )
434	-1.18116  	 (0.00000   )
435	-1.53331  	 (0.00000   )
436	-0.82931  	 (-0.00000  )
437	1.13845   	 (-0.00000  )
438	-1.48180  	 (0.00000   )
439	0.93795   	 (0.00000   )
440	-1.08344  	 (0.00000   )
441	-0.47199  	 (-0.00000  )
442	-1.43688  	 (0.00000   )
443	0.97249   	 (-0.00000  )
444	-0.60330  	 (0.00000   )
445	-0.88686  	 (0.00000   )
446	-1.63601  	 (0.00000   )
447	-1.03533  	 (-0.00000  )
448	-2.09723  	 (0.00000   )
449	-0.80146  	 (-0.00000  )
450	-1.07135  	 (0.00000   )
451	-0.98549  	 (0.00000   )
452	-0.38000  	 (0.00000   )
453	-1.79231  	 (0.00000   )
454	-0.76489  	 (0.00000   )
455	-0.75980  	 (-0.00000  )
456	-0.79888  	 (0.00000   )
457	-0.54128  	 (0.00000   )
458	-0.77434  	 (0.00000   )
459	-0.75910  	 (0.00000   )
460	-0.11929  	 (-0.00000  )
461	-0.32973  	 (-0.00000  )
462	-0.66596  	 (0.00000   )
463	-0.32372  	 (0.00000   )
464	-0.15975  	 (0.00000   )
465	-0.61334  	 (0.00000   )
466	0.04749   	 (-0.00000  )
467	-0.39753  	 (-0.00000  )
468	-0.41257  	 (0.00000   )
469	-1.16439  	 (0.00000   )
470	-0.13213  	 (0.00000   )
471	-0.67231  	 (-0.00000  )
472	-1.05059  	 (0.00000   )
473	-1.07794  	 (-0.00000  )
474	-0.93822  	 (0.00000   )
475	-0.58637  	 (-0.00000  )
476	-0.34308  	 (0.00000   )
477	-0.67809  	 (0.00000   )
478	-0.61068  	 (-0.00000  )
479	-0.33154  	 (0.00000   )
480	-0.32980  	 (0.00000   )
481	-0.56111  	 (-0.00000  )
482	-0.49185  	 (0.00000   )
483	-0.04046  	 (-0.00000  )
484	-1.12713  	 (-0.00000  )
485	-0.26164  	 (-0.00000  )
486	-0.46883  	 (-0.00000  )
487	0.00851   	 (-0.00000  )
488	0.00890   	 (0.00000   )
489	-0.40161  	 (0.00000   )
490	0.04426   	 (0.00000   )
491	-0.39725  	 (-0.00000  )
492	0.07200   	 (0.00000   )
493	0.21112   	 (-0.00000  )
494	-0.27752  	 (0.00000   )
495	0.20666   	 (0.00000   )
496	-0.53250  	 (0.00000   )
497	0.84203   	 (-0.00000  )
498	-0.44165  	 (-0.00000  )
499	-1.84852  	 (0.00000   )
500	-0.40589  	 (0.00000   )
501	-0.49776  	 (0.00000   )
502	0.17918   	 (-0.00000  )
503	-0.20326  	 (-0.00000  )
504	0.44072   	 (-0.00000  )
505	-0.10439  	 (-0.00000  )
506	-0.33172  	 (-0.00000  )
507	-0.29090  	 (-0.00000  )
508	0.76544   	 (0.00000   )
509	-0.43648  	 (-0.00000  )
510	-0.25378  	 (-0.00000  )
511	-0.26582  	 (0.00000   )
512	-1.49381  	 (-0.00000  )
513	-1.17465  	 (0.00000   )
514	-0.32868  	 (-0.00000  )
515	-0.98993  	 (0.00000   )
516	-1.48609  	 (0.00000   )
517	-0.50344  	 (0.00000   )
518	-0.89002  	 (-0.00000  )
519	0.26060   	 (-0.00000  )
520	-1.01442  	 (-0.00000  )
521	-0.20946  	 (0.00000   )
522	-0.64144  	 (-0.00000  )
523	-0.52602  	 (0.00000   )
524	-0.52770  	 (-0.00000  )
525	-0.28337  	 (0.00000   )
526	0.56660   	 (0.00000   )
527	-0.36314  	 (0.00000   )
528	-0.91345  	 (-0.00000  )
529	-0.64418  	 (-0.00000  )
530	-0.41496  	 (-0.00000  )
531	-0.40926  	 (-0.00000  )
532	-0.75441  	 (0.00000   )
533	-0.97614  	 (0.00000   )
534	-0.62006  	 (-0.00000  )
535	-0.23568  	 (-0.00000  )
536	-0.44812  	 (-0.00000  )
537	-0.19611  	 (-0.00000  )
538	0.13575   	 (0.00000   )
539	-0.22263  	 (0.00000   )
540	-0.05586  	 (-0.00000  )
541	0.13873   	 (-0.00000  )
542	-0.39691  	 (-0.00000  )
543	-1.01553  	 (0.00000   )
544	-0.30826  	 (0.00000   )
545	-0.03215  	 (-0.00000  )
546	-0.92371  	 (-0.00000  )
547	-0.21343  	 (-0.00000  )
548	-0.22006  	 (-0.00000  )
549	-0.35284  	 (0.00000   )
550	-0.40736  	 (0.00000   )
551	-0.51713  	 (0.00000   )
552	-0.42065  	 (-0.00000  )
553	-0.27764  	 (0.00000   )
554	-0.35526  	 (0.00000   )
555	-0.61406  	 (-0.00000  )
556	-0.21282  	 (-0.00000  )
557	0.06870   	 (-0.00000  )
558	-0.10633  	 (-0.00000  )
559	0.12077   	 (0.00000   )
560	0.17077   	 (-0.00000  )
561	-0.21136  	 (-0.00000  )
562	-0.46739  	 (-0.00000  )
563	-0.70378  	 (0.00000   )
564	-1.08665  	 (0.00000   )
565	-0.43711  	 (0.00000   )
566	-1.00726  	 (0.00000   )
567	-0.97339  	 (-0.00000  )
568	-0.29862  	 (0.00000   )
569	-0.32514  	 (-0.00000  )
570	-0.37789  	 (0.00000   )
571	-0.85099  	 (0.00000   )
572	0.29952   	 (0.00000   )
573	0.21426   	 (0.00000   )
574	-0.28000  	 (0.00000   )
575	-0.31564  	 (-0.00000  )
576	-0.08059  	 (-0.00000  )
577	-0.41492  	 (0.00000   )
578	0.08406   	 (0.00000   )
579	0.21984   	 (-0.00000  )
580	-0.27741  	 (-0.00000  )
581	-0.31717  	 (-0.00000  )
582	-0.29434  	 (-0.00000  )
583	0.17977   	 (-0.00000  )
584	0.29876   	 (0.00000   )
585	0.06010   	 (0.00000   )
586	-0.04375  	 (-0.00000  )
587	0.36360   	 (0.00000   )
588	0.21136   	 (-0.00000  )
589	0.13090   	 (0.00000   )
590	-0.26833  	 (-0.00000  )
591	-1.84740  	 (0.00000   )
592	0.44807   	 (-0.00000  )
593	0.74258   	 (0.00000   )
594	0.31738   	 (0.00000   )
595	0.08323   	 (-0.00000  )
596	0.15075   	 (-0.00000  )
597	-1.95368  	 (0.00000   )
598	0.02283   	 (0.00000   )
599	-1.56245  	 (-0.00000  )
600	-1.70428  	 (-0.00000  )
601	0.23703   	 (0.00000   )
602	0.04127   	 (0.00000   )
603	0.07158   	 (-0.00000  )
604	0.24731   	 (0.00000   )
605	0.21572   	 (0.00000   )
606	-0.06318  	 (0.00000   )
607	-1.77746  	 (-0.00000  )
608	0.14133   	 (0.00000   )
609	-1.54698  	 (-0.00000  )
610	0.07087   	 (0.00000   )
611	-0.25673  	 (0.00000   )
612	-0.11312  	 (-0.00000  )
613	-0.03354  	 (-0.00000  )
614	-0.42094  	 (0.00000   )
615	-0.95697  	 (0.00000   )
616	-0.11355  	 (-0.00000  )
617	-0.31015  	 (0.00000   )
618	0.05623   	 (-0.00000  )
619	-1.07678  	 (-0.00000  )
620	-0.56341  	 (0.00000   )
621	-1.20953  	 (-0.00000  )
622	-0.73141  	 (-0.00000  )
623	-1.18451  	 (-0.00000  )
624	-1.30947  	 (0.00000   )
625	0.00689   	 (0.00000   )
626	-0.14706  	 (-0.00000  )
627	-0.00722  	 (-0.00000  )
628	-2.25523  	 (-0.00000  )
629	-0.10239  	 (0.00000   )
630	-0.14378  	 (-0.00000  )
631	-1.81759  	 (0.00000   )
632	-0.52883  	 (-0.00000  )
633	-0.24336  	 (0.00000   )
634	-0.51877  	 (0.00000   )
635	-0.31632  	 (-0.00000  )
636	-0.06824  	 (0.00000   )
637	-0.40768  	 (-0.00000  )
638	-0.17358  	 (-0.00000  )
639	-0.60448  	 (-0.00000  )
640	-0.64056  	 (-0.00000  )
641	-0.31836  	 (-0.00000  )
642	-0.18978  	 (0.00000   )
643	-0.05712  	 (-0.00000  )
644	0.13089   	 (0.00000   )
645	-0.43842  	 (-0.00000  )
646	2.10532   	 (-0.00000  )
647	0.07400   	 (0.00000   )
648	1.84069   	 (-0.00000  )
649	-0.07581  	 (-0.00000  )
650	1.74870   	 (-0.00000  )
651	-0.23113  	 (0.00000   )
652	-0.43424  	 (0.00000   )
653	0.24253   	 (-0.00000  )
654	-0.09504  	 (-0.00000  )
655	0.15725   	 (-0.00000  )
656	1.10939   	 (0.00000   )
657	0.00320   	 (0.00000   )
658	0.45397   	 (0.00000   )
659	0.70332   	 (0.00000   )
660	1.95389   	 (0.00000   )
661	0.02939   	 (0.00000   )
662	0.22185   	 (0.00000   )
663	-0.45150  	 (0.00000   )
664	0.30342   	 (-0.00000  )
665	1.28165   	 (-0.00000  )
666	0.32597   	 (-0.00000  )
667	0.13812   	 (-0.00000  )
668	1.29239   	 (-0.00000  )
669	0.12546   	 (-0.00000  )
670	0.95505   	 (0.00000   )
671	0.08250   	 (0.00000   )
672	-0.58041  	 (-0.00000  )
673	-0.17178  	 (0.00000   )
674	-0.22855  	 (0.00000   )
675	-0.20432  	 (0.00000   )
676	0.61034   	 (0.00000   )
677	0.36944   	 (0.00000   )
678	-0.48149  	 (-0.00000  )
679	-0.80850  	 (0.00000   )
680	-0.39060  	 (-0.00000  )
681	-0.87725  	 (0.00000   )
682	0.95676   	 (0.00000   )
683	0.64723   	 (0.00000   )
684	-0.49154  	 (0.00000   )
685	-0.17712  	 (-0.00000  )
686	-0.56278  	 (-0.00000  )
687	-0.27385  	 (-0.00000  )
688	-0.10895  	 (-0.00000  )
689	-0.02616  	 (0.00000   )
690	-0.59128  	 (0.00000   )
691	-0.57414  	 (0.00000   )
692	-0.39987  	 (-0.00000  )
693	0.01877   	 (-0.00000  )
694	-0.92142  	 (-0.00000  )
695	-0.35264  	 (-0.00000  )
696	-0.56880  	 (0.00000   )
697	-0.65208  	 (-0.00000  )
698	-2.11264  	 (0.00000   )
699	-1.33048  	 (-0.00000  )
700	-0.73669  	 (-0.00000  )
701	-1.25744  	 (-0.00000  )
702	-0.53163  	 (-0.00000  )
703	-1.48410  	 (0.00000   )
704	-1.90081  	 (-0.00000  )
705	0.09075   	 (0.00000   )
706	-1.83946  	 (0.00000   )
707	-1.06491  	 (-0.00000  )
708	0.33850   	 (0.00000   )
709	-1.30577  	 (0.00000   )
710	-1.05337  	 (0.00000   )
711	0.36555   	 (0.00000   )
712	-0.39234  	 (0.00000   )
713	-1.79519  	 (0.00000   )
714	-1.33706  	 (-0.00000  )
715	-0.23849  	 (-0.00000  )
716	-1.35480  	 (-0.00000  )
717	-0.99912  	 (-0.00000  )
718	-0.83538  	 (0.00000   )
719	-0.70291  	 (-0.00000  )
720	-0.65088  	 (0.00000   )
721	-1.12274  	 (0.00000   )
722	-0.75426  	 (0.00000   )
723	-1.49861  	 (-0.00000  )
724	-1.40457  	 (-0.00000  )
725	-0.65975  	 (0.00000   )
726	-1.12018  	 (0.00000   )
727	-0.70503  	 (-0.00000  )
728	-1.67695  	 (-0.00000  )
729	-0.45085  	 (-0.00000  )
730	0.27231   	 (0.00000   )
731	-1.59585  	 (0.00000   )
732	-0.43000  	 (-0.00000  )
733	-0.51881  	 (-0.00000  )
734	-0.64083  	 (0.00000   )
735	-0.83121  	 (-0.00000  )
736	0.13997   	 (0.00000   )
737	-0.32352  	 (-0.00000  )
738	-0.71939  	 (0.00000   )
739	-1.12979  	 (-0.00000  )
740	-0.03648  	 (0.00000   )
741	0.06281   	 (0.00000   )
742	-0.23110  	 (0.00000   )
743	0.01570   	 (-0.00000  )
744	-0.90898  	 (0.00000   )
745	-0.45449  	 (-0.00000  )
746	-0.46675  	 (-0.00000  )
747	-0.35656  	 (0.00000   )
748	-1.06633  	 (-0.00000  )
749	-0.87893  	 (-0.00000  )
750	-0.85515  	 (-0.00000  )
751	0.20473   	 (0.00000   )
752	0.81715   	 (0.00000   )
753	0.29280   	 (0.00000   )
754	-0.54736  	 (-0.00000  )
755	0.08184   	 (0.00000   )
756	-0.23046  	 (0.00000   )
757	2.68761   	 (-0.00000  )
758	-0.25999  	 (0.00000   )
759	1.98065   	 (-0.00000  )
760	1.77409   	 (-0.00000  )
761	-0.47477  	 (0.00000   )
762	-1.43274  	 (0.00000   )
763	0.52918   	 (-0.00000  )
764	-1.41015  	 (0.00000   )
765	0.13204   	 (-0.00000  )
766	-0.23281  	 (0.00000   )
767	-1.73148  	 (-0.00000  )
768	-0.90363  	 (-0.00000  )
769	-0.31431  	 (0.00000   )
770	2.25617   	 (-0.00000  )
771	1.97786   	 (-0.00000  )
772	-0.39833  	 (-0.00000  )
773	0.09039   	 (-0.00000  )
774	0.79569   	 (0.00000   )
775	-0.11560  	 (-0.00000  )
776	-0.42133  	 (-0.00000  )
777	-1.02349  	 (0.00000   )
778	1.30366   	 (0.00000   )
779	-0.10299  	 (-0.00000  )
780	-1.38644  	 (0.00000   )
781	-1.48177  	 (0.00000   )
782	-0.36616  	 (-0.00000  )
783	-0.44351  	 (-0.00000  )
784	-0.41673  	 (0.00000   )
785	-0.28002  	 (0.00000   )
786	1.22711   	 (-0.00000  )
787	-0.17171  	 (-0.00000  )
788	-0.52608  	 (0.00000   )
789	-0.20742  	 (0.00000   )
790	-0.26931  	 (-0.00000  )
791	-0.28816  	 (0.00000   )
792	-0.03779  	 (-0.00000  )
793	-0.08775  	 (-0.00000  )
794	-0.25214  	 (-0.00000  )
795	-0.18288  	 (0.00000   )
796	-0.60531  	 (-0.00000  )
797	-0.56356  	 (-0.00000  )
798	-0.47082  	 (-0.00000  )
799	-0.15638  	 (-0.00000  )
800	-0.63801  	 (0.00000   )
801	0.06472   	 (0.00000   )
802	-0.20008  	 (0.00000   )
803	0.45458   	 (-0.00000  )
804	-0.05694  	 (0.00000   )
805	-0.01088  	 (0.00000   )
806	-0.13184  	 (0.00000   )
807	0.21621   	 (0.00000   )
808	0.07091   	 (-0.00000  )
809	-0.28609  	 (-0.00000  )
810	-0.44275  	 (0.00000   )
811	-0.04404  	 (0.00000   )
812	-0.47990  	 (-0.00000  )
813	0.05742   	 (0.00000   )
814	-0.54297  	 (0.00000   )
815	-0.55411  	 (-0.00000  )
816	-0.48950  	 (-0.00000  )
817	-0.32337  	 (-0.00000  )
818	-0.56724  	 (0.00000   )
819	-0.68168  	 (0.00000   )
820	-1.20434  	 (-0.00000  )
821	-0.59870  	 (-0.00000  )
822	-0.55739  	 (-0.00000  )
823	-1.10328  	 (-0.00000  )
824	-1.00880  	 (0.00000   )
825	-1.34444  	 (-0.00000  )
826	-0.95155  	 (-0.00000  )
827	-0.92956  	 (0.00000   )
828	-0.87859  	 (-0.00000  )
829	-0.41953  	 (-0.00000  )
830	-0.75483  	 (-0.00000  )
831	-0.55779  	 (0.00000   )
832	-0.52437  	 (0.00000   )
833	-0.29007  	 (0.00000   )
834	-0.55404  	 (-0.00000  )
835	-0.59661  	 (-0.00000  )
836	-0.56693  	 (0.00000   )
837	-0.47346  	 (-0.00000  )
838	-0.07021  	 (0.00000   )
839	-0.50854  	 (0.00000   )
840	-0.53124  	 (-0.00000  )
841	-0.63394  	 (0.00000   )
842	-0.51504  	 (-0.00000  )
843	-0.41374  	 (-0.00000  )
844	-0.15976  	 (-0.00000  )
845	-0.24278  	 (-0.00000  )
846	0.21716   	 (0.00000   )
847	0.62886   	 (-0.00000  )
848	0.07771   	 (-0.00000  )
849	0.17234   	 (0.00000   )
850	-0.05180  	 (-0.00000  )
851	-0.24520  	 (0.00000   )
852	-0.13153  	 (0.00000   )
853	-0.23070  	 (-0.00000  )
854	0.12554   	 (-0.00000  )
855	0.07838   	 (-0.00000  )
856	-0.27210  	 (0.00000   )
857	-0.13838  	 (0.00000   )
858	-0.05343  	 (-0.00000  )
859	-0.06700  	 (-0.00000  )
860	-0.23396  	 (0.00000   )
861	-0.27069  	 (0.00000   )
862	-0.34985  	 (-0.00000  )
863	-0.18284  	 (-0.00000  )
864	-0.47346  	 (-0.00000  )
865	-0.33330  	 (0.00000   )
866	-0.01143  	 (0.00000   )
867	-0.11146  	 (0.00000   )
868	-0.21872  	 (0.00000   )
869	-0.41430  	 (0.00000   )
870	-0.07388  	 (0.00000   )
871	-0.12708  	 (-0.00000  )
872	-0.15684  	 (0.00000   )
873	0.07973   	 (-0.00000  )
874	-0.06804  	 (-0.00000  )
875	-0.23568  	 (0.00000   )
876	-0.13504  	 (-0.00000  )
877	0.10472   	 (0.00000   )
878	0.05256   	 (-0.00000  )
879	-0.21537  	 (-0.00000  )
880	0.05218   	 (0.00000   )
881	0.21211   	 (-0.00000  )
882	0.15017   	 (-0.00000  )
883	-0.49267  	 (-0.00000  )
884	0.15822   	 (0.00000   )
885	-0.14710  	 (-0.00000  )
886	-0.23187  	 (-0.00000  )
887	-0.16906  	 (0.00000   )
888	-0.77277  	 (0.00000   )
889	-0.69351  	 (0.00000   )
890	-0.05468  	 (-0.00000  )
891	-0.42763  	 (-0.00000  )
892	0.25396   	 (0.00000   )
893	-0.06860  	 (-0.00000  )
894	-0.46090  	 (-0.00000  )
895	-0.67538  	 (0.00000   )
896	0.14030   	 (0.00000   )
897	0.41649   	 (-0.00000  )
898	0.24753   	 (0.00000   )
899	-0.02032  	 (0.00000   )
900	0.02707   	 (-0.00000  )
901	0.33170   	 (-0.00000  )
902	0.18651   	 (0.00000   )
903	-0.11308  	 (-0.00000  )
904	0.17947   	 (0.00000   )
905	-0.01164  	 (-0.00000  )
906	0.07305   	 (-0.00000  )
907	-0.15893  	 (0.00000   )
908	0.30776   	 (-0.00000  )
909	-0.68151  	 (-0.00000  )
910	0.19237   	 (0.00000   )
911	-0.33335  	 (0.00000   )
912	0.01340   	 (0.00000   )
913	-0.17044  	 (0.00000   )
914	-0.27387  	 (-0.00000  )
915	0.43883   	 (0.00000   )
916	-0.41570  	 (-0.00000  )
917	0.16455   	 (-0.00000  )
918	-0.90144  	 (-0.00000  )
919	-1.26969  	 (-0.00000  )
920	-0.10799  	 (-0.00000  )
921	-0.56534  	 (0.00000   )
922	-0.29134  	 (-0.00000  )
923	0.32006   	 (0.00000   )
924	-0.86907  	 (-0.00000  )
925	-0.45701  	 (0.00000   )
926	-0.19851  	 (0.00000   )
927	-0.11815  	 (0.00000   )
928	-0.46204  	 (0.00000   )
929	-0.01723  	 (0.00000   )
930	0.54949   	 (0.00000   )
931	0.43396   	 (0.00000   )
932	0.35186   	 (0.00000   )
933	0.11878   	 (0.00000   )
934	0.43048   	 (0.00000   )
935	-0.20017  	 (0.00000   )
936	-0.36461  	 (-0.00000  )
937	0.52905   	 (-0.00000  )
938	-0.09571  	 (0.00000   )
939	0.14935   	 (0.00000   )
940	0.11923   	 (0.00000   )
941	-0.03572  	 (0.00000   )
942	0.72383   	 (-0.00000  )
943	-0.57775  	 (-0.00000  )
944	0.26115   	 (0.00000   )
945	0.29851   	 (0.00000   )
946	0.78761   	 (-0.00000  )
947	-0.64355  	 (0.00000   )
948	0.60633   	 (0.00000   )
949	1.07859   	 (0.00000   )
950	0.16955   	 (0.00000   )
951	-0.12244  	 (0.00000   )
952	0.02191   	 (-0.00000  )
953	0.93266   	 (0.00000   )
954	0.32153   	 (-0.00000  )
955	0.31862   	 (-0.00000  )
956	0.82627   	 (0.00000   )
957	0.64261   	 (-0.00000  )
958	0.04216   	 (0.00000   )
959	0.38298   	 (0.00000   )
960	0.07705   	 (-0.00000  )
961	0.84514   	 (0.00000   )
962	0.33211   	 (-0.00000  )
963	0.37494   	 (-0.00000  )
964	-0.03877  	 (-0.00000  )
965	0.05441   	 (0.00000   )
966	0.02403   	 (0.00000   )
967	-0.32186  	 (0.00000   )
968	0.19967   	 (-0.00000  )
969	0.00383   	 (0.00000   )
970	-0.49102  	 (-0.00000  )
971	-0.10981  	 (-0.00000  )
972	-0.57179  	 (-0.00000  )
973	-0.36532  	 (-0.00000  )
974	-0.31587  	 (-0.00000  )
975	0.03610   	 (0.00000   )
976	-0.05443  	 (-0.00000  )
977	0.43674   	 (-0.00000  )
978	-0.54768  	 (0.00000   )
979	-0.23363  	 (-0.00000  )
980	-0.12713  	 (0.00000   )
981	0.38379   	 (-0.00000  )
982	0.16984   	 (0.00000   )
983	0.15461   	 (-0.00000  )
984	0.14309   	 (0.00000   )
985	0.09010   	 (-0.00000  )
986	0.13381   	 (-0.00000  )
987	0.38896   	 (0.00000   )
988	-0.04545  	 (-0.00000  )
989	0.12433   	 (-0.00000  )
990	0.12832   	 (-0.00000  )
991	0.42874   	 (-0.00000  )
992	0.32140   	 (0.00000   )
993	0.00901   	 (0.00000   )
994	0.40089   	 (0.00000   )
995	-0.13953  	 (0.00000   )
996	0.65951   	 (0.00000   )
997	-2.65691  	 (0.00000   )
998	-0.13067  	 (-0.00000  )
999	0.76670   	 (-0.00000  )
1000	-2.14406  	 (0.00000   )
1001	0.21577   	 (0.00000   )
1002	-2.10753  	 (-0.00000  )
1003	-0.07378  	 (0.00000   )
1004	0.10976   	 (0.00000   )
1005	-0.02138  	 (-0.00000  )
1006	0.16360   	 (-0.00000  )
1007	-1.19833  	 (-0.00000  )
1008	0.28316   	 (-0.00000  )
1009	-0.02581  	 (0.00000   )
1010	-0.25027  	 (-0.00000  )
1011	0.25360   	 (0.00000   )
1012	-0.13536  	 (0.00000   )
1013	-0.01090  	 (-0.00000  )
1014	0.16054   	 (0.00000   )
1015	0.13113   	 (0.00000   )
1016	0.24848   	 (0.00000   )
1017	0.35602   	 (-0.00000  )
1018	-0.00153  	 (-0.00000  )
1019	0.07163   	 (-0.00000  )
1020	-0.16465  	 (0.00000   )
1021	0.08731   	 (0.00000   )
1022	-2.46244  	 (-0.00000  )
1023	0.08900   	 (-0.00000  )
1024	0.38470   	 (0.00000   )
1025	-1.90807  	 (0.00000   )
1026	0.50560   	 (-0.00000  )
1027	0.29836   	 (-0.00000  )
1028	-1.74617  	 (-0.00000  )
1029	0.15333   	 (0.00000   )
1030	0.57171   	 (0.00000   )
1031	0.04507   	 (0.00000   )
1032	-1.07054  	 (0.00000   )
1033	0.08430   	 (0.00000   )
1034	0.20976   	 (0.00000   )
1035	0.10236   	 (-0.00000  )
1036	-0.00922  	 (-0.00000  )
1037	0.05619   	 (0.00000   )
1038	-0.52758  	 (-0.00000  )
1039	0.37598   	 (-0.00000  )
1040	-0.33223  	 (0.00000   )
1041	0.03299   	 (-0.00000  )
1042	0.37717   	 (0.00000   )
1043	0.03117   	 (0.00000   )
1044	-0.67050  	 (-0.00000  )
1045	-0.06551  	 (-0.00000  )
1046	-1.17163  	 (0.00000   )
1047	-0.12941  	 (-0.00000  )
1048	-0.14031  	 (0.00000   )
1049	0.07728   	 (-0.00000  )
1050	0.08572   	 (-0.00000  )
1051	-0.14996  	 (0.00000   )
1052	-0.49942  	 (0.00000   )
1053	0.15263   	 (0.00000   )
1054	-0.14716  	 (0.00000   )
1055	-0.25714  	 (-0.00000  )
1056	-0.26263  	 (-0.00000  )
1057	-1.78744  	 (-0.00000  )
1058	-0.25070  	 (-0.00000  )
1059	-1.47896  	 (-0.00000  )
1060	-0.83960  	 (0.00000   )
1061	0.40597   	 (-0.00000  )
1062	-0.49970  	 (-0.00000  )
1063	0.05158   	 (-0.00000  )
1064	-0.46352  	 (-0.00000  )
1065	-0.56086  	 (0.00000   )
1066	-1.40535  	 (0.00000   )
1067	-0.26714  	 (-0.00000  )
1068	-0.97922  	 (0.00000   )
1069	0.06944   	 (-0.00000  )
1070	0.11290   	 (0.00000   )
1071	0.08775   	 (0.00000   )
1072	0.38587   	 (-0.00000  )
1073	-0.64378  	 (-0.00000  )
1074	0.25331   	 (-0.00000  )
1075	-0.27052  	 (-0.00000  )
1076	-0.10952  	 (0.00000   )
1077	-1.87009  	 (-0.00000  )
1078	0.68704   	 (-0.00000  )
1079	-1.70453  	 (0.00000   )
1080	-0.01784  	 (0.00000   )
1081	0.45096   	 (0.00000   )
1082	-0.37431  	 (0.00000   )
1083	1.02896   	 (-0.00000  )
1084	0.74403   	 (-0.00000  )
1085	-0.93047  	 (0.00000   )
1086	0.34040   	 (-0.00000  )
1087	0.38722   	 (0.00000   )
1088	0.21709   	 (0.00000   )
1089	0.41409   	 (-0.00000  )
1090	0.27169   	 (0.00000   )
1091	-0.57920  	 (-0.00000  )
1092	0.16046   	 (0.00000   )
1093	-1.50076  	 (-0.00000  )
1094	0.35097   	 (0.00000   )
1095	0.24791   	 (-0.00000  )
1096	0.37594   	 (-0.00000  )
1097	0.29595   	 (-0.00000  )
1098	-2.09641  	 (0.00000   )
1099	-1.55478  	 (0.00000   )
1100	0.24213   	 (-0.00000  )
1101	-1.81760  	 (-0.00000  )
1102	0.50322   	 (0.00000   )
1103	0.41196   	 (0.00000   )
1104	0.59546   	 (0.00000   )
1105	-0.00475  	 (-0.00000  )
1106	0.52964   	 (-0.00000  )
1107	0.05475   	 (-0.00000  )
1108	-0.41744  	 (-0.00000  )
1109	-2.02180  	 (-0.00000  )
1110	-2.06489  	 (-0.00000  )
1111	1.12086   	 (-0.00000  )
1112	-0.82110  	 (0.00000   )
1113	-0.38122  	 (-0.00000  )
1114	0.05712   	 (0.00000   )
1115	0.80505   	 (0.00000   )
1116	-0.70416  	 (0.00000   )
1117	0.79978   	 (-0.00000  )
1118	0.88017   	 (-0.00000  )
1119	0.20486   	 (0.00000   )
1120	0.61643   	 (0.00000   )
1121	0.10685   	 (-0.00000  )
1122	-0.00898  	 (0.00000   )
1123	-2.43593  	 (0.00000   )
1124	0.15259   	 (0.00000   )
1125	-1.75821  	 (-0.00000  )
1126	-0.93715  	 (0.00000   )
1127	-0.29777  	 (0.00000   )
1128	0.08344   	 (-0.00000  )
1129	-0.44663  	 (-0.00000  )
1130	0.78503   	 (0.00000   )
1131	0.54507   	 (-0.00000  )
1132	0.96657   	 (-0.00000  )
1133	1.00347   	 (-0.00000  )
1134	0.94575   	 (-0.00000  )
1135	0.79982   	 (-0.00000  )
1136	0.79911   	 (-0.00000  )
1137	0.12531   	 (0.00000   )
1138	-0.36947  	 (0.00000   )
1139	-0.44223  	 (-0.00000  )
1140	-1.05149  	 (0.00000   )
1141	0.19583   	 (-0.00000  )
1142	-0.00952  	 (0.00000   )
1143	0.62478   	 (-0.00000  )
1144	-0.51691  	 (0.00000   )
1145	-0.26236  	 (0.00000   )
1146	0.60363   	 (-0.00000  )
1147	-0.64230  	 (0.00000   )
1148	0.47560   	 (0.00000   )
1149	-0.81229  	 (0.00000   )
1150	-1.04733  	 (0.00000   )
1151	-0.28899  	 (-0.00000  )
1152	-0.00628  	 (0.00000   )
1153	0.47796   	 (0.00000   )
1154	-0.24936  	 (0.00000   )
1155	-0.80947  	 (-0.00000  )
1156	-0.91616  	 (0.00000   )
1157	-0.33555  	 (0.00000   )
1158	-0.31366  	 (0.00000   )
1159	-0.97815  	 (0.00000   )
1160	-1.55057  	 (0.00000   )
1161	-0.97571  	 (0.00000   )
1162	-0.48799  	 (0.00000   )
1163	-0.60636  	 (0.00000   )
1164	-0.49031  	 (0.00000   )
1165	-0.19476  	 (0.00000   )
1166	0.26018   	 (-0.00000  )
1167	-0.49576  	 (-0.00000  )
1168	0.14207   	 (0.00000   )
1169	-0.74294  	 (-0.00000  )
1170	-0.64986  	 (-0.00000  )
1171	-0.55911  	 (-0.00000  )
1172	1.22214   	 (-0.00000  )
1173	-0.51478  	 (0.00000   )
1174	0.66926   	 (0.00000   )
1175	0.04241   	 (-0.00000  )
1176	-0.60080  	 (0.00000   )
1177	-0.50201  	 (0.00000   )
1178	-0.33435  	 (-0.00000  )
1179	0.52920   	 (0.00000   )
1180	0.41341   	 (-0.00000  )
1181	-0.41876  	 (0.00000   )
1182	0.05872   	 (0.00000   )
1183	0.12940   	 (0.00000   )
1184	-1.46009  	 (0.00000   )
1185	-1.54783  	 (0.00000   )
1186	0.68630   	 (-0.00000  )
1187	0.59103   	 (-0.00000  )
1188	-0.48486  	 (0.00000   )
1189	-0.20371  	 (-0.00000  )
1190	-0.21186  	 (0.00000   )
1191	-0.02757  	 (0.00000   )
1192	-0.96238  	 (0.00000   )
1193	-0.73116  	 (0.00000   )
1194	1.12350   	 (-0.00000  )
1195	-1.03495  	 (0.00000   )
1196	0.47501   	 (-0.00000  )
1197	-0.17999  	 (0.00000   )
1198	-0.62378  	 (0.00000   )
1199	-0.99141  	 (0.00000   )
1200	0.65759   	 (-0.00000  )
1201	-1.09096  	 (-0.00000  )
1202	0.40229   	 (0.00000   )
1203	0.72502   	 (-0.00000  )
1204	-0.16439  	 (0.00000   )
1205	0.18035   	 (-0.00000  )
1206	-1.53636  	 (0.00000   )
1207	-0.40625  	 (0.00000   )
1208	-0.24410  	 (0.00000   )
1209	-1.10329  	 (0.00000   )
1210	-0.42886  	 (-0.00000  )
1211	-0.24366  	 (-0.00000  )
1212	-0.81637  	 (0.00000   )
1213	0.24632   	 (0.00000   )
1214	-0.01600  	 (0.00000   )
1215	0.39286   	 (-0.00000  )
1216	-0.04341  	 (-0.00000  )
1217	-0.34994  	 (0.00000   )
1218	-0.51262  	 (-0.00000  )
1219	-1.09767  	 (-0.00000  )
1220	0.84564   	 (0.00000   )
1221	-1.02698  	 (-0.00000  )
1222	0.66758   	 (-0.00000  )
1223	-0.99021  	 (-0.00000  )
1224	-0.43306  	 (-0.00000  )
1225	-0.83436  	 (0.00000   )
1226	0.10074   	 (-0.00000  )
1227	0.79622   	 (-0.00000  )
1228	1.03140   	 (-0.00000  )
1229	0.77179   	 (0.00000   )
1230	0.97327   	 (-0.00000  )
1231	0.75097   	 (-0.00000  )
1232	0.60364   	 (0.00000   )
1233	0.37721   	 (-0.00000  )
1234	0.55203   	 (0.00000   )
1235	0.58405   	 (-0.00000  )
1236	0.93203   	 (0.00000   )
1237	0.39662   	 (0.00000   )
1238	0.58430   	 (-0.00000  )
1239	0.35023   	 (0.00000   )
1240	0.29766   	 (0.00000   )
1241	0.76630   	 (0.00000   )
1242	0.51148   	 (-0.00000  )
1243	0.41615   	 (-0.00000  )
1244	-0.63357  	 (-0.00000  )
1245	0.86147   	 (0.00000   )
1246	0.03694   	 (-0.00000  )
1247	0.84907   	 (0.00000   )
1248	0.93353   	 (-0.00000  )
1249	0.42539   	 (-0.00000  )
1250	0.16002   	 (0.00000   )
1251	0.21090   	 (0.00000   )
1252	0.72553   	 (-0.00000  )
1253	0.66845   	 (0.00000   )
1254	0.31748   	 (-0.00000  )
1255	0.76044   	 (-0.00000  )
1256	0.62492   	 (0.00000   )
1257	0.47996   	 (0.00000   )
1258	0.18670   	 (-0.00000  )
1259	-0.29823  	 (0.00000   )
1260	-0.04852  	 (0.00000   )
1261	0.24479   	 (0.00000   )
1262	0.51016   	 (0.00000   )
1263	0.65831   	 (-0.00000  )
1264	0.09958   	 (-0.00000  )
1265	0.40089   	 (0.00000   )
1266	-0.18832  	 (0.00000   )
1267	0.84386   	 (-0.00000  )
1268	0.91843   	 (-0.00000  )
1269	-0.47763  	 (0.00000   )
1270	0.40336   	 (0.00000   )
1271	0.58632   	 (-0.00000  )
1272	0.35063   	 (-0.00000  )
1273	0.38074   	 (-0.00000  )
1274	0.11075   	 (0.00000   )
1275	1.34002   	 (0.00000   )
1276	0.13362   	 (0.00000   )
1277	0.43881   	 (0.00000   )
1278	0.30517   	 (0.00000   )
1279	1.00028   	 (0.00000   )
1280	-0.92434  	 (-0.00000  )
1281	-1.08250  	 (-0.00000  )
1282	-1.38283  	 (-0.00000  )
1283	-1.07009  	 (-0.00000  )
1284	0.02944   	 (0.00000   )
1285	0.54842   	 (0.00000   )
1286	0.34773   	 (-0.00000  )
1287	1.45139   	 (0.00000   )
1288	-0.44906  	 (0.00000   )
1289	0.21533   	 (-0.00000  )
1290	0.49623   	 (0.00000   )
1291	0.32178   	 (0.00000   )
1292	-0.12307  	 (-0.00000  )
1293	-0.05705  	 (0.00000   )
1294	0.39742   	 (0.00000   )
1295	0.49490   	 (0.00000   )
1296	0.58349   	 (0.00000   )
1297	0.93845   	 (0.00000   )
1298	-0.06896  	 (0.00000   )
1299	0.14008   	 (-0.00000  )
1300	-0.08179  	 (-0.00000  )
1301	-0.37087  	 (0.00000   )
1302	-0.38345  	 (-0.00000  )
1303	-1.20757  	 (-0.00000  )
1304	-0.16971  	 (0.00000   )
1305	0.19233   	 (-0.00000  )
1306	0.08735   	 (0.00000   )
1307	-0.67866  	 (0.00000   )
1308	-0.11698  	 (0.00000   )
1309	-0.49630  	 (0.00000   )
1310	-1.06046  	 (0.00000   )
1311	0.42523   	 (-0.00000  )
1312	0.78131   	 (0.00000   )
1313	0.06123   	 (0.00000   )
1314	-0.74522  	 (0.00000   )
1315	0.16829   	 (-0.00000  )
1316	-0.51538  	 (0.00000   )
1317	-0.58799  	 (-0.00000  )
1318	-0.07010  	 (-0.00000  )
1319	0.41451   	 (0.00000   )
1320	1.03466   	 (0.00000   )
1321	0.86001   	 (-0.00000  )
1322	0.82819   	 (0.00000   )
1323	0.67218   	 (-0.00000  )
1324	0.41387   	 (-0.00000  )
1325	1.34550   	 (-0.00000  )
1326	0.34136   	 (-0.00000  )
1327	0.30692   	 (-0.00000  )
1328	1.55919   	 (-0.00000  )
1329	0.41969   	 (0.00000   )
1330	0.93126   	 (-0.00000  )
1331	1.06366   	 (-0.00000  )
1332	1.19318   	 (0.00000   )
1333	1.43004   	 (0.00000   )
1334	0.97197   	 (0.00000   )
1335	0.48553   	 (-0.00000  )
1336	0.85019   	 (-0.00000  )
1337	0.41187   	 (-0.00000  )
1338	1.73206   	 (0.00000   )
1339	0.44782   	 (-0.00000  )
1340	0.39776   	 (-0.00000  )
1341	0.42875   	 (-0.00000  )
1342	1.35262   	 (0.00000   )
1343	0.72364   	 (-0.00000  )
1344	1.21364   	 (-0.00000  )
1345	0.23724   	 (-0.00000  )
1346	1.45524   	 (0.00000   )
1347	1.58751   	 (-0.00000  )
1348	1.73573   	 (-0.00000  )
1349	1.57710   	 (-0.00000  )
1350	1.51054   	 (0.00000   )
1351	1.50885   	 (0.00000   )
1352	0.97015   	 (-0.00000  )
1353	1.14223   	 (-0.00000  )
1354	1.42726   	 (-0.00000  )
1355	1.20214   	 (0.00000   )
1356	1.32855   	 (-0.00000  )
1357	1.52412   	 (0.00000   )
1358	1.35995   	 (0.00000   )
1359	2.11736   	 (0.00000   )
1360	1.77485   	 (0.00000   )
1361	1.25417   	 (-0.00000  )
1362	2.55869   	 (0.00000   )
1363	1.61172   	 (0.00000   )
1364	1.75171   	 (0.00000   )
1365	0.59820   	 (0.00000   )
1366	0.91931   	 (-0.00000  )
1367	0.79542   	 (-0.00000  )
1368	0.27265   	 (0.00000   )
1369	0.84933   	 (-0.00000  )
1370	0.93546   	 (0.00000   )
1371	0.68806   	 (0.00000   )
1372	1.44488   	 (0.00000   )
1373	0.17607   	 (0.00000   )
1374	0.76666   	 (0.00000   )
1375	0.91211   	 (0.00000   )
1376	0.21868   	 (-0.00000  )
1377	0.79437   	 (-0.00000  )
1378	0.77271   	 (-0.00000  )
1379	0.35736   	 (-0.00000  )
1380	1.52151   	 (-0.00000  )
1381	0.59999   	 (0.00000   )
1382	0.21229   	 (-0.00000  )
1383	0.83512   	 (0.00000   )
1384	0.65398   	 (-0.00000  )
1385	0.82284   	 (-0.00000  )
1386	0.71787   	 (0.00000   )
1387	0.64436   	 (-0.00000  )
1388	0.55871   	 (0.00000   )
1389	-0.13185  	 (-0.00000  )
1390	0.93406   	 (-0.00000  )
1391	0.74112   	 (-0.00000  )
1392	1.02176   	 (0.00000   )
1393	0.92984   	 (0.00000   )
1394	0.07080   	 (-0.00000  )
1395	-0.09482  	 (-0.00000  )
1396	0.53752   	 (0.00000   )
1397	0.40785   	 (0.00000   )
1398	0.02571   	 (0.00000   )
1399	-0.16196  	 (0.00000   )
1400	0.13992   	 (-0.00000  )
1401	-0.23534  	 (-0.00000  )
1402	0.35918   	 (-0.00000  )
1403	-0.27550  	 (0.00000   )
1404	1.49263   	 (-0.00000  )
1405	1.35326   	 (0.00000   )
1406	0.66164   	 (0.00000   )
1407	0.87642   	 (0.00000   )
1408	0.86547   	 (-0.00000  )
1409	2.04002   	 (-0.00000  )
1410	1.56365   	 (-0.00000  )
1411	1.08539   	 (-0.00000  )
1412	1.63684   	 (-0.00000  )
1413	1.47044   	 (0.00000   )
1414	1.69294   	 (0.00000   )
1415	1.70700   	 (0.00000   )
1416	-0.99576  	 (0.00000   )
1417	-1.57447  	 (-0.00000  )
1418	0.09065   	 (0.00000   )
1419	-0.06229  	 (-0.00000  )
1420	2.15154   	 (-0.00000  )
1421	2.07838   	 (-0.00000  )
1422	1.68505   	 (-0.00000  )
1423	2.00039   	 (-0.00000  )
1424	1.95177   	 (0.00000   )
1425	1.39275   	 (0.00000   )
1426	1.24242   	 (0.00000   )
1427	1.25539   	 (-0.00000  )
1428	1.65189   	 (-0.00000  )
1429	0.94118   	 (0.00000   )
1430	1.29049   	 (-0.00000  )
1431	1.57996   	 (-0.00000  )
1432	1.35746   	 (-0.00000  )
1433	1.23698   	 (0.00000   )
1434	1.17724   	 (-0.00000  )
1435	0.23955   	 (-0.00000  )
1436	0.79265   	 (0.00000   )
1437	-0.69186  	 (-0.00000  )
1438	-0.42081  	 (0.00000   )
1439	-0.36160  	 (0.00000   )
1440	-0.26873  	 (0.00000   )
1441	-0.22379  	 (-0.00000  )
1442	-0.14820  	 (0.00000   )
