0 -0.266747890693667 4.29234e-07
1 -0.266747890693599 4.85518e-07
2 -0.266110253833771 4.26135e-07
3 -0.266110253833612 6.33945e-07
4 -0.265992920235094 3.60315e-07
5 -0.26599292023504 5.18953e-07
6 -0.264628041243061 2.29158e-07
7 -0.264628041243019 4.41647e-07
8 -0.264605350066909 2.99069e-07
9 -0.264605350066838 4.5537e-07
10 -0.264354757475592 2.8415e-07
11 -0.264354757475407 3.28692e-07
12 -0.264276636727784 3.52705e-07
13 -0.264276636727623 4.22915e-07
14 -0.263790359581557 3.7498e-07
15 -0.263790359581442 2.57881e-07
16 -0.263490253602205 2.30938e-07
17 -0.263490253602169 1.93357e-07
18 -0.262328311618235 2.68143e-07
19 -0.262328311618186 2.67599e-07
20 -0.261563619271759 2.07917e-07
21 -0.261563619271691 2.32137e-07
22 -0.261435643064493 1.8428e-07
23 -0.261435643064418 2.69743e-07
24 -0.260924295490746 2.83196e-07
25 -0.260924295490635 2.1332e-07
26 -0.26057632042824 2.78277e-07
27 -0.260576320428177 2.46939e-07
28 -0.260307307460277 1.84881e-07
29 -0.260307307460096 2.31927e-07
30 -0.26026151290944 1.81395e-07
31 -0.260261512909377 2.30998e-07
32 -0.258380057487096 2.00544e-07
33 -0.258380057487041 2.45276e-07
34 -0.257768411833021 2.50787e-07
35 -0.257768411832983 2.34812e-07
36 -0.257343545792255 3.05247e-07
37 -0.257343545792187 2.50205e-07
38 -0.257263162416362 1.9744e-07
39 -0.257263162416245 2.77203e-07
40 -0.257093250677064 1.99955e-07
41 -0.257093250677012 2.52771e-07
42 -0.256151685094298 2.00405e-07
43 -0.256151685094231 2.64181e-07
44 -0.256114001845964 2.18367e-07
45 -0.256114001845904 2.72125e-07
46 -0.255474525775011 1.95746e-07
47 -0.255474525774943 2.22678e-07
48 -0.255459845300291 1.82615e-07
49 -0.255459845300142 2.36519e-07
50 -0.254511077278306 2.54031e-07
51 -0.254511077278156 2.49483e-07
52 -0.252519529607525 2.59704e-07
53 -0.252519529607262 1.99329e-07
54 -0.252483247241989 1.41316e-07
55 -0.252483247241853 2.38302e-07
56 -0.252460583461921 2.52799e-07
57 -0.25246058346178 1.6945e-07
58 -0.252145572481326 2.16644e-07
59 -0.252145572481187 2.11982e-07
60 -0.251620644103474 2.36754e-07
61 -0.251620644103418 1.91264e-07
62 -0.249889172751277 1.53009e-07
63 -0.249889172751137 1.57655e-07
64 -0.24956178353381 1.11852e-07
65 -0.249561783533699 1.99329e-07
66 -0.24717523398467 1.8233e-07
67 -0.247175233984582 1.75781e-07
68 -0.247164215832612 8.53165e-08
69 -0.247164215832504 2.11375e-07
70 -0.245557388060397 1.81586e-07
71 -0.245557388060378 1.24421e-07
72 -0.244751429079612 1.35295e-07
73 -0.244751429079472 2.06661e-07
74 -0.240883700937327 1.02055e-07
75 -0.240883700937082 1.77431e-07
76 -0.240507140673914 1.3126e-07
77 -0.240507140673695 1.5276e-07
78 -0.235602721123348 1.19993e-07
79 -0.235602721122953 9.76069e-08
80 -0.148411884464687 5.19875e-08
81 -0.148411884464321 7.33088e-08
82 -0.142164214492102 1.33019e-08
83 -0.142164214491872 5.51293e-08
84 -0.141832386026164 4.0036e-08
85 -0.141832386026088 2.23517e-08
86 -0.139267825532804 3.2262e-08
87 -0.139267825532728 2.81253e-08
88 -0.135836939051707 5.13158e-08
89 -0.135836939051664 4.7816e-08
90 -0.135785531404561 4.19405e-08
91 -0.135785531404484 3.6118e-08
92 -0.134866312102932 1.99746e-08
93 -0.134866312102875 3.56831e-08
94 -0.133388032417723 3.03788e-08
95 -0.133388032417663 3.04928e-08
96 -0.132281232887815 1.77685e-08
97 -0.132281232887706 1.40627e-08
98 -0.131947741633413 4.26786e-08
99 -0.131947741633352 2.58767e-08
100 -0.13142311445057 3.3424e-08
101 -0.131423114450518 5.26506e-08
102 -0.131367992400202 3.95565e-08
103 -0.131367992400165 5.5443e-08
104 -0.12860845229515 6.13826e-08
105 -0.128608452295111 1.00307e-08
106 -0.128602645282353 4.27192e-08
107 -0.128602645282342 4.92457e-08
108 -0.128311181980572 4.20232e-08
109 -0.128311181980528 3.89823e-08
110 -0.12775664852286 6.96938e-09
111 -0.127756648522809 1.31709e-08
112 -0.126024997470919 2.83098e-08
113 -0.126024997470844 3.09446e-08
114 -0.125745728136371 2.47809e-08
115 -0.125745728136312 3.17743e-08
116 -0.125168688530074 2.57423e-08
117 -0.125168688530005 3.30062e-08
118 -0.125047418084037 3.35276e-08
119 -0.125047418083969 3.95127e-08
120 -0.123627252122079 3.18833e-08
121 -0.123627252122023 3.9182e-08
122 -0.123340014710478 1.02021e-08
123 -0.123340014710431 3.48469e-09
124 -0.123263747885811 2.97441e-08
125 -0.12326374788574 1.20713e-08
126 -0.120396746030516 1.91771e-08
127 -0.120396746030474 3.58045e-08
128 -0.120320022623749 3.70662e-08
129 -0.12032002262371 1.30385e-08
130 -0.120295177410589 3.0293e-08
131 -0.120295177410554 4.83571e-08
132 -0.120270992099117 2.85842e-08
133 -0.120270992099078 3.71129e-08
134 -0.120243896009733 2.3376e-08
135 -0.120243896009716 4.01874e-08
136 -0.118516744931892 2.29642e-08
137 -0.118516744931854 2.61766e-08
138 -0.118436265716056 2.97732e-08
139 -0.118436265716006 1.82025e-08
