   168.055
   168.368
   167.591
   168.367
   170.874
   158.899
   158.279
   175.206
   174.631
   159.005
   158.790
   176.701
   174.142
   158.872
   158.212
   177.552
   174.323
   169.483
   159.232
   177.026
   176.357
   176.851
   168.812
   170.265
   175.598
   159.571
   161.432
   166.132
   152.704
   158.150
   162.656
   168.438
   172.754
   172.731
   167.605
   164.966
   156.776
   159.946
   161.500
   164.568
   157.224
   160.360
   161.387
   169.905
   168.598
   166.690
   167.152
   165.175
   157.527
   159.290
   161.211
   162.921
   155.840
   158.663
   160.792
   170.443
   167.912
   166.488
   166.338
   162.970
   155.935
   170.174
   168.079
   173.269
   160.869
   162.109
   164.838
   170.301
   167.663
   169.574
   169.780
   168.993
   177.450
   171.141
   161.412
   164.912
   172.807
   164.363
   167.183
   163.844
   174.696
   166.067
   165.089
   163.824
   174.706
   165.857
   169.391
   168.902
   176.650
   170.690
   170.212
   158.779
   157.730
   177.848
   173.400
   157.734
   158.103
   177.767
   172.373
   159.392
   157.509
   177.143
   172.965
   169.063
   157.167
   178.471
   175.774
   175.511
   179.443
   170.893
   174.229
   153.577
   157.258
   160.993
   152.059
   153.870
   154.849
   172.273
   174.301
   168.069
   164.391
   164.308
   156.384
   153.782
   157.344
   165.974
   157.292
   154.840
   158.028
   167.371
   166.743
   163.477
   163.114
   164.783
   156.309
   155.744
   158.018
   164.465
   156.081
   153.413
   156.455
   166.405
   164.770
   163.612
   163.437
   166.824
   157.912
   168.033
   171.066
   164.921
   156.432
   152.776
   156.644
   166.423
   167.046
   168.249
   169.263
   170.901
   178.454
   178.698
   175.330
   172.845
   170.895
   151.144
   154.432
   148.074
   148.889
   151.778
   153.024
   177.183
   175.597
   165.220
   168.542
   152.571
   150.331
   151.941
   155.457
   153.944
   151.985
   152.604
   156.275
   169.753
   164.991
   161.762
   162.508
   153.313
   150.970
   152.957
   155.945
   152.492
   150.668
   151.443
   154.702
   167.658
   163.420
   161.785
   162.517
   153.424
   152.048
   167.727
   166.944
   154.895
   151.767
   150.846
   154.615
   168.955
   165.364
   168.768
   171.093
   178.391
   179.580
   179.328
   170.339
   174.250
   172.746
   156.517
   158.415
   150.665
   148.579
   155.067
   157.855
   177.684
   172.215
   167.285
   168.586
   155.261
   151.382
   156.526
   157.987
   157.298
   152.551
   157.485
   158.565
   176.669
   166.698
   161.938
   163.874
   156.135
   151.769
   158.423
   159.545
   155.664
   151.482
   155.931
   157.736
   176.189
   165.888
   162.297
   163.930
   156.867
   153.061
   171.834
   169.068
   157.172
   152.431
   155.178
   157.864
   177.854
   166.010
   170.999
   166.900
   177.104
   179.417
   170.847
   162.681
   164.506
   173.837
   165.018
   165.887
   162.876
   172.934
   164.464
   164.246
   163.203
   173.412
   167.422
   164.537
   168.743
   176.067
   170.998
   170.187
   161.073
   157.479
   177.505
   174.794
   159.292
   159.360
   177.100
   173.716
   160.031
   159.125
   176.557
   174.280
   169.013
   157.821
   178.592
   176.110
   175.602
   179.265
   170.892
   175.086
   154.813
   157.664
   162.161
   152.525
   154.160
   155.023
   172.764
   173.865
   167.927
   164.697
   167.138
   158.733
   154.035
   156.938
   166.658
   157.742
   154.898
   157.674
   167.075
   165.443
   162.427
   162.661
   165.572
   157.077
   155.748
   158.390
   165.216
   156.840
   153.658
   156.433
   166.154
   164.036
   162.945
   162.957
   167.252
   158.161
   167.981
   172.473
   165.165
   156.909
   152.915
   155.124
   166.181
   166.517
   167.307
   168.498
   170.891
   177.309
   179.242
   178.171
   171.807
   171.103
   151.007
   150.877
   149.332
   150.058
   152.731
   152.330
   175.181
   170.675
   164.753
   167.401
   152.249
   151.436
   151.010
   151.724
   152.698
   151.981
   151.414
   152.076
   163.959
   162.755
   162.107
   161.914
   152.114
   151.693
   152.416
   152.796
   151.980
   151.461
   150.882
   151.270
   162.936
   161.829
   162.208
   162.440
   153.188
   152.814
   167.940
   168.892
   152.617
   152.260
   150.102
   150.058
   165.428
   164.443
   169.634
   171.509
   179.605
   178.265
   179.068
   177.968
   168.843
   169.403
   150.476
   150.386
   149.451
   150.550
   153.017
   152.493
   171.689
   171.189
   164.739
   164.842
   149.976
   151.071
   150.922
   150.734
   150.832
   151.141
   150.985
   151.317
   163.072
   162.699
   162.513
   162.089
   150.404
   151.234
   151.976
   152.320
   150.266
   151.128
   150.759
   150.535
   161.619
   161.854
   162.805
   162.308
   151.347
   151.866
   168.059
   168.617
   150.901
   151.927
   149.597
   149.967
   164.490
   164.655
   170.358
   169.396
   178.658
   178.110
   178.833
   174.828
   169.684
   169.461
   150.804
   153.591
   149.771
   149.784
   152.538
   154.487
   173.480
   175.284
   165.222
   164.497
   150.760
   150.531
   151.844
   153.422
   151.962
   151.214
   152.006
   154.445
   165.734
   163.896
   162.211
   162.052
   151.516
   150.862
   152.789
   155.759
   151.250
   150.670
   151.316
   153.046
   164.211
   163.097
   162.416
   162.130
   152.839
   151.453
   167.898
   167.850
   151.930
   151.758
   149.931
   152.541
   166.569
   165.217
   169.710
   169.279
   179.356
   178.558
   179.753
   170.200
   174.343
   172.231
   158.587
   159.366
   152.816
   149.502
   154.371
   157.613
   177.723
   172.567
   167.712
   167.859
   157.271
   153.055
   156.898
   157.766
   157.385
   153.128
   157.584
   157.963
   177.675
   167.196
   162.328
   163.166
   156.502
   152.709
   158.400
   159.577
   156.116
   152.423
   156.204
   157.412
   177.214
   166.062
   162.655
   163.310
   158.307
   153.576
   171.708
   168.931
   156.503
   153.216
   155.210
   157.188
   178.671
   165.996
   171.638
   167.388
   177.692
   179.253
   170.815
   161.908
   164.536
   173.788
   169.189
   167.104
   162.214
   172.189
   166.103
   165.797
   162.511
   172.841
   168.092
   165.646
   168.029
   175.456
   170.857
   168.229
   166.334
   163.271
   176.713
   169.901
   164.879
   165.106
   178.499
   170.766
   165.917
   165.255
   178.455
   170.598
   168.805
   164.014
   177.500
   168.760
   176.227
   179.869
   170.962
   173.325
   158.449
   159.613
   164.533
   158.729
   153.825
   153.054
   172.425
   172.711
   168.132
   165.237
   173.121
   163.734
   156.507
   157.296
   170.148
   161.444
   157.006
   157.926
   167.638
   164.231
   164.194
   163.285
   169.680
   161.136
   157.147
   157.687
   170.339
   162.286
   156.882
   157.203
   166.568
   163.014
   165.585
   164.544
   170.525
   163.576
   169.444
   172.368
   165.835
   159.773
   154.137
   154.463
   166.212
   165.989
   172.427
   170.467
   170.993
   177.723
   177.920
   177.043
   171.722
   170.667
   152.142
   151.049
   148.535
   150.850
   151.856
   151.976
   175.656
   170.009
   163.914
   166.471
   153.326
   153.161
   151.772
   151.582
   152.839
   152.823
   152.056
   151.822
   163.385
   162.697
   161.073
   161.800
   152.507
   152.564
   152.708
   152.258
   152.364
   152.693
   151.709
   151.166
   162.626
   161.948
   161.833
   162.263
   152.960
   153.451
   168.402
   168.523
   153.220
   152.394
   150.694
   149.731
   165.248
   164.362
   169.087
   172.807
   178.972
   179.155
   176.931
   176.369
   167.475
   170.937
   151.371
   150.750
   149.053
   150.845
   152.341
   153.172
   171.398
   169.528
   165.018
   164.943
   150.491
   151.965
   151.324
   151.151
   151.209
   151.422
   151.334
   151.096
   162.696
   162.925
   162.529
   161.904
   150.889
   151.409
   151.983
   151.807
   150.740
   151.431
   151.217
   150.979
   161.980
   162.565
   162.853
   162.455
   151.318
   151.998
   167.686
   169.849
   151.711
   152.449
   149.906
   149.604
   164.811
   165.108
   170.048
   169.663
   178.850
   178.458
   177.812
   177.268
   166.592
   171.029
   151.267
   151.343
   149.737
   150.514
   152.493
   153.110
   170.093
   169.987
   165.360
   164.988
   151.223
   151.784
   151.427
   151.211
   151.207
   151.426
   151.315
   151.285
   162.871
   163.012
   162.814
   162.559
   151.337
   151.506
   151.728
   152.005
   151.211
   151.433
   151.298
   151.097
   162.367
   162.559
   163.143
   162.838
   151.449
   151.728
   166.911
   169.692
   152.107
   152.887
   149.646
   150.251
   165.042
   164.795
   170.498
   170.098
   178.038
   176.353
   178.856
   178.170
   167.536
   169.869
   150.568
   151.707
   149.922
   150.078
   152.468
   152.669
   170.096
   171.214
   164.941
   164.906
   151.466
   151.438
   151.047
   151.426
   151.368
   151.291
   150.935
   151.803
   162.836
   162.360
   162.403
   162.714
   151.438
   151.383
   151.344
   152.692
   151.270
   151.302
   150.825
   151.209
   162.018
   161.605
   162.932
   162.928
   151.730
   151.451
   166.623
   169.081
   152.047
   152.733
   149.337
   150.858
   164.516
   164.125
   170.291
   169.636
   178.120
   176.264
   178.963
   175.668
   169.802
   169.437
   151.234
   156.705
   149.786
   148.642
   151.003
   153.747
   173.110
   175.222
   164.567
   164.699
   152.175
   150.414
   151.150
   155.137
   152.316
   150.663
   151.332
   155.877
   165.209
   163.407
   160.959
   161.886
   152.047
   150.350
   151.600
   156.674
   151.867
   150.281
   151.207
   154.801
   163.770
   162.798
   161.548
   162.055
   153.006
   150.563
   167.344
   168.486
   152.391
   152.037
   149.151
   154.114
   165.977
   165.072
   170.065
   168.412
   179.226
   177.837
   178.326
   170.360
   174.302
   171.608
   161.445
   161.696
   153.415
   150.140
   156.195
   157.788
   178.098
   172.483
   168.683
   167.434
   159.834
   155.043
   159.418
   160.112
   158.168
   153.849
   160.419
   160.501
   176.674
   168.968
   164.918
   161.856
   157.594
   153.610
   161.480
   161.118
   157.566
   153.895
   159.430
   160.000
   176.166
   168.332
   165.236
   162.429
   159.020
   154.274
   173.361
   169.624
   157.235
   153.183
   157.030
   159.160
   177.999
   168.284
   175.953
   167.087
   177.013
   177.447
   169.874
   169.998
   168.540
   173.991
   173.205
   171.781
   168.415
   175.448
   170.986
   171.372
   168.692
   175.680
   173.294
   169.504
   168.760
   176.402
   170.253
   170.253
   173.294
   169.504
   168.760
   176.402
   170.986
   171.372
   168.692
   175.680
   173.205
   171.781
   168.415
   175.448
   169.874
   169.998
   168.540
   173.991
   177.013
   177.447
   173.361
   169.624
   159.020
   154.274
   157.030
   159.160
   157.235
   153.183
   175.953
   167.087
   177.999
   168.284
   161.480
   161.118
   157.594
   153.610
   159.430
   160.000
   157.566
   153.895
   165.236
   162.429
   176.166
   168.332
   159.418
   160.112
   159.834
   155.043
   160.419
   160.501
   158.168
   153.849
   164.918
   161.856
   176.674
   168.968
   161.445
   161.696
   174.302
   171.608
   156.195
   157.788
   153.415
   150.140
   168.683
   167.434
   178.098
   172.483
   178.326
   170.360
   179.226
   177.837
   167.344
   168.486
   153.006
   150.563
   149.151
   154.114
   152.391
   152.037
   170.065
   168.412
   165.977
   165.072
   151.600
   156.674
   152.047
   150.350
   151.207
   154.801
   151.867
   150.281
   161.548
   162.055
   163.770
   162.798
   151.150
   155.137
   152.175
   150.414
   151.332
   155.877
   152.316
   150.663
   160.959
   161.886
   165.209
   163.407
   151.234
   156.705
   169.802
   169.437
   151.003
   153.747
   149.786
   148.642
   164.567
   164.699
   173.110
   175.222
   178.963
   175.668
   178.120
   176.264
   166.623
   169.081
   151.730
   151.451
   149.337
   150.858
   152.047
   152.733
   170.291
   169.636
   164.516
   164.125
   151.344
   152.692
   151.438
   151.383
   150.825
   151.209
   151.270
   151.302
   162.932
   162.928
   162.018
   161.605
   151.047
   151.426
   151.466
   151.438
   150.935
   151.803
   151.368
   151.291
   162.403
   162.714
   162.836
   162.360
   150.568
   151.707
   167.536
   169.869
   152.468
   152.669
   149.922
   150.078
   164.941
   164.906
   170.096
   171.214
   178.856
   178.170
   178.038
   176.353
   166.911
   169.692
   151.449
   151.728
   149.646
   150.251
   152.107
   152.887
   170.498
   170.098
   165.042
   164.795
   151.728
   152.005
   151.337
   151.506
   151.298
   151.097
   151.211
   151.433
   163.143
   162.838
   162.367
   162.559
   151.427
   151.211
   151.223
   151.784
   151.315
   151.285
   151.207
   151.426
   162.814
   162.559
   162.871
   163.012
   151.267
   151.343
   166.592
   171.029
   152.493
   153.110
   149.737
   150.514
   165.360
   164.988
   170.093
   169.987
   177.812
   177.268
   178.850
   178.458
   167.686
   169.849
   151.318
   151.998
   149.906
   149.604
   151.711
   152.449
   170.048
   169.663
   164.811
   165.108
   151.983
   151.807
   150.889
   151.409
   151.217
   150.979
   150.740
   151.431
   162.853
   162.455
   161.980
   162.565
   151.324
   151.151
   150.491
   151.965
   151.334
   151.096
   151.209
   151.422
   162.529
   161.904
   162.696
   162.925
   151.371
   150.750
   167.475
   170.937
   152.341
   153.172
   149.053
   150.845
   165.018
   164.943
   171.398
   169.528
   176.931
   176.369
   178.972
   179.155
   168.402
   168.523
   152.960
   153.451
   150.694
   149.731
   153.220
   152.394
   169.087
   172.807
   165.248
   164.362
   152.708
   152.258
   152.507
   152.564
   151.709
   151.166
   152.364
   152.693
   161.833
   162.263
   162.626
   161.948
   151.772
   151.582
   153.326
   153.161
   152.056
   151.822
   152.839
   152.823
   161.073
   161.800
   163.385
   162.697
   152.142
   151.049
   171.722
   170.667
   151.856
   151.976
   148.535
   150.850
   163.914
   166.471
   175.656
   170.009
   177.920
   177.043
   170.993
   177.723
   169.444
   172.368
   170.525
   163.576
   154.137
   154.463
   165.835
   159.773
   172.427
   170.467
   166.212
   165.989
   157.147
   157.687
   169.680
   161.136
   156.882
   157.203
   170.339
   162.286
   165.585
   164.544
   166.568
   163.014
   156.507
   157.296
   173.121
   163.734
   157.006
   157.926
   170.148
   161.444
   164.194
   163.285
   167.638
   164.231
   158.449
   159.613
   170.962
   173.325
   153.825
   153.054
   164.533
   158.729
   168.132
   165.237
   172.425
   172.711
   176.227
   179.869
   168.805
   164.014
   168.760
   177.500
   165.917
   165.255
   170.598
   178.455
   164.879
   165.106
   170.766
   178.499
   166.334
   163.271
   169.901
   176.713
   168.229
   170.857
   168.092
   165.646
   168.029
   175.456
   166.103
   165.797
   162.511
   172.841
   169.189
   167.104
   162.214
   172.189
   170.815
   161.908
   164.536
   173.788
   177.692
   179.253
   171.708
   168.931
   158.307
   153.576
   155.210
   157.188
   156.503
   153.216
   171.638
   167.388
   178.671
   165.996
   158.400
   159.577
   156.502
   152.709
   156.204
   157.412
   156.116
   152.423
   162.655
   163.310
   177.214
   166.062
   156.898
   157.766
   157.271
   153.055
   157.584
   157.963
   157.385
   153.128
   162.328
   163.166
   177.675
   167.196
   158.587
   159.366
   174.343
   172.231
   154.371
   157.613
   152.816
   149.502
   167.712
   167.859
   177.723
   172.567
   179.753
   170.200
   179.356
   178.558
   167.898
   167.850
   152.839
   151.453
   149.931
   152.541
   151.930
   151.758
   169.710
   169.279
   166.569
   165.217
   152.789
   155.759
   151.516
   150.862
   151.316
   153.046
   151.250
   150.670
   162.416
   162.130
   164.211
   163.097
   151.844
   153.422
   150.760
   150.531
   152.006
   154.445
   151.962
   151.214
   162.211
   162.052
   165.734
   163.896
   150.804
   153.591
   169.684
   169.461
   152.538
   154.487
   149.771
   149.784
   165.222
   164.497
   173.480
   175.284
   178.833
   174.828
   178.658
   178.110
   168.059
   168.617
   151.347
   151.866
   149.597
   149.967
   150.901
   151.927
   170.358
   169.396
   164.490
   164.655
   151.976
   152.320
   150.404
   151.234
   150.759
   150.535
   150.266
   151.128
   162.805
   162.308
   161.619
   161.854
   150.922
   150.734
   149.976
   151.071
   150.985
   151.317
   150.832
   151.141
   162.513
   162.089
   163.072
   162.699
   150.476
   150.386
   168.843
   169.403
   153.017
   152.493
   149.451
   150.550
   164.739
   164.842
   171.689
   171.189
   179.068
   177.968
   179.605
   178.265
   167.940
   168.892
   153.188
   152.814
   150.102
   150.058
   152.617
   152.260
   169.634
   171.509
   165.428
   164.443
   152.416
   152.796
   152.114
   151.693
   150.882
   151.270
   151.980
   151.461
   162.208
   162.440
   162.936
   161.829
   151.010
   151.724
   152.249
   151.436
   151.414
   152.076
   152.698
   151.981
   162.107
   161.914
   163.959
   162.755
   151.007
   150.877
   171.807
   171.103
   152.731
   152.330
   149.332
   150.058
   164.753
   167.401
   175.181
   170.675
   179.242
   178.171
   170.891
   177.309
   167.981
   172.473
   167.252
   158.161
   152.915
   155.124
   165.165
   156.909
   167.307
   168.498
   166.181
   166.517
   155.748
   158.390
   165.572
   157.077
   153.658
   156.433
   165.216
   156.840
   162.945
   162.957
   166.154
   164.036
   154.035
   156.938
   167.138
   158.733
   154.898
   157.674
   166.658
   157.742
   162.427
   162.661
   167.075
   165.443
   154.813
   157.664
   170.892
   175.086
   154.160
   155.023
   162.161
   152.525
   167.927
   164.697
   172.764
   173.865
   175.602
   179.265
   169.013
   157.821
   176.110
   178.592
   160.031
   159.125
   174.280
   176.557
   159.292
   159.360
   173.716
   177.100
   161.073
   157.479
   174.794
   177.505
   170.187
   170.998
   167.422
   164.537
   168.743
   176.067
   164.464
   164.246
   163.203
   173.412
   165.018
   165.887
   162.876
   172.934
   170.847
   162.681
   164.506
   173.837
   177.104
   179.417
   171.834
   169.068
   156.867
   153.061
   155.178
   157.864
   157.172
   152.431
   170.999
   166.900
   177.854
   166.010
   158.423
   159.545
   156.135
   151.769
   155.931
   157.736
   155.664
   151.482
   162.297
   163.930
   176.189
   165.888
   156.526
   157.987
   155.261
   151.382
   157.485
   158.565
   157.298
   152.551
   161.938
   163.874
   176.669
   166.698
   156.517
   158.415
   174.250
   172.746
   155.067
   157.855
   150.665
   148.579
   167.285
   168.586
   177.684
   172.215
   179.328
   170.339
   178.391
   179.580
   167.727
   166.944
   153.424
   152.048
   150.846
   154.615
   154.895
   151.767
   168.768
   171.093
   168.955
   165.364
   152.957
   155.945
   153.313
   150.970
   151.443
   154.702
   152.492
   150.668
   161.785
   162.517
   167.658
   163.420
   151.941
   155.457
   152.571
   150.331
   152.604
   156.275
   153.944
   151.985
   161.762
   162.508
   169.753
   164.991
   151.144
   154.432
   172.845
   170.895
   151.778
   153.024
   148.074
   148.889
   165.220
   168.542
   177.183
   175.597
   178.698
   175.330
   170.901
   178.454
   168.033
   171.066
   166.824
   157.912
   152.776
   156.644
   164.921
   156.432
   168.249
   169.263
   166.423
   167.046
   155.744
   158.018
   164.783
   156.309
   153.413
   156.455
   164.465
   156.081
   163.612
   163.437
   166.405
   164.770
   153.782
   157.344
   164.308
   156.384
   154.840
   158.028
   165.974
   157.292
   163.477
   163.114
   167.371
   166.743
   153.577
   157.258
   170.893
   174.229
   153.870
   154.849
   160.993
   152.059
   168.069
   164.391
   172.273
   174.301
   175.511
   179.443
   169.063
   157.167
   175.774
   178.471
   159.392
   157.509
   172.965
   177.143
   157.734
   158.103
   172.373
   177.767
   158.779
   157.730
   173.400
   177.848
   170.212
   170.690
   165.857
   169.391
   168.902
   176.650
   166.067
   165.089
   163.824
   174.706
   164.363
   167.183
   163.844
   174.696
   171.141
   161.412
   164.912
   172.807
   168.993
   177.450
   170.174
   168.079
   162.970
   155.935
   162.109
   164.838
   173.269
   160.869
   169.574
   169.780
   170.301
   167.663
   159.290
   161.211
   165.175
   157.527
   158.663
   160.792
   162.921
   155.840
   166.488
   166.338
   170.443
   167.912
   159.946
   161.500
   164.966
   156.776
   160.360
   161.387
   164.568
   157.224
   166.690
   167.152
   169.905
   168.598
   159.571
   161.432
   170.265
   175.598
   158.150
   162.656
   166.132
   152.704
   172.731
   167.605
   168.438
   172.754
   176.851
   168.812
   169.483
   159.232
   176.357
   177.026
   158.872
   158.212
   174.323
   177.552
   159.005
   158.790
   174.142
   176.701
   158.899
   158.279
   174.631
   175.206
   170.874
   168.367
   167.591
   168.368
   168.055
