0 11 0.15126308 0.089623144034 0.00136708 -0.11231926 -0.09185251 -0.01889598 0.03739427 -0.00607357 0.00597857
0 12 0.13819265 0.089623144034 0.00114103 -0.01042942 -0.00412727 -0.13537053 0.02131489 0.00337306 -0.01343567
0 13 0.00008390 0.094436629900 0.00000000 -0.00001623 -0.00004723 0.00002202 0.00006362 -0.00000229 -0.00000274
0 14 0.00010664 0.094436629900 0.00000000 -0.00005858 0.00002448 0.00007912 -0.00003272 -0.00000290 0.00000156
0 15 0.00001401 0.097081252446 0.00000000 -0.00000241 -0.00000345 -0.00000681 -0.00001148 -0.00000055 -0.00000040
0 16 0.00001956 0.097081252447 0.00000000 -0.00000236 -0.00000469 -0.00000759 -0.00001722 -0.00000016 -0.00000104
0 17 0.00001386 0.098005242112 0.00000000 0.00000725 0.00000679 -0.00000732 -0.00000627 0.00000064 0.00000024
0 18 0.00002102 0.098005242112 0.00000000 -0.00001449 -0.00000052 0.00001518 -0.00000058 -0.00000086 0.00000058
0 19 0.53066566 0.098929606237 0.01857278 0.16832153 -0.28705132 -0.35711798 -0.20741151 -0.01787764 -0.00174652
0 20 0.46716761 0.098929606237 0.01439397 0.43360302 0.08195511 -0.02537726 0.15106395 -0.00471834 0.00554727
0 21 1.15089313 0.102102938159 0.09016064 0.13551021 0.35791405 0.03960528 -0.19726999 0.68903389 0.81414850
0 22 1.53282203 0.102102938159 0.15993019 0.66820689 -0.06104907 0.10329474 0.13387291 -0.46435417 1.28650666
0 23 0.75902959 0.102838475211 0.03949861 -0.61853079 0.27243446 0.25843700 0.22139928 0.01609871 0.05708367
0 24 0.70425543 0.102838475211 0.03400359 -0.15872166 -0.02846525 -0.57027508 -0.37538555 0.04857175 -0.03854446
0 25 0.68076700 0.103432005533 0.03195661 0.05390323 -0.07437998 0.14422519 -0.13838164 0.39009469 0.51271972
0 26 0.59077078 0.103432005533 0.02406588 -0.06824982 -0.51825652 0.06840806 0.02435033 0.26069890 -0.05025670
0 27 1.45562765 0.103943124740 0.14682672 -0.23540558 -1.12533593 -0.72047221 0.48873489 0.18158892 0.07834914
0 28 1.09817100 0.103943124740 0.08356885 0.05735811 0.82719241 -0.48959483 0.49649525 0.00099544 0.17952906
0 29 0.00000469 0.104317677722 0.00000000 0.00000161 -0.00000171 -0.00000313 0.00000172 -0.00000112 0.00000157
0 30 0.00001047 0.104317677722 0.00000000 -0.00000393 0.00000046 0.00000824 -0.00000060 0.00000490 -0.00000134
0 31 0.00001433 0.105953800072 0.00000000 -0.00000352 -0.00000728 -0.00000169 -0.00001166 0.00000101 -0.00000033
0 32 0.00001675 0.105953800072 0.00000000 -0.00000606 0.00000400 -0.00001278 0.00000802 -0.00000053 -0.00000032
0 33 0.00001148 0.105996818846 0.00000000 0.00001145 0.00000052 0.00000036 -0.00000007 -0.00000039 -0.00000042
0 34 0.00000290 0.105996818846 0.00000000 0.00000007 -0.00000237 -0.00000128 0.00000057 0.00000066 -0.00000058
0 35 0.13706532 0.106609716853 0.00133524 -0.06862469 0.04492028 -0.03712802 -0.08392012 -0.06032067 -0.00025193
0 36 0.28724445 0.106609716853 0.00586420 -0.09030244 -0.26540576 -0.05271937 0.01242210 0.02921415 0.01129218
0 37 0.12348889 0.107027346279 0.00108808 0.03140645 -0.07750658 0.07316757 -0.05293457 0.00857129 0.00518089
0 38 0.16097144 0.107027346279 0.00184885 0.15369300 0.00262275 -0.04484500 0.01485763 0.00706593 0.00127995
0 39 0.00003466 0.107326794711 0.00000000 0.00000624 0.00001704 0.00000965 0.00002791 0.00000050 -0.00000019
0 40 0.00004006 0.107326794711 0.00000000 0.00000866 -0.00001953 0.00001354 -0.00003098 -0.00000037 0.00000228
0 41 0.00006051 0.108826665072 0.00000000 -0.00000375 -0.00001047 -0.00002438 -0.00005424 0.00000056 -0.00000070
0 42 0.00005306 0.108826665072 0.00000000 0.00000786 0.00000689 0.00003915 0.00003420 -0.00000023 -0.00000200
0 43 0.00007099 0.109475886108 0.00000000 -0.00002679 -0.00005439 0.00001672 0.00003281 0.00000204 0.00000175
0 44 0.00004169 0.109475886108 0.00000000 -0.00002109 0.00002854 0.00001245 -0.00001778 0.00000277 0.00000021
0 45 0.00003014 0.110056096560 0.00000000 -0.00001173 0.00000485 0.00002473 -0.00001150 -0.00000120 0.00000156
0 46 0.00001541 0.110056096561 0.00000000 -0.00000611 -0.00000138 0.00001398 0.00000150 -0.00000075 -0.00000029
0 47 0.00000754 0.110562054608 0.00000000 0.00000320 0.00000256 -0.00000408 -0.00000482 -0.00000041 0.00000010
0 48 0.00002800 0.110562054609 0.00000000 -0.00000685 0.00000654 0.00001889 -0.00001829 -0.00000091 -0.00000139
0 49 0.13675141 0.111087125557 0.00138496 -0.06843129 -0.10198657 0.00823338 -0.01764187 -0.00884533 -0.05621016
0 50 0.13774740 0.111087125557 0.00140520 0.09894469 -0.04746750 -0.02361131 -0.02220850 -0.03416392 0.06865308
0 51 0.27063045 0.111885246215 0.00546305 -0.02445750 -0.24202847 -0.11000830 -0.02329066 0.01221451 -0.03565699
0 52 0.24291144 0.111885246215 0.00440126 -0.04149703 -0.01534727 0.09904586 0.21477229 -0.00028333 -0.03333352
0 53 0.25460267 0.111937010486 0.00483736 0.01393723 -0.20746935 0.09434426 0.01297879 0.10112789 0.04783935
0 54 0.22509506 0.111937010486 0.00378107 -0.00349097 0.00771732 -0.01460014 0.06491094 -0.19821163 -0.08295540
0 55 0.00000963 0.112467691855 0.00000000 -0.00000181 -0.00000007 0.00000507 -0.00000795 0.00000026 -0.00000076
0 56 0.00002594 0.112467691855 0.00000000 -0.00000456 0.00000425 0.00001882 -0.00001664 0.00000156 -0.00000078
0 57 0.00001065 0.112940811829 0.00000000 -0.00000237 0.00000888 0.00000121 -0.00000331 -0.00000060 0.00000403
0 58 0.00001279 0.112940811831 0.00000000 0.00000874 0.00000693 -0.00000311 -0.00000337 0.00000337 0.00000257
0 59 0.07110367 0.113421098845 0.00038228 -0.00457594 0.01423444 -0.01414462 -0.02115354 0.04638442 -0.04509010
0 60 0.10537681 0.113421098848 0.00083964 -0.00390190 0.02395169 0.00631271 0.00930139 -0.09913145 0.02370554
0 61 0.00000369 0.114426424447 0.00000000 -0.00000038 -0.00000125 -0.00000146 -0.00000298 -0.00000081 0.00000048
0 62 0.00001502 0.114426424464 0.00000000 0.00000721 -0.00000415 0.00000962 -0.00000435 -0.00000529 0.00000408
0 63 0.07607063 0.114467739156 0.00044160 0.02136087 -0.00227430 0.01516543 0.07093672 0.00697646 0.00382122
0 64 0.10195394 0.114467739176 0.00079323 -0.01621149 -0.02262290 -0.07828528 0.05864321 0.00666398 0.00282432
0 65 0.13984911 0.114620754944 0.00149448 -0.13584935 -0.01747500 0.00025234 -0.00358905 -0.01490162 -0.02371388
0 66 0.08391165 0.114620754955 0.00053804 -0.00669069 -0.06301839 -0.04322370 0.00572227 0.00747652 0.03268259
0 67 0.07864267 0.115368867761 0.00047568 0.05214437 0.01237463 0.05491171 -0.00928196 0.00764990 -0.01235040
0 68 0.12879885 0.115368867788 0.00127591 0.04305397 -0.01157724 -0.06323238 0.00142644 0.02206991 0.10056847
0 69 0.10015365 0.116051286499 0.00077605 0.09624461 -0.02707457 -0.00182586 -0.00025073 -0.00252296 -0.00499344
0 70 0.03796876 0.116051286558 0.00011154 0.03180944 -0.00209297 0.00453171 -0.00116581 0.00317658 -0.01983480
1 11 0.03911820 0.089556950625 0.00009136 0.00132477 0.00381799 0.03500672 -0.01460214 0.00527671 0.00688222
1 12 0.01405534 0.089556950625 0.00001179 -0.00468385 0.00970606 -0.00573852 -0.00246819 0.00601917 0.00248063
1 13 0.00009774 0.094370436491 0.00000000 0.00007343 -0.00001927 0.00005244 -0.00001344 -0.00002836 0.00000741
1 14 0.00009738 0.094370436491 0.00000000 0.00003959 0.00006523 0.00002690 0.00004565 -0.00001480 -0.00002519
1 15 0.00001226 0.097015059037 0.00000000 -0.00000318 0.00000283 0.00000626 -0.00000933 -0.00000171 0.00000181
1 16 0.00000738 0.097015059037 0.00000000 0.00000248 -0.00000133 -0.00000476 0.00000471 0.00000118 -0.00000059
1 17 0.00002132 0.097939048702 0.00000000 0.00000837 -0.00001669 0.00000396 -0.00000817 -0.00000216 0.00000431
1 18 0.00000999 0.097939048702 0.00000000 -0.00000242 -0.00000835 -0.00000092 -0.00000398 0.00000036 0.00000271
1 19 0.48550385 0.098863412828 0.01553566 0.27670218 -0.16248290 0.12994909 0.26932562 0.02112942 -0.20707411
1 20 0.58489256 0.098863412828 0.02254740 -0.13523789 -0.08864136 -0.31391685 0.39599019 0.12156720 0.21406102
1 21 1.30195695 0.102036744750 0.11530777 -0.79110330 -0.70277969 0.73017278 -0.05849105 0.06825303 -0.18470573
1 22 1.33187546 0.102036744750 0.12066813 0.69498469 -0.17151377 0.53691614 -0.98118992 -0.10225466 0.00171292
1 23 1.07378510 0.102772281802 0.07899862 -0.03138149 0.01712538 0.08046675 -0.79544215 -0.71029442 0.08952691
1 24 0.85858479 0.102772281802 0.05050695 0.09823651 -0.04713715 0.02593212 -0.24342761 -0.55320154 -0.59944482
1 25 0.74319192 0.103365812124 0.03806165 -0.21832712 -0.68235998 0.05754693 -0.18849399 0.00159698 -0.01442818
1 26 0.77663755 0.103365812124 0.04156449 0.18257497 -0.04602351 -0.70703493 -0.26035255 0.00519440 0.00229914
1 27 0.89019905 0.103876931330 0.05487848 -0.04036591 -0.31479941 0.48767289 0.20280118 -0.24111802 -0.59551256
1 28 1.24174069 0.103876931330 0.10677994 -0.07777135 -0.34578540 -0.45937146 -0.13110002 -0.74882231 0.79206048
1 29 0.00003536 0.104251484312 0.00000000 0.00000041 -0.00000013 0.00000270 0.00000030 0.00003426 0.00000831
1 30 0.00002641 0.104251484312 0.00000000 0.00000012 0.00000090 0.00000113 0.00000056 0.00001959 0.00001764
1 31 0.00001208 0.105887606663 0.00000000 0.00000485 -0.00000625 -0.00000570 0.00000662 -0.00000046 0.00000262
1 32 0.00001306 0.105887606663 0.00000000 0.00000830 0.00000369 -0.00000878 -0.00000167 -0.00000270 -0.00000087
1 33 0.00000448 0.105930625436 0.00000000 -0.00000438 0.00000000 0.00000006 0.00000018 0.00000000 0.00000093
1 34 0.00001534 0.105930625436 0.00000000 -0.00001232 -0.00000880 -0.00000093 -0.00000165 -0.00000057 -0.00000139
1 35 0.26579825 0.106543523444 0.00501811 0.21616394 0.00564294 -0.00136039 0.03632978 -0.07679744 -0.12911416
1 36 0.23155992 0.106543523444 0.00380858 0.03445172 -0.10544184 -0.04656594 -0.01119982 -0.02539121 -0.19589935
1 37 0.38009890 0.106961152870 0.01030215 -0.09044552 -0.29347901 -0.07804641 -0.20970473 0.00986897 0.00037450
1 38 0.42995082 0.106961152870 0.01318173 -0.07556421 0.15930519 0.14036593 -0.35941591 -0.06647512 -0.02163974
1 39 0.00003511 0.107260601301 0.00000000 0.00001727 0.00002031 -0.00001391 -0.00001808 -0.00000101 0.00000078
1 40 0.00003868 0.107260601301 0.00000000 -0.00001017 0.00002738 0.00000960 -0.00002343 -0.00000093 -0.00000081
1 41 0.00004140 0.108760471663 0.00000000 -0.00000362 0.00001100 0.00001651 -0.00003593 0.00000163 -0.00000363
1 42 0.00003473 0.108760471663 0.00000000 0.00000159 0.00001012 0.00000100 -0.00003302 0.00000147 -0.00000286
1 43 0.00003588 0.109409692698 0.00000000 0.00000023 -0.00003357 0.00000020 -0.00001233 -0.00000025 -0.00000292
1 44 0.00009288 0.109409692698 0.00000000 0.00008146 -0.00003061 0.00002957 -0.00001078 0.00000790 -0.00000068
1 45 0.00002030 0.109989903151 0.00000000 0.00001023 0.00000565 0.00001104 0.00000678 -0.00000944 -0.00000426
1 46 0.00002853 0.109989903151 0.00000000 -0.00000745 -0.00001597 -0.00000659 -0.00001699 0.00000519 0.00001201
1 47 0.00003221 0.110495861199 0.00000000 -0.00000782 -0.00001650 -0.00001198 -0.00002156 -0.00000451 -0.00000870
1 48 0.00000439 0.110495861199 0.00000000 -0.00000047 0.00000176 -0.00000057 0.00000333 0.00000162 -0.00000139
1 49 0.11353812 0.111020932148 0.00095411 0.06182565 0.07097769 0.03373046 -0.00284736 0.01518902 -0.05151799
1 50 0.14261745 0.111020932148 0.00150542 0.12906493 -0.04462232 -0.00401021 0.02970639 0.01815890 -0.02150658
1 51 0.35117859 0.111819052805 0.00919349 0.01041753 0.01940762 0.25609659 0.07982492 0.02574927 -0.22409979
1 52 0.19190678 0.111819052806 0.00274540 -0.09693108 0.00462221 0.05950928 0.09308307 0.05452233 0.11060160
1 53 0.23431356 0.111870817077 0.00409468 0.04286144 -0.03795571 -0.17167825 -0.09701846 0.00409217 0.11279343
1 54 0.24244060 0.111870817077 0.00438365 0.14708345 0.09319735 -0.05088088 0.13012685 0.03268238 0.08870265
1 55 0.00001275 0.112401498445 0.00000000 -0.00000608 0.00000013 -0.00001111 0.00000095 0.00000066 0.00000084
1 56 0.00000629 0.112401498446 0.00000000 0.00000216 0.00000177 0.00000553 0.00000101 -0.00000054 0.00000002
1 57 0.00000872 0.112874618419 0.00000000 -0.00000603 0.00000259 -0.00000514 0.00000246 -0.00000022 -0.00000072
1 58 0.00001012 0.112874618422 0.00000000 0.00000094 -0.00000772 -0.00000014 -0.00000644 0.00000049 -0.00000051
1 59 0.10829657 0.113354905435 0.00088630 -0.06329275 0.00693466 0.04605784 0.06019725 0.01223025 -0.04218380
1 60 0.15417103 0.113354905438 0.00179620 0.03050642 -0.00778303 0.11010537 0.09770116 0.03015127 -0.01413085
1 61 0.00001392 0.114360231038 0.00000000 0.00000875 0.00000840 -0.00000569 -0.00000365 -0.00000063 -0.00000071
1 62 0.00000663 0.114360231055 0.00000000 0.00000281 0.00000009 -0.00000184 0.00000471 -0.00000318 -0.00000058
1 63 0.24424211 0.114401545747 0.00454969 0.05928790 0.00912046 -0.07139278 0.12268726 0.08818817 0.16771918
1 64 0.22001274 0.114401545766 0.00369178 0.01375939 0.05525186 0.14837352 0.01626429 -0.09371789 -0.11874867
1 65 0.11849479 0.114554561535 0.00107231 0.04109936 0.00729393 -0.00937075 -0.00108641 -0.08049717 -0.07569591
1 66 0.15535244 0.114554561546 0.00184314 0.02666893 -0.13186373 -0.00280839 -0.00416589 -0.06201012 -0.04652537
1 67 0.18985139 0.115302674351 0.00277061 0.00442491 -0.00540006 -0.05592550 0.09160783 0.13692597 0.07567320
1 68 0.10313440 0.115302674378 0.00081763 -0.00285667 0.00666266 -0.03624729 0.09494705 0.01024910 0.01225974
1 69 0.18157408 0.115985093089 0.00254929 0.00784794 0.06563728 0.02594258 -0.12011614 0.11536002 0.01380083
1 70 0.18117754 0.115985093148 0.00253816 0.08695427 -0.14644865 0.03306988 -0.03276799 -0.03997261 -0.00720292
2 11 0.09863107 0.087920917784 0.00057020 0.07359151 0.05919407 -0.01723004 -0.00842405 0.01568351 -0.01395089
2 12 0.09815591 0.087920917784 0.00056472 -0.02324867 -0.01694792 -0.09035214 0.02004553 0.00205982 0.01540374
2 13 0.00018789 0.092734403650 0.00000000 0.00000396 0.00000959 0.00000268 0.00000843 0.00005142 0.00018020
2 14 0.00011572 0.092734403650 0.00000000 0.00000564 -0.00000337 0.00000569 -0.00000213 0.00010241 -0.00005313
2 15 0.00000375 0.095379026197 0.00000000 0.00000053 0.00000021 0.00000010 -0.00000069 -0.00000101 -0.00000349
2 16 0.00001250 0.095379026197 0.00000000 0.00000039 0.00000082 -0.00000090 -0.00000259 -0.00000514 -0.00001102
2 17 0.00000658 0.096303015862 0.00000000 -0.00000036 -0.00000050 -0.00000063 -0.00000066 -0.00000351 -0.00000545
2 18 0.00002385 0.096303015862 0.00000000 0.00000180 0.00000001 0.00000105 0.00000028 0.00002369 -0.00000170
2 19 2.15905971 0.097227379987 0.30215281 -0.88720701 0.50774677 -1.45662287 -1.00494180 0.07360484 0.69247376
2 20 2.43491616 0.097227379987 0.38429554 -1.95090424 -0.05129124 0.36764714 1.26926111 0.13257102 0.59698855
2 21 0.14770290 0.100400711909 0.00146024 -0.00570854 0.00825288 -0.01443713 0.14477744 0.00054242 0.02337128
2 22 0.09050837 0.100400711909 0.00054831 0.03497119 0.00131210 -0.03008939 -0.06615299 -0.02099945 0.03527737
2 23 0.51325606 0.101136248961 0.01776167 -0.23751884 0.07074242 -0.01191578 -0.05497035 -0.08641983 -0.43746998
2 24 0.43261657 0.101136248961 0.01261891 -0.03135455 0.06813009 0.30979747 0.16325359 -0.18632205 0.15553188
2 25 0.25687344 0.101729779283 0.00447502 0.12174045 -0.04826839 -0.13193890 0.16280840 0.05231416 0.04671366
2 26 0.27075563 0.101729779283 0.00497178 -0.04550657 -0.24195423 -0.03362114 -0.09060924 0.05782794 0.00338051
2 27 0.58189066 0.102240898490 0.02307896 0.03495342 -0.47972841 0.28624667 -0.15292174 0.04124157 0.01457994
2 28 0.67303128 0.102240898490 0.03087478 0.20126695 0.35587932 0.33049879 -0.41991472 -0.00705872 0.01431699
2 29 0.00015949 0.102615451472 0.00000000 -0.00000010 -0.00000139 0.00000010 0.00000011 0.00011069 -0.00011482
2 30 0.00015913 0.102615451472 0.00000000 -0.00000138 0.00000074 -0.00000185 -0.00000077 -0.00015869 -0.00001162
2 31 0.00001118 0.104251573822 0.00000000 0.00000132 0.00000093 -0.00000016 -0.00000105 0.00000167 0.00001089
2 32 0.00001008 0.104251573822 0.00000000 0.00000045 -0.00000060 -0.00000106 0.00000015 0.00000985 -0.00000167
2 33 0.00000492 0.104294592596 0.00000000 -0.00000242 -0.00000015 -0.00000074 -0.00000070 0.00000407 -0.00000084
2 34 0.00000130 0.104294592596 0.00000000 0.00000087 -0.00000005 0.00000018 0.00000016 0.00000078 -0.00000052
2 35 0.53335636 0.104907490603 0.01989529 -0.17073167 0.25821471 0.26164931 0.34525870 0.03125945 -0.00194493
2 36 0.50423503 0.104907490603 0.01778203 -0.09475240 -0.45255550 0.18717827 0.06069720 -0.04094891 -0.00847337
2 37 0.23011631 0.105325120029 0.00371822 -0.05835592 0.04843851 -0.13941708 0.16525291 0.01689966 0.01306019
2 38 0.21939122 0.105325120029 0.00337971 -0.07551906 0.01836018 0.20493381 -0.00424957 -0.00229359 0.00843208
2 39 0.00000317 0.105624568461 0.00000000 -0.00000038 -0.00000067 0.00000113 0.00000148 -0.00000086 -0.00000230
2 40 0.00000420 0.105624568461 0.00000000 -0.00000104 0.00000103 0.00000143 -0.00000141 -0.00000239 0.00000239
2 41 0.00000682 0.107124438822 0.00000000 0.00000043 0.00000037 -0.00000074 -0.00000580 0.00000055 0.00000341
2 42 0.00000904 0.107124438822 0.00000000 -0.00000067 -0.00000015 0.00000638 0.00000471 -0.00000404 -0.00000143
2 43 0.00001884 0.107773659858 0.00000000 0.00000757 0.00000949 0.00000328 0.00000460 -0.00000818 -0.00001043
2 44 0.00000754 0.107773659858 0.00000000 0.00000450 -0.00000166 0.00000185 -0.00000056 -0.00000525 0.00000159
2 45 0.00006420 0.108353870311 0.00000000 0.00000294 -0.00000133 0.00000364 -0.00000136 0.00005986 -0.00002264
2 46 0.00007078 0.108353870311 0.00000000 0.00000286 -0.00000022 0.00000227 0.00000046 0.00007064 0.00000250
2 47 0.00000794 0.108859828359 0.00000000 -0.00000141 0.00000101 -0.00000124 0.00000016 -0.00000747 0.00000161
2 48 0.00001818 0.108859828359 0.00000000 -0.00000217 0.00000396 -0.00000241 0.00000234 -0.00001075 0.00001354
2 49 0.04339765 0.109384899307 0.00013734 0.00737295 0.01419175 0.00424698 -0.03614124 0.00572307 -0.01645024
2 50 0.04917110 0.109384899307 0.00017631 -0.01808984 -0.00107517 -0.02579312 -0.01949631 -0.00595142 0.03175827
2 51 0.13541572 0.110183019965 0.00134698 -0.01960938 -0.09253694 0.02304034 0.04706386 0.08073172 0.01123971
2 52 0.15205307 0.110183019965 0.00169830 -0.01027273 -0.04164391 -0.06136572 -0.09604489 0.08465799 -0.03351183
2 53 0.06731322 0.110234784236 0.00033299 0.00030374 -0.06057878 -0.02519110 -0.00783671 0.00145253 -0.01276999
2 54 0.04269119 0.110234784237 0.00013394 -0.01822115 0.01950769 -0.00769595 -0.02285511 -0.00177645 0.02291808
2 55 0.00000191 0.110765465605 0.00000000 0.00000004 -0.00000055 -0.00000009 -0.00000130 0.00000101 -0.00000080
2 56 0.00000208 0.110765465605 0.00000000 0.00000075 -0.00000084 0.00000048 -0.00000159 0.00000036 -0.00000041
2 57 0.00000352 0.111238585579 0.00000000 0.00000115 -0.00000111 0.00000086 0.00000077 0.00000039 -0.00000290
2 58 0.00000271 0.111238585581 0.00000000 0.00000089 0.00000144 -0.00000009 0.00000011 -0.00000181 -0.00000110
2 59 0.04463042 0.111718872595 0.00014835 -0.01328663 0.01299153 0.01561760 0.02723567 -0.00363437 0.02544916
2 60 0.06268478 0.111718872598 0.00029266 -0.00548925 0.04724001 -0.01168518 -0.00355094 0.03885051 -0.00301950
2 61 0.00000258 0.112724198197 0.00000000 -0.00000114 -0.00000096 0.00000064 -0.00000173 -0.00000058 0.00000084
2 62 0.00000950 0.112724198214 0.00000000 0.00000186 0.00000042 0.00000554 0.00000742 -0.00000060 0.00000071
2 63 0.14763806 0.112765512906 0.00163863 0.05244462 -0.01389308 -0.05436191 -0.11401033 -0.03665369 -0.03945219
2 64 0.13223855 0.112765512926 0.00131462 -0.01059574 -0.04771876 0.08319086 -0.04262717 -0.07854130 -0.01382588
2 65 0.11932074 0.112918528695 0.00107178 -0.10923591 0.00012750 0.01149194 0.01517830 0.00570799 0.04370254
2 66 0.07664208 0.112918528705 0.00044219 0.02872336 -0.03118282 0.04156688 -0.00398163 -0.03026073 -0.03764622
2 67 0.05919465 0.113666641511 0.00026553 0.02355397 -0.00043123 -0.05419451 -0.00273683 0.00183818 -0.00105707
2 68 0.05263136 0.113666641538 0.00020991 0.03569630 -0.00290886 0.03494067 -0.01338002 -0.00109039 -0.00929024
2 69 0.05739223 0.114349060249 0.00025110 0.05286902 -0.02062811 0.00068051 0.00078015 0.00009802 0.00849313
2 70 0.04193873 0.114349060308 0.00013408 0.03717580 0.01381145 -0.00137960 0.00232093 -0.00080504 0.01334627
3 11 0.00005988 0.085597536002 0.00000000 0.00002900 0.00000245 -0.00005203 -0.00000561 -0.00000043 0.00000049
3 12 0.00012047 0.085597536002 0.00000000 0.00005066 -0.00002946 -0.00009072 0.00005337 -0.00000065 0.00000032
3 13 0.40219175 0.090411021868 0.00974982 -0.19911142 -0.00788825 0.22786443 0.26080609 0.00841611 0.04514170
3 14 0.46454071 0.090411021868 0.01300702 0.17272672 -0.39798306 0.14172295 -0.05707604 -0.06004630 -0.02498808
3 15 2.62296231 0.093055644414 0.42681096 -0.77060263 0.01396938 -0.01609593 0.09187911 0.06762371 2.50452269
3 16 0.86606958 0.093055644414 0.04653257 0.12959124 -0.21740645 0.23597906 0.21308103 -0.62009820 -0.44766689
3 17 2.04364499 0.093979634079 0.26166968 1.62104620 -0.37295350 0.00613990 0.33736664 -0.26355151 -1.10737815
3 18 1.22687665 0.093979634079 0.09430708 -0.34710109 -0.44211183 -0.91553238 0.45371848 -0.31584202 0.21323248
3 19 0.00001004 0.094903998205 0.00000000 0.00000435 0.00000211 -0.00000494 -0.00000258 0.00000606 0.00000310
3 20 0.00000709 0.094903998205 0.00000000 -0.00000308 -0.00000234 0.00000368 0.00000264 -0.00000357 -0.00000140
3 21 0.00009573 0.098077330126 0.00000000 0.00000577 0.00002207 0.00001415 0.00004660 -0.00002207 -0.00007606
3 22 0.00003803 0.098077330126 0.00000000 -0.00000196 -0.00000858 -0.00000479 -0.00002039 0.00000665 0.00002976
3 23 0.00003157 0.098812867178 0.00000000 0.00000265 -0.00001038 -0.00000433 0.00002938 -0.00000051 -0.00000038
3 24 0.00007762 0.098812867178 0.00000000 0.00002785 0.00000477 -0.00007102 -0.00001343 0.00000129 -0.00000020
3 25 0.00005494 0.099406397501 0.00000000 0.00001244 -0.00003017 0.00001086 -0.00002390 0.00001271 -0.00003321
3 26 0.00004575 0.099406397501 0.00000000 0.00001627 0.00002131 0.00001548 0.00001606 0.00001776 0.00002368
3 27 0.00003521 0.099917516707 0.00000000 -0.00001021 0.00000329 0.00002961 -0.00001067 0.00001065 -0.00000455
3 28 0.00005365 0.099917516707 0.00000000 -0.00000467 0.00001711 0.00000934 -0.00004597 0.00000416 -0.00001862
3 29 0.04817733 0.100292069689 0.00015519 -0.03199378 -0.02131426 0.00543541 -0.00550480 -0.01155644 0.02549035
3 30 0.03066533 0.100292069689 0.00006287 0.01542132 -0.02269556 -0.00299231 -0.00253772 -0.01189084 -0.00553812
3 31 0.42236821 0.101928192040 0.01212231 0.21953215 -0.15938712 -0.00362457 -0.01581600 -0.18258825 -0.26682305
3 32 0.54303705 0.101928192040 0.02003835 0.05346364 0.33307946 -0.02377938 0.01040313 0.41938771 -0.06729943
3 33 0.24592751 0.101971210813 0.00411150 -0.03765737 0.04030455 -0.23583394 0.03663284 -0.01762093 -0.01294963
3 34 0.24805125 0.101971210813 0.00418282 0.08074976 0.21618919 0.03221323 -0.07790656 0.02562154 -0.02252880
3 35 0.00002324 0.102584108821 0.00000000 0.00000819 0.00000407 -0.00001889 -0.00000988 0.00000131 0.00000054
3 36 0.00001671 0.102584108821 0.00000000 0.00000662 0.00000216 -0.00001461 -0.00000416 -0.00000013 0.00000011
3 37 0.00000781 0.103001738246 0.00000000 -0.00000169 0.00000344 0.00000219 -0.00000397 0.00000213 -0.00000462
3 38 0.00001157 0.103001738246 0.00000000 0.00000533 -0.00000284 -0.00000590 0.00000269 -0.00000683 0.00000295
3 39 0.17664541 0.103301186678 0.00214891 -0.02017828 -0.10327972 0.00908653 0.00042394 -0.13946193 0.02444102
3 40 0.09974455 0.103301186678 0.00068516 0.05567576 -0.00256148 0.00361478 -0.00938875 -0.00417404 -0.08199992
3 41 0.08755238 0.104801057040 0.00053556 0.08489486 -0.00409351 0.00204956 0.01776511 0.00197971 0.01085385
3 42 0.07224519 0.104801057040 0.00036466 0.01063522 -0.06641095 -0.02487034 -0.00285331 -0.00820821 -0.00134037
3 43 0.08232173 0.105450278075 0.00047642 -0.00576663 -0.03489251 -0.06340094 -0.03868693 -0.00268603 0.00159811
3 44 0.07530403 0.105450278075 0.00039865 0.04903015 0.03406467 -0.04387299 0.01243063 0.00128732 -0.00503204
3 45 0.02529479 0.106030488528 0.00004523 -0.00109466 0.02209133 -0.00946064 0.00394279 0.00674862 -0.00008939
3 46 0.02019979 0.106030488528 0.00002884 0.00050782 -0.01537398 -0.01135899 0.00603058 -0.00223123 -0.00102056
3 47 0.04274017 0.106536446576 0.00012974 -0.01118724 0.03399436 0.00330411 -0.00688382 -0.02185105 -0.00319048
3 48 0.02961187 0.106536446576 0.00006228 0.00477873 -0.02316843 0.00476976 -0.01062960 0.01158487 0.00687765
3 49 0.00001148 0.107061517524 0.00000000 -0.00000224 -0.00000595 0.00000338 0.00000836 -0.00000173 -0.00000266
3 50 0.00000954 0.107061517525 0.00000000 -0.00000386 -0.00000326 0.00000463 0.00000535 -0.00000194 -0.00000341
3 51 0.00001256 0.107859638182 0.00000000 0.00000079 0.00000114 -0.00000078 -0.00000251 0.00001124 0.00000475
3 52 0.00001302 0.107859638182 0.00000000 -0.00000095 -0.00000122 0.00000231 0.00000265 -0.00000962 -0.00000788
3 53 0.00001412 0.107911402454 0.00000000 -0.00000012 0.00000141 -0.00000170 -0.00000313 -0.00001178 -0.00000678
3 54 0.00001755 0.107911402454 0.00000000 -0.00000004 0.00000032 -0.00000290 -0.00000621 -0.00000738 -0.00001437
3 55 0.20213383 0.108442083822 0.00295382 -0.07576397 -0.03989691 0.03941911 0.14579242 -0.05205248 0.08948399
3 56 0.20236925 0.108442083822 0.00296071 -0.00091821 0.07330592 -0.11750063 0.11732822 0.08945009 -0.00225469
3 57 0.19609401 0.108915203796 0.00279207 -0.12667201 0.02050903 0.02186554 0.04134851 0.01668033 0.13971545
3 58 0.28462078 0.108915203798 0.00588207 0.17779881 -0.07884613 0.02166766 0.02290553 -0.08552862 -0.18673662
3 59 0.00009265 0.109395490812 0.00000000 -0.00000008 0.00000213 -0.00000213 -0.00000200 -0.00006248 -0.00006832
3 60 0.00003656 0.109395490815 0.00000000 0.00000219 0.00000191 0.00000091 -0.00000401 0.00003172 -0.00001748
3 61 0.14347549 0.110400816414 0.00151508 0.01647890 0.12181010 0.00347738 0.06725747 -0.03054589 0.00269268
3 62 0.13017413 0.110400816432 0.00124718 0.07118564 -0.06449337 -0.06584636 0.05311099 0.01200922 0.02043949
3 63 0.00001150 0.110442131124 0.00000000 -0.00000145 0.00000156 -0.00000001 -0.00000089 -0.00000913 -0.00000660
3 64 0.00001885 0.110442131143 0.00000000 0.00000079 -0.00000475 -0.00000654 0.00000141 0.00001574 -0.00000629
3 65 0.00000950 0.110595146912 0.00000000 0.00000242 0.00000051 0.00000244 -0.00000150 -0.00000871 0.00000040
3 66 0.00001038 0.110595146922 0.00000000 -0.00000282 -0.00000560 0.00000363 -0.00000198 -0.00000543 0.00000467
3 67 0.00002760 0.111343259728 0.00000000 -0.00000188 0.00000001 -0.00000698 0.00000326 -0.00002432 0.00001038
3 68 0.00001946 0.111343259755 0.00000000 -0.00000114 -0.00000594 -0.00000561 -0.00000063 0.00001492 -0.00000935
3 69 0.00001900 0.112025678466 0.00000000 -0.00000733 0.00000469 0.00000880 -0.00000358 -0.00001353 0.00000348
3 70 0.00003962 0.112025678525 0.00000000 0.00000775 -0.00001055 -0.00001818 0.00000418 0.00003235 -0.00000180
4 11 0.00012026 0.085597536001 0.00000000 -0.00003750 -0.00004442 0.00006768 0.00008063 0.00000047 0.00000066
4 12 0.00005960 0.085597536001 0.00000000 0.00002811 0.00000730 -0.00005056 -0.00001234 -0.00000000 -0.00000061
4 13 0.46454069 0.090411021867 0.01300701 -0.11584674 -0.41809642 -0.13243474 -0.07618481 0.06293145 -0.01641695
4 14 0.40219148 0.090411021867 0.00974980 -0.19828016 -0.01980950 0.26184151 -0.22667366 0.01459668 -0.04353804
4 15 0.86606916 0.093055644413 0.04653252 -0.15008106 0.20380140 0.28795602 0.13479928 -0.65321812 -0.39778515
4 16 2.62296208 0.093055644413 0.42681088 0.28616177 0.71563594 -0.07843318 0.05048904 -2.33449994 0.90956903
4 17 1.22687727 0.093979634078 0.09430717 0.23249994 -0.51174785 0.99695059 0.22394401 0.35736210 0.13235059
4 18 2.04364542 0.093979634078 0.26166979 1.66325519 -0.02163833 -0.07394696 -0.32922016 0.00625421 1.13829144
4 19 0.00000719 0.094903998204 0.00000000 0.00000416 -0.00000055 -0.00000436 0.00000046 0.00000381 0.00000056
4 20 0.00001036 0.094903998204 0.00000000 0.00000501 0.00000030 -0.00000534 -0.00000011 0.00000732 0.00000014
4 21 0.00003813 0.098077330125 0.00000000 -0.00000883 -0.00000210 -0.00002011 -0.00000578 0.00002941 0.00000828
4 22 0.00009519 0.098077330125 0.00000000 -0.00002116 -0.00000676 -0.00004611 -0.00001636 0.00007422 0.00002580
4 23 0.00007730 0.098812867177 0.00000000 -0.00002784 0.00000411 0.00007117 -0.00001077 -0.00000139 -0.00000003
4 24 0.00003137 0.098812867177 0.00000000 0.00000259 0.00001022 -0.00000307 -0.00002938 0.00000026 0.00000048
4 25 0.00004575 0.099406397500 0.00000000 0.00002394 -0.00001267 0.00002108 -0.00000825 0.00002587 -0.00001333
4 26 0.00005562 0.099406397500 0.00000000 0.00000186 -0.00003296 0.00000020 -0.00002713 0.00000271 -0.00003550
4 27 0.00005355 0.099917516706 0.00000000 -0.00000489 0.00001706 0.00001516 -0.00004415 0.00000591 -0.00001840
4 28 0.00003519 0.099917516706 0.00000000 -0.00000719 -0.00000797 0.00002050 0.00002386 0.00000735 0.00000893
4 29 0.03066476 0.100292069688 0.00006287 0.01274747 -0.02429772 0.00364834 0.00144264 0.01048870 0.00787692
4 30 0.04817777 0.100292069688 0.00015519 -0.03387831 -0.01817139 -0.00229291 0.00738828 0.01703455 -0.02220672
4 31 0.54303725 0.101928192039 0.02003837 0.11173962 0.31829952 0.02586327 -0.00218710 -0.40076953 0.14070971
4 32 0.42236808 0.101928192039 0.01212231 0.26895888 0.03549567 0.00435116 0.01563127 -0.03335378 0.32159015
4 33 0.24805168 0.101971210812 0.00418283 0.21762914 0.07678481 -0.07730529 0.03363245 -0.02205655 0.02602965
4 34 0.24592769 0.101971210812 0.00411151 -0.03960947 0.03838784 -0.03231565 0.23646439 0.01326928 0.01738128
4 35 0.00001635 0.102584108820 0.00000000 -0.00000218 0.00000620 0.00000486 -0.00001416 0.00000032 0.00000025
4 36 0.00002254 0.102584108820 0.00000000 0.00000097 -0.00000874 -0.00000224 0.00002059 0.00000032 -0.00000134
4 37 0.00001177 0.103001738245 0.00000000 -0.00000488 0.00000360 0.00000552 -0.00000393 0.00000600 -0.00000444
4 38 0.00000738 0.103001738245 0.00000000 -0.00000381 -0.00000039 0.00000438 -0.00000029 0.00000452 -0.00000025
4 39 0.09974375 0.103301186677 0.00068515 0.03778671 0.04096964 -0.00403166 0.00921777 -0.06062571 0.05536939
4 40 0.17664555 0.103301186677 0.00214892 0.08696829 -0.05924746 -0.00675866 -0.00608747 0.08197728 0.11544217
4 41 0.07224493 0.104801057039 0.00036466 0.02126012 -0.06380838 0.02337366 0.00896386 0.00789716 0.00260454
4 42 0.08755285 0.104801057039 0.00053557 0.07339352 0.04286425 0.01002768 -0.01480742 0.00677154 -0.00871097
4 43 0.07530354 0.105450278074 0.00039865 0.03216369 0.05029734 0.01410022 -0.04336496 -0.00507623 0.00109293
4 44 0.08232200 0.105450278074 0.00047642 0.03464570 0.00709731 0.03623269 0.06483549 -0.00170019 0.00262236
4 45 0.02019952 0.106030488527 0.00002884 0.01538067 0.00020422 -0.00654960 0.01106779 0.00091658 0.00227607
4 46 0.02529453 0.106030488527 0.00004523 0.02211808 -0.00007192 0.00437592 -0.00926812 -0.00040155 0.00673726
4 47 0.02961126 0.106536446575 0.00006228 -0.01907667 0.01398842 -0.00767929 0.00876134 0.01107477 0.00767126
4 48 0.04274086 0.106536446575 0.00012975 -0.02625392 0.02432182 0.00488485 -0.00586927 0.01199548 0.01854077
4 49 0.00000891 0.107061517523 0.00000000 0.00000321 0.00000317 -0.00000492 -0.00000456 0.00000285 0.00000244
4 50 0.00001169 0.107061517524 0.00000000 -0.00000651 -0.00000155 0.00000865 0.00000278 -0.00000293 -0.00000078
4 51 0.00001371 0.107859638181 0.00000000 0.00000022 -0.00000120 -0.00000050 0.00000394 0.00000272 -0.00001278
4 52 0.00001312 0.107859638181 0.00000000 -0.00000022 -0.00000026 0.00000195 0.00000259 0.00000498 -0.00001169
4 53 0.00001752 0.107911402453 0.00000000 0.00000002 -0.00000003 -0.00000239 0.00000514 -0.00000717 0.00001495
4 54 0.00001481 0.107911402453 0.00000000 0.00000052 -0.00000011 0.00000151 -0.00000356 0.00001144 -0.00000856
4 55 0.20236832 0.108442083821 0.00296068 0.00991747 -0.07263845 -0.09888433 -0.13339458 0.08813419 0.01543938
4 56 0.20213478 0.108442083821 0.00295385 0.08082474 -0.02827134 -0.06051859 0.13837295 0.03826616 0.09619088
4 57 0.28461950 0.108915203795 0.00588202 0.01007895 -0.19423529 -0.02913473 -0.01204901 0.20497059 0.01312909
4 58 0.19609623 0.108915203797 0.00279213 -0.02612332 -0.12563230 0.04643410 0.00563957 0.13645092 -0.03436632
4 59 0.00004023 0.109395490811 0.00000000 -0.00000042 -0.00000053 -0.00000070 0.00000001 -0.00004021 0.00000083
4 60 0.00009132 0.109395490814 0.00000000 -0.00000074 -0.00000311 -0.00000255 0.00000216 -0.00002174 0.00008857
4 61 0.13017379 0.110400816413 0.00124718 -0.03989303 0.08738197 0.03066546 -0.07883900 0.02312192 0.00525080
4 62 0.14347636 0.110400816431 0.00151510 -0.12107951 0.02119643 -0.06514928 0.01705690 0.00669103 0.02992979
4 63 0.00000690 0.110442131123 0.00000000 0.00000008 -0.00000109 0.00000097 -0.00000106 0.00000598 -0.00000293
4 64 0.00000710 0.110442131142 0.00000000 -0.00000420 -0.00000138 0.00000044 0.00000464 -0.00000082 0.00000291
4 65 0.00001140 0.110595146911 0.00000000 -0.00000051 -0.00000281 -0.00000834 0.00000049 0.00000500 0.00000518
4 66 0.00001458 0.110595146921 0.00000000 -0.00000239 0.00000197 0.00000499 -0.00000452 -0.00000656 0.00001071
4 67 0.00001374 0.111343259727 0.00000000 0.00000234 0.00000106 0.00000336 0.00000170 0.00001156 0.00000586
4 68 0.00002863 0.111343259754 0.00000000 0.00000064 -0.00000089 0.00000529 0.00000141 0.00002496 0.00001286
4 69 0.00001850 0.112025678465 0.00000000 0.00000425 -0.00000508 -0.00000913 0.00000382 0.00001246 -0.00000673
4 70 0.00002137 0.112025678524 0.00000000 -0.00000364 -0.00000621 -0.00000603 0.00000629 0.00000653 0.00001692
5 11 0.00012515 0.085377361861 0.00000000 0.00010653 0.00003244 0.00005462 0.00001660 0.00000141 0.00000016
5 12 0.00003327 0.085377361861 0.00000000 -0.00000977 0.00002796 -0.00000444 0.00001448 0.00000001 0.00000030
5 13 0.61631853 0.090190847727 0.02283924 -0.03985257 -0.02808117 0.15826249 0.11944286 0.35923081 -0.45728697
5 14 0.41159157 0.090190847727 0.01018601 -0.05130911 0.02304215 -0.01561749 0.40054378 -0.07217541 -0.01885578
5 15 1.96226600 0.092835470273 0.23830790 0.30834556 0.62068585 -1.74693429 0.50317454 0.05201103 0.24998153
5 16 1.59769831 0.092835470273 0.15798368 0.84835457 0.58496316 0.19202719 0.11481221 0.53652401 -1.07370304
5 17 1.12820285 0.093759459939 0.07956063 -0.20388635 -0.26996251 -0.81719328 0.43706462 0.28435018 0.46766111
5 18 2.53068726 0.093759459939 0.40031402 0.39079240 -0.26308741 -0.07716353 0.08227191 1.68867971 1.82156040
5 19 0.00002518 0.094683824064 0.00000000 -0.00000331 0.00000709 -0.00000104 0.00000156 0.00000981 -0.00002175
5 20 0.00002245 0.094683824064 0.00000000 -0.00000645 0.00000260 -0.00000175 0.00000060 0.00001947 -0.00000856
5 21 0.00001176 0.097857155986 0.00000000 0.00000688 0.00000607 -0.00000477 -0.00000384 -0.00000313 -0.00000263
5 22 0.00005264 0.097857155986 0.00000000 0.00003746 -0.00001735 -0.00002364 0.00001062 -0.00001817 0.00000807
5 23 0.00008994 0.098592693038 0.00000000 0.00003770 -0.00003904 0.00002672 -0.00002854 -0.00004239 0.00004266
5 24 0.00000680 0.098592693038 0.00000000 -0.00000437 0.00000237 -0.00000253 -0.00000030 0.00000347 -0.00000173
5 25 0.00003256 0.099186223360 0.00000000 0.00000060 0.00003173 0.00000165 -0.00000644 -0.00000057 0.00000297
5 26 0.00006575 0.099186223360 0.00000000 0.00002852 0.00005747 -0.00000662 -0.00001087 0.00000285 0.00000607
5 27 0.00007504 0.099697342566 0.00000000 -0.00001877 -0.00003437 -0.00001373 -0.00002574 -0.00002646 -0.00005046
5 28 0.00002961 0.099697342566 0.00000000 0.00000998 0.00001110 0.00000801 0.00000864 0.00001432 0.00001761
5 29 0.08711556 0.100071895548 0.00050631 0.00263887 -0.03147479 0.03446036 0.04221089 0.05944907 -0.00938222
5 30 0.10789547 0.100071895548 0.00077665 -0.07167437 0.01600286 -0.00197369 0.07200716 -0.01362690 -0.02955515
5 31 0.17065448 0.101708017899 0.00197469 0.12316882 0.10223754 0.05509119 -0.01172341 -0.01590827 -0.00862138
5 32 0.29093724 0.101708017899 0.00573935 0.18775818 -0.14708708 0.05957823 0.15191472 0.01771683 0.02855176
5 33 0.52419305 0.101751036673 0.01863932 0.04323730 -0.00969633 -0.05083300 -0.22687675 0.19223199 0.42638560
5 34 0.55523689 0.101751036673 0.02091242 0.00704680 -0.01677689 -0.15562167 -0.38730334 -0.34381428 -0.12460593
5 35 0.00000827 0.102363934680 0.00000000 -0.00000204 -0.00000573 -0.00000169 -0.00000405 -0.00000128 -0.00000326
5 36 0.00002786 0.102363934680 0.00000000 0.00001139 0.00001751 0.00000822 0.00001323 0.00000547 0.00000822
5 37 0.00001570 0.102781564106 0.00000000 0.00000034 -0.00001513 0.00000019 -0.00000059 -0.00000024 -0.00000410
5 38 0.00001589 0.102781564106 0.00000000 0.00001474 -0.00000428 0.00000059 -0.00000041 0.00000382 -0.00000133
5 39 0.16436920 0.103081012537 0.00185664 0.05486173 0.04996420 -0.04771042 -0.11864688 -0.01985374 -0.06901788
5 40 0.23347507 0.103081012537 0.00374601 0.02036577 -0.15382296 0.15563520 -0.03545376 -0.06213957 -0.03307154
5 41 0.06867620 0.104580882899 0.00032883 -0.02712266 -0.04996881 0.03525315 -0.01468945 0.00501245 -0.00045854
5 42 0.04168135 0.104580882899 0.00012113 0.03623593 0.00168358 0.00565538 -0.01926680 0.00014417 0.00427131
5 43 0.05913323 0.105230103934 0.00024531 -0.02329802 -0.01370813 0.01235599 0.02475180 -0.00458258 0.04449388
5 44 0.13457956 0.105230103934 0.00127059 -0.01386128 0.01976011 -0.11955197 -0.05228152 -0.00025895 0.02242679
5 45 0.05958424 0.105810314387 0.00025044 0.02330967 -0.01803831 -0.01733363 -0.04445164 0.00946126 0.01776629
5 46 0.07180205 0.105810314387 0.00036367 0.01563241 -0.01119083 -0.00553800 0.02720224 0.03925764 0.04974067
5 47 0.12419763 0.106316272435 0.00109329 0.00404128 0.01300968 0.01938757 -0.08015597 -0.08131705 -0.04273345
5 48 0.10516302 0.106316272435 0.00078385 -0.00993971 0.03129163 0.01993886 0.03748555 -0.09043311 0.00065157
5 49 0.00001299 0.106841343384 0.00000000 -0.00000736 -0.00000445 -0.00000346 -0.00000144 0.00000826 0.00000354
5 50 0.00001921 0.106841343384 0.00000000 0.00001035 -0.00000755 0.00000260 -0.00000423 -0.00001112 0.00000750
5 51 0.00001418 0.107639464041 0.00000000 0.00000081 0.00000197 -0.00000022 0.00000159 0.00000640 0.00001237
5 52 0.00000620 0.107639464042 0.00000000 0.00000085 0.00000028 0.00000046 -0.00000056 0.00000608 0.00000028
5 53 0.00001195 0.107691228313 0.00000000 0.00000057 0.00000154 0.00000124 0.00000354 0.00000311 0.00001079
5 54 0.00000442 0.107691228313 0.00000000 -0.00000079 -0.00000031 -0.00000018 -0.00000067 -0.00000277 -0.00000327
5 55 0.26086975 0.108221909681 0.00490989 0.01094662 0.01718986 0.08528596 0.05824393 0.21831648 -0.09648609
5 56 0.17999447 0.108221909682 0.00233745 -0.02390838 0.03738953 -0.06329240 -0.09251677 0.11836913 0.06206359
5 57 0.10240887 0.108695029656 0.00075996 -0.00543911 -0.01154068 0.00414774 0.00402362 -0.08253636 0.05898441
5 58 0.03600018 0.108695029658 0.00009391 -0.01282135 -0.00849662 -0.00389213 -0.00057428 -0.03038189 0.01099527
5 59 0.00001689 0.109175316671 0.00000000 -0.00000149 0.00000304 -0.00000115 -0.00000000 0.00000773 -0.00001459
5 60 0.00002071 0.109175316675 0.00000000 0.00000027 0.00000314 0.00000618 -0.00000295 -0.00000240 -0.00001915
5 61 0.22832152 0.110180642274 0.00382920 0.03415424 0.03879343 0.01953601 0.17411437 0.13692588 0.00362054
5 62 0.18442830 0.110180642291 0.00249844 -0.07581626 0.06161854 0.01645042 -0.10136354 0.10673437 0.05031339
5 63 0.00003021 0.110221956983 0.00000000 0.00000069 -0.00000113 0.00000181 -0.00000084 0.00002478 -0.00001711
5 64 0.00007584 0.110221957002 0.00000000 -0.00000491 0.00000073 -0.00001486 -0.00001232 -0.00004375 -0.00005865
5 65 0.00002557 0.110374972771 0.00000000 -0.00000473 -0.00000021 -0.00000321 -0.00000390 -0.00002290 0.00000902
5 66 0.00002821 0.110374972782 0.00000000 -0.00000097 0.00000071 -0.00000225 -0.00000101 -0.00000669 -0.00002726
5 67 0.00001389 0.111123085588 0.00000000 -0.00000605 -0.00000034 -0.00000305 -0.00000189 0.00001130 -0.00000398
5 68 0.00003066 0.111123085614 0.00000000 -0.00000764 0.00000817 -0.00000466 -0.00000982 0.00001114 -0.00002393
5 69 0.00003172 0.111805504325 0.00000000 0.00000558 -0.00000644 -0.00001079 0.00000232 0.00002544 -0.00001282
5 70 0.00004350 0.111805504385 0.00000000 -0.00000445 -0.00000265 -0.00001974 -0.00001468 0.00001479 -0.00003227
6 11 0.00003306 0.085377361859 0.00000000 0.00000415 -0.00002913 0.00000242 -0.00001488 0.00000005 -0.00000042
6 12 0.00012491 0.085377361859 0.00000000 -0.00010932 -0.00002022 -0.00005599 -0.00001026 -0.00000111 -0.00000060
6 13 0.41159172 0.090190847725 0.01018602 -0.04308436 -0.03615716 0.09416691 -0.38963042 -0.07458230 -0.00153420
6 14 0.61631833 0.090190847725 0.02283923 0.04599856 -0.01615321 -0.18482939 0.07177447 -0.22096267 -0.53789731
6 15 1.59769838 0.092835470271 0.15798370 -0.78445877 -0.66821556 -0.16056768 -0.15580286 0.89842468 -0.79594543
6 16 1.96226605 0.092835470271 0.23830791 0.67931288 0.13733820 0.03427702 -1.81763292 0.25492820 -0.01440702
6 17 2.53068736 0.093759459936 0.40031405 0.41559614 0.22184149 -0.08515463 -0.07396959 1.49401222 -1.98435113
6 18 1.12820298 0.093759459936 0.07956065 0.17527783 -0.28935615 0.85752272 0.35140490 -0.23515047 0.49423304
6 19 0.00002293 0.094683824062 0.00000000 -0.00000382 -0.00000601 -0.00000092 -0.00000167 0.00001059 0.00001896
6 20 0.00002509 0.094683824062 0.00000000 -0.00000176 0.00000773 -0.00000040 0.00000163 0.00000507 -0.00002320
6 21 0.00005247 0.097857155984 0.00000000 0.00002362 -0.00003362 -0.00001487 0.00002156 -0.00001103 0.00001604
6 22 0.00001177 0.097857155984 0.00000000 0.00000442 0.00000803 -0.00000313 -0.00000532 -0.00000243 -0.00000326
6 23 0.00000668 0.098592693036 0.00000000 -0.00000353 -0.00000309 -0.00000254 -0.00000011 0.00000340 0.00000215
6 24 0.00008985 0.098592693036 0.00000000 -0.00003078 -0.00004463 -0.00002166 -0.00003228 0.00003491 0.00004902
6 25 0.00006572 0.099186223358 0.00000000 -0.00005516 0.00003267 0.00001153 -0.00000531 -0.00000592 0.00000361
6 26 0.00003267 0.099186223358 0.00000000 0.00001789 -0.00002638 -0.00000207 0.00000613 0.00000104 -0.00000288
6 27 0.00002929 0.099697342564 0.00000000 0.00001465 -0.00000260 0.00001169 -0.00000148 0.00002184 -0.00000449
6 28 0.00007508 0.099697342564 0.00000000 0.00003629 -0.00001543 0.00002680 -0.00001149 0.00005180 -0.00002341
6 29 0.10789548 0.100071895546 0.00077665 -0.00982532 -0.07277896 0.06686178 -0.02680355 -0.03244588 -0.00254081
6 30 0.08711550 0.100071895546 0.00050630 0.02861003 -0.01338227 -0.05153675 -0.01769832 -0.01179969 -0.05901688
6 31 0.29093700 0.101708017897 0.00573934 0.22752533 0.07155337 0.00227055 -0.16316381 0.00652870 -0.03296165
6 32 0.17065419 0.101708017897 0.00197469 -0.07928046 0.13905958 -0.05569096 0.00842625 0.01185352 -0.01367125
6 33 0.55523687 0.101751036671 0.02091241 0.01749322 -0.00501127 0.36615825 0.20037486 0.08303012 0.35614731
6 34 0.52419313 0.101751036671 0.01863933 -0.01474623 0.04178539 -0.21926385 -0.07733262 0.40063199 0.24135452
6 35 0.00002757 0.102363934678 0.00000000 -0.00000542 -0.00002019 -0.00000392 -0.00001451 -0.00000241 -0.00000953
6 36 0.00000816 0.102363934678 0.00000000 -0.00000297 -0.00000545 -0.00000201 -0.00000382 -0.00000135 -0.00000277
6 37 0.00001551 0.102781564104 0.00000000 0.00001198 -0.00000899 0.00000070 -0.00000029 0.00000339 -0.00000207
6 38 0.00001568 0.102781564104 0.00000000 -0.00001251 -0.00000850 -0.00000086 -0.00000053 -0.00000327 -0.00000231
6 39 0.23347539 0.103081012535 0.00374602 0.10968806 -0.10974883 -0.06655104 -0.14508744 0.06405240 0.02919529
6 40 0.16436899 0.103081012535 0.00185664 0.07303080 0.01314189 -0.12318864 0.03431998 -0.06685385 0.02623389
6 41 0.04168136 0.104580882897 0.00012113 0.03052208 0.01960299 -0.00654223 0.01898432 0.00258932 -0.00339876
6 42 0.06867624 0.104580882897 0.00032883 0.05104222 -0.02504436 -0.02024280 -0.03238516 -0.00382116 -0.00327517
6 43 0.13457943 0.105230103932 0.00127059 -0.02187372 0.01020452 0.03064053 0.12683521 -0.02212826 -0.00365467
6 44 0.05913295 0.105230103932 0.00024531 -0.00943671 -0.02533063 0.02221868 0.01648174 0.04461133 0.00324417
6 45 0.07180243 0.105810314385 0.00036368 -0.01385139 0.01333231 0.02775601 -0.00048909 0.04175709 0.04766223
6 46 0.05958470 0.105810314385 0.00025044 0.02198297 -0.01963333 0.04055035 0.02514190 -0.01574573 -0.01253969
6 47 0.10516396 0.106316272433 0.00078387 -0.02709921 0.01853665 -0.04164230 -0.00828916 0.02544038 0.08678410
6 48 0.12419767 0.106316272433 0.00109329 0.01362255 0.00012003 -0.07116695 0.04166754 -0.06435675 -0.06554970
6 49 0.00001902 0.106841343382 0.00000000 -0.00000818 0.00001030 -0.00000353 0.00000397 0.00000817 -0.00000967
6 50 0.00001355 0.106841343382 0.00000000 0.00000419 0.00000721 0.00000253 0.00000322 -0.00000415 -0.00000895
6 51 0.00000712 0.107639464039 0.00000000 0.00000064 -0.00000084 0.00000133 -0.00000064 0.00000454 -0.00000517
6 52 0.00001500 0.107639464040 0.00000000 0.00000091 0.00000241 0.00000181 0.00000122 0.00000232 0.00001443
6 53 0.00000436 0.107691228311 0.00000000 0.00000070 -0.00000028 0.00000066 -0.00000042 0.00000300 -0.00000297
6 54 0.00001156 0.107691228311 0.00000000 0.00000093 -0.00000215 0.00000035 -0.00000244 0.00000413 -0.00001025
6 55 0.17999377 0.108221909679 0.00233743 0.01242438 0.04260486 0.08676090 -0.07097462 -0.13104909 0.02625841
6 56 0.26086851 0.108221909680 0.00490984 0.01534018 -0.01341628 0.09822732 -0.03190046 0.18235578 0.15400385
6 57 0.03599788 0.108695029653 0.00009390 -0.01118173 -0.01056339 -0.00144416 -0.00365876 0.00382481 -0.03208005
6 58 0.10241243 0.108695029656 0.00076002 0.01247434 0.00268135 -0.00485850 -0.00313142 -0.03874431 0.09376020
6 59 0.00002113 0.109175316669 0.00000000 -0.00000139 -0.00000455 0.00000100 0.00000016 0.00000090 0.00002054
6 60 0.00001786 0.109175316673 0.00000000 0.00000237 0.00000320 -0.00000307 0.00000462 -0.00001052 -0.00001272
6 61 0.18443792 0.110180642272 0.00249870 -0.04782976 0.08518929 0.09709846 -0.03344542 -0.06772966 -0.09663556
6 62 0.22832942 0.110180642289 0.00382946 0.04403388 0.02705941 0.17490853 -0.01034729 0.02685180 0.13432069
6 63 0.00006454 0.110221956981 0.00000000 -0.00000085 -0.00000221 -0.00000136 -0.00000312 0.00000234 -0.00006437
6 64 0.00002535 0.110221957000 0.00000000 0.00000241 -0.00000053 0.00001190 0.00000477 0.00002123 -0.00000461
6 65 0.00002043 0.110374972769 0.00000000 -0.00000035 0.00000333 -0.00000003 0.00000785 -0.00000069 0.00001855
6 66 0.00003428 0.110374972780 0.00000000 0.00000361 -0.00000176 0.00000897 0.00000384 0.00003168 0.00000775
6 67 0.00002593 0.111123085585 0.00000000 0.00000836 0.00000569 0.00000114 -0.00000295 -0.00002183 -0.00000913
6 68 0.00002281 0.111123085612 0.00000000 -0.00000639 -0.00000039 0.00001288 0.00000914 0.00001323 -0.00000744
6 69 0.00003166 0.111805504323 0.00000000 -0.00000655 -0.00000273 0.00000390 -0.00000450 -0.00002659 -0.00001448
6 70 0.00002221 0.111805504382 0.00000000 0.00001026 -0.00000070 0.00000337 0.00000584 0.00001688 0.00000755
7 11 0.00000310 0.082651352207 0.00000000 -0.00000187 0.00000053 -0.00000191 0.00000097 -0.00000108 0.00000027
7 12 0.00000394 0.082651352207 0.00000000 -0.00000300 -0.00000119 -0.00000143 -0.00000112 -0.00000132 -0.00000027
7 13 2.11598359 0.087464838073 0.26107593 -0.39908549 0.85807607 0.53128766 1.22183266 -0.01018029 1.34408985
7 14 2.95919274 0.087464838073 0.51060933 -1.28489021 1.55803691 1.60235435 0.78454609 -0.46877935 -1.12942184
7 15 0.22606181 0.090109460619 0.00306997 0.10857472 0.04984237 0.07175316 -0.17612121 -0.00842588 0.02435197
7 16 0.16638823 0.090109460619 0.00166312 0.02491528 -0.01280823 -0.03103982 -0.15488529 -0.01842382 -0.04009815
7 17 0.78402497 0.091033450284 0.03730521 0.59629886 0.16324498 0.09409260 -0.47280816 0.00080319 0.00850178
7 18 0.45244845 0.091033450284 0.01242361 0.02562976 0.17122086 0.41357454 0.06072112 -0.00226159 -0.00023968
7 19 0.00000537 0.091957814409 0.00000000 0.00000142 0.00000314 0.00000136 0.00000314 0.00000135 0.00000185
7 20 0.00000164 0.091957814409 0.00000000 0.00000031 -0.00000048 -0.00000048 0.00000112 -0.00000083 -0.00000042
7 21 0.00000070 0.095131146331 0.00000000 0.00000015 0.00000014 0.00000001 -0.00000025 0.00000046 -0.00000042
7 22 0.00000079 0.095131146331 0.00000000 0.00000024 -0.00000037 -0.00000013 -0.00000008 0.00000039 -0.00000050
7 23 0.00000597 0.095866683383 0.00000000 -0.00000025 0.00000337 -0.00000019 0.00000417 0.00000012 0.00000260
7 24 0.00000538 0.095866683383 0.00000000 -0.00000198 -0.00000312 -0.00000176 -0.00000271 -0.00000113 -0.00000188
7 25 0.00000267 0.096460213705 0.00000000 -0.00000262 0.00000030 0.00000016 0.00000028 -0.00000012 -0.00000024
7 26 0.00000205 0.096460213705 0.00000000 -0.00000131 -0.00000132 0.00000064 0.00000030 -0.00000047 -0.00000010
7 27 0.00000538 0.096971332912 0.00000000 -0.00000275 -0.00000058 -0.00000203 -0.00000019 -0.00000404 -0.00000076
7 28 0.00000254 0.096971332912 0.00000000 -0.00000074 0.00000117 -0.00000093 0.00000131 -0.00000115 0.00000079
7 29 0.03223845 0.097345885894 0.00006745 -0.00820552 0.02384888 -0.01013110 0.01528689 0.00625149 -0.00527340
7 30 0.10374690 0.097345885894 0.00069852 -0.04898273 0.06103084 0.05644180 0.03802409 0.00110575 0.00257226
7 31 0.01328678 0.098982008244 0.00001165 0.00905665 0.00690205 -0.00159887 -0.00088525 0.00422876 0.00506506
7 32 0.04983786 0.098982008244 0.00016390 -0.00892542 0.04809580 0.00517785 -0.00161160 -0.00557016 -0.00552347
7 33 0.09972511 0.099025027018 0.00065654 -0.02303542 0.04377860 0.07086275 0.03528047 -0.03207376 0.01424555
7 34 0.08909699 0.099025027018 0.00052406 -0.01704689 0.04819749 0.02308690 0.01291613 0.06796957 0.00223311
7 35 0.00000305 0.099637925026 0.00000000 0.00000005 -0.00000164 0.00000021 -0.00000137 -0.00000063 -0.00000207
7 36 0.00000481 0.099637925026 0.00000000 -0.00000213 -0.00000101 -0.00000212 -0.00000080 -0.00000330 -0.00000125
7 37 0.00000179 0.100055554451 0.00000000 0.00000119 0.00000010 0.00000056 0.00000022 0.00000120 0.00000001
7 38 0.00000181 0.100055554451 0.00000000 -0.00000119 0.00000016 -0.00000032 0.00000037 -0.00000123 0.00000030
7 39 0.04441469 0.100355002883 0.00013198 0.00506191 -0.03571856 0.00431485 -0.00553276 0.02311741 0.00935854
7 40 0.07198507 0.100355002883 0.00034668 0.05394311 0.04261220 -0.01553712 0.01438341 0.00014911 0.00280807
7 41 0.16732308 0.101854873245 0.00190109 0.15071613 0.05638914 0.00744006 -0.02454853 -0.02159468 0.03126675
7 42 0.07816155 0.101854873245 0.00041484 0.01998227 0.00689703 0.00946454 0.00522850 0.06351865 0.03886945
7 43 0.20812044 0.102504094280 0.00295992 -0.03365863 -0.01757729 0.01639465 0.13774759 0.12145574 0.08875569
7 44 0.27836652 0.102504094280 0.00529522 0.05724563 0.16692306 0.19089575 -0.04740930 -0.06375227 0.05995305
7 45 0.17048617 0.103084304733 0.00199747 -0.04237048 0.10117975 0.09504255 0.02417821 -0.03750715 -0.07751436
7 46 0.18945907 0.103084304733 0.00246679 0.05069316 -0.01275456 0.02561605 -0.02094025 0.17519650 0.03706445
7 47 0.36952805 0.103590262781 0.00943023 0.27046253 -0.11788671 -0.01870989 -0.19649350 -0.09471481 -0.03966196
7 48 0.35592062 0.103590262781 0.00874851 -0.00076141 0.20650705 0.26338423 -0.08694609 0.00661432 0.08401860
7 49 0.00000109 0.104115333729 0.00000000 0.00000018 -0.00000025 0.00000022 -0.00000052 -0.00000003 -0.00000087
7 50 0.00000195 0.104115333729 0.00000000 0.00000058 0.00000047 -0.00000142 -0.00000045 -0.00000091 -0.00000046
7 51 0.00000249 0.104913454387 0.00000000 0.00000022 0.00000014 -0.00000205 -0.00000135 -0.00000024 -0.00000018
7 52 0.00000267 0.104913454387 0.00000000 -0.00000034 -0.00000132 0.00000015 0.00000223 -0.00000005 -0.00000051
7 53 0.00000369 0.104965218658 0.00000000 0.00000164 0.00000068 0.00000231 0.00000127 0.00000169 0.00000082
7 54 0.00000298 0.104965218659 0.00000000 -0.00000015 0.00000226 -0.00000163 0.00000069 -0.00000076 0.00000026
7 55 0.02805832 0.105495900027 0.00005537 0.00145549 -0.01890062 -0.00888500 -0.01854470 -0.00142025 0.00174682
7 56 0.07683787 0.105495900027 0.00041524 -0.00161177 0.03476074 0.06818355 -0.00631566 0.00122725 0.00166168
7 57 0.02469289 0.105969020001 0.00004308 -0.00016333 -0.01571619 -0.00056882 0.00052075 0.00255416 -0.01885723
7 58 0.07600216 0.105969020003 0.00040807 0.07502506 -0.00361666 0.00004821 0.00134697 -0.00484839 0.01044826
7 59 0.00000230 0.106449307017 0.00000000 0.00000201 0.00000024 -0.00000078 0.00000050 -0.00000007 0.00000057
7 60 0.00000442 0.106449307020 0.00000000 -0.00000120 0.00000123 -0.00000159 -0.00000293 0.00000234 -0.00000006
7 61 0.07274394 0.107454632619 0.00037908 0.04484227 -0.04203988 0.01292627 0.03363543 0.01455947 -0.00175806
7 62 0.07130331 0.107454632637 0.00036421 -0.02918586 0.04087604 -0.04720052 -0.01212276 0.00563180 -0.01244708
7 63 0.00000493 0.107495947329 0.00000000 -0.00000161 0.00000327 -0.00000115 -0.00000048 -0.00000139 0.00000273
7 64 0.00001938 0.107495947348 0.00000000 0.00000193 0.00000822 -0.00001434 0.00000798 -0.00000591 0.00000001
7 65 0.00000408 0.107648963117 0.00000000 0.00000096 -0.00000011 -0.00000006 0.00000379 0.00000116 0.00000009
7 66 0.00001016 0.107648963127 0.00000000 0.00000722 -0.00000272 -0.00000161 0.00000623 -0.00000129 -0.00000081
7 67 0.00000775 0.108397075933 0.00000000 -0.00000141 0.00000293 -0.00000686 -0.00000127 -0.00000046 -0.00000084
7 68 0.00002211 0.108397075960 0.00000000 0.00001174 0.00000222 -0.00001484 0.00000953 -0.00000592 -0.00000016
7 69 0.00000894 0.109079494671 0.00000000 -0.00000092 -0.00000488 0.00000341 0.00000539 -0.00000156 0.00000349
7 70 0.00002653 0.109079494730 0.00000000 -0.00000369 0.00001607 -0.00001309 -0.00000971 -0.00000437 -0.00001212
8 11 0.00000393 0.082651352206 0.00000000 -0.00000238 0.00000217 -0.00000109 0.00000137 -0.00000120 0.00000075
8 12 0.00000317 0.082651352206 0.00000000 0.00000209 -0.00000015 0.00000209 0.00000033 0.00000109 -0.00000014
8 13 2.95919257 0.087464838072 0.51060927 -1.90569634 -0.66838817 0.96520984 -1.50047378 0.18326480 1.20903342
8 14 2.11598375 0.087464838072 0.26107597 0.78550842 0.52776938 0.17759244 1.32045557 0.70419765 1.14489602
8 15 0.16638815 0.090109460619 0.00166312 -0.01597318 -0.02301494 0.10018833 -0.12212775 0.03510712 -0.02673549
8 16 0.22606179 0.090109460619 0.00306997 0.11926151 0.00703048 -0.01943427 0.18918113 0.00400708 -0.02545483
8 17 0.45244842 0.091033450284 0.01242361 -0.12096588 -0.12385738 0.20144704 -0.36626506 -0.00117529 0.00194717
8 18 0.78402489 0.091033450284 0.03730521 -0.23012577 0.57381469 -0.43362861 -0.21063513 0.00628993 0.00577593
8 19 0.00000163 0.091957814409 0.00000000 0.00000035 0.00000032 -0.00000070 -0.00000107 -0.00000070 0.00000055
8 20 0.00000519 0.091957814409 0.00000000 -0.00000076 0.00000314 -0.00000062 0.00000338 -0.00000090 0.00000197
8 21 0.00000107 0.095131146331 0.00000000 0.00000029 -0.00000037 0.00000009 0.00000001 0.00000031 -0.00000091
8 22 0.00000067 0.095131146331 0.00000000 0.00000034 0.00000003 -0.00000020 0.00000024 0.00000009 0.00000048
8 23 0.00000534 0.095866683383 0.00000000 0.00000020 0.00000351 0.00000029 0.00000328 0.00000030 0.00000228
8 24 0.00000605 0.095866683383 0.00000000 0.00000234 0.00000253 0.00000283 0.00000324 0.00000153 0.00000197
8 25 0.00000206 0.096460213705 0.00000000 0.00000103 -0.00000162 -0.00000032 0.00000033 0.00000049 -0.00000033
8 26 0.00000272 0.096460213705 0.00000000 -0.00000264 0.00000039 0.00000020 -0.00000034 0.00000002 0.00000034
8 27 0.00000247 0.096971332912 0.00000000 -0.00000078 -0.00000092 -0.00000115 -0.00000102 -0.00000122 -0.00000089
8 28 0.00000527 0.096971332912 0.00000000 0.00000247 -0.00000094 0.00000201 -0.00000077 0.00000381 -0.00000131
8 29 0.10374691 0.097345885894 0.00069852 -0.02157753 -0.07522280 0.06675391 -0.01324532 0.00201422 -0.00194465
8 30 0.03223845 0.097345885894 0.00006745 -0.00165325 0.02516664 0.00343291 0.01801518 -0.00372661 -0.00728046
8 31 0.04983797 0.098982008244 0.00016390 -0.04786775 -0.01007774 0.00346321 -0.00417286 0.00298369 0.00725479
8 32 0.01328672 0.098982008244 0.00001165 0.00292966 0.01100348 -0.00020918 -0.00181552 0.00307118 0.00583998
8 33 0.08909707 0.099025027018 0.00052406 -0.02582364 0.04412183 -0.02476412 -0.00930466 -0.04556127 -0.05048786
8 34 0.09972531 0.099025027018 0.00065654 0.01858389 -0.04584581 0.07267631 0.03137549 -0.00981110 -0.03369589
8 35 0.00000495 0.099637925025 0.00000000 0.00000099 0.00000202 0.00000104 0.00000230 0.00000165 0.00000321
8 36 0.00000298 0.099637925025 0.00000000 -0.00000158 0.00000029 -0.00000127 0.00000025 -0.00000209 -0.00000054
8 37 0.00000172 0.100055554451 0.00000000 -0.00000022 0.00000108 -0.00000027 0.00000057 0.00000003 0.00000116
8 38 0.00000167 0.100055554451 0.00000000 0.00000030 0.00000111 0.00000037 0.00000040 0.00000004 0.00000107
8 39 0.07198539 0.100355002883 0.00034669 -0.05780892 0.03719990 0.01407468 0.01581741 -0.00041984 0.00278019
8 40 0.04441444 0.100355002883 0.00013198 0.00158635 0.03604034 0.00375996 0.00592404 0.02391345 -0.00708059
8 41 0.07816127 0.101854873244 0.00041483 0.01818562 -0.01077670 0.00821857 -0.00702629 0.05439740 -0.05085605
8 42 0.16732305 0.101854873244 0.00190109 -0.13628614 0.08556403 -0.01222784 -0.02254873 0.02744453 0.02628155
8 43 0.27836637 0.102504094280 0.00529521 -0.16781739 0.05456671 -0.07683659 -0.18106635 -0.00960220 0.08698590
8 44 0.20812042 0.102504094280 0.00295992 -0.03427753 -0.01633814 0.11994794 -0.06968289 0.14393267 0.04373096
8 45 0.18945930 0.103084304733 0.00246680 0.01988671 0.04834264 -0.00160468 0.03304763 0.13397243 0.11882341
8 46 0.17048641 0.103084304733 0.00199747 -0.05615720 0.09422926 -0.07595107 -0.06204063 0.08462483 -0.01593312
8 47 0.35592016 0.103590262781 0.00874849 -0.09071206 0.18551746 -0.19770445 -0.19453479 -0.04311634 0.07241479
8 48 0.36952828 0.103590262781 0.00943025 0.19035857 0.22541326 -0.10374122 0.16792056 -0.10248767 -0.00635234
8 49 0.00000130 0.104115333729 0.00000000 -0.00000007 0.00000007 -0.00000083 0.00000036 -0.00000084 0.00000039
8 50 0.00000119 0.104115333729 0.00000000 -0.00000025 0.00000071 -0.00000013 0.00000027 0.00000083 -0.00000027
8 51 0.00000265 0.104913454387 0.00000000 0.00000027 -0.00000026 -0.00000248 0.00000056 0.00000067 0.00000007
8 52 0.00000244 0.104913454387 0.00000000 -0.00000023 0.00000038 -0.00000074 -0.00000210 0.00000055 -0.00000072
8 53 0.00000182 0.104965218658 0.00000000 0.00000085 0.00000018 0.00000092 0.00000059 0.00000116 0.00000013
8 54 0.00000463 0.104965218658 0.00000000 0.00000103 -0.00000255 -0.00000034 -0.00000353 0.00000068 -0.00000094
8 55 0.07683831 0.105495900027 0.00041524 0.01910276 0.02908475 -0.06188283 0.02931784 -0.00020967 0.00205513
8 56 0.02805818 0.105495900027 0.00005537 0.01088531 0.01551964 0.00180634 0.02048369 -0.00211193 -0.00077952
8 57 0.07600245 0.105969020001 0.00040808 0.06322149 0.04055779 0.00071309 -0.00114451 0.00101129 -0.01147349
8 58 0.02469418 0.105969020003 0.00004308 0.00798381 -0.01354190 0.00022973 0.00073012 0.00719180 -0.01761733
8 59 0.00000190 0.106449307017 0.00000000 -0.00000041 -0.00000014 -0.00000115 0.00000137 -0.00000016 -0.00000046
8 60 0.00000369 0.106449307020 0.00000000 -0.00000295 -0.00000096 0.00000047 0.00000167 0.00000031 0.00000093
8 61 0.07131480 0.107454632619 0.00036433 0.00201509 0.05019960 0.04612820 0.01572306 0.00211159 -0.01350020
8 62 0.07274271 0.107454632636 0.00037906 0.01447093 0.05973916 0.02924394 -0.02104379 0.01121910 0.00945560
8 63 0.00000999 0.107495947328 0.00000000 0.00000402 -0.00000466 -0.00000527 -0.00000525 -0.00000010 -0.00000257
8 64 0.00000758 0.107495947348 0.00000000 0.00000318 0.00000520 -0.00000146 -0.00000326 0.00000273 0.00000030
8 65 0.00000813 0.107648963117 0.00000000 -0.00000270 -0.00000117 0.00000197 0.00000728 0.00000058 0.00000034
8 66 0.00000779 0.107648963127 0.00000000 0.00000460 -0.00000502 -0.00000214 -0.00000094 0.00000267 0.00000129
8 67 0.00001522 0.108397075933 0.00000000 0.00000445 0.00000908 0.00000762 -0.00000841 0.00000012 -0.00000067
8 68 0.00001150 0.108397075960 0.00000000 -0.00000063 0.00000405 -0.00000481 0.00000539 0.00000662 0.00000442
8 69 0.00001535 0.109079494671 0.00000000 -0.00000531 0.00000569 0.00000051 0.00001001 0.00000290 -0.00000813
8 70 0.00002316 0.109079494730 0.00000000 0.00000343 0.00000345 0.00000078 -0.00002236 -0.00000176 0.00000301
9 11 3.48700196 0.078897361061 0.63955162 -0.86972998 0.21903985 1.73639622 0.70440100 -0.36835552 2.77629890
9 12 2.65904974 0.078897361061 0.37189825 1.95806214 -0.72644075 0.22099221 -1.27073962 -0.09712116 1.01772922
9 13 0.00010609 0.083710846927 0.00000000 0.00000112 0.00000019 0.00000156 -0.00000014 0.00009564 0.00004588
9 14 0.00003709 0.083710846927 0.00000000 -0.00000079 -0.00000015 0.00000053 0.00000000 -0.00002184 0.00002997
9 15 0.00000372 0.086355469474 0.00000000 -0.00000014 -0.00000001 0.00000063 -0.00000018 0.00000365 -0.00000026
9 16 0.00000560 0.086355469474 0.00000000 0.00000041 0.00000005 -0.00000127 -0.00000024 -0.00000539 -0.00000064
9 17 0.00000818 0.087279459139 0.00000000 0.00000287 -0.00000078 0.00000246 -0.00000076 0.00000693 -0.00000187
9 18 0.00001188 0.087279459139 0.00000000 0.00000207 -0.00000391 0.00000177 -0.00000334 0.00000483 -0.00000917
9 19 0.16933871 0.088203823264 0.00168620 -0.13089530 -0.00140120 -0.03608552 -0.03227271 0.09413762 -0.01828854
9 20 0.26788016 0.088203823264 0.00421966 -0.03210367 0.15532461 0.19925626 0.01054875 0.00838328 0.08196821
9 21 0.07268343 0.091377155186 0.00032182 0.02212751 -0.06432793 0.01361022 0.01246261 0.01526036 -0.00904093
9 22 0.05478491 0.091377155186 0.00018284 0.04693166 -0.00386729 0.01112649 -0.00341875 -0.01794391 -0.01806597
9 23 0.40600204 0.092112692238 0.01012243 -0.08238557 0.10961109 0.16240282 -0.13336610 0.27467835 0.16256166
9 24 0.37926605 0.092112692238 0.00883316 0.24843852 0.14393362 0.17686024 -0.11217613 -0.05122666 0.12213498
9 25 0.08642534 0.092706222560 0.00046164 -0.01878646 0.01359998 -0.06034398 -0.05259383 -0.00067791 0.02287976
9 26 0.17388508 0.092706222560 0.00186871 -0.00190900 -0.00145630 0.07315502 0.13976891 -0.06383908 0.03560648
9 27 0.24593742 0.093217341767 0.00375885 -0.02095521 0.18729077 -0.06209696 -0.09696201 0.06238705 -0.08842202
9 28 0.42189334 0.093217341767 0.01106142 -0.23113466 0.16310993 0.12443532 0.27973876 -0.06311102 0.01565205
9 29 0.00011105 0.093591894749 0.00000000 -0.00000075 -0.00000172 -0.00000068 -0.00000138 -0.00004376 -0.00010204
9 30 0.00002550 0.093591894749 0.00000000 -0.00000024 -0.00000027 -0.00000027 -0.00000018 -0.00001640 -0.00001951
9 31 0.00000647 0.095228017099 0.00000000 -0.00000044 -0.00000003 0.00000058 0.00000023 0.00000642 0.00000013
9 32 0.00000290 0.095228017099 0.00000000 -0.00000012 -0.00000024 0.00000008 0.00000023 0.00000273 0.00000092
9 33 0.00000224 0.095271035873 0.00000000 0.00000061 -0.00000030 0.00000140 -0.00000072 0.00000026 -0.00000142
9 34 0.00000323 0.095271035873 0.00000000 -0.00000000 0.00000124 0.00000005 0.00000291 -0.00000018 0.00000061
9 35 0.11953550 0.095883933880 0.00091337 -0.03704736 -0.04993555 -0.08615139 0.04112442 -0.00638203 0.03561822
9 36 0.20495059 0.095883933880 0.00268505 0.00329986 0.01323089 -0.05896562 -0.06233303 -0.11969292 0.14188042
9 37 0.11770184 0.096301563306 0.00088942 0.03666263 -0.11056573 0.01251376 0.00002402 0.01010386 -0.00510979
9 38 0.06200302 0.096301563306 0.00024681 -0.03586152 -0.03033510 0.02765559 -0.01732765 0.01014888 0.02168015
9 39 0.00000128 0.096601011738 0.00000000 -0.00000044 0.00000058 -0.00000018 0.00000010 -0.00000054 0.00000088
9 40 0.00000168 0.096601011738 0.00000000 -0.00000021 0.00000036 -0.00000026 -0.00000040 -0.00000079 0.00000133
9 41 0.00000076 0.098100882099 0.00000000 0.00000022 -0.00000025 0.00000011 -0.00000057 0.00000019 0.00000031
9 42 0.00000133 0.098100882099 0.00000000 0.00000042 -0.00000023 0.00000077 -0.00000091 -0.00000013 0.00000031
9 43 0.00000316 0.098750103135 0.00000000 0.00000175 -0.00000106 0.00000226 -0.00000069 -0.00000050 0.00000003
9 44 0.00000171 0.098750103135 0.00000000 0.00000062 0.00000022 0.00000151 0.00000009 -0.00000039 -0.00000023
9 45 0.00000956 0.099330313588 0.00000000 0.00000022 0.00000019 0.00000030 0.00000003 0.00000617 0.00000729
9 46 0.00004926 0.099330313588 0.00000000 0.00000062 -0.00000137 0.00000110 -0.00000089 0.00002418 -0.00004287
9 47 0.00000744 0.099836271636 0.00000000 -0.00000011 0.00000043 -0.00000024 0.00000062 -0.00000325 0.00000664
9 48 0.00000222 0.099836271636 0.00000000 -0.00000061 0.00000000 -0.00000060 0.00000028 0.00000081 0.00000186
9 49 0.04179096 0.100361342584 0.00011685 -0.00992881 0.01408125 0.02040389 0.01772017 -0.01966197 0.01824021
9 50 0.03345226 0.100361342584 0.00007487 0.01701478 -0.00053807 -0.00271894 0.00208478 -0.02683825 -0.00986056
9 51 0.02891346 0.101159463242 0.00005638 0.00498051 -0.00056107 -0.01466517 -0.02093997 0.01140784 -0.00521342
9 52 0.02046236 0.101159463242 0.00002824 0.00673924 0.00524336 0.01536775 -0.00975722 -0.00368176 -0.00093371
9 53 0.02504496 0.101211227513 0.00004232 0.00216927 0.00386176 0.00638404 0.00558000 0.02183526 -0.00767857
9 54 0.02546649 0.101211227514 0.00004376 -0.00265465 -0.02014799 0.01361315 -0.00046615 0.00705720 0.00046284
9 55 0.00000476 0.101741908882 0.00000000 -0.00000188 -0.00000212 -0.00000270 -0.00000252 -0.00000040 -0.00000094
9 56 0.00000113 0.101741908882 0.00000000 0.00000038 0.00000059 0.00000032 0.00000071 -0.00000014 -0.00000039
9 57 0.00000451 0.102215028856 0.00000000 -0.00000372 -0.00000167 -0.00000093 -0.00000133 -0.00000099 -0.00000034
9 58 0.00000278 0.102215028858 0.00000000 0.00000000 -0.00000085 0.00000098 -0.00000237 -0.00000025 -0.00000060
9 59 0.03778626 0.102695315872 0.00009775 -0.00058687 0.00087649 -0.00246741 -0.00454928 0.03727393 -0.00324945
9 60 0.02789798 0.102695315875 0.00005328 0.00094821 -0.00005854 0.00174641 -0.00884685 0.02542767 -0.00703646
9 61 0.00000484 0.103700641474 0.00000000 0.00000230 0.00000165 0.00000174 0.00000244 0.00000080 0.00000241
9 62 0.00001251 0.103700641491 0.00000000 -0.00000703 0.00000369 -0.00000001 -0.00000902 0.00000343 0.00000045
9 63 0.16370001 0.103741956183 0.00185336 0.01033960 0.06844674 0.08079191 -0.00727504 -0.00105664 -0.12419523
9 64 0.22099260 0.103741956203 0.00337768 -0.00635330 0.03709612 -0.02747681 -0.01433932 -0.08731417 0.19707077
9 65 0.08930547 0.103894971972 0.00055241 0.00701411 -0.04332024 -0.02375385 0.00490504 0.02651050 0.06898199
9 66 0.08249973 0.103894971982 0.00047142 -0.04225580 0.03251498 -0.00518833 0.00533918 -0.03515392 0.05169338
9 67 0.08143754 0.104643084788 0.00046267 0.01053574 0.00274260 0.06768055 -0.03866465 -0.00281012 -0.02073742
9 68 0.05136197 0.104643084815 0.00018404 -0.01639196 0.01205674 0.04433273 0.01164847 -0.00980858 -0.00516765
9 69 0.15122492 0.105325503526 0.00160579 0.00798441 0.00994587 0.04974137 -0.04558345 0.08786725 0.10214497
9 70 0.07331027 0.105325503585 0.00037737 -0.05114436 0.01639650 0.00906319 0.03202298 0.03701866 -0.00343675
10 11 2.65904975 0.078897361061 0.37189826 2.06862340 0.28726447 0.48972795 1.19322385 -0.31422817 -0.97286483
10 12 3.48700196 0.078897361061 0.63955162 0.89649961 0.02640351 -1.54372457 1.06215206 0.95817785 2.63161864
10 13 0.00003703 0.083710846927 0.00000000 -0.00000069 0.00000043 0.00000044 -0.00000022 -0.00003205 -0.00001852
10 14 0.00010611 0.083710846927 0.00000000 -0.00000097 0.00000060 -0.00000147 0.00000049 -0.00006889 0.00008068
10 15 0.00000559 0.086355469474 0.00000000 -0.00000040 -0.00000020 0.00000117 0.00000058 0.00000476 0.00000258
10 16 0.00000369 0.086355469474 0.00000000 -0.00000012 -0.00000003 0.00000037 0.00000053 0.00000280 0.00000231
10 17 0.00001189 0.087279459139 0.00000000 0.00000428 0.00000124 0.00000356 0.00000101 0.00000994 0.00000297
10 18 0.00000817 0.087279459139 0.00000000 -0.00000254 0.00000150 -0.00000225 0.00000125 -0.00000618 0.00000365
10 19 0.26788015 0.088203823264 0.00421966 -0.03855088 -0.15385125 0.19864330 -0.01884613 0.00495892 -0.08224640
10 20 0.16933870 0.088203823264 0.00168620 0.13072309 -0.00685671 0.03470872 -0.03374900 -0.09481821 -0.01434820
10 21 0.05478493 0.091377155186 0.00018284 -0.01914125 -0.04302500 -0.00234331 -0.01140155 0.02446291 0.00706613
10 22 0.07268347 0.091377155186 0.00032182 -0.04580387 0.05029629 0.01746694 0.00595503 -0.00060358 0.01772724
10 23 0.37926603 0.092112692238 0.00883316 0.14189106 -0.24961072 0.20929600 0.00762885 -0.10584646 -0.07960931
10 24 0.40600205 0.092112692238 0.01012243 0.12643126 0.05307645 -0.20750355 -0.03321840 -0.15514911 0.27893236
10 25 0.17388506 0.092706222560 0.00186871 0.00171850 -0.00167680 -0.05568735 0.14760051 0.06768186 0.02761201
10 26 0.08642535 0.092706222560 0.00046164 -0.02029542 -0.01122441 -0.05352946 0.05951561 -0.00344418 -0.02262914
10 27 0.42189339 0.093217341767 0.01106142 -0.23491547 -0.15761616 0.11780655 -0.28259428 -0.06346244 -0.01415997
10 28 0.24593743 0.093217341767 0.00375885 0.02536437 0.18674475 0.05979405 -0.09839882 -0.06445409 -0.08692686
10 29 0.00002554 0.093591894749 0.00000000 -0.00000031 0.00000010 -0.00000036 0.00000005 -0.00002402 0.00000868
10 30 0.00011104 0.093591894749 0.00000000 0.00000152 -0.00000112 0.00000127 -0.00000086 0.00008895 -0.00006642
10 31 0.00000287 0.095228017099 0.00000000 0.00000021 0.00000017 -0.00000009 -0.00000031 0.00000056 -0.00000278
10 32 0.00000649 0.095228017099 0.00000000 0.00000029 -0.00000045 -0.00000011 0.00000050 -0.00000310 0.00000566
10 33 0.00000325 0.095271035873 0.00000000 -0.00000107 0.00000055 -0.00000254 0.00000149 -0.00000042 0.00000051
10 34 0.00000218 0.095271035873 0.00000000 0.00000014 0.00000062 -0.00000004 0.00000149 -0.00000110 0.00000096
10 35 0.20495055 0.095883933880 0.00268505 -0.01306431 -0.00390742 0.05954299 0.06178159 -0.14725711 0.11301236
10 36 0.11953542 0.095883933880 0.00091337 -0.04817123 -0.03931402 0.04505957 -0.08416001 0.03587493 -0.00473016
10 37 0.06200315 0.096301563306 0.00024681 0.03277875 0.03364266 0.01534257 -0.02880433 -0.02233937 -0.00860138
10 38 0.11770194 0.096301563306 0.00088942 -0.10771800 0.04433711 0.00090304 0.01248133 -0.00438767 0.01043781
10 39 0.00000171 0.096601011738 0.00000000 0.00000007 0.00000040 0.00000040 -0.00000013 0.00000043 0.00000154
10 40 0.00000129 0.096601011738 0.00000000 -0.00000051 -0.00000060 -0.00000014 -0.00000001 -0.00000033 -0.00000096
10 41 0.00000124 0.098100882099 0.00000000 0.00000020 0.00000000 0.00000077 0.00000091 -0.00000011 -0.00000029
10 42 0.00000098 0.098100882099 0.00000000 -0.00000019 -0.00000007 0.00000028 -0.00000077 -0.00000011 0.00000049
10 43 0.00000200 0.098750103135 0.00000000 -0.00000116 -0.00000035 -0.00000069 -0.00000133 0.00000051 0.00000010
10 44 0.00000217 0.098750103135 0.00000000 0.00000045 0.00000179 0.00000022 0.00000106 -0.00000004 -0.00000032
10 45 0.00004908 0.099330313588 0.00000000 -0.00000072 0.00000107 -0.00000106 0.00000128 -0.00002577 0.00004171
10 46 0.00000937 0.099330313588 0.00000000 -0.00000040 -0.00000068 -0.00000095 -0.00000050 -0.00000907 -0.00000196
10 47 0.00000174 0.099836271636 0.00000000 -0.00000026 -0.00000019 0.00000008 0.00000007 -0.00000115 0.00000126
10 48 0.00000788 0.099836271636 0.00000000 0.00000100 -0.00000090 -0.00000131 -0.00000133 0.00000121 -0.00000744
10 49 0.03345288 0.100361342584 0.00007488 0.00999873 0.01377876 -0.00001804 -0.00342701 -0.02423550 -0.01517111
10 50 0.04179145 0.100361342584 0.00011686 -0.00504695 0.01647340 -0.02650741 -0.00527010 -0.00236983 0.02671418
10 51 0.02046281 0.101159463242 0.00002824 -0.00398898 -0.00755066 0.01228534 -0.01343296 0.00027826 0.00378828
10 52 0.02891434 0.101159463242 0.00005638 -0.00142032 0.00480612 -0.01806589 -0.01808958 -0.00712134 0.01032474
10 53 0.02546432 0.101211227513 0.00004375 -0.00973979 -0.01783453 -0.01126552 0.00765304 -0.00542567 0.00453641
10 54 0.02504540 0.101211227513 0.00004232 -0.00052662 -0.00439661 0.00186414 -0.00827229 0.02216208 -0.00667839
10 55 0.00000152 0.101741908882 0.00000000 0.00000035 -0.00000024 -0.00000105 -0.00000100 0.00000008 -0.00000011
10 56 0.00000471 0.101741908882 0.00000000 -0.00000067 0.00000100 -0.00000168 0.00000401 0.00000007 0.00000137
10 57 0.00000198 0.102215028856 0.00000000 -0.00000041 0.00000156 -0.00000100 0.00000055 0.00000006 -0.00000007
10 58 0.00000411 0.102215028858 0.00000000 0.00000161 0.00000182 0.00000169 0.00000283 0.00000027 0.00000019
10 59 0.02789905 0.102695315872 0.00005329 0.00046916 -0.00082461 0.00870371 0.00235849 0.01758421 -0.01967067
10 60 0.03778875 0.102695315875 0.00009777 0.00104776 -0.00013500 -0.00297770 -0.00423397 -0.01944229 0.03196995
10 61 0.00000347 0.103700641474 0.00000000 -0.00000270 -0.00000110 0.00000129 0.00000002 0.00000077 0.00000116
10 62 0.00001503 0.103700641491 0.00000000 -0.00000328 0.00000251 -0.00001057 0.00000776 -0.00000076 -0.00000604
10 63 0.22099452 0.103741956183 0.00337774 0.03760959 0.00140704 -0.00838198 -0.02984092 0.21080464 -0.04497540
10 64 0.16370365 0.103741956203 0.00185345 -0.06486376 -0.02417803 0.02370560 -0.07757887 0.12133560 0.02653746
10 65 0.08249544 0.103894971972 0.00047137 -0.05186912 0.01229787 -0.00741858 0.00065366 -0.06229181 -0.00530297
10 66 0.08929870 0.103894971982 0.00055232 -0.03804767 -0.02186618 0.01877300 -0.01533839 0.03682972 0.06406546
10 67 0.05135241 0.104643084788 0.00018397 0.01976905 -0.00476157 -0.01963589 0.04141262 0.00236942 -0.01083489
10 68 0.08141808 0.104643084815 0.00046245 0.00468275 -0.00982824 0.07314921 -0.02686326 0.01405674 0.01550315
10 69 0.07330611 0.105325503526 0.00037733 0.04149540 -0.03409477 0.02202219 0.02494014 -0.02293769 0.02926328
10 70 0.15122215 0.105325503585 0.00160573 -0.00404333 -0.01211482 0.06524862 -0.01712126 -0.03824662 -0.12919636
