0	-0.02703  	0.04076   	-0.01229  	1.95061   	 (0.00000   )
1	-0.07296  	0.22594   	-0.01014  	1.26972   	 (-0.00000  )
2	-0.02389  	-0.20350  	-0.12976  	1.38042   	 (0.00000   )
3	0.12374   	-0.06301  	0.15206   	1.40292   	 (-0.00000  )
4	-0.04585  	0.03699   	-0.00523  	1.93399   	 (-0.00000  )
5	0.01972   	-0.00924  	-0.32327  	1.40144   	 (-0.00000  )
6	0.01758   	-0.01635  	0.32290   	1.40233   	 (0.00000   )
7	0.00710   	-0.01125  	0.00480   	1.27599   	 (0.00000   )
8	-0.01812  	-0.04665  	-0.01614  	1.88765   	 (0.00000   )
9	0.12393   	0.01505   	-0.03157  	1.85475   	 (0.00000   )
10	-0.28066  	0.08751   	-0.00897  	1.59764   	 (-0.00000  )
11	0.16948   	0.04999   	0.01134   	1.28092   	 (-0.00000  )
12	0.00927   	-0.04770  	0.00507   	1.35737   	 (0.00000   )
13	-0.01877  	-0.09354  	0.01929   	1.33027   	 (0.00000   )
14	-0.11847  	0.08843   	0.00488   	1.70647   	 (-0.00000  )
15	0.05257   	-0.00874  	-0.19986  	1.35783   	 (-0.00000  )
16	0.00843   	-0.03999  	0.19649   	1.32244   	 (0.00000   )
17	0.01715   	-0.00333  	-0.21790  	1.46254   	 (0.00000   )
18	0.03897   	-0.00144  	0.23401   	1.40345   	 (0.00000   )
19	-0.16861  	0.33414   	-0.04852  	1.83767   	 (-0.00000  )
20	0.01136   	0.00236   	0.00295   	1.42663   	 (0.00000   )
21	-0.18629  	0.21218   	-0.10082  	1.38224   	 (0.00000   )
22	-0.02507  	0.05178   	-0.16091  	1.44014   	 (-0.00000  )
23	-0.05123  	0.04735   	0.16041   	1.66951   	 (0.00000   )
24	0.05708   	-0.05401  	-0.07393  	1.55247   	 (0.00000   )
25	0.02328   	-0.04400  	0.07406   	1.36143   	 (-0.00000  )
26	0.20338   	-0.26476  	0.11270   	1.45889   	 (0.00000   )
27	0.14460   	-0.28833  	0.03337   	1.41317   	 (0.00000   )
28	-0.31335  	0.18340   	-0.04895  	1.40988   	 (-0.00000  )
29	0.19443   	0.16173   	-0.14067  	1.55766   	 (0.00000   )
30	0.05259   	-0.22988  	0.16288   	1.38290   	 (-0.00000  )
31	0.06623   	-0.11707  	0.02703   	1.63679   	 (-0.00000  )
32	0.12100   	-0.37023  	-0.01124  	1.71875   	 (-0.00000  )
33	-0.24561  	0.17034   	-0.10649  	1.72898   	 (-0.00000  )
34	-0.27116  	0.33127   	-0.03454  	1.52479   	 (-0.00000  )
35	-0.00863  	0.23909   	-0.07948  	1.37679   	 (0.00000   )
36	-0.18316  	0.12628   	-0.05998  	1.55649   	 (0.00000   )
37	-0.11461  	-0.02364  	-0.27853  	1.48208   	 (-0.00000  )
38	-0.13841  	0.20824   	0.23057   	1.74367   	 (-0.00000  )
39	0.04399   	0.00102   	-0.10109  	1.48094   	 (0.00000   )
40	0.10227   	-0.09321  	-0.03493  	1.30973   	 (-0.00000  )
41	-0.03701  	-0.10341  	0.03421   	1.31637   	 (0.00000   )
42	-0.01723  	0.35540   	0.08556   	1.52634   	 (-0.00000  )
43	0.18949   	-0.17079  	0.07288   	1.49747   	 (0.00000   )
44	0.10611   	-0.04457  	0.07448   	1.47430   	 (0.00000   )
45	-0.14651  	0.15498   	-0.00804  	1.46244   	 (0.00000   )
46	0.04528   	-0.20389  	-0.01236  	1.56239   	 (-0.00000  )
47	-0.06883  	0.00185   	0.00674   	1.52532   	 (0.00000   )
48	0.00897   	0.08310   	-0.03425  	1.71295   	 (0.00000   )
49	-0.06969  	0.14184   	-0.05824  	1.60178   	 (0.00000   )
50	0.05902   	-0.23145  	-0.09590  	1.52492   	 (-0.00000  )
51	-0.18513  	0.39254   	-0.06631  	1.76662   	 (-0.00000  )
52	-0.10307  	0.07107   	0.01609   	1.67585   	 (0.00000   )
53	0.03960   	-0.09273  	-0.03660  	1.56564   	 (-0.00000  )
54	-0.00440  	0.04277   	-0.01852  	1.47441   	 (0.00000   )
55	-0.16890  	-0.08471  	0.01280   	1.37874   	 (0.00000   )
56	0.03221   	-0.08214  	-0.06265  	1.63469   	 (0.00000   )
57	-0.09583  	0.02335   	0.09810   	1.51563   	 (-0.00000  )
58	0.17173   	0.22623   	0.04126   	1.45363   	 (0.00000   )
59	0.21805   	-0.02958  	0.05126   	1.40445   	 (-0.00000  )
60	0.03014   	0.09060   	0.02928   	1.47980   	 (0.00000   )
61	-0.08044  	-0.08482  	-0.02217  	1.51243   	 (0.00000   )
62	-0.20869  	0.25344   	-0.08280  	1.40068   	 (0.00000   )
63	-0.20768  	0.08159   	-0.09301  	1.50715   	 (0.00000   )
64	0.02288   	-0.05020  	0.04023   	1.41462   	 (-0.00000  )
65	0.03095   	-0.17030  	-0.03301  	1.27012   	 (-0.00000  )
66	0.04497   	0.03622   	-0.04679  	1.38566   	 (-0.00000  )
67	0.23286   	-0.33044  	0.09897   	1.45117   	 (-0.00000  )
68	-0.12487  	-0.06788  	-0.00546  	1.40917   	 (-0.00000  )
69	0.15554   	-0.31776  	0.04761   	1.46317   	 (0.00000   )
70	0.00083   	-0.01860  	0.02867   	1.60463   	 (0.00000   )
71	-0.05574  	0.00677   	-0.03006  	1.37363   	 (0.00000   )
72	0.07585   	0.03466   	-0.16332  	1.49418   	 (0.00000   )
73	0.05599   	0.01975   	0.16303   	1.54886   	 (-0.00000  )
74	-0.06432  	-0.00735  	-0.02428  	1.66887   	 (-0.00000  )
75	-0.04531  	-0.00935  	-0.33356  	1.52671   	 (0.00000   )
76	-0.01682  	-0.03869  	0.33617   	1.53104   	 (0.00000   )
77	-0.07839  	-0.02752  	-0.02626  	1.60766   	 (0.00000   )
78	-0.00412  	-0.06480  	-0.03208  	1.61450   	 (-0.00000  )
79	0.00603   	-0.02659  	0.02509   	1.24023   	 (-0.00000  )
80	-0.27367  	0.15114   	-0.05233  	1.64505   	 (-0.00000  )
81	0.01781   	0.07432   	-0.12192  	1.53241   	 (-0.00000  )
82	0.11464   	0.01094   	0.12545   	1.49284   	 (0.00000   )
83	0.00015   	-0.03666  	-0.00095  	1.55360   	 (-0.00000  )
84	-0.22431  	0.39295   	-0.04655  	1.67789   	 (-0.00000  )
85	-0.12848  	0.26447   	-0.12486  	1.44722   	 (0.00000   )
86	-0.04722  	0.02522   	0.00499   	1.17823   	 (-0.00000  )
87	-0.03021  	0.12463   	-0.06244  	1.77109   	 (0.00000   )
88	-0.04151  	-0.02109  	-0.23853  	1.51634   	 (0.00000   )
89	0.05435   	0.03585   	0.23103   	1.55661   	 (-0.00000  )
90	0.02651   	0.07525   	-0.01005  	1.86474   	 (0.00000   )
91	-0.01226  	-0.07907  	0.00577   	1.66974   	 (0.00000   )
92	-0.05631  	-0.09100  	-0.02211  	1.65865   	 (0.00000   )
93	0.04169   	0.05325   	-0.11333  	1.28183   	 (-0.00000  )
94	-0.10458  	-0.05030  	-0.09498  	1.72433   	 (-0.00000  )
95	-0.00234  	-0.04806  	0.12746   	1.68330   	 (0.00000   )
96	-0.02895  	-0.13907  	0.14083   	1.63028   	 (-0.00000  )
97	-0.03556  	-0.01845  	-0.00206  	1.54165   	 (-0.00000  )
98	-0.08662  	-0.26622  	-0.16816  	1.63419   	 (-0.00000  )
99	0.19758   	0.03638   	-0.00109  	1.74740   	 (0.00000   )
100	0.04479   	0.00656   	0.04962   	1.68007   	 (-0.00000  )
101	0.04677   	0.06841   	-0.00740  	1.53004   	 (-0.00000  )
102	-0.01996  	0.13552   	0.08058   	1.40144   	 (-0.00000  )
103	-0.05404  	0.06140   	-0.10220  	1.31439   	 (0.00000   )
104	-0.09848  	0.07490   	-0.01290  	1.36315   	 (-0.00000  )
105	-0.00196  	-0.03936  	0.00187   	1.43069   	 (0.00000   )
106	0.08688   	-0.04297  	0.01148   	1.29674   	 (0.00000   )
107	-0.38860  	0.00852   	-0.03466  	1.41015   	 (-0.00000  )
108	0.35663   	0.00384   	-0.01833  	1.38462   	 (-0.00000  )
109	0.01064   	0.02261   	0.00432   	1.00740   	 (-0.00000  )
110	-0.01133  	-0.04005  	-0.00086  	1.01730   	 (0.00000   )
111	0.03230   	0.02872   	0.05764   	1.42245   	 (0.00000   )
112	-0.04671  	0.25598   	0.00976   	1.42898   	 (-0.00000  )
113	-0.10110  	0.15410   	0.02756   	1.58311   	 (-0.00000  )
114	-0.13655  	0.27261   	-0.12140  	1.70327   	 (-0.00000  )
115	0.09289   	-0.20177  	0.03607   	1.51228   	 (-0.00000  )
116	-0.17653  	0.32660   	0.05919   	1.61412   	 (-0.00000  )
117	0.10630   	-0.06165  	0.03095   	1.48583   	 (0.00000   )
118	-0.18001  	0.00747   	-0.03824  	1.59155   	 (-0.00000  )
119	-0.10551  	-0.23587  	-0.00098  	1.71967   	 (-0.00000  )
120	0.16134   	-0.31229  	0.03733   	1.34871   	 (0.00000   )
121	-0.19425  	0.15157   	-0.12444  	1.54073   	 (0.00000   )
122	0.15419   	-0.29931  	0.03396   	1.32820   	 (0.00000   )
123	0.28818   	0.04858   	0.10530   	1.57317   	 (-0.00000  )
124	0.08290   	0.16683   	-0.02145  	1.56982   	 (0.00000   )
125	0.04336   	0.14725   	0.04715   	1.40478   	 (0.00000   )
126	0.03861   	0.09657   	-0.09414  	1.41513   	 (0.00000   )
127	-0.16878  	0.06776   	0.08878   	1.58435   	 (0.00000   )
128	0.05359   	0.07320   	0.02427   	1.41884   	 (0.00000   )
129	-0.03656  	-0.05988  	-0.10702  	1.41655   	 (-0.00000  )
130	-0.01824  	-0.04862  	0.09553   	1.42290   	 (-0.00000  )
131	-0.14717  	0.18188   	-0.06136  	1.46108   	 (0.00000   )
132	-0.10909  	0.28908   	-0.07580  	1.48899   	 (-0.00000  )
133	0.07034   	-0.07094  	-0.06830  	1.46605   	 (-0.00000  )
134	0.10463   	-0.18392  	0.08115   	1.39938   	 (0.00000   )
135	-0.21303  	0.06874   	-0.16483  	1.47401   	 (-0.00000  )
136	-0.08315  	-0.26592  	-0.01859  	1.44666   	 (-0.00000  )
137	0.01016   	-0.06869  	0.00290   	1.29927   	 (0.00000   )
138	-0.23090  	0.48483   	-0.03220  	1.80827   	 (0.00000   )
139	-0.12542  	0.04503   	-0.25567  	1.49823   	 (-0.00000  )
140	0.27501   	-0.39187  	0.25478   	1.61426   	 (0.00000   )
141	0.08088   	-0.13698  	0.03222   	1.05514   	 (-0.00000  )
142	0.14081   	-0.16050  	0.03686   	1.55238   	 (0.00000   )
143	-0.21384  	0.22191   	-0.04970  	1.51448   	 (-0.00000  )
144	-0.08652  	0.24952   	-0.04193  	1.43671   	 (-0.00000  )
145	0.11676   	-0.25433  	0.05510   	1.53834   	 (-0.00000  )
146	-0.29119  	0.18737   	-0.02899  	1.52327   	 (0.00000   )
147	0.09114   	-0.25050  	-0.05225  	1.58994   	 (-0.00000  )
148	-0.14936  	-0.07045  	-0.00084  	1.47963   	 (-0.00000  )
149	-0.13968  	-0.02768  	-0.11471  	1.51634   	 (0.00000   )
150	-0.08139  	0.13836   	-0.08762  	1.53891   	 (-0.00000  )
151	0.13621   	0.01215   	0.13618   	1.60479   	 (-0.00000  )
152	-0.14529  	0.02779   	0.00737   	1.42733   	 (0.00000   )
153	-0.23688  	0.31661   	-0.06926  	1.73353   	 (-0.00000  )
154	-0.03271  	0.13334   	-0.12637  	1.56206   	 (0.00000   )
155	-0.11455  	0.04530   	-0.02991  	1.91082   	 (0.00000   )
156	-0.07421  	0.07625   	-0.05373  	1.43400   	 (-0.00000  )
157	-0.18080  	0.24838   	-0.06951  	1.52450   	 (0.00000   )
158	-0.34908  	0.19209   	-0.14582  	1.67688   	 (-0.00000  )
159	-0.08161  	0.24733   	0.05082   	1.56157   	 (-0.00000  )
160	0.05248   	-0.04727  	-0.17881  	1.55619   	 (-0.00000  )
161	-0.07436  	0.03287   	-0.01261  	1.54348   	 (0.00000   )
162	-0.04495  	-0.04346  	-0.10892  	1.79010   	 (-0.00000  )
163	0.08669   	-0.29126  	0.01719   	1.55702   	 (-0.00000  )
164	-0.10772  	0.09082   	0.05225   	1.54832   	 (0.00000   )
165	-0.16131  	0.21323   	-0.17498  	1.57131   	 (-0.00000  )
166	0.27705   	0.00148   	-0.08801  	1.79284   	 (-0.00000  )
167	-0.12132  	0.27475   	0.08228   	1.68653   	 (-0.00000  )
168	0.06394   	0.03029   	0.07053   	1.35794   	 (0.00000   )
169	0.06838   	-0.10772  	0.03162   	1.53425   	 (0.00000   )
170	0.10839   	-0.01500  	0.14461   	1.57012   	 (0.00000   )
171	0.17127   	-0.07004  	-0.13854  	1.58094   	 (0.00000   )
172	0.00259   	-0.18400  	-0.21688  	1.46283   	 (0.00000   )
173	-0.01760  	-0.06818  	0.28058   	1.62993   	 (0.00000   )
174	-0.17149  	0.14591   	0.07137   	1.64221   	 (-0.00000  )
175	-0.06933  	0.05595   	0.00132   	1.28625   	 (-0.00000  )
176	0.01435   	0.33518   	0.01053   	1.36778   	 (-0.00000  )
177	0.12890   	-0.19316  	-0.00690  	1.62641   	 (0.00000   )
178	-0.03453  	-0.17633  	-0.06320  	1.42082   	 (0.00000   )
179	-0.03614  	-0.07527  	0.02677   	1.46065   	 (0.00000   )
180	-0.01940  	-0.10886  	0.03116   	1.31879   	 (0.00000   )
181	0.05284   	-0.01251  	0.02410   	1.03513   	 (-0.00000  )
182	0.09276   	0.16579   	-0.03768  	1.40740   	 (0.00000   )
183	0.00410   	-0.00089  	0.01468   	1.04885   	 (0.00000   )
184	-0.07797  	0.00793   	0.16197   	1.52541   	 (-0.00000  )
185	-0.11132  	0.04647   	-0.01818  	1.58779   	 (0.00000   )
186	-0.08597  	0.01202   	-0.19466  	1.53687   	 (-0.00000  )
187	-0.02458  	-0.31252  	0.02897   	1.58764   	 (0.00000   )
188	0.30879   	0.12692   	-0.05828  	1.58187   	 (0.00000   )
189	0.13565   	-0.18601  	0.03177   	1.56992   	 (0.00000   )
190	0.08771   	0.07195   	0.01651   	1.48098   	 (0.00000   )
191	0.07331   	-0.17785  	-0.05368  	1.54535   	 (-0.00000  )
192	-0.12058  	0.02495   	0.01556   	1.62565   	 (-0.00000  )
193	-0.36784  	0.24306   	-0.02656  	1.57465   	 (0.00000   )
194	-0.09521  	0.10065   	-0.24807  	1.76707   	 (0.00000   )
195	-0.01271  	-0.05868  	-0.00427  	1.38769   	 (-0.00000  )
196	-0.14835  	-0.11604  	0.01639   	1.45417   	 (0.00000   )
197	-0.04148  	0.15804   	0.06088   	1.27599   	 (-0.00000  )
198	-0.03857  	0.02691   	-0.02072  	1.37346   	 (-0.00000  )
199	-0.08011  	0.13509   	0.22429   	1.79324   	 (-0.00000  )
200	-0.07691  	0.01434   	-0.08211  	1.46567   	 (0.00000   )
201	0.10654   	-0.06189  	-0.00329  	1.37947   	 (-0.00000  )
202	-0.07825  	-0.00560  	-0.11784  	1.47905   	 (-0.00000  )
203	0.03013   	0.21574   	0.11049   	1.55249   	 (0.00000   )
204	0.05019   	-0.30400  	-0.06804  	1.43614   	 (0.00000   )
205	-0.04572  	-0.12746  	-0.02005  	1.37817   	 (-0.00000  )
206	-0.00048  	-0.32077  	0.03356   	1.48337   	 (-0.00000  )
207	0.05245   	0.31753   	-0.10748  	1.47845   	 (0.00000   )
208	-0.02108  	0.16568   	0.01630   	1.41870   	 (-0.00000  )
209	0.08067   	-0.14576  	-0.04090  	1.18651   	 (0.00000   )
210	0.07090   	-0.13400  	0.04901   	1.17999   	 (-0.00000  )
211	0.11534   	-0.19724  	0.01550   	1.48415   	 (0.00000   )
212	0.17005   	0.16904   	0.05446   	1.43180   	 (-0.00000  )
213	0.16565   	0.01784   	0.01284   	1.49164   	 (-0.00000  )
214	-0.06530  	0.09329   	0.03606   	1.46624   	 (0.00000   )
215	-0.09559  	-0.04843  	0.20496   	1.49976   	 (-0.00000  )
216	-0.06018  	0.00702   	-0.26207  	1.47711   	 (-0.00000  )
217	-0.09001  	-0.08153  	0.00986   	1.47246   	 (0.00000   )
218	-0.13832  	0.39760   	-0.08776  	1.57007   	 (0.00000   )
219	-0.10762  	0.08891   	0.02661   	1.47833   	 (-0.00000  )
220	0.09665   	-0.10667  	0.11884   	1.50064   	 (0.00000   )
221	-0.25985  	0.40109   	0.02501   	1.57206   	 (-0.00000  )
222	0.03834   	-0.11444  	-0.01919  	1.44036   	 (-0.00000  )
223	0.19718   	0.23294   	-0.01900  	1.50631   	 (0.00000   )
224	-0.24185  	-0.22429  	-0.08729  	1.54063   	 (0.00000   )
225	0.06936   	0.00932   	-0.07708  	1.50662   	 (-0.00000  )
226	-0.12546  	0.10124   	-0.05423  	1.45016   	 (0.00000   )
227	-0.14002  	-0.11955  	0.02894   	1.48208   	 (-0.00000  )
228	0.24279   	-0.08225  	0.02990   	1.63248   	 (0.00000   )
229	-0.06038  	0.06052   	-0.05230  	1.54243   	 (0.00000   )
230	0.34909   	0.05045   	0.05116   	1.52219   	 (0.00000   )
231	0.13325   	-0.17511  	0.03493   	1.50794   	 (-0.00000  )
232	-0.07489  	0.01558   	-0.03691  	1.57675   	 (-0.00000  )
233	0.03513   	0.15813   	0.17440   	1.52894   	 (0.00000   )
234	-0.25330  	0.12486   	-0.06925  	1.58500   	 (0.00000   )
235	-0.29320  	-0.05346  	-0.02234  	1.42142   	 (-0.00000  )
236	-0.31141  	0.14114   	-0.04754  	1.43340   	 (-0.00000  )
237	-0.04949  	0.10131   	-0.12700  	1.59882   	 (0.00000   )
238	0.14076   	-0.13806  	-0.09710  	1.40544   	 (0.00000   )
239	-0.06243  	-0.11900  	0.22329   	1.54162   	 (-0.00000  )
240	0.10582   	-0.30167  	-0.00318  	1.46827   	 (-0.00000  )
241	-0.00077  	-0.18527  	-0.01411  	1.55218   	 (0.00000   )
242	0.33009   	0.19774   	0.03458   	1.53307   	 (0.00000   )
243	0.12021   	0.22990   	0.12065   	1.44930   	 (0.00000   )
244	0.10497   	0.12434   	0.10398   	1.67977   	 (-0.00000  )
245	-0.18842  	-0.26689  	-0.01169  	1.44317   	 (-0.00000  )
246	-0.15255  	-0.18804  	-0.15430  	1.43432   	 (-0.00000  )
247	0.04862   	-0.17327  	-0.06960  	1.46704   	 (0.00000   )
248	-0.11864  	-0.15837  	-0.09295  	1.51108   	 (0.00000   )
249	-0.10219  	0.22863   	-0.01863  	1.64505   	 (0.00000   )
250	-0.08714  	-0.25272  	-0.01051  	1.55561   	 (0.00000   )
251	-0.04837  	0.20253   	-0.03113  	1.50544   	 (0.00000   )
252	-0.07597  	0.13510   	-0.03508  	1.60622   	 (-0.00000  )
253	-0.13110  	0.12049   	-0.08611  	1.56979   	 (-0.00000  )
254	0.01120   	0.10753   	0.02500   	1.53866   	 (0.00000   )
255	0.02442   	0.21201   	-0.06261  	1.49698   	 (-0.00000  )
256	-0.24573  	0.02871   	0.02618   	1.53254   	 (0.00000   )
257	0.11289   	-0.02948  	0.00638   	1.53224   	 (-0.00000  )
258	-0.17999  	-0.07323  	-0.03298  	1.58098   	 (0.00000   )
259	0.24384   	0.03405   	-0.08137  	1.59060   	 (0.00000   )
260	-0.26054  	0.16535   	-0.05331  	1.52236   	 (-0.00000  )
261	0.06591   	0.09231   	-0.05424  	1.51997   	 (-0.00000  )
262	-0.04945  	-0.01086  	-0.03440  	1.46127   	 (0.00000   )
263	-0.07284  	0.03716   	-0.02962  	1.38392   	 (-0.00000  )
264	0.04348   	0.20247   	-0.08194  	1.39097   	 (-0.00000  )
265	-0.05920  	0.03422   	0.05172   	1.34536   	 (0.00000   )
266	0.00859   	-0.05419  	-0.00221  	1.51197   	 (0.00000   )
267	0.03121   	-0.00083  	0.07004   	1.55350   	 (-0.00000  )
268	-0.06322  	0.12153   	-0.01361  	1.80492   	 (0.00000   )
269	-0.02744  	-0.13557  	0.00538   	1.43668   	 (-0.00000  )
270	-0.04697  	0.02095   	-0.00849  	1.55394   	 (0.00000   )
271	0.14156   	-0.03277  	0.01248   	1.43296   	 (-0.00000  )
272	0.06455   	-0.08594  	0.03579   	1.39391   	 (0.00000   )
273	-0.06633  	-0.10412  	-0.08028  	1.63001   	 (-0.00000  )
274	-0.07526  	-0.01929  	0.02004   	1.73724   	 (-0.00000  )
275	0.06133   	-0.12407  	-0.03501  	1.50951   	 (0.00000   )
276	0.05725   	0.18564   	-0.04986  	1.68644   	 (0.00000   )
277	0.03827   	-0.06336  	0.06031   	1.53769   	 (0.00000   )
278	-0.11219  	0.18692   	-0.04421  	1.47351   	 (0.00000   )
279	-0.20899  	0.22058   	0.01596   	1.54315   	 (0.00000   )
280	-0.00499  	0.11316   	-0.01166  	1.27462   	 (0.00000   )
281	0.30563   	0.03249   	-0.02914  	1.56824   	 (0.00000   )
282	-0.20481  	0.07414   	-0.09445  	1.36913   	 (-0.00000  )
283	-0.02627  	0.24795   	-0.12242  	1.42008   	 (-0.00000  )
284	-0.03163  	-0.03966  	0.10417   	1.24252   	 (0.00000   )
285	0.02227   	-0.26171  	0.06224   	1.39706   	 (0.00000   )
286	0.14495   	0.07614   	-0.07770  	1.43064   	 (-0.00000  )
287	0.14846   	-0.07183  	0.11147   	1.49299   	 (-0.00000  )
288	-0.04394  	-0.06496  	0.10836   	1.32468   	 (-0.00000  )
289	-0.11355  	-0.19200  	0.04567   	1.35059   	 (0.00000   )
290	-0.05246  	0.08122   	-0.05978  	1.31996   	 (0.00000   )
291	-0.13361  	0.23866   	-0.04339  	1.36750   	 (-0.00000  )
292	-0.15812  	-0.07546  	-0.00206  	1.51091   	 (0.00000   )
293	0.06374   	-0.08170  	0.00008   	1.45261   	 (0.00000   )
294	-0.18855  	0.23742   	-0.06930  	1.56520   	 (0.00000   )
295	-0.12293  	-0.04588  	-0.01446  	1.48529   	 (-0.00000  )
296	0.13449   	-0.21668  	0.06115   	1.44864   	 (0.00000   )
297	-0.05804  	-0.01790  	-0.05050  	1.48134   	 (-0.00000  )
298	-0.00226  	-0.08679  	-0.41731  	1.63510   	 (0.00000   )
299	0.11001   	-0.32068  	-0.01020  	1.50775   	 (0.00000   )
300	-0.00674  	0.02447   	0.17394   	1.54159   	 (0.00000   )
301	0.04377   	0.00908   	-0.00088  	1.47777   	 (0.00000   )
302	0.00369   	-0.23472  	0.01570   	1.55991   	 (-0.00000  )
303	-0.15821  	0.39482   	-0.04470  	1.52135   	 (-0.00000  )
304	-0.06761  	0.12310   	0.01370   	1.45521   	 (0.00000   )
305	-0.18789  	0.26273   	-0.06971  	1.43957   	 (-0.00000  )
306	0.14768   	-0.38680  	-0.03303  	1.58017   	 (0.00000   )
307	-0.01218  	0.07680   	0.06629   	1.57058   	 (-0.00000  )
308	0.15848   	0.19351   	0.07210   	1.57887   	 (0.00000   )
309	-0.19426  	0.21221   	-0.07344  	1.55349   	 (-0.00000  )
310	-0.37433  	0.18911   	-0.09599  	1.54479   	 (-0.00000  )
311	-0.04540  	-0.17652  	0.14992   	1.60771   	 (0.00000   )
312	-0.09843  	0.09646   	-0.20158  	1.46904   	 (-0.00000  )
313	0.05908   	-0.20650  	-0.04293  	1.40208   	 (0.00000   )
314	-0.01487  	0.15650   	-0.00400  	1.52557   	 (0.00000   )
315	-0.20278  	0.36270   	-0.03810  	1.51581   	 (-0.00000  )
316	-0.23274  	0.33311   	-0.09734  	1.50785   	 (0.00000   )
317	-0.08147  	0.19682   	-0.07345  	1.42967   	 (-0.00000  )
318	-0.16884  	0.03927   	-0.16151  	1.36885   	 (-0.00000  )
319	0.12736   	0.02750   	0.11992   	1.50746   	 (-0.00000  )
320	-0.05335  	0.12922   	-0.05014  	1.41498   	 (-0.00000  )
321	-0.12712  	0.04757   	0.04219   	1.32089   	 (-0.00000  )
322	-0.23666  	-0.03997  	-0.04028  	1.63787   	 (0.00000   )
323	-0.11711  	-0.00293  	-0.04844  	1.61357   	 (0.00000   )
324	0.25772   	0.15226   	0.01198   	1.56350   	 (0.00000   )
325	0.24931   	0.17066   	0.02191   	1.56993   	 (-0.00000  )
326	0.16785   	0.01783   	0.02822   	1.43481   	 (-0.00000  )
327	-0.22529  	-0.03676  	-0.01813  	1.49599   	 (0.00000   )
328	0.06094   	-0.25192  	0.00333   	1.49437   	 (-0.00000  )
329	0.00151   	-0.08637  	0.00426   	1.41788   	 (0.00000   )
330	0.01879   	0.17221   	0.07605   	1.53958   	 (-0.00000  )
331	-0.01972  	-0.08635  	0.00481   	1.42028   	 (-0.00000  )
332	-0.15049  	0.64287   	-0.03701  	1.75121   	 (-0.00000  )
333	-0.12987  	-0.10701  	0.06086   	1.48874   	 (0.00000   )
334	-0.01218  	-0.01703  	-0.10094  	1.50994   	 (0.00000   )
335	-0.14633  	0.00869   	-0.05498  	1.51547   	 (-0.00000  )
336	-0.00562  	0.03464   	0.00550   	1.46685   	 (-0.00000  )
337	0.18394   	0.02599   	-0.04208  	1.57237   	 (-0.00000  )
338	-0.47959  	0.40669   	-0.06843  	1.68823   	 (0.00000   )
339	0.11188   	-0.06833  	0.02139   	1.50453   	 (-0.00000  )
340	0.03232   	-0.05563  	-0.08248  	1.42734   	 (0.00000   )
341	0.15970   	-0.19928  	0.09898   	1.45875   	 (-0.00000  )
342	-0.20481  	-0.22688  	0.04486   	1.55921   	 (-0.00000  )
343	-0.18271  	-0.11110  	0.03487   	1.45684   	 (0.00000   )
344	-0.20265  	0.03067   	-0.10895  	1.26533   	 (0.00000   )
345	0.05936   	0.30702   	-0.11858  	1.55706   	 (0.00000   )
346	0.10466   	0.35337   	-0.09018  	1.41550   	 (-0.00000  )
347	0.02770   	-0.05343  	-0.01283  	1.56880   	 (-0.00000  )
348	-0.00551  	0.14326   	0.04653   	1.55271   	 (0.00000   )
349	0.02903   	0.09703   	-0.00327  	1.43200   	 (-0.00000  )
350	-0.10880  	0.34434   	0.00230   	1.54728   	 (0.00000   )
351	0.17952   	0.08547   	0.01735   	1.30321   	 (0.00000   )
352	-0.07267  	0.05305   	-0.06790  	1.47930   	 (-0.00000  )
353	-0.11507  	-0.01671  	-0.05014  	1.48723   	 (0.00000   )
354	-0.09635  	-0.23898  	-0.01405  	1.52739   	 (-0.00000  )
355	-0.03424  	-0.13589  	-0.07156  	1.48033   	 (-0.00000  )
356	-0.17720  	-0.07565  	0.00214   	1.34425   	 (0.00000   )
357	0.07218   	-0.17403  	0.04738   	1.27120   	 (-0.00000  )
358	-0.05746  	-0.04868  	-0.04983  	1.43661   	 (0.00000   )
359	0.16465   	-0.43101  	-0.02007  	1.54591   	 (0.00000   )
360	-0.14125  	0.17210   	0.03058   	1.50929   	 (-0.00000  )
361	-0.18303  	-0.05472  	-0.12045  	1.53383   	 (0.00000   )
362	-0.09338  	0.42412   	-0.05937  	1.64189   	 (0.00000   )
363	-0.17108  	-0.07474  	-0.10261  	1.54691   	 (-0.00000  )
364	0.11305   	-0.15206  	0.06177   	1.79351   	 (-0.00000  )
365	-0.09332  	0.14268   	-0.16012  	1.72795   	 (-0.00000  )
366	0.27463   	0.45694   	0.08069   	1.61372   	 (-0.00000  )
367	-0.16403  	-0.00788  	0.09549   	1.35637   	 (0.00000   )
368	0.02399   	0.28244   	0.03698   	1.46722   	 (0.00000   )
369	-0.10638  	-0.43522  	-0.09171  	1.56362   	 (-0.00000  )
370	0.13549   	-0.08265  	0.02521   	1.20328   	 (0.00000   )
371	-0.05030  	-0.28288  	-0.03681  	1.30746   	 (0.00000   )
372	0.32693   	-0.42235  	0.06010   	1.59586   	 (0.00000   )
373	-0.11543  	0.38301   	0.00056   	1.55375   	 (-0.00000  )
374	0.23032   	-0.57240  	0.04086   	1.63442   	 (0.00000   )
375	-0.08049  	-0.31260  	0.02344   	1.41081   	 (-0.00000  )
376	0.23104   	-0.13352  	-0.00966  	1.55457   	 (0.00000   )
377	0.14339   	0.23495   	0.05636   	1.54821   	 (-0.00000  )
378	0.05356   	-0.08923  	0.06281   	1.29308   	 (0.00000   )
379	-0.13431  	-0.11792  	-0.02722  	1.51507   	 (-0.00000  )
380	-0.04460  	0.00104   	-0.03451  	1.51203   	 (-0.00000  )
381	0.10029   	-0.05427  	-0.05388  	1.55300   	 (-0.00000  )
382	-0.24837  	0.19519   	-0.03124  	1.50130   	 (0.00000   )
383	-0.12556  	0.16912   	0.01240   	1.50714   	 (0.00000   )
384	-0.11963  	0.27829   	-0.01731  	1.52692   	 (-0.00000  )
385	0.05154   	-0.27983  	-0.09880  	1.54656   	 (-0.00000  )
386	0.08404   	0.02879   	0.04933   	1.49771   	 (0.00000   )
387	-0.07336  	0.06443   	-0.24284  	1.58972   	 (0.00000   )
388	-0.11291  	-0.01729  	0.20291   	1.57375   	 (-0.00000  )
389	0.02629   	-0.31344  	-0.03650  	1.43153   	 (0.00000   )
390	-0.00522  	-0.08275  	0.02467   	1.43829   	 (0.00000   )
391	0.06265   	-0.15868  	-0.01764  	1.43927   	 (-0.00000  )
392	-0.11929  	0.24825   	0.02244   	1.51739   	 (0.00000   )
393	-0.16282  	0.03558   	-0.01862  	1.49711   	 (0.00000   )
394	0.09090   	0.07135   	0.07586   	1.50874   	 (-0.00000  )
395	-0.07848  	-0.29741  	-0.02922  	1.66306   	 (-0.00000  )
396	0.06186   	0.05939   	0.01443   	1.40752   	 (-0.00000  )
397	-0.15203  	0.42352   	-0.05461  	1.73113   	 (-0.00000  )
398	-0.50916  	0.09801   	-0.06395  	1.75282   	 (0.00000   )
399	-0.09986  	-0.06163  	-0.07312  	1.53802   	 (0.00000   )
400	-0.03946  	-0.00115  	-0.03010  	1.51631   	 (-0.00000  )
401	-0.18434  	0.22560   	-0.06457  	1.56467   	 (0.00000   )
402	-0.21280  	0.11167   	-0.03149  	1.50644   	 (0.00000   )
403	0.27765   	-0.21652  	-0.05063  	1.63827   	 (0.00000   )
404	0.13898   	-0.00402  	-0.04827  	1.56753   	 (0.00000   )
405	-0.16743  	0.12752   	-0.05655  	1.38215   	 (0.00000   )
406	-0.10402  	0.11748   	-0.04856  	1.50619   	 (-0.00000  )
407	-0.03904  	0.04565   	-0.06155  	1.50080   	 (0.00000   )
408	-0.32334  	0.31970   	-0.07994  	1.56076   	 (0.00000   )
409	-0.08076  	0.06962   	-0.09400  	1.54460   	 (0.00000   )
410	-0.12473  	0.33612   	-0.06157  	1.45702   	 (-0.00000  )
411	-0.04148  	0.24092   	-0.09411  	1.53290   	 (0.00000   )
412	-0.17495  	-0.09892  	-0.07557  	1.36427   	 (0.00000   )
413	-0.07872  	0.03940   	-0.14163  	1.56776   	 (0.00000   )
414	-0.09270  	0.00068   	-0.10922  	1.37945   	 (-0.00000  )
415	-0.06210  	-0.08633  	0.11006   	1.50562   	 (-0.00000  )
416	-0.04837  	0.08424   	-0.09370  	1.33582   	 (0.00000   )
417	-0.07227  	0.07268   	-0.13971  	1.35326   	 (-0.00000  )
418	-0.12976  	-0.04193  	0.03265   	1.50760   	 (-0.00000  )
419	0.05027   	0.00668   	0.09226   	1.47252   	 (0.00000   )
420	-0.18723  	0.35120   	-0.11629  	1.49443   	 (-0.00000  )
421	-0.12196  	0.31102   	0.00830   	1.40018   	 (-0.00000  )
422	0.09094   	-0.27368  	-0.02352  	1.47263   	 (0.00000   )
423	0.15782   	-0.23819  	0.00927   	1.50858   	 (-0.00000  )
424	0.08310   	0.08675   	-0.00444  	1.57944   	 (0.00000   )
425	-0.20335  	0.16683   	0.02017   	1.50007   	 (0.00000   )
426	0.11311   	-0.13557  	0.02949   	1.25465   	 (0.00000   )
427	-0.16221  	0.14119   	-0.03183  	1.51640   	 (0.00000   )
428	-0.12108  	0.14047   	-0.03455  	1.48644   	 (-0.00000  )
429	-0.16012  	0.05634   	-0.07992  	1.42888   	 (0.00000   )
430	0.02008   	0.00514   	-0.06132  	1.48799   	 (-0.00000  )
431	-0.07349  	-0.15714  	-0.02618  	1.57945   	 (0.00000   )
432	0.01645   	-0.05770  	-0.07069  	1.32765   	 (0.00000   )
433	-0.16757  	0.02690   	-0.01191  	1.71408   	 (0.00000   )
434	0.01221   	0.04343   	0.19808   	1.51704   	 (0.00000   )
435	0.10263   	0.03376   	0.04687   	1.40495   	 (-0.00000  )
436	0.05088   	-0.49680  	0.00328   	1.60622   	 (-0.00000  )
437	0.18091   	-0.07139  	0.04374   	1.47255   	 (0.00000   )
438	-0.04042  	-0.04592  	-0.60536  	1.72434   	 (-0.00000  )
439	-0.03785  	-0.01370  	0.49203   	1.61514   	 (0.00000   )
440	-0.05317  	0.52633   	-0.06185  	1.62950   	 (-0.00000  )
441	-0.01342  	0.10860   	0.04183   	1.17811   	 (0.00000   )
442	0.07992   	0.01715   	0.00475   	1.42506   	 (-0.00000  )
443	0.27368   	-0.05760  	0.01175   	1.53248   	 (-0.00000  )
444	0.06133   	0.02171   	0.00391   	1.32633   	 (-0.00000  )
445	0.13909   	0.23097   	0.11050   	1.57418   	 (-0.00000  )
446	-0.11282  	0.03072   	0.01047   	1.50803   	 (0.00000   )
447	-0.09425  	-0.01248  	0.03412   	1.62477   	 (0.00000   )
448	-0.08289  	-0.10081  	0.06270   	1.49022   	 (-0.00000  )
449	-0.02086  	-0.11269  	0.05497   	1.41247   	 (0.00000   )
450	0.28511   	-0.31340  	0.07033   	1.58170   	 (-0.00000  )
451	0.04852   	-0.04527  	-0.01517  	1.50786   	 (-0.00000  )
452	0.07536   	0.07848   	0.17974   	1.38381   	 (-0.00000  )
453	0.00991   	-0.16211  	-0.07646  	1.56970   	 (0.00000   )
454	-0.10088  	-0.04885  	-0.06726  	1.54986   	 (0.00000   )
455	-0.07190  	0.28297   	-0.04954  	1.52747   	 (0.00000   )
456	0.06966   	0.04399   	-0.05294  	1.29413   	 (0.00000   )
457	-0.16388  	-0.05957  	-0.16534  	1.53027   	 (-0.00000  )
458	-0.19160  	0.17677   	-0.08716  	1.40160   	 (-0.00000  )
459	-0.25206  	0.07705   	-0.09052  	1.54997   	 (0.00000   )
460	-0.14557  	-0.00104  	-0.06011  	1.39936   	 (-0.00000  )
461	-0.12609  	0.29553   	-0.04280  	1.32400   	 (0.00000   )
462	-0.23032  	0.28658   	-0.05693  	1.47347   	 (0.00000   )
463	-0.01010  	-0.00898  	-0.07691  	1.29592   	 (-0.00000  )
464	-0.21613  	0.20865   	-0.02754  	1.52695   	 (0.00000   )
465	0.04126   	0.25456   	-0.08136  	1.56389   	 (-0.00000  )
466	0.06482   	-0.22040  	0.00072   	1.53034   	 (-0.00000  )
467	-0.08446  	-0.13034  	-0.02599  	1.46494   	 (0.00000   )
468	-0.14493  	-0.07155  	0.02200   	1.54015   	 (-0.00000  )
469	0.03336   	-0.18580  	-0.04993  	1.46709   	 (0.00000   )
470	-0.08583  	-0.03156  	-0.39858  	1.55525   	 (-0.00000  )
471	0.32187   	-0.32945  	0.02458   	1.64797   	 (0.00000   )
472	-0.11190  	-0.05303  	0.15735   	1.42937   	 (0.00000   )
473	-0.20129  	0.26295   	-0.02959  	1.53644   	 (0.00000   )
474	-0.04779  	-0.04713  	-0.02615  	1.48844   	 (0.00000   )
475	0.12797   	-0.06633  	-0.04663  	1.56441   	 (0.00000   )
476	0.14300   	-0.03072  	0.01105   	1.59208   	 (0.00000   )
477	-0.30298  	0.25242   	0.02537   	1.53625   	 (0.00000   )
478	0.21225   	0.01409   	0.02070   	1.61934   	 (0.00000   )
479	0.01615   	0.24648   	0.00612   	1.59032   	 (0.00000   )
480	0.21232   	-0.08387  	0.19388   	1.43605   	 (0.00000   )
481	0.27343   	0.26744   	0.06453   	1.48474   	 (-0.00000  )
482	0.00422   	-0.10133  	0.02416   	1.53546   	 (0.00000   )
483	-0.21410  	0.08888   	-0.00883  	1.38725   	 (0.00000   )
484	-0.02238  	-0.04118  	0.07343   	1.35725   	 (-0.00000  )
485	-0.20386  	-0.07012  	-0.25094  	1.45518   	 (-0.00000  )
486	0.03346   	-0.23406  	0.05433   	1.47663   	 (-0.00000  )
487	0.02302   	-0.05719  	0.04530   	1.42317   	 (-0.00000  )
488	-0.01952  	-0.18943  	-0.02542  	1.50283   	 (-0.00000  )
489	-0.01903  	-0.11852  	-0.04289  	1.49699   	 (0.00000   )
490	0.12599   	0.13202   	-0.00889  	1.67774   	 (0.00000   )
491	-0.33601  	0.24340   	-0.00549  	1.56971   	 (-0.00000  )
492	-0.17069  	0.18166   	-0.01430  	1.47437   	 (-0.00000  )
493	0.01930   	-0.04625  	0.02600   	1.54682   	 (0.00000   )
494	0.05142   	-0.22170  	0.14516   	1.61494   	 (-0.00000  )
495	-0.02257  	0.17292   	0.00259   	1.52990   	 (0.00000   )
496	-0.06719  	0.07332   	0.03864   	1.37858   	 (0.00000   )
497	-0.12645  	-0.02132  	-0.13744  	1.57783   	 (0.00000   )
498	-0.00776  	0.20907   	0.03519   	1.48226   	 (-0.00000  )
499	0.29706   	0.04845   	0.03593   	1.56257   	 (-0.00000  )
500	0.00410   	0.06035   	0.01384   	1.53224   	 (-0.00000  )
501	0.08236   	-0.07250  	-0.01929  	1.49026   	 (0.00000   )
502	-0.21746  	0.10992   	0.00404   	1.45765   	 (0.00000   )
503	0.01298   	0.06660   	0.04797   	1.58903   	 (-0.00000  )
504	-0.08519  	-0.00021  	-0.09873  	1.42339   	 (-0.00000  )
505	-0.19894  	-0.16539  	-0.12127  	1.47894   	 (-0.00000  )
506	-0.01812  	0.06811   	-0.02500  	1.14706   	 (-0.00000  )
507	-0.06577  	-0.03364  	-0.05870  	1.53377   	 (0.00000   )
508	-0.02859  	0.10694   	-0.14389  	1.49387   	 (0.00000   )
509	-0.13902  	0.01436   	-0.07720  	1.46419   	 (-0.00000  )
510	0.07780   	-0.23026  	0.00266   	1.46442   	 (-0.00000  )
511	-0.00024  	0.01749   	0.08917   	1.44963   	 (0.00000   )
512	-0.12595  	-0.00797  	-0.13201  	1.52140   	 (-0.00000  )
513	0.20403   	-0.07948  	0.00007   	1.51507   	 (0.00000   )
514	-0.03898  	0.00196   	-0.03552  	1.40016   	 (-0.00000  )
515	0.11846   	0.38586   	0.02396   	1.53688   	 (-0.00000  )
516	-0.37895  	-0.33082  	0.00096   	1.53809   	 (-0.00000  )
517	-0.19596  	0.30519   	-0.11367  	1.45626   	 (-0.00000  )
518	-0.17905  	0.40853   	-0.07008  	1.55705   	 (-0.00000  )
519	-0.16739  	-0.13535  	-0.00625  	1.40437   	 (0.00000   )
520	0.08908   	-0.31405  	-0.05134  	1.59105   	 (0.00000   )
521	-0.27884  	0.18887   	-0.03288  	1.59358   	 (-0.00000  )
522	0.44314   	0.27326   	0.08597   	1.61401   	 (-0.00000  )
523	0.00266   	0.09239   	0.23263   	1.55006   	 (0.00000   )
524	-0.26463  	0.08794   	-0.09886  	1.42540   	 (0.00000   )
525	-0.19156  	0.26160   	-0.06410  	1.55211   	 (0.00000   )
526	-0.21215  	-0.19432  	-0.31322  	1.54082   	 (0.00000   )
527	-0.06348  	0.04094   	-0.05713  	1.45525   	 (0.00000   )
528	-0.11923  	0.12264   	-0.06732  	1.44263   	 (0.00000   )
529	-0.04285  	-0.02122  	-0.03114  	1.02428   	 (-0.00000  )
530	0.32155   	-0.40394  	0.06531   	1.60561   	 (0.00000   )
531	-0.00250  	-0.23268  	0.02728   	1.42945   	 (0.00000   )
532	0.13760   	-0.34707  	-0.00911  	1.57365   	 (0.00000   )
533	-0.25119  	0.10014   	-0.04205  	1.56304   	 (-0.00000  )
534	-0.11431  	0.18905   	-0.09758  	1.45058   	 (-0.00000  )
535	-0.22853  	0.20218   	-0.08931  	1.34243   	 (0.00000   )
536	-0.11705  	0.33363   	-0.05240  	1.48812   	 (0.00000   )
537	0.06590   	0.00088   	-0.14673  	1.53524   	 (-0.00000  )
538	-0.19569  	0.48060   	-0.12069  	1.57786   	 (-0.00000  )
539	-0.10959  	0.10962   	0.17637   	1.56995   	 (0.00000   )
540	0.10415   	-0.02535  	-0.11863  	1.51737   	 (-0.00000  )
541	-0.18870  	0.36208   	-0.04375  	1.47125   	 (0.00000   )
542	-0.39406  	-0.16431  	0.09688   	1.60716   	 (-0.00000  )
543	0.12140   	-0.16237  	-0.00440  	1.42016   	 (-0.00000  )
544	0.19660   	0.20393   	0.09756   	1.52871   	 (0.00000   )
545	0.04455   	0.06319   	-0.04215  	1.51743   	 (0.00000   )
546	-0.04927  	-0.02126  	-0.08373  	1.45382   	 (0.00000   )
547	-0.09559  	-0.00994  	-0.10776  	1.42687   	 (-0.00000  )
548	-0.37724  	0.46991   	-0.08850  	1.64268   	 (0.00000   )
549	0.01156   	0.45404   	-0.00959  	1.60694   	 (-0.00000  )
550	-0.24159  	0.59736   	-0.03478  	1.68037   	 (-0.00000  )
551	0.14711   	-0.30693  	0.01057   	1.54466   	 (0.00000   )
552	0.11412   	0.32065   	-0.03807  	1.48505   	 (-0.00000  )
553	-0.07553  	0.10171   	-0.01479  	1.44899   	 (0.00000   )
554	-0.10787  	-0.13213  	0.01486   	1.55678   	 (-0.00000  )
555	-0.03982  	0.18778   	-0.06008  	1.36705   	 (-0.00000  )
556	0.24833   	0.04359   	0.02719   	1.61330   	 (-0.00000  )
557	0.17483   	0.09123   	-0.04427  	1.41626   	 (0.00000   )
558	-0.17985  	0.00581   	-0.06978  	1.46777   	 (0.00000   )
559	-0.20625  	-0.09444  	0.08356   	1.58389   	 (0.00000   )
560	0.23294   	0.05750   	0.02152   	1.58808   	 (-0.00000  )
561	-0.03915  	-0.05206  	-0.01444  	1.44754   	 (-0.00000  )
562	-0.48224  	-0.30488  	0.03833   	1.59996   	 (-0.00000  )
563	-0.06254  	0.13813   	0.01096   	1.50585   	 (0.00000   )
564	-0.10234  	-0.04884  	-0.05050  	1.40260   	 (0.00000   )
565	-0.02970  	-0.01912  	0.01272   	1.61412   	 (0.00000   )
566	-0.12736  	-0.20159  	0.01594   	1.38331   	 (-0.00000  )
567	0.36090   	0.33015   	0.12391   	1.57062   	 (-0.00000  )
568	-0.03773  	-0.09507  	-0.05191  	1.48334   	 (0.00000   )
569	-0.11076  	-0.07904  	0.00231   	1.50123   	 (0.00000   )
570	0.23083   	0.13987   	0.08136   	1.40929   	 (0.00000   )
571	0.00433   	-0.13390  	-0.26429  	1.48681   	 (0.00000   )
572	-0.15042  	-0.06299  	0.05387   	1.49503   	 (-0.00000  )
573	-0.01051  	0.09892   	0.00243   	1.51136   	 (-0.00000  )
574	-0.01348  	-0.13735  	-0.07405  	1.45202   	 (0.00000   )
575	0.03035   	-0.02155  	0.04816   	1.41683   	 (-0.00000  )
576	-0.12169  	0.04809   	-0.03405  	1.41319   	 (-0.00000  )
577	-0.23429  	-0.16275  	-0.14282  	1.50534   	 (-0.00000  )
578	0.03615   	-0.03146  	-0.02424  	1.35586   	 (0.00000   )
579	-0.07018  	-0.03599  	-0.13164  	1.37421   	 (-0.00000  )
580	-0.29481  	0.13440   	-0.00879  	1.54958   	 (0.00000   )
581	0.03831   	-0.16243  	-0.01678  	1.49610   	 (0.00000   )
582	-0.05137  	0.08825   	-0.08692  	1.49314   	 (0.00000   )
583	-0.16432  	-0.00425  	-0.10853  	1.45910   	 (-0.00000  )
584	-0.14413  	0.12092   	-0.08670  	1.53786   	 (0.00000   )
585	0.09357   	0.19943   	-0.00694  	1.47956   	 (-0.00000  )
586	-0.08139  	0.23479   	-0.06980  	1.39307   	 (-0.00000  )
587	0.04411   	0.08934   	-0.01155  	1.51381   	 (0.00000   )
588	-0.09330  	-0.07904  	-0.01899  	1.50627   	 (-0.00000  )
589	-0.10512  	-0.12612  	0.00368   	1.52728   	 (-0.00000  )
590	-0.12990  	-0.08119  	-0.43117  	1.59058   	 (0.00000   )
591	-0.03734  	0.28915   	-0.02642  	1.60476   	 (0.00000   )
592	-0.17150  	-0.04213  	0.06030   	1.47848   	 (0.00000   )
593	-0.10038  	-0.05774  	0.15108   	1.42190   	 (-0.00000  )
594	-0.25120  	-0.03967  	0.04937   	1.48771   	 (0.00000   )
595	0.17244   	0.23010   	0.07478   	1.51623   	 (-0.00000  )
596	0.07938   	0.13553   	-0.02289  	1.49426   	 (-0.00000  )
597	0.04044   	0.04289   	-0.03114  	1.42509   	 (0.00000   )
598	-0.02231  	-0.22855  	-0.03534  	1.49831   	 (0.00000   )
599	-0.12255  	-0.04346  	-0.10879  	1.46315   	 (-0.00000  )
600	0.03560   	-0.08116  	-0.01368  	1.46448   	 (0.00000   )
601	0.03735   	0.16499   	-0.03495  	1.50631   	 (-0.00000  )
602	-0.24947  	0.47620   	-0.18180  	1.61212   	 (-0.00000  )
603	-0.38391  	-0.09175  	0.04584   	1.61003   	 (-0.00000  )
604	0.30826   	0.32590   	0.10047   	1.60717   	 (-0.00000  )
605	-0.12818  	-0.07804  	-0.02377  	1.43630   	 (0.00000   )
606	-0.16545  	0.27759   	0.02837   	1.42146   	 (0.00000   )
607	0.12217   	0.10149   	0.04865   	1.32206   	 (0.00000   )
608	-0.61465  	0.18096   	-0.03027  	1.71134   	 (0.00000   )
609	0.16972   	-0.49359  	-0.03218  	1.66333   	 (-0.00000  )
610	0.21014   	-0.27206  	-0.02466  	1.61465   	 (0.00000   )
611	-0.17759  	0.28162   	-0.02370  	1.60471   	 (-0.00000  )
612	-0.22757  	-0.13767  	-0.20219  	1.47716   	 (0.00000   )
613	-0.10080  	-0.00444  	-0.06715  	1.31030   	 (-0.00000  )
614	-0.25969  	-0.17391  	-0.11808  	1.39156   	 (-0.00000  )
615	-0.06231  	-0.07188  	-0.09942  	1.32126   	 (-0.00000  )
616	-0.13860  	-0.07411  	-0.13456  	1.36299   	 (0.00000   )
617	0.05433   	0.01589   	-0.10138  	1.28175   	 (0.00000   )
618	-0.13935  	0.02769   	-0.06949  	1.68311   	 (0.00000   )
619	-0.14127  	-0.24786  	-0.03551  	1.66625   	 (-0.00000  )
620	-0.17207  	0.07732   	-0.10821  	1.35819   	 (-0.00000  )
621	0.04546   	-0.12930  	-0.06074  	1.34193   	 (0.00000   )
622	-0.13226  	0.32076   	-0.13634  	1.42979   	 (0.00000   )
623	-0.27174  	0.51456   	-0.02016  	1.61747   	 (-0.00000  )
624	-0.22835  	0.39018   	-0.08138  	1.56890   	 (-0.00000  )
625	-0.16797  	0.26312   	-0.08074  	1.40504   	 (0.00000   )
626	-0.25868  	0.37891   	-0.09731  	1.52005   	 (0.00000   )
627	-0.13783  	0.37460   	-0.05508  	1.45845   	 (-0.00000  )
628	0.06570   	-0.49593  	-0.06325  	1.68579   	 (-0.00000  )
629	-0.30967  	0.27554   	-0.00559  	1.60946   	 (-0.00000  )
630	-0.12406  	-0.09691  	-0.13845  	1.37552   	 (0.00000   )
631	-0.05425  	0.02543   	-0.08169  	1.31562   	 (0.00000   )
632	-0.32154  	0.03977   	-0.04623  	1.53630   	 (0.00000   )
633	0.05029   	-0.02603  	0.00822   	1.51631   	 (-0.00000  )
634	-0.06634  	-0.09165  	-0.14801  	1.56452   	 (-0.00000  )
635	-0.03379  	-0.09623  	-0.13065  	1.44301   	 (0.00000   )
636	-0.15835  	0.38571   	-0.05541  	1.49903   	 (-0.00000  )
637	-0.25024  	0.21939   	-0.06553  	1.43141   	 (0.00000   )
638	-0.26986  	0.60091   	-0.09541  	1.70269   	 (0.00000   )
639	-0.14756  	0.11003   	-0.03680  	1.41395   	 (-0.00000  )
640	-0.13675  	-0.12500  	-0.05703  	1.50721   	 (-0.00000  )
641	-0.01001  	-0.29239  	-0.03197  	1.58807   	 (-0.00000  )
642	-0.08413  	-0.10400  	-0.03017  	1.61855   	 (-0.00000  )
643	-0.18224  	0.04211   	-0.04012  	1.54146   	 (-0.00000  )
644	0.01293   	-0.08827  	-0.16934  	1.44614   	 (0.00000   )
645	-0.15858  	-0.02753  	-0.05302  	1.39562   	 (0.00000   )
646	-0.21291  	0.14653   	-0.11139  	1.39214   	 (-0.00000  )
647	-0.00343  	-0.21628  	-0.10228  	1.42208   	 (0.00000   )
648	-0.43195  	0.18512   	-0.04308  	1.61129   	 (0.00000   )
649	0.12224   	-0.16795  	-0.02182  	1.47506   	 (0.00000   )
650	-0.12024  	-0.30282  	-0.11997  	1.47384   	 (-0.00000  )
651	-0.07279  	0.02144   	-0.10687  	1.42053   	 (-0.00000  )
652	-0.06280  	-0.29596  	-0.00875  	1.52195   	 (-0.00000  )
653	-0.10693  	0.06841   	-0.01358  	1.50249   	 (0.00000   )
654	-0.12171  	-0.08968  	-0.14192  	1.45951   	 (0.00000   )
655	-0.06987  	-0.00323  	-0.11675  	1.43228   	 (-0.00000  )
656	-0.13983  	0.15838   	-0.06391  	1.63584   	 (-0.00000  )
657	0.03579   	-0.31372  	-0.03423  	1.67917   	 (-0.00000  )
658	-0.22346  	-0.03471  	-0.13322  	1.37296   	 (0.00000   )
659	-0.09328  	-0.13594  	-0.05281  	1.27829   	 (-0.00000  )
