0	0.00157   	-0.00308  	-0.00225  	1.94479   	 (0.00000   )
1	0.00259   	-0.00961  	-0.13466  	1.40021   	 (0.00000   )
2	-0.00006  	0.00288   	0.13461   	1.40679   	 (-0.00000  )
3	-0.00404  	0.00970   	0.00217   	1.25150   	 (-0.00000  )
4	0.00120   	-0.00244  	-0.00060  	1.94111   	 (-0.00000  )
5	-0.00181  	0.00156   	0.00271   	1.39797   	 (-0.00000  )
6	-0.00023  	0.00109   	-0.00649  	1.36101   	 (0.00000   )
7	0.01722   	-0.02444  	-0.01493  	1.90598   	 (-0.00000  )
8	0.00521   	-0.00299  	-0.00170  	1.32904   	 (-0.00000  )
9	0.00013   	0.00508   	-0.00216  	1.93761   	 (0.00000   )
10	-0.02185  	0.01421   	0.00031   	1.35376   	 (0.00000   )
11	0.00397   	0.00082   	0.01740   	1.19298   	 (-0.00000  )
12	-0.00179  	0.00090   	0.00247   	1.19094   	 (-0.00000  )
13	-0.00082  	0.00381   	-0.00847  	1.34903   	 (-0.00000  )
14	-0.00187  	0.00221   	0.01107   	1.60211   	 (-0.00000  )
15	0.02642   	-0.03434  	-0.01610  	1.38919   	 (-0.00000  )
16	0.00324   	0.03782   	-0.10265  	1.66238   	 (0.00000   )
17	-0.04824  	-0.09234  	0.09865   	1.57656   	 (-0.00000  )
18	0.02060   	0.08589   	0.01658   	1.35006   	 (0.00000   )
19	-0.00086  	0.00231   	0.00332   	1.54176   	 (0.00000   )
20	0.02031   	-0.04911  	-0.31587  	1.30623   	 (-0.00000  )
21	0.25484   	-0.34809  	0.26074   	1.75690   	 (0.00000   )
22	-0.25998  	0.34647   	-0.00306  	1.47876   	 (0.00000   )
23	-0.00772  	0.04037   	0.05650   	1.40192   	 (0.00000   )
24	-0.01061  	0.00833   	-0.08989  	1.91254   	 (0.00000   )
25	-0.01418  	0.01219   	0.08670   	1.24154   	 (-0.00000  )
26	0.01294   	-0.00851  	-0.00205  	1.92355   	 (0.00000   )
27	0.00364   	-0.01000  	-0.03794  	1.42447   	 (0.00000   )
28	0.01477   	-0.01375  	0.03992   	1.41380   	 (-0.00000  )
29	-0.01752  	0.01590   	-0.01817  	1.49549   	 (-0.00000  )
30	0.00684   	0.00090   	0.00904   	1.34275   	 (0.00000   )
31	-0.00057  	0.00258   	0.00466   	1.39430   	 (0.00000   )
32	0.00069   	-0.00568  	-0.00333  	1.87912   	 (-0.00000  )
33	0.01340   	-0.01028  	0.00100   	1.82462   	 (0.00000   )
34	-0.01510  	0.01305   	-0.00107  	1.34922   	 (0.00000   )
35	0.02131   	0.01421   	-0.05225  	1.42856   	 (0.00000   )
36	-0.00344  	-0.08998  	0.04489   	1.40802   	 (-0.00000  )
37	-0.02316  	0.08107   	0.01117   	1.27320   	 (0.00000   )
38	0.00446   	-0.00384  	0.00082   	1.28264   	 (-0.00000  )
39	0.01922   	-0.02580  	-0.04524  	1.89825   	 (-0.00000  )
40	0.00066   	-0.00186  	0.03026   	1.52453   	 (0.00000   )
41	-0.06404  	0.01577   	-0.04080  	1.41917   	 (-0.00000  )
42	0.07299   	-0.01734  	0.03177   	1.42907   	 (-0.00000  )
43	-0.01557  	0.05659   	0.03732   	1.40694   	 (0.00000   )
44	0.02622   	-0.07467  	-0.03451  	1.83201   	 (0.00000   )
45	0.00217   	0.00512   	-0.00748  	1.74886   	 (0.00000   )
46	-0.02277  	-0.00869  	-0.00431  	1.90608   	 (0.00000   )
47	0.02348   	0.00211   	-0.01286  	1.31195   	 (-0.00000  )
48	0.01416   	0.01197   	0.01046   	1.38738   	 (0.00000   )
49	-0.02575  	0.00410   	0.01074   	1.50661   	 (-0.00000  )
50	-0.02990  	0.02438   	-0.00479  	1.41571   	 (0.00000   )
51	-0.00019  	-0.00264  	-0.00358  	1.65035   	 (-0.00000  )
52	0.01096   	-0.00330  	-0.04702  	1.25919   	 (-0.00000  )
53	-0.02982  	-0.05003  	-0.00534  	1.76054   	 (-0.00000  )
54	0.03572   	0.03271   	0.06239   	1.45737   	 (-0.00000  )
55	0.02428   	-0.02496  	-0.02991  	1.57302   	 (-0.00000  )
56	0.07238   	-0.11158  	-0.09881  	1.66506   	 (0.00000   )
57	-0.07323  	0.06802   	-0.09523  	1.39219   	 (-0.00000  )
58	-0.00741  	0.00293   	0.17999   	1.40162   	 (-0.00000  )
59	-0.00594  	0.06336   	0.05510   	1.40949   	 (0.00000   )
60	-0.00218  	0.00088   	-0.00333  	1.47096   	 (-0.00000  )
61	-0.01165  	0.01024   	-0.05493  	1.36136   	 (0.00000   )
62	-0.10005  	0.07276   	-0.01360  	1.37470   	 (-0.00000  )
63	0.09871   	-0.07313  	0.05275   	1.86490   	 (-0.00000  )
64	0.00340   	-0.00138  	0.02128   	1.40070   	 (0.00000   )
65	-0.00524  	0.00488   	0.00083   	1.51179   	 (0.00000   )
66	-0.00037  	0.00079   	-0.00240  	1.24197   	 (-0.00000  )
67	-0.01323  	0.00705   	-0.02403  	1.30527   	 (-0.00000  )
68	-0.00201  	0.00695   	-0.00458  	1.43749   	 (-0.00000  )
69	0.00668   	0.00151   	0.02563   	1.31146   	 (0.00000   )
70	0.10671   	-0.12071  	-0.01339  	1.70049   	 (0.00000   )
71	-0.10432  	0.07887   	-0.04893  	1.50043   	 (0.00000   )
72	0.04824   	-0.01244  	0.01525   	1.66532   	 (-0.00000  )
73	-0.05445  	0.01179   	0.01896   	1.36199   	 (-0.00000  )
74	-0.03354  	0.02176   	-0.06266  	1.51721   	 (-0.00000  )
75	0.02936   	0.01727   	0.01781   	1.41486   	 (-0.00000  )
76	0.02700   	-0.03831  	0.06047   	1.42490   	 (-0.00000  )
77	-0.02277  	0.03596   	0.00692   	1.45775   	 (-0.00000  )
78	0.03244   	-0.02846  	0.00218   	1.55218   	 (-0.00000  )
79	0.01799   	-0.01797  	-0.01033  	1.60821   	 (0.00000   )
80	-0.02780  	0.02996   	0.00587   	1.50602   	 (0.00000   )
81	0.01179   	0.00412   	0.01615   	1.43804   	 (-0.00000  )
82	-0.02855  	0.01282   	-0.02328  	1.61719   	 (0.00000   )
83	-0.01082  	-0.02617  	-0.02499  	1.28868   	 (-0.00000  )
84	0.03412   	0.00208   	-0.00067  	1.47056   	 (-0.00000  )
85	-0.00540  	-0.00206  	0.03427   	1.50026   	 (0.00000   )
86	-0.03989  	0.02898   	-0.00149  	1.50930   	 (-0.00000  )
87	0.02290   	-0.00010  	0.01976   	1.58620   	 (0.00000   )
88	0.00405   	-0.00775  	-0.04906  	1.47883   	 (0.00000   )
89	0.02555   	-0.06866  	-0.04194  	1.71238   	 (0.00000   )
90	0.16144   	-0.10654  	0.07611   	1.56228   	 (-0.00000  )
91	-0.16095  	0.11055   	-0.04575  	1.43626   	 (-0.00000  )
92	-0.02774  	0.06462   	0.04982   	1.56698   	 (0.00000   )
93	0.00090   	0.00618   	-0.03647  	1.52536   	 (-0.00000  )
94	-0.00452  	-0.00024  	0.03272   	1.48308   	 (0.00000   )
95	-0.00427  	0.00841   	0.03160   	1.31920   	 (0.00000   )
96	0.07670   	0.04299   	-0.01190  	1.59974   	 (0.00000   )
97	-0.02341  	-0.10124  	-0.01847  	1.73159   	 (0.00000   )
98	-0.06913  	-0.00244  	-0.05110  	1.70500   	 (-0.00000  )
99	0.05231   	0.01453   	0.01361   	1.43838   	 (0.00000   )
100	-0.02823  	0.02628   	0.05366   	1.34366   	 (0.00000   )
101	0.06758   	-0.03295  	-0.01718  	1.50998   	 (-0.00000  )
102	0.02728   	-0.23804  	-0.07799  	1.65849   	 (0.00000   )
103	0.14487   	-0.00179  	-0.07321  	1.62753   	 (-0.00000  )
104	-0.01437  	0.01448   	0.04576   	1.55805   	 (0.00000   )
105	-0.00044  	-0.00177  	0.00500   	1.24520   	 (-0.00000  )
106	-0.18182  	0.14374   	-0.03640  	1.43022   	 (0.00000   )
107	0.00337   	-0.00699  	-0.06899  	1.22000   	 (-0.00000  )
108	0.00787   	-0.01114  	0.06816   	1.82830   	 (0.00000   )
109	0.18836   	0.16168   	0.04774   	1.69024   	 (0.00000   )
110	-0.14340  	-0.21704  	0.04199   	1.39142   	 (0.00000   )
111	0.10044   	-0.01477  	0.01630   	1.55903   	 (-0.00000  )
112	-0.01888  	0.06360   	-0.08867  	1.42419   	 (0.00000   )
113	-0.10677  	0.00955   	-0.03870  	1.35143   	 (-0.00000  )
114	-0.00092  	-0.01892  	0.04263   	1.40035   	 (0.00000   )
115	0.04920   	0.04609   	-0.17781  	1.45363   	 (0.00000   )
116	-0.02404  	-0.01301  	0.01497   	1.86228   	 (0.00000   )
117	-0.15840  	0.11273   	0.11743   	1.35298   	 (-0.00000  )
118	0.13581   	-0.08199  	0.11578   	1.33816   	 (-0.00000  )
119	0.03102   	-0.02448  	-0.29626  	1.46392   	 (0.00000   )
120	-0.12964  	0.05876   	0.13374   	1.49858   	 (0.00000   )
121	-0.05962  	-0.11636  	-0.01057  	1.35332   	 (0.00000   )
122	0.15427   	0.06901   	0.14303   	1.37397   	 (-0.00000  )
123	0.02528   	-0.02597  	-0.00987  	1.91142   	 (-0.00000  )
124	-0.10756  	0.10743   	0.04730   	1.48503   	 (0.00000   )
125	0.02149   	-0.02392  	-0.02552  	1.57515   	 (0.00000   )
126	-0.00785  	0.01217   	-0.01371  	1.89267   	 (0.00000   )
127	0.00314   	-0.00962  	-0.02582  	1.46929   	 (-0.00000  )
128	0.00077   	0.00059   	0.02731   	1.44432   	 (0.00000   )
129	-0.00047  	0.00139   	0.01067   	1.18082   	 (-0.00000  )
130	0.01591   	0.02441   	-0.03609  	1.48070   	 (0.00000   )
131	-0.02178  	-0.01245  	0.05987   	1.57590   	 (-0.00000  )
132	0.00136   	0.00605   	-0.00748  	1.55604   	 (0.00000   )
133	0.04097   	-0.04679  	-0.00467  	1.81741   	 (0.00000   )
134	-0.00307  	-0.01264  	-0.04556  	1.87190   	 (0.00000   )
135	-0.02850  	0.03120   	-0.10199  	1.52090   	 (0.00000   )
136	-0.00782  	-0.07840  	-0.00429  	1.77026   	 (-0.00000  )
137	0.09598   	0.01341   	0.09119   	1.54526   	 (-0.00000  )
138	-0.07437  	0.07178   	-0.05462  	1.41825   	 (-0.00000  )
139	0.04271   	-0.00005  	0.05516   	1.45652   	 (0.00000   )
140	-0.03456  	0.01773   	0.08546   	1.68513   	 (0.00000   )
141	0.00939   	-0.00726  	0.00804   	1.65154   	 (-0.00000  )
142	0.01431   	0.01244   	-0.03166  	1.74048   	 (0.00000   )
143	-0.02253  	-0.00510  	0.00346   	1.15862   	 (-0.00000  )
144	0.00055   	-0.00149  	0.02011   	1.60127   	 (-0.00000  )
145	0.00551   	-0.02235  	-0.00305  	1.17176   	 (-0.00000  )
146	-0.01450  	0.02555   	0.00392   	1.35410   	 (0.00000   )
147	0.00260   	0.00384   	0.00096   	1.50219   	 (-0.00000  )
148	-0.05248  	-0.02961  	-0.00871  	1.34871   	 (-0.00000  )
149	0.05041   	0.02492   	0.00453   	1.43973   	 (-0.00000  )
150	0.00064   	0.01520   	0.00336   	1.49570   	 (-0.00000  )
151	0.15186   	-0.16801  	0.00850   	1.35843   	 (0.00000   )
152	-0.17037  	0.14370   	0.00439   	1.45378   	 (-0.00000  )
153	0.06802   	-0.03993  	-0.07354  	1.55041   	 (0.00000   )
154	-0.02076  	-0.20519  	-0.15713  	1.55963   	 (0.00000   )
155	0.00412   	-0.00117  	-0.08885  	1.37000   	 (-0.00000  )
156	0.03935   	-0.07246  	0.01773   	1.41968   	 (0.00000   )
157	0.08597   	0.13249   	0.19705   	1.47521   	 (0.00000   )
158	0.13268   	-0.06983  	0.03502   	1.40753   	 (-0.00000  )
159	-0.11682  	0.06128   	-0.08553  	1.49637   	 (-0.00000  )
160	-0.13301  	0.07767   	-0.08614  	1.39997   	 (-0.00000  )
161	0.02043   	0.02948   	0.05230   	1.58926   	 (0.00000   )
162	-0.04163  	0.04063   	0.02578   	1.39478   	 (-0.00000  )
163	-0.03222  	0.02522   	-0.02513  	1.42295   	 (0.00000   )
164	0.00444   	-0.02451  	-0.04410  	1.82884   	 (0.00000   )
165	0.01947   	-0.09026  	0.03689   	1.38742   	 (-0.00000  )
166	0.06952   	-0.08167  	-0.00256  	1.47548   	 (0.00000   )
167	0.03266   	0.05456   	0.06123   	1.39334   	 (-0.00000  )
168	0.05088   	0.04989   	0.06329   	1.38520   	 (0.00000   )
169	-0.02740  	-0.12142  	-0.08012  	1.41440   	 (-0.00000  )
170	-0.07107  	0.01103   	-0.17723  	1.46478   	 (-0.00000  )
171	0.13150   	-0.01934  	0.03140   	1.86421   	 (-0.00000  )
172	0.00889   	-0.01041  	-0.02741  	1.46085   	 (-0.00000  )
173	0.06031   	-0.07268  	-0.10946  	1.39134   	 (0.00000   )
174	-0.15464  	0.24360   	0.20305   	1.58837   	 (-0.00000  )
175	-0.08819  	0.05626   	-0.06084  	1.64589   	 (-0.00000  )
176	-0.02143  	0.12688   	0.03803   	1.46063   	 (-0.00000  )
177	-0.03207  	0.13843   	0.24665   	1.71987   	 (0.00000   )
178	-0.05401  	-0.19608  	0.00588   	1.88932   	 (0.00000   )
179	0.02448   	-0.07544  	-0.04294  	1.50598   	 (-0.00000  )
180	0.02320   	-0.01634  	-0.33352  	1.46887   	 (-0.00000  )
181	0.02330   	-0.02165  	0.18947   	1.50548   	 (0.00000   )
182	0.03598   	-0.01161  	0.10543   	1.36585   	 (-0.00000  )
183	0.00360   	-0.02252  	-0.02765  	1.45216   	 (0.00000   )
184	0.06442   	-0.18681  	-0.32176  	1.53246   	 (0.00000   )
185	0.02446   	-0.09676  	0.33122   	1.52986   	 (0.00000   )
186	0.07763   	0.06241   	0.04687   	1.44566   	 (-0.00000  )
187	0.03438   	-0.06135  	-0.21091  	1.44678   	 (-0.00000  )
188	0.00633   	-0.02036  	-0.07752  	1.38148   	 (-0.00000  )
189	0.00386   	-0.01041  	0.05080   	1.36691   	 (0.00000   )
190	-0.02731  	0.06096   	-0.01049  	1.41846   	 (0.00000   )
191	-0.07658  	0.05907   	0.01249   	1.63519   	 (-0.00000  )
192	0.06152   	0.00997   	0.00202   	1.43940   	 (-0.00000  )
193	-0.00768  	-0.01021  	0.03504   	1.33760   	 (-0.00000  )
194	-0.03475  	-0.00300  	-0.01006  	1.22996   	 (-0.00000  )
195	0.02912   	-0.03278  	-0.03929  	1.32616   	 (0.00000   )
196	0.00407   	-0.04091  	-0.15486  	1.44489   	 (-0.00000  )
197	0.00870   	-0.01459  	-0.02453  	1.77560   	 (0.00000   )
198	-0.01673  	0.11950   	-0.10453  	1.56679   	 (0.00000   )
199	0.08806   	-0.37793  	0.07187   	1.59438   	 (-0.00000  )
200	-0.19115  	0.16865   	-0.00607  	1.59644   	 (0.00000   )
201	0.12262   	0.03821   	-0.00992  	1.54611   	 (-0.00000  )
202	0.00712   	0.01265   	0.00921   	1.37127   	 (0.00000   )
203	-0.04897  	0.03786   	-0.01468  	1.42507   	 (0.00000   )
204	-0.00174  	-0.05832  	-0.00333  	1.64264   	 (-0.00000  )
205	-0.01816  	-0.12724  	0.01750   	1.57738   	 (-0.00000  )
206	0.12168   	0.13696   	0.06243   	1.51660   	 (0.00000   )
207	0.10891   	0.09377   	-0.02851  	1.61954   	 (-0.00000  )
208	-0.12951  	-0.13871  	-0.05101  	1.51922   	 (0.00000   )
209	-0.05185  	-0.03173  	-0.00488  	1.62990   	 (-0.00000  )
210	0.05537   	0.02980   	0.00241   	1.39826   	 (-0.00000  )
211	0.13064   	-0.18069  	-0.01678  	1.55390   	 (0.00000   )
212	-0.11101  	0.17795   	-0.00333  	1.59918   	 (-0.00000  )
213	-0.01848  	0.00324   	0.01265   	1.44380   	 (0.00000   )
214	-0.01323  	-0.02532  	0.00234   	1.63690   	 (-0.00000  )
215	0.01146   	0.00744   	-0.02137  	1.53880   	 (0.00000   )
216	0.01928   	-0.02276  	-0.02325  	1.53971   	 (0.00000   )
217	-0.04089  	0.00761   	0.00365   	1.36415   	 (0.00000   )
218	0.01180   	0.00612   	-0.01267  	1.44643   	 (0.00000   )
219	0.05949   	-0.02040  	0.01817   	1.44955   	 (-0.00000  )
220	-0.04770  	0.03337   	-0.02351  	1.66553   	 (-0.00000  )
221	0.20519   	-0.08567  	-0.02562  	1.47457   	 (-0.00000  )
222	-0.19765  	0.00028   	-0.02031  	1.47290   	 (-0.00000  )
223	-0.01072  	0.04412   	-0.05383  	1.57704   	 (0.00000   )
224	-0.02469  	-0.01783  	0.06198   	1.67181   	 (-0.00000  )
225	0.03265   	-0.02310  	0.01469   	1.41360   	 (0.00000   )
226	0.00781   	0.02915   	0.01199   	1.33815   	 (0.00000   )
227	0.05126   	0.01759   	-0.01043  	1.43852   	 (-0.00000  )
228	0.04379   	-0.14794  	-0.06155  	1.58156   	 (-0.00000  )
229	0.09138   	-0.08212  	-0.02074  	1.41577   	 (-0.00000  )
230	0.01235   	0.00408   	0.00104   	1.49559   	 (-0.00000  )
231	0.01592   	0.01602   	0.00144   	1.55415   	 (-0.00000  )
232	-0.04925  	0.04950   	0.02135   	1.66737   	 (-0.00000  )
233	0.00527   	-0.00158  	0.02058   	1.45700   	 (-0.00000  )
234	-0.01445  	0.01566   	-0.02055  	1.44303   	 (0.00000   )
235	-0.07853  	0.06911   	-0.02495  	1.40869   	 (0.00000   )
236	-0.01388  	-0.01851  	0.07592   	1.49809   	 (0.00000   )
237	0.03308   	-0.00232  	-0.08671  	1.40658   	 (-0.00000  )
238	0.01546   	-0.08179  	-0.00495  	1.65547   	 (-0.00000  )
239	-0.02772  	0.03500   	-0.02198  	1.45854   	 (-0.00000  )
240	0.02837   	-0.03478  	0.00074   	1.33045   	 (-0.00000  )
241	0.01775   	0.00209   	-0.00060  	1.76063   	 (0.00000   )
242	-0.00214  	0.02202   	0.02196   	1.41258   	 (0.00000   )
243	-0.03895  	0.00586   	-0.01656  	1.47250   	 (-0.00000  )
244	-0.02132  	0.09120   	-0.16357  	1.41154   	 (-0.00000  )
245	-0.01054  	0.00947   	-0.03485  	1.31523   	 (0.00000   )
246	0.01216   	0.02453   	0.01609   	1.55076   	 (0.00000   )
247	0.03348   	-0.02856  	-0.01594  	1.47868   	 (0.00000   )
248	-0.09094  	0.01788   	0.05574   	1.40168   	 (-0.00000  )
249	0.07332   	-0.12709  	0.03637   	1.60219   	 (-0.00000  )
250	-0.05941  	0.05109   	0.06019   	1.42734   	 (-0.00000  )
251	0.13397   	-0.11699  	0.00861   	1.62943   	 (0.00000   )
252	-0.22122  	0.21422   	-0.03791  	1.61153   	 (0.00000   )
253	0.06093   	-0.08043  	-0.00197  	1.44873   	 (-0.00000  )
254	-0.06473  	-0.01605  	-0.01153  	1.48463   	 (-0.00000  )
255	0.00607   	-0.01594  	-0.02193  	1.53906   	 (-0.00000  )
256	0.04625   	-0.00989  	0.00773   	1.51806   	 (0.00000   )
257	-0.06495  	-0.20636  	0.02228   	1.47916   	 (0.00000   )
258	0.09903   	0.12783   	0.03582   	1.38800   	 (0.00000   )
259	-0.08001  	-0.01755  	-0.02470  	1.43593   	 (0.00000   )
260	0.08308   	0.09637   	-0.03480  	1.54264   	 (0.00000   )
261	-0.05059  	-0.06495  	-0.02479  	1.51701   	 (0.00000   )
262	0.01509   	0.05425   	0.02074   	1.31453   	 (0.00000   )
263	-0.03932  	0.03788   	-0.07508  	1.47533   	 (-0.00000  )
264	-0.02364  	0.00582   	-0.01459  	1.50993   	 (-0.00000  )
265	0.15683   	-0.08301  	0.06648   	1.48586   	 (-0.00000  )
266	-0.13458  	0.10889   	-0.02197  	1.52439   	 (-0.00000  )
267	0.03405   	0.00207   	0.12546   	1.54785   	 (-0.00000  )
268	-0.01598  	0.00878   	0.00324   	1.49682   	 (0.00000   )
269	0.05732   	-0.14774  	-0.02544  	1.56831   	 (-0.00000  )
270	0.03153   	-0.08354  	-0.03441  	1.68648   	 (0.00000   )
271	-0.11782  	0.25956   	0.08741   	1.47964   	 (0.00000   )
272	0.21663   	-0.10082  	0.05574   	1.48866   	 (-0.00000  )
273	-0.04943  	-0.04792  	0.05031   	1.51050   	 (0.00000   )
274	-0.02754  	0.02542   	-0.04132  	1.39668   	 (-0.00000  )
275	0.05568   	0.02229   	-0.06140  	1.40141   	 (0.00000   )
276	-0.09694  	0.17984   	0.05337   	1.46147   	 (0.00000   )
277	-0.02069  	-0.00723  	0.06182   	1.59288   	 (-0.00000  )
278	-0.03543  	0.01132   	0.03196   	1.44251   	 (0.00000   )
279	-0.00746  	-0.01332  	-0.01477  	1.60518   	 (0.00000   )
280	-0.00466  	-0.02986  	0.00989   	1.37208   	 (-0.00000  )
281	0.01367   	0.01099   	-0.01509  	1.57677   	 (0.00000   )
282	0.01986   	-0.02441  	-0.11163  	1.53744   	 (0.00000   )
283	0.00750   	-0.01611  	0.08398   	1.35970   	 (-0.00000  )
284	0.00692   	0.03505   	-0.00174  	1.52348   	 (-0.00000  )
285	0.01709   	-0.02442  	-0.14842  	1.83255   	 (0.00000   )
286	-0.02556  	-0.02059  	-0.09118  	1.55536   	 (-0.00000  )
287	-0.01807  	0.01846   	0.09632   	1.59651   	 (0.00000   )
288	0.09070   	0.22998   	-0.04957  	1.48139   	 (0.00000   )
289	-0.06579  	-0.19741  	-0.03134  	1.50701   	 (-0.00000  )
290	-0.00476  	-0.01652  	0.15535   	1.34571   	 (-0.00000  )
291	-0.01438  	-0.00879  	0.02489   	1.34196   	 (-0.00000  )
292	0.04077   	-0.02088  	0.01712   	1.74168   	 (0.00000   )
293	-0.00745  	-0.03104  	0.07247   	1.40747   	 (-0.00000  )
294	-0.02550  	0.05613   	-0.00837  	1.40138   	 (0.00000   )
295	0.03178   	0.04266   	0.00331   	1.70446   	 (0.00000   )
296	-0.02350  	-0.07398  	0.00975   	1.56154   	 (-0.00000  )
297	0.02732   	-0.03777  	-0.01361  	1.53655   	 (0.00000   )
298	0.06390   	-0.03866  	-0.00385  	1.73600   	 (0.00000   )
299	-0.03774  	0.03214   	-0.02061  	1.60088   	 (0.00000   )
300	0.06782   	-0.04358  	0.03782   	1.34289   	 (0.00000   )
301	-0.05364  	0.06397   	0.01457   	1.47933   	 (0.00000   )
302	-0.01670  	-0.00723  	-0.08797  	1.59228   	 (-0.00000  )
303	-0.01762  	0.04118   	-0.04664  	1.36076   	 (0.00000   )
304	0.03108   	-0.01687  	0.00241   	1.62185   	 (-0.00000  )
305	-0.02086  	0.03038   	0.01367   	1.43721   	 (-0.00000  )
306	-0.02046  	-0.02189  	-0.11723  	1.50667   	 (0.00000   )
307	0.01792   	-0.01162  	0.11851   	1.36169   	 (-0.00000  )
308	-0.03335  	0.02759   	0.07862   	1.51066   	 (0.00000   )
309	0.01274   	0.06212   	0.02403   	1.41326   	 (0.00000   )
310	0.00146   	-0.04454  	-0.05209  	1.55342   	 (0.00000   )
311	0.13831   	-0.17763  	-0.09911  	1.54450   	 (0.00000   )
312	0.03426   	-0.07145  	-0.33615  	1.58934   	 (0.00000   )
313	-0.05080  	0.09839   	0.11753   	1.63418   	 (0.00000   )
314	-0.00915  	-0.02278  	0.31223   	1.56950   	 (0.00000   )
315	-0.00374  	-0.00453  	0.00624   	1.29768   	 (-0.00000  )
316	-0.00012  	-0.00170  	0.00868   	1.42345   	 (0.00000   )
317	0.04820   	0.05881   	-0.04889  	1.60433   	 (-0.00000  )
318	-0.06275  	0.01036   	-0.12781  	1.42043   	 (-0.00000  )
319	0.10085   	-0.01919  	-0.00068  	1.48466   	 (0.00000   )
320	-0.00792  	0.00132   	0.01473   	1.20535   	 (-0.00000  )
321	-0.16147  	0.08605   	-0.05430  	1.46648   	 (0.00000   )
322	-0.05413  	0.02047   	-0.18018  	1.42679   	 (-0.00000  )
323	0.07447   	-0.00980  	0.15928   	1.42900   	 (-0.00000  )
324	-0.03641  	-0.06768  	0.19108   	1.45753   	 (-0.00000  )
325	-0.27989  	0.03249   	-0.09923  	1.49861   	 (0.00000   )
326	0.18752   	0.10620   	-0.13069  	1.50880   	 (-0.00000  )
327	-0.15104  	-0.06969  	0.18857   	1.40448   	 (-0.00000  )
328	0.15530   	0.08586   	0.08512   	1.36887   	 (-0.00000  )
329	0.02960   	-0.00530  	0.04234   	1.22143   	 (-0.00000  )
330	0.01643   	-0.00363  	-0.00054  	1.61283   	 (-0.00000  )
331	-0.01075  	0.00681   	-0.03382  	1.39748   	 (-0.00000  )
332	0.00195   	-0.01204  	0.02468   	1.51386   	 (0.00000   )
333	0.01916   	0.01008   	-0.06504  	1.63473   	 (0.00000   )
334	0.05146   	-0.06101  	0.08752   	1.26069   	 (-0.00000  )
335	-0.07937  	0.04538   	-0.04045  	1.48883   	 (-0.00000  )
336	0.23579   	-0.11923  	-0.16739  	1.55655   	 (0.00000   )
337	0.00090   	-0.00025  	-0.01019  	1.47486   	 (-0.00000  )
338	0.03982   	-0.00490  	0.08194   	1.66758   	 (-0.00000  )
339	-0.02236  	-0.09231  	0.01034   	1.57742   	 (0.00000   )
340	0.07820   	-0.20354  	-0.07195  	1.61178   	 (0.00000   )
341	-0.02449  	-0.06864  	-0.01286  	1.60320   	 (0.00000   )
342	0.03322   	0.07256   	-0.04157  	1.28150   	 (-0.00000  )
343	-0.01699  	0.04016   	-0.01108  	1.69600   	 (0.00000   )
344	-0.11340  	0.16488   	-0.04117  	1.51026   	 (0.00000   )
345	-0.00792  	0.07899   	0.06866   	1.63368   	 (-0.00000  )
346	-0.00427  	0.05306   	-0.03750  	1.47210   	 (0.00000   )
347	-0.11495  	-0.05410  	-0.02454  	1.50974   	 (-0.00000  )
348	0.01991   	-0.03849  	-0.02930  	1.36326   	 (0.00000   )
349	0.06402   	-0.20139  	-0.02637  	1.60118   	 (0.00000   )
350	0.04239   	-0.01196  	0.03704   	1.65180   	 (0.00000   )
351	-0.16074  	0.00418   	-0.06747  	1.50624   	 (0.00000   )
352	0.03250   	0.25114   	-0.08054  	1.50926   	 (-0.00000  )
353	-0.01369  	0.02079   	0.03462   	1.49681   	 (-0.00000  )
354	0.13589   	-0.17694  	0.06969   	1.39786   	 (0.00000   )
355	-0.12014  	0.14932   	0.02128   	1.51341   	 (-0.00000  )
356	0.01018   	0.00789   	0.14944   	1.35193   	 (-0.00000  )
357	0.02631   	0.03628   	0.02394   	1.40228   	 (0.00000   )
358	0.12695   	-0.11121  	-0.00258  	1.57226   	 (0.00000   )
359	-0.08536  	-0.05512  	-0.01043  	1.53368   	 (0.00000   )
360	0.03510   	0.00473   	-0.15880  	1.47877   	 (0.00000   )
361	-0.03373  	-0.03279  	0.06400   	1.53402   	 (0.00000   )
362	-0.03162  	0.05047   	-0.14602  	1.53263   	 (0.00000   )
363	0.07214   	-0.16562  	0.14469   	1.36454   	 (-0.00000  )
364	-0.10807  	0.19842   	0.04724   	1.34154   	 (-0.00000  )
365	0.05968   	-0.20669  	-0.00447  	1.44930   	 (0.00000   )
366	0.04958   	0.15386   	-0.00922  	1.47348   	 (0.00000   )
367	-0.07736  	-0.11921  	-0.06037  	1.64751   	 (0.00000   )
368	0.08096   	0.00236   	-0.18420  	1.46747   	 (-0.00000  )
369	-0.02715  	-0.00165  	-0.03427  	1.52179   	 (-0.00000  )
370	0.08430   	0.02528   	-0.08502  	1.61170   	 (-0.00000  )
371	-0.08987  	-0.12318  	-0.07742  	1.48274   	 (0.00000   )
372	-0.07920  	-0.15203  	-0.02650  	1.52538   	 (0.00000   )
373	0.09383   	0.04708   	0.12741   	1.48226   	 (-0.00000  )
374	0.10906   	0.05447   	-0.15347  	1.53197   	 (0.00000   )
375	0.08309   	-0.15312  	-0.03728  	1.65363   	 (0.00000   )
376	-0.07656  	-0.07245  	-0.04482  	1.53145   	 (-0.00000  )
377	0.06187   	0.01738   	-0.10929  	1.49239   	 (-0.00000  )
378	-0.01718  	-0.09391  	0.05825   	1.47194   	 (-0.00000  )
379	-0.04707  	0.17812   	-0.03492  	1.55338   	 (0.00000   )
380	0.08227   	0.02435   	0.26596   	1.60248   	 (0.00000   )
381	0.00904   	-0.01468  	-0.01580  	1.36593   	 (0.00000   )
382	0.18087   	-0.01112  	-0.15126  	1.61737   	 (0.00000   )
383	0.03864   	-0.21727  	-0.13101  	1.52301   	 (0.00000   )
384	0.04350   	-0.01458  	-0.01156  	1.33623   	 (-0.00000  )
385	0.06401   	-0.04193  	-0.05656  	1.36869   	 (0.00000   )
386	-0.16292  	0.00803   	0.13359   	1.46824   	 (0.00000   )
387	0.09332   	-0.08264  	-0.37168  	1.67201   	 (-0.00000  )
388	0.13246   	0.01763   	0.31453   	1.62107   	 (0.00000   )
389	-0.20048  	0.03197   	-0.17286  	1.53719   	 (0.00000   )
390	-0.00645  	0.02621   	-0.01398  	1.62122   	 (0.00000   )
391	-0.15251  	0.11941   	0.12470   	1.51074   	 (-0.00000  )
392	0.01516   	-0.03580  	-0.15671  	1.49069   	 (-0.00000  )
393	-0.02864  	0.15594   	0.13484   	1.48466   	 (-0.00000  )
394	-0.01286  	0.09164   	0.26525   	1.53367   	 (0.00000   )
395	0.16520   	-0.07534  	0.03750   	1.73180   	 (-0.00000  )
396	-0.17893  	0.16124   	-0.02387  	1.70424   	 (-0.00000  )
397	-0.14247  	0.21997   	-0.00406  	1.57298   	 (-0.00000  )
398	-0.04867  	-0.21377  	-0.05404  	1.57977   	 (0.00000   )
399	0.05071   	0.07769   	0.11568   	1.53505   	 (-0.00000  )
400	0.11864   	-0.02308  	-0.07003  	1.48608   	 (0.00000   )
401	-0.32678  	-0.03051  	0.00957   	1.57035   	 (0.00000   )
402	-0.00788  	-0.07146  	0.08904   	1.54724   	 (-0.00000  )
403	-0.01986  	0.07914   	-0.02596  	1.55152   	 (-0.00000  )
404	-0.00684  	-0.06187  	-0.00251  	1.47440   	 (-0.00000  )
405	-0.19733  	-0.00147  	0.03315   	1.41255   	 (0.00000   )
406	0.17993   	0.04397   	-0.05538  	1.55156   	 (-0.00000  )
407	0.16836   	-0.07871  	-0.16859  	1.54377   	 (-0.00000  )
408	0.01715   	0.04151   	-0.07336  	1.54993   	 (-0.00000  )
409	0.05408   	-0.11883  	-0.07708  	1.53354   	 (0.00000   )
410	0.07118   	-0.05555  	0.11878   	1.51462   	 (0.00000   )
411	0.03376   	-0.11065  	-0.01567  	1.51386   	 (-0.00000  )
412	0.00052   	0.02646   	-0.04009  	1.39192   	 (-0.00000  )
413	0.01907   	-0.03492  	0.06092   	1.43239   	 (0.00000   )
414	0.16023   	-0.05682  	-0.01459  	1.48966   	 (0.00000   )
415	0.18434   	0.03960   	-0.14889  	1.46555   	 (0.00000   )
416	-0.03249  	-0.01628  	0.04612   	1.39380   	 (0.00000   )
417	0.11362   	0.04127   	-0.11808  	1.38043   	 (-0.00000  )
418	-0.09682  	-0.15570  	-0.08444  	1.42144   	 (0.00000   )
419	-0.12603  	0.03026   	-0.06294  	1.47799   	 (-0.00000  )
420	0.02216   	-0.05457  	-0.02868  	1.48878   	 (-0.00000  )
421	-0.00897  	0.11476   	0.15546   	1.54816   	 (-0.00000  )
422	-0.14982  	-0.08869  	0.09608   	1.57160   	 (0.00000   )
423	-0.08795  	0.10679   	0.14179   	1.44308   	 (0.00000   )
424	0.02007   	0.19617   	-0.06544  	1.48133   	 (0.00000   )
425	-0.06062  	0.08370   	0.15523   	1.42130   	 (0.00000   )
426	0.05282   	0.01791   	0.07754   	1.44918   	 (0.00000   )
427	-0.05420  	-0.01596  	0.05081   	1.66184   	 (-0.00000  )
428	0.15238   	-0.19653  	-0.15331  	1.61901   	 (-0.00000  )
429	-0.08013  	0.08562   	-0.13447  	1.55224   	 (-0.00000  )
430	0.04300   	-0.03821  	0.08002   	1.62026   	 (-0.00000  )
431	0.05618   	-0.03253  	0.10928   	1.59051   	 (0.00000   )
432	-0.11445  	0.06174   	0.02800   	1.69405   	 (-0.00000  )
433	0.16885   	-0.08335  	-0.04443  	1.48470   	 (0.00000   )
434	-0.15205  	0.10818   	-0.06476  	1.50277   	 (0.00000   )
435	-0.09963  	-0.19704  	-0.08742  	1.53103   	 (-0.00000  )
436	0.24445   	-0.01694  	-0.03908  	1.59655   	 (0.00000   )
437	0.02450   	0.23589   	0.04842   	1.56675   	 (-0.00000  )
438	-0.08795  	-0.24171  	0.04106   	1.51387   	 (0.00000   )
439	-0.11105  	0.17953   	0.02957   	1.53893   	 (0.00000   )
440	-0.00549  	-0.12989  	-0.01193  	1.53501   	 (-0.00000  )
441	0.02735   	-0.06000  	0.04847   	1.52735   	 (-0.00000  )
442	-0.03383  	-0.09479  	-0.11264  	1.57865   	 (-0.00000  )
443	0.05178   	0.13048   	-0.02369  	1.47471   	 (0.00000   )
444	-0.02666  	0.03078   	-0.01741  	1.45200   	 (-0.00000  )
445	0.06394   	-0.04240  	-0.08683  	1.57865   	 (-0.00000  )
446	0.01102   	-0.08229  	0.05063   	1.45231   	 (-0.00000  )
447	0.15999   	-0.08884  	-0.02916  	1.52333   	 (0.00000   )
448	-0.04352  	0.03696   	-0.21355  	1.45995   	 (-0.00000  )
449	-0.06764  	0.07701   	0.00973   	1.49229   	 (0.00000   )
450	-0.06677  	-0.06199  	-0.02686  	1.46562   	 (0.00000   )
451	0.05015   	0.03423   	0.05495   	1.47013   	 (-0.00000  )
452	0.07910   	-0.02718  	-0.00047  	1.46604   	 (-0.00000  )
453	0.02806   	-0.10902  	0.05955   	1.45188   	 (0.00000   )
454	-0.02111  	0.03536   	0.02690   	1.34787   	 (0.00000   )
455	0.07151   	0.05430   	-0.07447  	1.43964   	 (0.00000   )
456	-0.10264  	0.03021   	-0.00016  	1.41326   	 (-0.00000  )
457	-0.03572  	0.00976   	0.05380   	1.38888   	 (0.00000   )
458	0.02836   	0.06495   	0.13430   	1.51754   	 (0.00000   )
459	0.00510   	-0.01026  	-0.04155  	1.47035   	 (-0.00000  )
460	-0.06911  	-0.04487  	-0.11372  	1.51084   	 (-0.00000  )
461	0.08035   	-0.07623  	0.01706   	1.50856   	 (-0.00000  )
462	0.00294   	0.10017   	-0.00437  	1.50151   	 (-0.00000  )
463	0.03249   	-0.03022  	0.14036   	1.50669   	 (-0.00000  )
464	0.04946   	-0.00181  	-0.08101  	1.48778   	 (0.00000   )
465	-0.04907  	-0.12674  	-0.09689  	1.44287   	 (0.00000   )
466	-0.06132  	-0.00642  	0.06052   	1.47653   	 (-0.00000  )
467	0.14857   	0.02617   	-0.07733  	1.53707   	 (0.00000   )
468	-0.04379  	-0.05280  	-0.13582  	1.52544   	 (0.00000   )
469	0.03360   	0.06098   	-0.03434  	1.43384   	 (0.00000   )
470	0.08750   	-0.05630  	-0.00974  	1.39878   	 (-0.00000  )
471	-0.09160  	-0.11028  	-0.05207  	1.53249   	 (0.00000   )
472	0.05941   	-0.08358  	-0.12253  	1.45083   	 (-0.00000  )
473	0.05967   	-0.11941  	-0.05762  	1.45386   	 (-0.00000  )
474	-0.03941  	0.04472   	-0.00145  	1.43141   	 (-0.00000  )
475	0.00220   	-0.01390  	-0.01783  	1.42094   	 (-0.00000  )
476	0.11428   	-0.07678  	-0.12561  	1.45178   	 (-0.00000  )
477	-0.11466  	0.08300   	-0.08993  	1.36556   	 (-0.00000  )
478	-0.05754  	0.03623   	0.11613   	1.45072   	 (-0.00000  )
479	-0.04476  	-0.02726  	-0.06439  	1.56272   	 (-0.00000  )
480	-0.00458  	-0.08358  	0.12015   	1.55275   	 (0.00000   )
481	0.00974   	0.12567   	0.07151   	1.45021   	 (0.00000   )
482	-0.01197  	-0.03791  	0.12954   	1.43945   	 (0.00000   )
483	0.05564   	-0.01132  	0.12445   	1.58065   	 (0.00000   )
484	-0.06367  	0.10577   	0.02421   	1.53935   	 (-0.00000  )
485	-0.15563  	0.04115   	0.06406   	1.48153   	 (-0.00000  )
486	0.10682   	0.04289   	0.07201   	1.51873   	 (0.00000   )
487	-0.05801  	0.04802   	0.01918   	1.41596   	 (-0.00000  )
488	-0.00890  	0.02949   	0.02151   	1.38867   	 (-0.00000  )
489	0.04709   	0.03689   	-0.02754  	1.43992   	 (-0.00000  )
490	0.06776   	-0.05321  	-0.01137  	1.34804   	 (-0.00000  )
491	0.01486   	0.00231   	0.01221   	1.44717   	 (-0.00000  )
492	-0.14209  	0.11600   	0.02746   	1.49515   	 (0.00000   )
493	-0.06886  	0.07689   	0.03413   	1.54568   	 (0.00000   )
494	0.03506   	-0.03273  	-0.04274  	1.42634   	 (0.00000   )
495	-0.01921  	-0.02768  	-0.02034  	1.45208   	 (0.00000   )
496	0.03359   	0.01903   	-0.00843  	1.46133   	 (0.00000   )
497	0.06944   	0.00509   	-0.07160  	1.50829   	 (-0.00000  )
498	0.05919   	-0.13841  	0.00122   	1.50440   	 (-0.00000  )
499	0.00232   	-0.21231  	-0.10127  	1.78410   	 (0.00000   )
500	0.10106   	-0.03186  	-0.19645  	1.31110   	 (0.00000   )
501	0.10338   	-0.13199  	-0.04717  	1.46430   	 (0.00000   )
502	-0.08320  	0.09392   	0.17934   	1.36985   	 (-0.00000  )
503	-0.00069  	0.01169   	-0.05333  	1.55069   	 (-0.00000  )
504	-0.11903  	0.26931   	0.11617   	1.49957   	 (-0.00000  )
505	-0.06945  	0.14252   	0.23362   	1.44004   	 (-0.00000  )
506	0.07603   	0.02052   	-0.00641  	1.46185   	 (-0.00000  )
507	-0.13330  	0.14949   	0.06732   	1.52216   	 (-0.00000  )
508	0.12691   	-0.30513  	0.05729   	1.53674   	 (0.00000   )
509	0.02954   	-0.15802  	-0.27718  	1.43293   	 (0.00000   )
510	-0.06638  	0.03580   	-0.14629  	1.51446   	 (-0.00000  )
511	0.06158   	-0.06412  	-0.03487  	1.51331   	 (-0.00000  )
512	-0.04482  	0.18886   	-0.03151  	1.58395   	 (0.00000   )
513	0.12974   	-0.28349  	-0.06864  	1.55187   	 (-0.00000  )
514	-0.05296  	0.04653   	-0.08040  	1.51301   	 (-0.00000  )
515	0.05506   	-0.10584  	0.08356   	1.57874   	 (0.00000   )
516	0.21910   	-0.17938  	0.00813   	1.81741   	 (-0.00000  )
517	0.03912   	-0.04768  	-0.14673  	1.34419   	 (-0.00000  )
518	-0.03162  	0.04893   	-0.00982  	1.48757   	 (0.00000   )
519	-0.05647  	-0.04979  	-0.02477  	1.45786   	 (-0.00000  )
520	0.00615   	0.00185   	0.07332   	1.64411   	 (0.00000   )
521	-0.05854  	0.18585   	-0.27682  	1.60303   	 (-0.00000  )
522	-0.03061  	0.00494   	0.08497   	1.50361   	 (-0.00000  )
523	-0.05326  	0.06462   	0.01614   	1.31396   	 (0.00000   )
524	0.08743   	-0.00787  	0.19961   	1.37535   	 (0.00000   )
525	0.02481   	-0.00204  	0.00739   	1.41115   	 (0.00000   )
526	-0.01172  	-0.04289  	-0.06758  	1.75070   	 (-0.00000  )
527	-0.01271  	-0.05573  	-0.01937  	1.72674   	 (0.00000   )
528	0.00267   	-0.02281  	-0.04197  	1.45835   	 (0.00000   )
529	0.02425   	0.00044   	-0.03004  	1.57807   	 (-0.00000  )
530	0.11703   	-0.00062  	-0.01552  	1.53519   	 (-0.00000  )
531	0.01026   	-0.04101  	0.01982   	1.60194   	 (0.00000   )
532	-0.09477  	-0.02480  	0.03618   	1.58222   	 (-0.00000  )
533	-0.00244  	0.01560   	0.00320   	1.50494   	 (-0.00000  )
534	-0.09524  	-0.11667  	-0.01585  	1.46804   	 (-0.00000  )
535	0.06766   	0.06685   	0.02424   	1.48832   	 (-0.00000  )
536	0.08526   	0.00534   	-0.00655  	1.49412   	 (-0.00000  )
537	0.08429   	0.04654   	-0.07434  	1.48197   	 (-0.00000  )
538	-0.14016  	0.05041   	-0.08872  	1.53311   	 (-0.00000  )
539	-0.02100  	-0.05350  	-0.00620  	1.47308   	 (0.00000   )
540	-0.01863  	0.07284   	0.12975   	1.43146   	 (0.00000   )
541	0.14859   	-0.18362  	-0.04639  	1.50786   	 (-0.00000  )
542	-0.13447  	0.05958   	0.03199   	1.47240   	 (0.00000   )
543	-0.01639  	0.09204   	-0.03054  	1.41789   	 (0.00000   )
544	0.00721   	0.11274   	0.08426   	1.50733   	 (0.00000   )
545	0.04086   	0.01260   	0.02151   	1.49588   	 (0.00000   )
546	0.01293   	0.01521   	0.04552   	1.49921   	 (0.00000   )
547	-0.06630  	0.00290   	0.01074   	1.51691   	 (0.00000   )
548	0.08112   	0.03919   	-0.03665  	1.46198   	 (0.00000   )
549	0.01649   	-0.09799  	0.00596   	1.50478   	 (-0.00000  )
550	0.02580   	0.07463   	-0.07274  	1.55135   	 (0.00000   )
551	-0.04284  	0.02850   	0.02819   	1.54833   	 (-0.00000  )
552	-0.11234  	0.03190   	-0.01839  	1.35256   	 (0.00000   )
553	0.01548   	-0.19561  	-0.02633  	1.49529   	 (0.00000   )
554	-0.01604  	-0.02873  	-0.01708  	1.51687   	 (0.00000   )
555	-0.01310  	0.06206   	-0.08612  	1.54285   	 (0.00000   )
556	0.01410   	-0.01778  	0.09174   	1.51038   	 (-0.00000  )
557	0.05728   	-0.05786  	0.00762   	1.53841   	 (0.00000   )
558	0.06596   	-0.08660  	-0.00610  	1.45607   	 (-0.00000  )
559	-0.07198  	0.01335   	-0.00709  	1.45976   	 (-0.00000  )
560	-0.00944  	0.08897   	-0.03818  	1.55476   	 (0.00000   )
561	-0.02276  	-0.00632  	-0.03455  	1.46282   	 (-0.00000  )
562	0.00770   	0.02976   	-0.03375  	1.62757   	 (0.00000   )
563	0.08031   	0.08595   	0.19555   	1.49026   	 (-0.00000  )
564	-0.06153  	0.01757   	-0.09712  	1.49027   	 (0.00000   )
565	-0.21046  	0.01791   	-0.07185  	1.46448   	 (0.00000   )
566	0.07734   	-0.18976  	-0.11264  	1.49369   	 (0.00000   )
567	0.04209   	0.08823   	0.13182   	1.50331   	 (0.00000   )
568	0.08794   	0.02365   	0.08270   	1.51785   	 (-0.00000  )
569	0.00361   	-0.01866  	0.19146   	1.56648   	 (-0.00000  )
570	-0.07432  	0.07075   	-0.22564  	1.56156   	 (-0.00000  )
571	0.09112   	-0.01933  	0.01443   	1.43827   	 (0.00000   )
572	-0.01031  	-0.00143  	-0.00484  	1.17605   	 (-0.00000  )
573	0.05607   	-0.04795  	0.01709   	1.41776   	 (-0.00000  )
574	0.01356   	0.00626   	0.01049   	1.61574   	 (-0.00000  )
575	0.08555   	-0.00699  	0.00571   	1.42205   	 (-0.00000  )
576	-0.05085  	-0.01538  	0.00598   	1.52400   	 (0.00000   )
577	0.01285   	-0.00430  	0.01111   	1.46806   	 (0.00000   )
578	-0.01099  	0.08200   	0.04552   	1.43232   	 (-0.00000  )
579	0.14251   	0.07184   	0.03727   	1.58754   	 (0.00000   )
580	-0.00861  	0.15052   	-0.01363  	1.58650   	 (0.00000   )
581	-0.15178  	-0.22582  	0.03225   	1.54998   	 (-0.00000  )
582	-0.02146  	-0.02511  	0.01297   	1.33539   	 (-0.00000  )
583	-0.05285  	0.08249   	-0.11233  	1.56230   	 (-0.00000  )
584	0.05352   	-0.01766  	-0.02230  	1.54620   	 (0.00000   )
585	0.00850   	-0.05420  	0.01708   	1.53371   	 (-0.00000  )
586	0.03704   	-0.01988  	-0.00392  	1.42499   	 (0.00000   )
587	0.08581   	-0.22716  	-0.05101  	1.62679   	 (0.00000   )
588	0.06715   	-0.11776  	-0.14047  	1.60139   	 (-0.00000  )
589	0.08025   	0.05290   	-0.00756  	1.58284   	 (0.00000   )
590	0.12038   	-0.15751  	0.00247   	1.58733   	 (-0.00000  )
591	-0.03397  	0.11891   	0.00039   	1.56866   	 (0.00000   )
592	-0.01781  	-0.11577  	0.00646   	1.55258   	 (0.00000   )
593	-0.05660  	0.12623   	0.10717   	1.45895   	 (-0.00000  )
594	-0.04607  	0.05379   	-0.27950  	1.56388   	 (-0.00000  )
595	0.01923   	0.01682   	-0.04114  	1.35656   	 (0.00000   )
596	0.04576   	-0.01949  	-0.23179  	1.68575   	 (-0.00000  )
597	-0.01616  	-0.08344  	0.21147   	1.73250   	 (0.00000   )
598	-0.01412  	-0.03632  	-0.13114  	1.47186   	 (-0.00000  )
599	-0.04422  	0.12326   	0.07989   	1.47299   	 (0.00000   )
600	0.10078   	-0.04014  	0.09591   	1.49182   	 (-0.00000  )
601	-0.16238  	0.15837   	0.20561   	1.61740   	 (0.00000   )
602	-0.03287  	0.05248   	0.00831   	1.49520   	 (0.00000   )
603	0.01859   	-0.03463  	-0.01756  	1.51994   	 (-0.00000  )
604	0.01579   	0.00013   	-0.01107  	1.47248   	 (-0.00000  )
605	0.03483   	-0.10468  	0.01757   	1.39137   	 (-0.00000  )
606	0.01151   	0.11459   	-0.00981  	1.35286   	 (0.00000   )
607	-0.03177  	-0.03192  	-0.27381  	1.45958   	 (0.00000   )
608	-0.05437  	0.03346   	-0.28483  	1.59253   	 (-0.00000  )
609	-0.05125  	0.00961   	0.31842   	1.58201   	 (-0.00000  )
610	0.04607   	0.02717   	0.15559   	1.42491   	 (0.00000   )
611	0.01822   	0.01571   	-0.07865  	1.42238   	 (0.00000   )
612	-0.03739  	0.03613   	-0.04538  	1.51388   	 (0.00000   )
613	-0.06982  	-0.00859  	-0.18039  	1.61636   	 (0.00000   )
614	-0.05475  	0.01394   	0.16865   	1.67596   	 (0.00000   )
615	0.02685   	0.04318   	0.17900   	1.45877   	 (-0.00000  )
616	0.01260   	0.05637   	-0.07059  	1.32715   	 (0.00000   )
617	-0.02815  	-0.02981  	0.12884   	1.45690   	 (-0.00000  )
618	0.03877   	-0.01894  	0.03303   	1.44067   	 (0.00000   )
619	0.01731   	-0.00973  	0.01984   	1.35648   	 (-0.00000  )
620	0.00520   	-0.00925  	0.01099   	1.59608   	 (-0.00000  )
621	0.02479   	-0.00588  	-0.00685  	1.56312   	 (-0.00000  )
622	-0.02292  	0.00402   	-0.03055  	1.59523   	 (-0.00000  )
623	-0.00668  	0.04669   	0.03089   	1.24258   	 (-0.00000  )
624	0.01950   	-0.05790  	0.02135   	1.33898   	 (0.00000   )
625	-0.05184  	-0.03413  	0.08197   	1.50726   	 (0.00000   )
626	0.02178   	0.18521   	-0.13176  	1.57607   	 (0.00000   )
627	0.00921   	-0.08881  	-0.14928  	1.43673   	 (-0.00000  )
628	0.01842   	-0.04167  	0.19900   	1.47283   	 (-0.00000  )
629	0.01721   	0.04540   	0.04307   	1.19991   	 (-0.00000  )
630	0.09149   	-0.03090  	-0.13642  	1.51749   	 (0.00000   )
631	-0.03378  	-0.03314  	-0.06061  	1.47136   	 (-0.00000  )
632	0.07159   	-0.00662  	0.02354   	1.46044   	 (-0.00000  )
633	0.06125   	0.04552   	-0.00384  	1.55997   	 (0.00000   )
634	-0.09901  	-0.18449  	0.10246   	1.52737   	 (0.00000   )
635	0.04182   	-0.03029  	-0.00366  	1.55641   	 (-0.00000  )
636	-0.05786  	-0.06708  	0.04065   	1.50180   	 (0.00000   )
637	-0.02300  	-0.02850  	-0.00401  	1.43977   	 (-0.00000  )
638	-0.02451  	0.14152   	-0.03051  	1.45298   	 (0.00000   )
639	-0.15258  	0.01148   	-0.02027  	1.44680   	 (-0.00000  )
640	0.02342   	0.14862   	0.01057   	1.51962   	 (0.00000   )
641	0.07527   	-0.28658  	0.05285   	1.55147   	 (-0.00000  )
642	0.02699   	0.13374   	-0.03667  	1.55170   	 (-0.00000  )
643	0.01646   	-0.03042  	-0.08085  	1.50478   	 (0.00000   )
644	0.01652   	0.01989   	0.04689   	1.52506   	 (0.00000   )
645	-0.03553  	-0.01175  	-0.05102  	1.56133   	 (0.00000   )
646	0.05587   	0.04586   	-0.23688  	1.62798   	 (-0.00000  )
647	0.00477   	0.00123   	0.25542   	1.60837   	 (-0.00000  )
648	0.02632   	-0.00947  	0.03314   	1.47080   	 (0.00000   )
649	-0.00019  	-0.01470  	-0.01760  	1.44256   	 (0.00000   )
650	-0.11250  	0.04959   	0.01882   	1.49840   	 (-0.00000  )
651	0.11170   	-0.01657  	-0.07106  	1.49112   	 (-0.00000  )
652	-0.01153  	0.01963   	0.10148   	1.57122   	 (0.00000   )
653	0.02701   	-0.04251  	-0.07939  	1.45414   	 (-0.00000  )
654	-0.00685  	-0.07510  	-0.02816  	1.44003   	 (-0.00000  )
655	-0.04714  	-0.06677  	-0.00778  	1.48425   	 (0.00000   )
656	0.12155   	0.02498   	-0.00207  	1.44276   	 (-0.00000  )
657	-0.04099  	-0.03296  	-0.08847  	1.48266   	 (-0.00000  )
658	0.05543   	-0.03623  	0.10175   	1.50637   	 (0.00000   )
659	0.05593   	-0.01954  	-0.00744  	1.54911   	 (-0.00000  )
660	-0.03775  	0.08191   	0.00818   	1.58601   	 (0.00000   )
661	-0.06088  	-0.00133  	-0.10046  	1.53964   	 (0.00000   )
662	0.00286   	-0.05226  	0.00138   	1.45932   	 (0.00000   )
663	-0.08524  	0.07171   	-0.12445  	1.52702   	 (0.00000   )
664	-0.00007  	0.01005   	-0.01103  	1.54433   	 (-0.00000  )
665	-0.01839  	-0.03965  	-0.02664  	1.58428   	 (0.00000   )
666	0.09310   	-0.02855  	0.09614   	1.58422   	 (0.00000   )
667	-0.07814  	-0.05144  	-0.10091  	1.53270   	 (-0.00000  )
668	-0.02970  	0.08367   	-0.05253  	1.47434   	 (-0.00000  )
669	0.02339   	0.00652   	-0.06217  	1.42817   	 (-0.00000  )
670	0.08177   	-0.11166  	-0.24035  	1.54006   	 (-0.00000  )
671	0.02933   	-0.01202  	-0.10923  	1.49711   	 (-0.00000  )
672	0.08575   	-0.09122  	0.02341   	1.56169   	 (0.00000   )
673	-0.09068  	0.08835   	-0.01874  	1.55348   	 (-0.00000  )
674	-0.02714  	0.00378   	0.07969   	1.56996   	 (0.00000   )
675	0.06573   	-0.07597  	-0.02670  	1.61266   	 (-0.00000  )
676	0.03300   	-0.08655  	0.04142   	1.50686   	 (0.00000   )
677	-0.03274  	0.04413   	-0.03162  	1.52326   	 (-0.00000  )
678	0.01179   	-0.01254  	0.23313   	1.58625   	 (-0.00000  )
679	-0.04067  	-0.28459  	0.02472   	1.50498   	 (0.00000   )
680	0.19908   	-0.00998  	-0.03355  	1.47354   	 (0.00000   )
681	-0.06849  	0.09536   	0.02250   	1.53591   	 (0.00000   )
682	-0.04471  	-0.10014  	-0.27136  	1.56648   	 (-0.00000  )
683	0.01898   	0.18545   	0.06362   	1.50606   	 (-0.00000  )
684	0.00145   	0.04882   	-0.04414  	1.45940   	 (0.00000   )
685	-0.04193  	0.06334   	-0.04375  	1.57027   	 (0.00000   )
686	0.01060   	-0.01473  	-0.02750  	1.58860   	 (-0.00000  )
687	-0.04530  	-0.15054  	0.04654   	1.49397   	 (-0.00000  )
688	-0.01532  	0.07427   	0.02208   	1.48613   	 (-0.00000  )
689	0.02461   	-0.12431  	0.08330   	1.50689   	 (-0.00000  )
690	0.11029   	0.02988   	-0.08729  	1.46382   	 (0.00000   )
691	0.02376   	-0.09291  	0.00065   	1.53827   	 (-0.00000  )
692	-0.18747  	-0.00561  	-0.02562  	1.47282   	 (0.00000   )
693	0.03624   	0.06793   	0.00393   	1.59657   	 (-0.00000  )
694	0.05814   	-0.02957  	-0.06139  	1.48993   	 (-0.00000  )
695	-0.01809  	-0.05953  	-0.00005  	1.52912   	 (-0.00000  )
696	-0.03838  	0.10231   	0.09619   	1.48864   	 (-0.00000  )
697	-0.05803  	-0.00205  	-0.02021  	1.64221   	 (0.00000   )
698	-0.03186  	0.04541   	-0.33955  	1.51792   	 (0.00000   )
699	0.10935   	0.02815   	0.12938   	1.51235   	 (0.00000   )
700	0.15187   	-0.02713  	0.21665   	1.51340   	 (-0.00000  )
701	-0.12303  	-0.02459  	-0.00888  	1.54671   	 (0.00000   )
702	0.09836   	-0.10896  	-0.14532  	1.53786   	 (-0.00000  )
703	0.00204   	-0.06454  	0.03809   	1.49943   	 (-0.00000  )
704	-0.04932  	0.04202   	0.05930   	1.48261   	 (0.00000   )
705	-0.05739  	0.03857   	0.10300   	1.53944   	 (-0.00000  )
706	-0.05656  	0.02589   	0.02261   	1.44459   	 (0.00000   )
707	0.04991   	0.00343   	-0.00728  	1.45586   	 (-0.00000  )
708	-0.09211  	0.03207   	-0.01303  	1.41654   	 (0.00000   )
709	0.06458   	-0.13025  	-0.10158  	1.48157   	 (0.00000   )
710	-0.08180  	0.10897   	-0.02425  	1.53231   	 (-0.00000  )
711	-0.03639  	0.06498   	0.09907   	1.48056   	 (-0.00000  )
712	0.04574   	-0.00848  	-0.03859  	1.38781   	 (0.00000   )
713	0.03166   	0.06739   	-0.02562  	1.43955   	 (0.00000   )
714	0.01267   	-0.10528  	0.08573   	1.35731   	 (0.00000   )
715	-0.04151  	-0.07678  	-0.13705  	1.37682   	 (-0.00000  )
716	0.13420   	0.02680   	0.12471   	1.46772   	 (0.00000   )
717	0.00014   	-0.00198  	0.06914   	1.43055   	 (0.00000   )
718	0.08372   	0.12652   	0.05471   	1.59549   	 (-0.00000  )
719	0.09470   	-0.03853  	-0.09724  	1.51706   	 (-0.00000  )
720	-0.11664  	0.00780   	-0.01561  	1.51325   	 (-0.00000  )
721	0.01833   	0.00551   	0.06715   	1.43777   	 (0.00000   )
722	-0.12144  	-0.06642  	0.01640   	1.47082   	 (0.00000   )
723	0.09241   	-0.05564  	-0.01691  	1.40029   	 (-0.00000  )
724	0.01598   	-0.01016  	-0.09024  	1.45821   	 (0.00000   )
725	0.11625   	0.14587   	0.00180   	1.41926   	 (0.00000   )
726	0.02406   	-0.11563  	-0.00740  	1.53117   	 (0.00000   )
727	0.00364   	-0.10594  	0.03500   	1.54761   	 (0.00000   )
728	-0.04784  	0.14203   	0.02488   	1.52450   	 (0.00000   )
729	0.10523   	-0.05889  	-0.05770  	1.46381   	 (0.00000   )
730	0.00805   	-0.10484  	-0.09379  	1.48764   	 (0.00000   )
731	0.15455   	0.07378   	0.07248   	1.48946   	 (-0.00000  )
732	0.01841   	-0.03212  	0.04238   	1.48011   	 (-0.00000  )
733	-0.07279  	-0.06693  	-0.11305  	1.53421   	 (0.00000   )
734	-0.11729  	0.10481   	-0.03613  	1.41459   	 (-0.00000  )
735	-0.13489  	-0.04560  	-0.01235  	1.41779   	 (0.00000   )
736	0.13249   	-0.00793  	0.06504   	1.58079   	 (0.00000   )
737	0.01183   	-0.06929  	0.01114   	1.44004   	 (-0.00000  )
738	0.03029   	0.02785   	0.08388   	1.48538   	 (-0.00000  )
739	0.00898   	-0.01305  	-0.04830  	1.62637   	 (-0.00000  )
740	0.00229   	0.00676   	-0.01920  	1.60986   	 (-0.00000  )
741	-0.04105  	0.08330   	0.09143   	1.51034   	 (-0.00000  )
742	-0.03830  	0.01926   	0.07296   	1.56298   	 (0.00000   )
743	0.04437   	0.08283   	-0.18651  	1.51053   	 (0.00000   )
744	0.01373   	-0.14490  	0.20969   	1.56283   	 (0.00000   )
745	-0.03583  	0.09438   	-0.03307  	1.59433   	 (0.00000   )
746	0.09679   	0.14905   	-0.07167  	1.51111   	 (0.00000   )
747	0.12567   	-0.16353  	-0.06768  	1.50012   	 (-0.00000  )
748	-0.09524  	-0.02690  	-0.07354  	1.41705   	 (0.00000   )
749	-0.25129  	0.05707   	0.03262   	1.56697   	 (0.00000   )
750	-0.04203  	0.09477   	0.11243   	1.41329   	 (-0.00000  )
751	0.16851   	-0.05833  	0.02849   	1.49743   	 (-0.00000  )
752	-0.13405  	-0.07117  	-0.13752  	1.53142   	 (-0.00000  )
753	0.10695   	-0.02133  	-0.11191  	1.48555   	 (-0.00000  )
754	0.06597   	0.24213   	0.11179   	1.54028   	 (-0.00000  )
755	-0.15288  	-0.08718  	0.08492   	1.46085   	 (-0.00000  )
756	0.05232   	0.05612   	-0.05576  	1.40614   	 (0.00000   )
757	-0.02468  	0.05623   	-0.04636  	1.54611   	 (-0.00000  )
758	0.03075   	-0.12642  	-0.02031  	1.49802   	 (0.00000   )
759	-0.00438  	-0.01825  	-0.00460  	1.32433   	 (-0.00000  )
760	-0.04832  	0.07550   	-0.09909  	1.51385   	 (-0.00000  )
761	0.06447   	-0.10668  	-0.05150  	1.45095   	 (0.00000   )
762	-0.06939  	0.06733   	-0.05212  	1.52336   	 (0.00000   )
763	0.00791   	0.02486   	0.02878   	1.55456   	 (0.00000   )
764	-0.03064  	-0.02392  	0.05567   	1.40731   	 (-0.00000  )
765	-0.02087  	0.03189   	0.11136   	1.53629   	 (0.00000   )
766	0.04580   	-0.17049  	-0.00885  	1.50480   	 (-0.00000  )
767	0.02605   	-0.12054  	-0.11671  	1.48585   	 (0.00000   )
768	-0.03256  	0.06907   	0.03835   	1.37046   	 (0.00000   )
769	0.04934   	-0.03238  	0.05726   	1.43723   	 (0.00000   )
770	0.05206   	-0.02616  	-0.01675  	1.42591   	 (0.00000   )
771	0.00090   	-0.05692  	-0.04430  	1.51289   	 (-0.00000  )
772	-0.02590  	-0.12342  	-0.06131  	1.43572   	 (-0.00000  )
773	-0.02299  	-0.12123  	-0.03686  	1.46736   	 (0.00000   )
774	-0.01055  	-0.02254  	-0.06276  	1.54277   	 (-0.00000  )
775	0.17356   	-0.14654  	-0.10766  	1.44784   	 (0.00000   )
776	-0.05562  	0.05244   	-0.06225  	1.33702   	 (0.00000   )
777	0.02498   	0.03312   	-0.07225  	1.35487   	 (-0.00000  )
778	0.03107   	0.21817   	-0.21125  	1.45724   	 (0.00000   )
779	-0.14496  	0.10092   	0.12017   	1.41854   	 (-0.00000  )
780	-0.06580  	0.01716   	0.19378   	1.48139   	 (-0.00000  )
781	-0.01721  	0.11046   	0.12461   	1.55280   	 (0.00000   )
782	-0.02358  	-0.03017  	-0.06964  	1.56447   	 (0.00000   )
783	-0.02538  	0.06803   	-0.07792  	1.42323   	 (0.00000   )
784	-0.04007  	-0.20167  	-0.03150  	1.56720   	 (-0.00000  )
785	0.12664   	-0.19880  	-0.09334  	1.45192   	 (0.00000   )
786	0.05665   	-0.01633  	0.00577   	1.48789   	 (-0.00000  )
787	0.11856   	-0.08414  	0.02054   	1.54280   	 (-0.00000  )
788	0.04506   	-0.02219  	0.06015   	1.42643   	 (-0.00000  )
789	-0.12486  	0.05554   	-0.02337  	1.40800   	 (0.00000   )
790	-0.09112  	0.16133   	-0.11404  	1.50271   	 (-0.00000  )
791	0.11811   	0.25709   	0.09317   	1.53087   	 (0.00000   )
792	-0.07368  	-0.20190  	0.07371   	1.49082   	 (-0.00000  )
793	-0.00086  	0.00564   	0.03929   	1.34031   	 (0.00000   )
794	-0.08391  	-0.08269  	0.04387   	1.56686   	 (-0.00000  )
795	-0.11541  	0.25976   	0.01966   	1.40517   	 (0.00000   )
796	0.21579   	-0.15523  	-0.02826  	1.41672   	 (0.00000   )
797	-0.04313  	0.23304   	-0.04754  	1.48967   	 (-0.00000  )
798	-0.04891  	-0.00539  	0.15171   	1.52666   	 (0.00000   )
799	-0.16810  	-0.02819  	0.08356   	1.51784   	 (-0.00000  )
800	0.20437   	-0.18701  	0.06419   	1.43889   	 (-0.00000  )
801	-0.11034  	0.13463   	-0.03147  	1.45120   	 (0.00000   )
802	0.03636   	0.01624   	-0.09089  	1.50279   	 (-0.00000  )
803	0.22379   	-0.05779  	0.04011   	1.39160   	 (0.00000   )
804	-0.18491  	-0.00704  	-0.06385  	1.48773   	 (-0.00000  )
805	-0.01405  	0.01050   	0.06156   	1.31484   	 (0.00000   )
806	0.06358   	-0.19302  	-0.09629  	1.54931   	 (0.00000   )
807	0.11135   	-0.11333  	-0.30603  	1.54367   	 (0.00000   )
808	0.08679   	0.22197   	0.12674   	1.61790   	 (-0.00000  )
809	0.05298   	0.11702   	0.02718   	1.51462   	 (-0.00000  )
810	0.00329   	0.01438   	0.08871   	1.44192   	 (0.00000   )
811	0.01943   	0.00730   	0.24846   	1.51224   	 (0.00000   )
812	-0.18884  	0.11465   	0.04711   	1.44636   	 (0.00000   )
813	0.07936   	-0.06943  	-0.10753  	1.57712   	 (-0.00000  )
814	-0.07163  	-0.10640  	-0.10738  	1.54176   	 (-0.00000  )
815	0.01434   	-0.04213  	0.00808   	1.48629   	 (-0.00000  )
816	0.01095   	-0.10061  	-0.09768  	1.51469   	 (-0.00000  )
817	-0.04541  	-0.23766  	-0.16136  	1.48073   	 (-0.00000  )
818	0.01742   	-0.02242  	0.00222   	1.41502   	 (-0.00000  )
819	0.01652   	0.12659   	-0.08455  	1.47329   	 (-0.00000  )
820	-0.00918  	0.21605   	0.10389   	1.59361   	 (0.00000   )
821	-0.12625  	0.22070   	0.18529   	1.50235   	 (0.00000   )
822	-0.09059  	0.10657   	0.19829   	1.48338   	 (-0.00000  )
823	-0.05919  	0.01413   	0.31693   	1.62433   	 (-0.00000  )
824	-0.09326  	-0.22573  	-0.20072  	1.67592   	 (-0.00000  )
825	0.08850   	-0.11480  	-0.28761  	1.62665   	 (0.00000   )
826	0.17198   	-0.08112  	-0.03868  	1.57349   	 (0.00000   )
827	0.01433   	0.07780   	-0.02453  	1.54667   	 (-0.00000  )
828	-0.00602  	0.03223   	-0.00729  	1.53425   	 (-0.00000  )
829	0.15157   	-0.11302  	0.02087   	1.49423   	 (0.00000   )
830	0.07996   	-0.10661  	-0.18037  	1.59714   	 (0.00000   )
831	0.09801   	-0.17123  	-0.05466  	1.59299   	 (-0.00000  )
832	-0.03883  	-0.12028  	-0.13512  	1.54706   	 (0.00000   )
833	0.13837   	-0.06415  	-0.16479  	1.57444   	 (0.00000   )
834	0.10925   	-0.07502  	-0.02994  	1.41537   	 (-0.00000  )
835	-0.01221  	0.03739   	-0.12338  	1.39333   	 (0.00000   )
836	-0.06406  	-0.06362  	0.10582   	1.38741   	 (0.00000   )
837	-0.01817  	-0.10353  	-0.09092  	1.38420   	 (-0.00000  )
838	0.02024   	-0.03211  	-0.08042  	1.70546   	 (0.00000   )
839	-0.05820  	0.03370   	-0.01119  	1.65647   	 (0.00000   )
840	0.01156   	-0.09734  	0.00227   	1.49691   	 (-0.00000  )
841	-0.01901  	0.03378   	0.15245   	1.52132   	 (-0.00000  )
842	0.08725   	-0.11459  	0.10363   	1.47133   	 (0.00000   )
843	0.06858   	0.14415   	0.07917   	1.34632   	 (0.00000   )
844	-0.09379  	0.16968   	-0.15994  	1.57509   	 (-0.00000  )
845	0.01157   	-0.04884  	-0.11252  	1.55286   	 (0.00000   )
846	-0.15539  	0.12020   	0.01524   	1.46754   	 (-0.00000  )
847	-0.04060  	0.16578   	0.18457   	1.53886   	 (-0.00000  )
848	-0.01152  	-0.09119  	0.07759   	1.42326   	 (-0.00000  )
849	0.04340   	-0.01126  	0.01152   	1.25118   	 (-0.00000  )
850	0.01042   	-0.00855  	0.01125   	1.28973   	 (-0.00000  )
851	0.08483   	-0.10512  	-0.05659  	1.47946   	 (-0.00000  )
852	0.08109   	-0.00522  	-0.11259  	1.49465   	 (-0.00000  )
853	0.04977   	-0.00138  	-0.01787  	1.50920   	 (-0.00000  )
854	0.11314   	0.12462   	0.10906   	1.44683   	 (-0.00000  )
855	0.00418   	-0.26344  	0.09937   	1.51402   	 (0.00000   )
856	0.05364   	-0.19371  	-0.16778  	1.53246   	 (0.00000   )
857	0.00880   	-0.11329  	-0.15886  	1.53393   	 (0.00000   )
858	0.19401   	0.01209   	-0.09216  	1.55574   	 (-0.00000  )
859	0.02653   	0.20001   	-0.03197  	1.53119   	 (-0.00000  )
860	0.04078   	-0.04077  	-0.01272  	1.54704   	 (0.00000   )
861	-0.05352  	0.16524   	0.05068   	1.53536   	 (-0.00000  )
862	-0.04644  	-0.10560  	-0.07002  	1.48721   	 (0.00000   )
863	0.02677   	-0.10019  	-0.09036  	1.60833   	 (-0.00000  )
864	-0.27674  	-0.06502  	0.10907   	1.53665   	 (0.00000   )
865	0.16739   	-0.01212  	0.00585   	1.70880   	 (-0.00000  )
866	0.00875   	0.02014   	-0.11424  	1.59096   	 (0.00000   )
867	0.02293   	0.17545   	0.12019   	1.57813   	 (-0.00000  )
868	-0.04363  	-0.13365  	-0.10807  	1.56708   	 (0.00000   )
869	0.16507   	-0.02322  	0.01862   	1.60874   	 (-0.00000  )
870	0.08314   	-0.08342  	0.02569   	1.55724   	 (-0.00000  )
871	-0.09711  	-0.11102  	-0.02379  	1.59229   	 (0.00000   )
872	0.17243   	-0.00978  	0.07177   	1.53132   	 (-0.00000  )
873	-0.10287  	0.10711   	-0.00507  	1.60586   	 (0.00000   )
874	-0.01548  	0.18517   	-0.08624  	1.48132   	 (-0.00000  )
875	-0.00365  	-0.09814  	-0.08834  	1.33946   	 (0.00000   )
876	-0.16916  	-0.21274  	-0.04864  	1.61893   	 (-0.00000  )
877	0.07283   	0.01685   	0.00741   	1.41625   	 (-0.00000  )
878	-0.03997  	0.01150   	0.00191   	1.50199   	 (-0.00000  )
879	-0.10513  	0.03441   	-0.01400  	1.43305   	 (-0.00000  )
880	0.04540   	-0.03522  	0.02440   	1.54310   	 (0.00000   )
881	0.10435   	0.09530   	-0.11077  	1.56635   	 (-0.00000  )
882	-0.02882  	0.18361   	-0.05175  	1.46747   	 (0.00000   )
883	0.05254   	-0.20524  	0.03267   	1.53507   	 (0.00000   )
884	0.03110   	-0.13556  	0.00229   	1.33256   	 (0.00000   )
885	-0.12751  	0.06402   	0.10999   	1.43515   	 (0.00000   )
886	-0.09986  	0.04571   	0.05583   	1.46764   	 (-0.00000  )
887	-0.10406  	0.13160   	-0.20921  	1.48996   	 (0.00000   )
888	0.12947   	0.00698   	-0.05908  	1.47198   	 (0.00000   )
889	-0.16751  	-0.14715  	-0.02117  	1.55613   	 (-0.00000  )
890	-0.20407  	-0.01026  	0.01982   	1.45134   	 (0.00000   )
891	0.16656   	-0.08653  	-0.08881  	1.45494   	 (0.00000   )
892	0.12400   	0.09535   	0.04245   	1.52720   	 (-0.00000  )
893	0.06287   	0.09812   	0.07770   	1.47298   	 (-0.00000  )
894	-0.01219  	0.17818   	0.16654   	1.46721   	 (-0.00000  )
895	-0.02488  	-0.04496  	0.03515   	1.50826   	 (0.00000   )
896	0.05604   	-0.03830  	-0.04969  	1.47578   	 (0.00000   )
897	-0.16298  	0.13408   	0.04094   	1.57020   	 (-0.00000  )
898	-0.05253  	0.04813   	-0.04174  	1.58898   	 (-0.00000  )
899	0.09906   	-0.14326  	-0.05033  	1.58807   	 (0.00000   )
900	0.04546   	-0.03637  	-0.19079  	1.48968   	 (0.00000   )
901	-0.09094  	-0.09909  	0.07882   	1.47004   	 (0.00000   )
902	0.06359   	-0.06024  	-0.28908  	1.46492   	 (-0.00000  )
903	0.03462   	-0.03550  	0.07930   	1.51426   	 (0.00000   )
904	0.08363   	-0.09567  	-0.01183  	1.54670   	 (-0.00000  )
905	-0.03276  	-0.03402  	-0.07321  	1.45753   	 (-0.00000  )
906	0.06777   	-0.05053  	0.00120   	1.44467   	 (-0.00000  )
907	-0.03659  	-0.05781  	-0.04088  	1.49347   	 (-0.00000  )
908	0.09280   	0.03569   	0.17891   	1.63100   	 (0.00000   )
909	-0.00394  	0.00299   	-0.09203  	1.52405   	 (-0.00000  )
910	0.00812   	-0.03505  	0.16541   	1.56284   	 (0.00000   )
911	0.11711   	0.07625   	0.06689   	1.48472   	 (-0.00000  )
912	-0.05605  	0.00123   	-0.23283  	1.53809   	 (0.00000   )
913	-0.00363  	-0.07935  	-0.06802  	1.50264   	 (0.00000   )
914	-0.04503  	-0.08816  	-0.16681  	1.49750   	 (0.00000   )
915	0.02655   	0.04340   	0.11061   	1.61532   	 (-0.00000  )
916	0.08807   	0.01888   	0.07816   	1.56179   	 (0.00000   )
917	-0.11758  	0.18218   	-0.01225  	1.44984   	 (-0.00000  )
918	-0.05584  	-0.06271  	-0.13188  	1.39739   	 (-0.00000  )
919	0.08958   	-0.26965  	0.00285   	1.57524   	 (0.00000   )
920	-0.03816  	0.00522   	-0.03808  	1.44789   	 (-0.00000  )
921	0.12440   	0.11263   	0.06209   	1.57578   	 (0.00000   )
922	0.04848   	0.09974   	0.05016   	1.52265   	 (-0.00000  )
923	-0.10603  	-0.01235  	0.06566   	1.52352   	 (0.00000   )
924	0.02892   	-0.00636  	0.09740   	1.56855   	 (-0.00000  )
925	-0.12583  	0.07884   	0.02046   	1.61886   	 (-0.00000  )
926	-0.03317  	0.01734   	0.14579   	1.53908   	 (-0.00000  )
927	0.04627   	-0.05384  	-0.15360  	1.48048   	 (0.00000   )
928	0.11245   	0.14881   	-0.04372  	1.47767   	 (0.00000   )
929	0.04447   	-0.12066  	-0.04002  	1.59905   	 (0.00000   )
930	-0.09612  	0.01276   	0.01895   	1.51293   	 (0.00000   )
931	-0.06278  	-0.09961  	-0.05038  	1.55748   	 (0.00000   )
932	0.09920   	0.00226   	0.05437   	1.45053   	 (-0.00000  )
933	-0.10055  	0.07552   	0.01997   	1.48935   	 (0.00000   )
934	0.04554   	-0.06545  	-0.10058  	1.49911   	 (0.00000   )
935	-0.03443  	0.03014   	0.14321   	1.57056   	 (0.00000   )
936	-0.00862  	-0.06228  	-0.06497  	1.47974   	 (0.00000   )
937	0.02681   	0.12185   	-0.11471  	1.54434   	 (0.00000   )
938	-0.18659  	-0.08706  	-0.08003  	1.50836   	 (-0.00000  )
939	0.04729   	-0.01588  	-0.03448  	1.46268   	 (0.00000   )
940	0.02678   	0.05720   	0.04866   	1.50771   	 (-0.00000  )
941	0.06417   	-0.05059  	0.00418   	1.36720   	 (-0.00000  )
942	0.00459   	-0.04438  	0.08683   	1.39499   	 (0.00000   )
943	-0.16182  	0.02716   	-0.04208  	1.38311   	 (0.00000   )
944	0.06422   	0.07055   	0.06086   	1.41323   	 (-0.00000  )
945	0.00444   	-0.01294  	-0.01615  	1.39955   	 (-0.00000  )
946	-0.03714  	0.12136   	-0.04594  	1.38395   	 (0.00000   )
947	0.08613   	-0.11935  	-0.04146  	1.48821   	 (-0.00000  )
948	0.00588   	-0.11419  	-0.10241  	1.44060   	 (-0.00000  )
949	-0.11666  	0.20419   	0.08862   	1.44334   	 (0.00000   )
950	-0.03326  	0.14901   	0.16615   	1.43712   	 (-0.00000  )
951	-0.00213  	-0.07426  	-0.03604  	1.47577   	 (0.00000   )
952	0.00203   	-0.01868  	-0.01906  	1.35027   	 (0.00000   )
953	0.06197   	-0.16188  	-0.17053  	1.43473   	 (0.00000   )
954	0.09535   	-0.17896  	-0.11299  	1.53828   	 (0.00000   )
955	0.05478   	0.14454   	0.09987   	1.52720   	 (-0.00000  )
956	-0.13452  	-0.06643  	-0.01653  	1.44557   	 (0.00000   )
957	0.10715   	0.09261   	-0.01447  	1.46048   	 (-0.00000  )
958	0.00845   	0.05846   	0.06369   	1.55301   	 (0.00000   )
959	0.05059   	-0.02212  	-0.27205  	1.60512   	 (0.00000   )
960	0.13623   	0.00993   	0.03285   	1.48736   	 (0.00000   )
961	0.08382   	-0.06608  	0.07428   	1.52544   	 (-0.00000  )
962	-0.05118  	0.11135   	0.05475   	1.51177   	 (0.00000   )
963	0.00834   	-0.05866  	-0.02446  	1.53296   	 (0.00000   )
964	-0.03034  	-0.14425  	-0.05357  	1.52578   	 (-0.00000  )
965	-0.07832  	0.07435   	0.03279   	1.49604   	 (-0.00000  )
966	0.05255   	0.06212   	0.05852   	1.53088   	 (-0.00000  )
967	-0.00977  	0.02443   	0.04561   	1.49052   	 (-0.00000  )
968	-0.15466  	-0.09445  	0.04098   	1.42404   	 (-0.00000  )
969	0.05722   	0.03241   	-0.00689  	1.41877   	 (0.00000   )
970	0.09845   	-0.02606  	-0.05576  	1.49386   	 (0.00000   )
971	-0.05236  	-0.00555  	0.13762   	1.41421   	 (-0.00000  )
972	-0.08306  	-0.16970  	0.00830   	1.53023   	 (0.00000   )
973	-0.03483  	0.04732   	-0.09013  	1.53851   	 (-0.00000  )
974	0.04987   	0.13151   	0.03260   	1.51268   	 (-0.00000  )
975	0.17097   	0.10471   	0.07528   	1.48716   	 (-0.00000  )
976	-0.13096  	-0.01798  	0.09273   	1.45676   	 (-0.00000  )
977	-0.11405  	-0.09804  	-0.12908  	1.43224   	 (0.00000   )
978	-0.08973  	0.02588   	0.06499   	1.48644   	 (0.00000   )
979	0.02055   	-0.00115  	-0.10048  	1.50116   	 (0.00000   )
980	0.00866   	-0.09739  	-0.06644  	1.53555   	 (-0.00000  )
981	0.10689   	-0.04462  	0.03330   	1.57683   	 (-0.00000  )
982	0.02862   	-0.11404  	0.01789   	1.57165   	 (-0.00000  )
983	-0.01332  	0.12650   	-0.06483  	1.60054   	 (-0.00000  )
984	-0.01370  	-0.13135  	-0.16729  	1.46718   	 (-0.00000  )
985	0.02009   	-0.00038  	0.08482   	1.57472   	 (0.00000   )
986	-0.02403  	0.10977   	0.07560   	1.56081   	 (0.00000   )
987	0.01158   	-0.05055  	-0.06839  	1.65652   	 (0.00000   )
988	0.04586   	0.00246   	0.00654   	1.62096   	 (0.00000   )
989	-0.05875  	0.10589   	0.03517   	1.55039   	 (-0.00000  )
990	0.02377   	0.10944   	-0.00236  	1.49386   	 (0.00000   )
991	0.03185   	-0.12525  	0.02917   	1.53168   	 (0.00000   )
992	0.07668   	-0.07750  	-0.01973  	1.41341   	 (-0.00000  )
993	0.02250   	-0.04814  	-0.15456  	1.48166   	 (0.00000   )
994	0.03717   	-0.06752  	0.04911   	1.47872   	 (0.00000   )
995	0.05942   	-0.13364  	-0.08444  	1.37258   	 (0.00000   )
996	-0.02750  	0.08254   	-0.12606  	1.48793   	 (0.00000   )
997	-0.05412  	0.04995   	0.03301   	1.53709   	 (-0.00000  )
998	0.07114   	-0.16594  	-0.09206  	1.47788   	 (0.00000   )
999	0.02490   	0.01334   	0.00871   	1.44659   	 (-0.00000  )
1000	0.03572   	0.00081   	-0.02384  	1.49090   	 (-0.00000  )
1001	0.01827   	-0.04992  	-0.00030  	1.48757   	 (-0.00000  )
1002	-0.02158  	-0.00511  	0.10448   	1.46423   	 (0.00000   )
1003	0.05959   	-0.18212  	-0.11189  	1.46811   	 (0.00000   )
1004	-0.12358  	0.07253   	0.00533   	1.47512   	 (0.00000   )
1005	0.06635   	0.14532   	0.02941   	1.41525   	 (-0.00000  )
1006	-0.00173  	-0.00604  	0.02669   	1.45435   	 (-0.00000  )
1007	0.02515   	-0.04896  	-0.20295  	1.45207   	 (0.00000   )
1008	0.03295   	0.03429   	0.04332   	1.44349   	 (0.00000   )
1009	0.07505   	-0.06997  	-0.09912  	1.46068   	 (0.00000   )
1010	-0.09882  	-0.16299  	-0.07073  	1.46948   	 (0.00000   )
1011	-0.05307  	-0.07931  	0.02840   	1.36364   	 (-0.00000  )
1012	0.06686   	-0.02729  	0.02126   	1.22307   	 (0.00000   )
1013	0.06846   	0.07792   	-0.14210  	1.50409   	 (0.00000   )
1014	-0.15775  	0.08103   	0.25183   	1.55231   	 (-0.00000  )
1015	0.01063   	0.16849   	0.22696   	1.49545   	 (0.00000   )
1016	-0.04861  	0.18818   	0.32442   	1.55536   	 (0.00000   )
1017	-0.02993  	-0.02394  	0.03073   	1.75273   	 (-0.00000  )
1018	0.14026   	-0.09545  	-0.00917  	1.44127   	 (-0.00000  )
1019	-0.03796  	-0.08049  	-0.24199  	1.62650   	 (0.00000   )
1020	0.02690   	-0.06137  	-0.25183  	1.54345   	 (0.00000   )
1021	0.08541   	0.08815   	0.04120   	1.33661   	 (-0.00000  )
1022	-0.10496  	0.02214   	0.11913   	1.57051   	 (0.00000   )
1023	0.00294   	0.09259   	0.05764   	1.20435   	 (-0.00000  )
1024	0.04559   	-0.07359  	-0.04078  	1.57231   	 (0.00000   )
1025	-0.02829  	0.02171   	-0.01733  	1.42052   	 (0.00000   )
1026	-0.07004  	0.00318   	0.05283   	1.58591   	 (-0.00000  )
1027	0.11921   	0.01725   	-0.15790  	1.56814   	 (-0.00000  )
1028	-0.03055  	0.01966   	0.05636   	1.50181   	 (0.00000   )
1029	0.14151   	0.06912   	0.03056   	1.54904   	 (0.00000   )
1030	-0.16698  	-0.06899  	0.05392   	1.51469   	 (-0.00000  )
1031	-0.08848  	-0.05670  	-0.08665  	1.40714   	 (0.00000   )
1032	0.00995   	0.11941   	0.21991   	1.43910   	 (-0.00000  )
1033	0.04317   	-0.08951  	-0.19575  	1.44005   	 (0.00000   )
1034	0.00828   	-0.19094  	-0.20075  	1.47428   	 (-0.00000  )
1035	-0.00299  	0.17286   	0.11747   	1.53867   	 (0.00000   )
1036	0.00813   	-0.06006  	0.00574   	1.78210   	 (-0.00000  )
1037	0.07988   	-0.23999  	-0.31160  	1.51067   	 (-0.00000  )
1038	-0.00084  	-0.17784  	-0.03466  	1.24432   	 (-0.00000  )
1039	0.08129   	0.13509   	0.01347   	1.30543   	 (-0.00000  )
1040	0.00322   	-0.11222  	-0.17173  	1.37830   	 (-0.00000  )
1041	0.00925   	-0.02678  	-0.06631  	1.38663   	 (0.00000   )
1042	0.08305   	-0.12578  	0.21470   	1.56801   	 (-0.00000  )
1043	0.31739   	-0.21177  	-0.00615  	1.46879   	 (0.00000   )
1044	-0.25923  	0.17965   	0.11396   	1.47552   	 (0.00000   )
1045	0.00029   	-0.01852  	-0.09738  	1.81485   	 (0.00000   )
1046	-0.04402  	0.03470   	-0.33232  	1.48524   	 (-0.00000  )
1047	0.05392   	-0.00972  	0.12175   	1.67641   	 (-0.00000  )
1048	0.39662   	-0.27228  	-0.09594  	1.69360   	 (0.00000   )
1049	-0.02549  	0.03300   	-0.04513  	1.33135   	 (0.00000   )
1050	-0.20375  	0.14253   	-0.02718  	1.56665   	 (-0.00000  )
1051	-0.00176  	0.18261   	0.16067   	1.49101   	 (-0.00000  )
1052	-0.04084  	-0.06336  	-0.18199  	1.43033   	 (0.00000   )
1053	0.15973   	0.00018   	-0.06802  	1.40988   	 (-0.00000  )
1054	0.00288   	-0.06923  	-0.17288  	1.45151   	 (0.00000   )
1055	-0.13691  	0.05670   	-0.00279  	1.52753   	 (0.00000   )
1056	-0.15517  	0.15810   	0.19497   	1.53295   	 (0.00000   )
1057	0.03549   	-0.13959  	0.12052   	1.55299   	 (-0.00000  )
1058	-0.05537  	0.16319   	0.04665   	1.54108   	 (0.00000   )
1059	-0.00573  	0.05393   	0.12972   	1.54636   	 (-0.00000  )
1060	-0.05888  	0.04856   	0.16111   	1.53361   	 (-0.00000  )
1061	0.10433   	-0.05094  	-0.14487  	1.59840   	 (0.00000   )
1062	-0.17462  	0.14823   	0.18785   	1.57280   	 (-0.00000  )
1063	0.00933   	0.10006   	-0.03370  	1.55785   	 (-0.00000  )
1064	0.05423   	-0.03430  	-0.13935  	1.52444   	 (0.00000   )
1065	-0.08307  	0.03911   	0.14330   	1.45755   	 (-0.00000  )
1066	0.10019   	0.01494   	0.00557   	1.46656   	 (-0.00000  )
1067	-0.01243  	0.04534   	-0.05408  	1.43770   	 (-0.00000  )
1068	-0.12339  	-0.14671  	-0.02514  	1.49922   	 (0.00000   )
1069	0.04839   	0.02796   	-0.03997  	1.46570   	 (0.00000   )
1070	0.13314   	0.15799   	0.21045   	1.50030   	 (-0.00000  )
1071	-0.06831  	-0.04521  	-0.13847  	1.46525   	 (0.00000   )
1072	-0.03755  	-0.16001  	0.11583   	1.60961   	 (0.00000   )
1073	0.05707   	-0.03081  	0.25390   	1.54595   	 (0.00000   )
1074	-0.03660  	0.14766   	0.06548   	1.53365   	 (-0.00000  )
1075	0.10931   	0.12409   	-0.17234  	1.57227   	 (-0.00000  )
1076	-0.01684  	-0.08957  	0.09106   	1.54082   	 (0.00000   )
1077	0.05608   	-0.13971  	-0.21261  	1.55166   	 (0.00000   )
1078	-0.10150  	0.06042   	-0.17946  	1.47462   	 (-0.00000  )
1079	-0.18502  	-0.02221  	0.07643   	1.53545   	 (0.00000   )
1080	0.17488   	0.08348   	0.15339   	1.53238   	 (0.00000   )
1081	0.00484   	-0.07261  	-0.19015  	1.51280   	 (-0.00000  )
1082	-0.02693  	-0.14523  	-0.07840  	1.52114   	 (-0.00000  )
1083	-0.08969  	-0.04279  	0.07511   	1.48502   	 (0.00000   )
1084	0.23602   	0.07163   	0.06623   	1.56314   	 (0.00000   )
1085	0.02566   	-0.01013  	-0.21154  	1.50612   	 (0.00000   )
1086	0.04393   	-0.02608  	-0.10784  	1.44769   	 (0.00000   )
1087	-0.08383  	-0.05383  	0.15525   	1.55038   	 (-0.00000  )
1088	0.07084   	0.15271   	0.03901   	1.52201   	 (-0.00000  )
1089	0.10811   	-0.08589  	-0.07065  	1.40773   	 (0.00000   )
1090	0.18836   	-0.19906  	-0.12142  	1.45604   	 (0.00000   )
1091	0.04086   	-0.05981  	-0.12603  	1.53095   	 (0.00000   )
1092	-0.01271  	-0.00258  	-0.06537  	1.32839   	 (0.00000   )
1093	0.00784   	0.02742   	0.10176   	1.46018   	 (-0.00000  )
1094	0.02400   	-0.04903  	-0.05038  	1.52139   	 (0.00000   )
1095	0.14432   	-0.19034  	-0.11608  	1.53073   	 (-0.00000  )
1096	-0.11832  	0.02134   	0.03658   	1.54036   	 (-0.00000  )
1097	-0.03229  	-0.02009  	0.02934   	1.59883   	 (0.00000   )
1098	0.09650   	-0.15851  	-0.02794  	1.55849   	 (0.00000   )
1099	-0.04152  	-0.20513  	0.05840   	1.53650   	 (0.00000   )
1100	0.00806   	-0.07826  	-0.07677  	1.52838   	 (0.00000   )
1101	-0.01291  	0.03765   	-0.03505  	1.73525   	 (0.00000   )
1102	0.00423   	-0.09353  	-0.05871  	1.68860   	 (0.00000   )
1103	0.02832   	-0.03671  	0.01236   	1.52207   	 (-0.00000  )
1104	-0.00522  	0.07699   	-0.02733  	1.53109   	 (-0.00000  )
1105	-0.04486  	0.12245   	-0.11266  	1.54755   	 (0.00000   )
1106	0.11624   	0.09990   	0.02913   	1.59125   	 (-0.00000  )
1107	0.05277   	-0.04673  	0.05040   	1.56230   	 (0.00000   )
1108	-0.00407  	-0.05576  	-0.07248  	1.57783   	 (0.00000   )
1109	-0.10239  	0.04505   	-0.12959  	1.49334   	 (-0.00000  )
1110	-0.02562  	0.03925   	0.06882   	1.50232   	 (0.00000   )
1111	0.13067   	-0.11617  	0.02653   	1.58192   	 (0.00000   )
1112	-0.09047  	-0.06887  	-0.12071  	1.42572   	 (0.00000   )
1113	-0.11487  	-0.01273  	0.01365   	1.49081   	 (-0.00000  )
1114	0.01090   	0.12506   	-0.13908  	1.51288   	 (0.00000   )
1115	0.04159   	-0.01258  	0.00594   	1.46483   	 (-0.00000  )
1116	-0.00217  	-0.03923  	0.02160   	1.39864   	 (0.00000   )
1117	-0.03586  	0.10851   	0.10989   	1.54812   	 (0.00000   )
1118	-0.12694  	0.03964   	0.20907   	1.55608   	 (0.00000   )
1119	0.03786   	0.08879   	-0.21253  	1.45838   	 (0.00000   )
1120	0.01761   	-0.01210  	-0.13511  	1.45934   	 (0.00000   )
1121	0.09115   	0.02490   	-0.04037  	1.53897   	 (0.00000   )
1122	0.12655   	0.07230   	0.09014   	1.48268   	 (0.00000   )
1123	-0.01668  	0.00675   	0.04672   	1.48138   	 (-0.00000  )
1124	-0.02418  	-0.03340  	-0.00675  	1.51701   	 (0.00000   )
1125	0.02101   	-0.07719  	0.05799   	1.67677   	 (0.00000   )
1126	0.03790   	0.12212   	0.06888   	1.47736   	 (0.00000   )
1127	0.02117   	-0.14702  	0.00096   	1.42970   	 (-0.00000  )
1128	-0.16982  	-0.16048  	0.04349   	1.42844   	 (-0.00000  )
1129	0.05546   	0.12598   	-0.12226  	1.53439   	 (0.00000   )
1130	-0.01326  	0.06207   	0.23899   	1.49962   	 (0.00000   )
1131	-0.04666  	0.08008   	-0.20234  	1.36968   	 (-0.00000  )
1132	-0.06079  	-0.03753  	0.08434   	1.43425   	 (-0.00000  )
1133	-0.01852  	0.07406   	-0.03333  	1.46968   	 (0.00000   )
1134	-0.07886  	-0.07903  	0.03640   	1.29782   	 (-0.00000  )
1135	0.01660   	0.07438   	0.07970   	1.42680   	 (-0.00000  )
1136	0.03752   	0.11974   	0.03736   	1.44535   	 (0.00000   )
1137	-0.03614  	-0.08237  	0.01608   	1.30988   	 (-0.00000  )
1138	-0.06402  	0.04308   	-0.16271  	1.38897   	 (-0.00000  )
1139	0.00357   	-0.14384  	-0.15040  	1.41698   	 (-0.00000  )
1140	0.08321   	0.12362   	0.01141   	1.43593   	 (-0.00000  )
1141	0.05809   	0.02139   	0.16684   	1.43979   	 (-0.00000  )
1142	-0.06929  	-0.04189  	0.19099   	1.44870   	 (-0.00000  )
1143	-0.08026  	-0.06141  	0.09090   	1.44023   	 (-0.00000  )
1144	0.07264   	0.01665   	-0.15722  	1.43445   	 (-0.00000  )
1145	0.12224   	0.01657   	0.10374   	1.47914   	 (-0.00000  )
1146	-0.14980  	0.01827   	-0.11445  	1.50697   	 (-0.00000  )
1147	0.07758   	-0.01856  	0.17124   	1.51116   	 (-0.00000  )
1148	-0.06772  	0.06007   	0.02404   	1.47606   	 (0.00000   )
1149	0.00164   	0.03562   	-0.00632  	1.41293   	 (0.00000   )
1150	0.23255   	-0.20416  	-0.19506  	1.42591   	 (-0.00000  )
1151	0.20192   	0.03088   	-0.28113  	1.41348   	 (0.00000   )
1152	0.00110   	0.04486   	-0.03737  	1.39802   	 (0.00000   )
1153	-0.03962  	0.00872   	0.09049   	1.47396   	 (-0.00000  )
1154	0.08425   	0.12908   	-0.09533  	1.50991   	 (0.00000   )
1155	0.03589   	-0.29551  	-0.11100  	1.51701   	 (-0.00000  )
1156	0.06206   	-0.20912  	-0.13466  	1.52378   	 (-0.00000  )
1157	-0.01580  	-0.25618  	-0.25155  	1.49339   	 (0.00000   )
1158	0.03013   	-0.26054  	-0.26023  	1.52839   	 (0.00000   )
1159	-0.00280  	0.01571   	-0.19798  	1.40548   	 (-0.00000  )
1160	0.06322   	0.01232   	0.01342   	1.65041   	 (-0.00000  )
1161	0.10958   	-0.23934  	0.10055   	1.53106   	 (-0.00000  )
1162	-0.22460  	0.27040   	0.05060   	1.51230   	 (-0.00000  )
1163	-0.09029  	0.02261   	-0.04571  	1.40367   	 (-0.00000  )
1164	0.00566   	0.02718   	0.02183   	1.54410   	 (-0.00000  )
1165	-0.01398  	-0.09411  	0.12964   	1.57234   	 (0.00000   )
1166	0.19700   	0.19997   	0.00133   	1.50561   	 (-0.00000  )
1167	-0.18068  	-0.05883  	0.06640   	1.49660   	 (-0.00000  )
1168	0.01811   	-0.09275  	-0.06402  	1.50608   	 (-0.00000  )
1169	-0.00281  	0.11530   	0.19698   	1.50334   	 (0.00000   )
1170	0.12020   	-0.01838  	-0.21889  	1.52721   	 (-0.00000  )
1171	-0.01133  	0.03555   	0.02773   	1.64840   	 (-0.00000  )
1172	-0.07414  	-0.03645  	-0.01695  	1.49524   	 (0.00000   )
1173	-0.09352  	0.00588   	-0.06524  	1.42805   	 (0.00000   )
1174	-0.08364  	0.06526   	0.04007   	1.47914   	 (0.00000   )
1175	0.07199   	-0.00424  	0.02391   	1.50433   	 (0.00000   )
1176	0.04032   	0.07600   	0.04402   	1.44986   	 (0.00000   )
1177	-0.03041  	-0.00932  	0.02358   	1.49208   	 (0.00000   )
1178	0.01253   	0.08526   	0.11946   	1.36659   	 (0.00000   )
1179	0.00994   	-0.04421  	-0.00662  	1.55818   	 (-0.00000  )
1180	-0.04985  	0.04807   	0.02611   	1.34082   	 (0.00000   )
1181	0.03582   	-0.02175  	-0.25979  	1.51171   	 (0.00000   )
1182	-0.04012  	0.15319   	0.06455   	1.55676   	 (0.00000   )
1183	0.06282   	0.09249   	0.20684   	1.53874   	 (-0.00000  )
1184	0.03537   	0.13223   	0.03098   	1.51218   	 (-0.00000  )
1185	0.00028   	-0.12418  	-0.06642  	1.57837   	 (-0.00000  )
1186	-0.08603  	-0.21366  	-0.02908  	1.57548   	 (-0.00000  )
1187	-0.01301  	0.03486   	0.10627   	1.63487   	 (0.00000   )
1188	0.06150   	-0.03113  	-0.00286  	1.49751   	 (-0.00000  )
1189	-0.07226  	-0.03773  	-0.10648  	1.46694   	 (0.00000   )
1190	-0.02620  	0.08463   	-0.02730  	1.67734   	 (0.00000   )
1191	0.00154   	-0.03677  	-0.00530  	1.56352   	 (0.00000   )
1192	0.00831   	-0.00452  	0.01965   	1.51599   	 (-0.00000  )
1193	0.06691   	-0.07281  	-0.01260  	1.35331   	 (-0.00000  )
1194	0.08382   	-0.09330  	-0.15799  	1.51660   	 (0.00000   )
1195	0.01261   	0.00995   	0.01234   	1.52334   	 (-0.00000  )
1196	-0.05446  	-0.07586  	0.00584   	1.56974   	 (-0.00000  )
1197	-0.06631  	0.14027   	-0.03002  	1.60761   	 (0.00000   )
1198	0.08781   	0.09020   	-0.08673  	1.56164   	 (0.00000   )
1199	-0.07975  	0.11133   	0.08582   	1.52295   	 (-0.00000  )
1200	-0.01808  	0.10285   	0.08815   	1.51038   	 (-0.00000  )
1201	0.00921   	-0.10953  	0.09739   	1.45413   	 (-0.00000  )
1202	-0.04473  	-0.02687  	0.04392   	1.48593   	 (-0.00000  )
1203	0.06305   	-0.10119  	-0.06264  	1.39100   	 (-0.00000  )
1204	-0.01872  	0.10320   	-0.09512  	1.54077   	 (0.00000   )
1205	-0.13931  	0.07527   	0.08344   	1.51926   	 (-0.00000  )
1206	0.03082   	-0.06953  	-0.03558  	1.44713   	 (0.00000   )
1207	-0.05818  	-0.03771  	-0.12134  	1.47393   	 (0.00000   )
1208	-0.04392  	0.02266   	0.01695   	1.45709   	 (0.00000   )
1209	0.03600   	0.02809   	0.06208   	1.40243   	 (0.00000   )
1210	-0.03745  	0.06705   	0.04312   	1.45068   	 (0.00000   )
1211	-0.02088  	0.06002   	0.07647   	1.40052   	 (-0.00000  )
1212	0.06416   	-0.06811  	0.04272   	1.41866   	 (0.00000   )
1213	0.01157   	-0.04581  	-0.08049  	1.47109   	 (-0.00000  )
1214	0.09217   	-0.07932  	-0.32247  	1.57081   	 (0.00000   )
1215	0.09315   	-0.09158  	0.04406   	1.52996   	 (0.00000   )
1216	-0.01388  	-0.02287  	-0.02815  	1.56125   	 (-0.00000  )
1217	-0.08765  	-0.05280  	-0.03105  	1.55862   	 (0.00000   )
1218	0.11508   	-0.29508  	-0.01537  	1.50088   	 (-0.00000  )
1219	-0.02455  	0.03632   	0.17484   	1.44291   	 (-0.00000  )
1220	0.01517   	-0.04710  	-0.25422  	1.47093   	 (0.00000   )
1221	0.09648   	-0.01980  	0.00147   	1.50389   	 (0.00000   )
1222	0.08664   	-0.06241  	-0.12525  	1.53285   	 (-0.00000  )
1223	0.06182   	-0.09110  	-0.29085  	1.59205   	 (-0.00000  )
1224	0.12774   	-0.07636  	-0.14526  	1.61023   	 (0.00000   )
1225	0.02356   	-0.06499  	0.22585   	1.54112   	 (0.00000   )
1226	0.06894   	0.08342   	0.17075   	1.53050   	 (0.00000   )
1227	-0.02186  	-0.02504  	0.01918   	1.50601   	 (-0.00000  )
1228	0.11973   	-0.05271  	-0.12804  	1.49575   	 (0.00000   )
1229	0.02306   	-0.11602  	-0.07806  	1.48421   	 (-0.00000  )
1230	0.02054   	-0.00226  	0.05266   	1.44671   	 (0.00000   )
1231	0.11006   	0.02025   	0.06292   	1.56327   	 (-0.00000  )
1232	-0.04820  	0.04522   	-0.04428  	1.41429   	 (-0.00000  )
1233	-0.12710  	-0.04423  	-0.02514  	1.44660   	 (0.00000   )
1234	-0.06750  	-0.02159  	0.07449   	1.38796   	 (-0.00000  )
1235	0.04645   	0.07954   	0.04032   	1.49301   	 (0.00000   )
1236	0.06790   	-0.08767  	-0.06008  	1.50998   	 (-0.00000  )
1237	0.03559   	-0.00586  	-0.10349  	1.49943   	 (-0.00000  )
1238	-0.01618  	0.05825   	-0.08659  	1.36888   	 (-0.00000  )
1239	-0.05407  	-0.09555  	-0.00491  	1.49401   	 (-0.00000  )
1240	0.09294   	-0.13391  	-0.07998  	1.40782   	 (-0.00000  )
1241	-0.05563  	-0.04250  	-0.13719  	1.42253   	 (-0.00000  )
1242	-0.14009  	0.19214   	0.17379   	1.48540   	 (0.00000   )
1243	0.20701   	0.07621   	0.16762   	1.55349   	 (0.00000   )
1244	-0.08458  	0.05160   	-0.08158  	1.53204   	 (0.00000   )
1245	-0.18683  	-0.02603  	0.20242   	1.54163   	 (0.00000   )
1246	0.13711   	-0.10045  	0.09303   	1.51723   	 (-0.00000  )
1247	0.00708   	0.06935   	-0.07010  	1.59869   	 (-0.00000  )
1248	0.22819   	0.18206   	0.05985   	1.52778   	 (-0.00000  )
1249	0.05989   	-0.19172  	-0.01257  	1.53246   	 (0.00000   )
1250	-0.09416  	0.17307   	-0.14810  	1.51299   	 (-0.00000  )
1251	0.11409   	-0.09331  	-0.15672  	1.47107   	 (-0.00000  )
1252	0.11629   	-0.15285  	-0.06217  	1.48356   	 (-0.00000  )
1253	-0.01799  	-0.09809  	-0.21656  	1.50047   	 (0.00000   )
1254	0.04726   	-0.05115  	0.19730   	1.68201   	 (-0.00000  )
1255	-0.16277  	-0.09588  	-0.20335  	1.57869   	 (0.00000   )
1256	-0.09914  	0.21809   	-0.05390  	1.52201   	 (0.00000   )
1257	-0.02387  	-0.06119  	-0.13168  	1.47314   	 (0.00000   )
1258	0.08651   	-0.01423  	-0.01182  	1.39425   	 (0.00000   )
1259	0.11111   	-0.13761  	-0.01639  	1.38249   	 (-0.00000  )
1260	0.04598   	-0.18551  	-0.23938  	1.49444   	 (0.00000   )
1261	0.04723   	-0.03767  	-0.05511  	1.36387   	 (0.00000   )
1262	-0.04775  	-0.03681  	-0.16515  	1.41189   	 (-0.00000  )
1263	0.10352   	-0.27301  	0.14629   	1.44651   	 (-0.00000  )
1264	0.22091   	0.20782   	0.03190   	1.52612   	 (0.00000   )
1265	-0.00244  	-0.05397  	0.02699   	1.57096   	 (-0.00000  )
1266	-0.08430  	-0.15043  	-0.12103  	1.49839   	 (-0.00000  )
1267	-0.13393  	-0.07017  	-0.28242  	1.46849   	 (0.00000   )
1268	-0.08991  	0.04323   	-0.01838  	1.59927   	 (0.00000   )
1269	0.04524   	0.04861   	-0.07043  	1.56660   	 (-0.00000  )
1270	0.08339   	0.06631   	-0.01308  	1.55545   	 (-0.00000  )
1271	-0.00258  	-0.11673  	0.02384   	1.38368   	 (0.00000   )
1272	0.11470   	-0.26412  	-0.02988  	1.49016   	 (0.00000   )
1273	-0.03051  	0.00902   	-0.14086  	1.48397   	 (-0.00000  )
1274	0.01847   	-0.01969  	0.03413   	1.57175   	 (-0.00000  )
1275	-0.08853  	0.14304   	-0.01052  	1.55062   	 (-0.00000  )
1276	-0.02712  	-0.21307  	0.00422   	1.52867   	 (0.00000   )
1277	-0.02885  	0.03307   	-0.01404  	1.40225   	 (0.00000   )
1278	0.00876   	-0.03682  	-0.00842  	1.48389   	 (-0.00000  )
1279	0.02174   	0.07673   	0.03917   	1.35398   	 (-0.00000  )
1280	0.05326   	0.10266   	0.14943   	1.40888   	 (-0.00000  )
1281	-0.11723  	0.21041   	0.16247   	1.43984   	 (0.00000   )
1282	-0.23580  	-0.04530  	-0.07727  	1.58995   	 (0.00000   )
1283	0.37175   	-0.03079  	-0.03774  	1.58505   	 (0.00000   )
1284	-0.02931  	-0.14374  	-0.16024  	1.46103   	 (-0.00000  )
1285	0.01641   	-0.00003  	-0.00185  	1.45078   	 (0.00000   )
1286	-0.01926  	-0.01607  	-0.08718  	1.41114   	 (-0.00000  )
1287	-0.01767  	-0.06828  	-0.23205  	1.45377   	 (0.00000   )
1288	0.04866   	-0.07507  	0.24967   	1.52476   	 (-0.00000  )
1289	0.06123   	-0.15936  	0.07947   	1.48142   	 (-0.00000  )
1290	-0.03823  	0.05459   	0.01103   	1.50765   	 (-0.00000  )
1291	0.04691   	0.12212   	-0.04032  	1.47895   	 (-0.00000  )
1292	-0.11666  	0.08912   	-0.06268  	1.56213   	 (-0.00000  )
1293	0.11196   	-0.12725  	0.02258   	1.49826   	 (-0.00000  )
1294	0.04904   	-0.05074  	0.03493   	1.59948   	 (-0.00000  )
1295	0.15193   	0.14370   	-0.14837  	1.55250   	 (0.00000   )
1296	-0.01026  	-0.13139  	-0.10950  	1.56027   	 (0.00000   )
1297	0.01021   	-0.12571  	-0.05452  	1.54362   	 (-0.00000  )
1298	-0.10999  	-0.08783  	-0.10675  	1.39252   	 (-0.00000  )
1299	0.04215   	0.00718   	0.04652   	1.48874   	 (-0.00000  )
1300	-0.08487  	-0.06689  	-0.07707  	1.53995   	 (0.00000   )
1301	-0.01180  	0.01420   	-0.02594  	1.45418   	 (-0.00000  )
1302	0.16695   	-0.02753  	0.04487   	1.56174   	 (0.00000   )
1303	-0.00078  	-0.10143  	-0.14947  	1.54452   	 (0.00000   )
1304	-0.02672  	-0.08635  	-0.15043  	1.49711   	 (-0.00000  )
1305	0.07807   	0.06007   	0.08526   	1.37228   	 (0.00000   )
1306	0.11100   	-0.12628  	0.01229   	1.44927   	 (-0.00000  )
1307	-0.05494  	0.12307   	-0.00128  	1.57612   	 (0.00000   )
1308	-0.03287  	-0.05148  	-0.08154  	1.37894   	 (0.00000   )
1309	0.03131   	-0.08691  	-0.13949  	1.71237   	 (0.00000   )
1310	-0.00068  	-0.09174  	-0.03165  	1.69440   	 (0.00000   )
1311	0.14287   	-0.16340  	-0.20616  	1.55933   	 (-0.00000  )
1312	-0.00855  	-0.01187  	0.04451   	1.67050   	 (-0.00000  )
1313	-0.05815  	0.05317   	-0.10411  	1.63856   	 (-0.00000  )
1314	0.12687   	-0.02015  	0.02169   	1.60699   	 (-0.00000  )
1315	-0.14720  	0.02271   	0.05572   	1.69882   	 (0.00000   )
1316	-0.00676  	-0.05126  	0.05196   	1.51895   	 (-0.00000  )
1317	-0.02138  	-0.02259  	-0.06447  	1.39970   	 (0.00000   )
1318	-0.07232  	0.02566   	-0.00115  	1.56713   	 (-0.00000  )
1319	0.16149   	0.00460   	-0.01044  	1.47772   	 (-0.00000  )
1320	-0.04837  	0.04797   	0.04146   	1.44343   	 (0.00000   )
1321	-0.05295  	-0.02940  	-0.08768  	1.50333   	 (0.00000   )
1322	0.04663   	-0.11806  	-0.06412  	1.40450   	 (-0.00000  )
1323	0.05583   	0.00254   	-0.07624  	1.29410   	 (-0.00000  )
1324	-0.01160  	0.06328   	-0.01175  	1.66743   	 (-0.00000  )
1325	-0.13695  	0.05541   	0.04192   	1.45327   	 (0.00000   )
1326	0.14641   	-0.08939  	0.03728   	1.30515   	 (-0.00000  )
1327	0.06320   	-0.09055  	-0.05308  	1.43843   	 (-0.00000  )
1328	0.03428   	-0.03592  	-0.05067  	1.26887   	 (0.00000   )
1329	-0.02205  	0.01556   	0.02592   	1.44264   	 (-0.00000  )
1330	-0.02724  	0.00871   	0.02883   	1.36550   	 (-0.00000  )
1331	-0.00162  	0.00010   	-0.02992  	1.22967   	 (0.00000   )
1332	0.00449   	0.01664   	-0.06453  	1.67526   	 (0.00000   )
1333	0.06697   	-0.02013  	0.02116   	1.51044   	 (-0.00000  )
1334	0.13603   	0.01788   	0.05425   	1.46436   	 (-0.00000  )
1335	-0.11235  	0.09463   	0.03192   	1.54312   	 (-0.00000  )
1336	0.00323   	0.01915   	0.00660   	1.41178   	 (0.00000   )
1337	-0.10483  	-0.10248  	-0.08297  	1.53673   	 (0.00000   )
1338	-0.03843  	-0.01293  	-0.07027  	1.70440   	 (0.00000   )
1339	-0.02471  	-0.11328  	-0.05117  	1.57748   	 (-0.00000  )
1340	0.07748   	-0.01999  	0.01189   	1.51667   	 (0.00000   )
1341	-0.05127  	0.07302   	0.09189   	1.38662   	 (-0.00000  )
1342	0.04447   	0.03335   	0.04553   	1.39646   	 (-0.00000  )
1343	-0.00643  	0.02002   	0.03200   	1.55218   	 (-0.00000  )
1344	-0.00546  	-0.02304  	0.04461   	1.50588   	 (-0.00000  )
1345	0.01152   	0.04972   	-0.05277  	1.53794   	 (0.00000   )
1346	-0.01653  	-0.00208  	-0.02136  	1.46719   	 (0.00000   )
1347	0.06346   	0.11472   	0.08816   	1.51690   	 (-0.00000  )
1348	-0.08939  	-0.12540  	-0.06388  	1.54889   	 (0.00000   )
1349	-0.06846  	-0.00158  	0.03516   	1.54808   	 (0.00000   )
1350	0.00846   	0.03373   	0.08447   	1.50958   	 (-0.00000  )
1351	0.04295   	0.25077   	-0.10872  	1.50124   	 (0.00000   )
1352	0.06768   	-0.02824  	0.00757   	1.53163   	 (0.00000   )
1353	-0.08699  	-0.19019  	-0.10810  	1.48784   	 (0.00000   )
1354	-0.00479  	-0.02436  	-0.02958  	1.24680   	 (0.00000   )
1355	0.09552   	-0.01310  	0.10480   	1.42841   	 (-0.00000  )
1356	-0.03080  	0.25363   	0.23368   	1.46778   	 (-0.00000  )
1357	0.08365   	-0.08904  	-0.10937  	1.55902   	 (-0.00000  )
1358	-0.02074  	-0.05668  	0.05587   	1.50361   	 (0.00000   )
1359	-0.11075  	0.10063   	-0.04657  	1.34919   	 (-0.00000  )
1360	-0.00870  	0.08094   	0.08643   	1.41190   	 (0.00000   )
1361	0.10383   	-0.29688  	-0.14832  	1.54258   	 (0.00000   )
1362	0.02096   	-0.01936  	-0.01068  	1.56362   	 (0.00000   )
1363	-0.10120  	0.03288   	-0.27941  	1.55696   	 (-0.00000  )
1364	0.11685   	0.03889   	0.08646   	1.53762   	 (0.00000   )
1365	-0.05784  	0.01957   	-0.00969  	1.53949   	 (-0.00000  )
1366	0.13772   	-0.13349  	-0.15379  	1.54170   	 (-0.00000  )
1367	0.10277   	-0.08564  	-0.02946  	1.56108   	 (-0.00000  )
1368	0.03336   	-0.04415  	-0.05599  	1.20540   	 (-0.00000  )
1369	-0.02051  	-0.02483  	-0.03499  	1.24322   	 (0.00000   )
1370	0.11832   	-0.08937  	-0.21699  	1.41784   	 (-0.00000  )
1371	-0.00645  	-0.00618  	-0.00020  	1.55345   	 (0.00000   )
1372	0.20724   	-0.17429  	0.33422   	1.49381   	 (0.00000   )
1373	-0.03808  	0.08586   	-0.20887  	1.55976   	 (-0.00000  )
1374	-0.16906  	0.18656   	-0.07726  	1.46410   	 (0.00000   )
1375	0.30910   	-0.07842  	0.03248   	1.37916   	 (0.00000   )
1376	-0.24672  	-0.05983  	0.07613   	1.46673   	 (0.00000   )
1377	0.14432   	0.00316   	-0.20618  	1.59533   	 (-0.00000  )
1378	-0.02719  	0.19536   	-0.08837  	1.72003   	 (0.00000   )
1379	0.40810   	-0.04945  	0.09542   	1.57138   	 (-0.00000  )
1380	-0.39548  	-0.15625  	-0.02551  	1.51615   	 (-0.00000  )
1381	0.00879   	0.02198   	0.02268   	1.31095   	 (0.00000   )
1382	-0.05308  	-0.03491  	-0.00841  	1.53968   	 (0.00000   )
1383	0.02799   	0.01505   	-0.06806  	1.52677   	 (-0.00000  )
1384	0.06018   	-0.04180  	0.06873   	1.58761   	 (0.00000   )
1385	0.01785   	-0.00405  	-0.00249  	1.44259   	 (-0.00000  )
1386	-0.05419  	0.08077   	-0.00151  	1.42146   	 (-0.00000  )
1387	0.03389   	-0.04760  	-0.02884  	1.61170   	 (-0.00000  )
1388	0.00731   	-0.01078  	0.04004   	1.44297   	 (-0.00000  )
1389	-0.00780  	0.00604   	-0.01496  	1.54802   	 (0.00000   )
1390	-0.07994  	0.03522   	-0.10507  	1.66223   	 (0.00000   )
1391	0.13574   	-0.29809  	0.06228   	1.55691   	 (0.00000   )
1392	0.03917   	0.10200   	0.03133   	1.47937   	 (0.00000   )
1393	-0.15378  	0.16095   	0.02910   	1.60918   	 (0.00000   )
1394	-0.09563  	-0.02661  	0.01244   	1.53089   	 (0.00000   )
1395	0.08250   	0.07767   	-0.00359  	1.53319   	 (0.00000   )
1396	0.02312   	0.00245   	-0.00779  	1.45690   	 (-0.00000  )
1397	-0.00213  	0.01405   	-0.00871  	1.52696   	 (-0.00000  )
1398	0.08306   	0.07209   	-0.00393  	1.30603   	 (-0.00000  )
1399	-0.07800  	-0.06078  	0.02148   	1.35074   	 (-0.00000  )
1400	0.08542   	-0.05523  	-0.02277  	1.65387   	 (0.00000   )
1401	-0.00555  	-0.00788  	-0.00485  	1.48082   	 (0.00000   )
1402	-0.06970  	0.02022   	-0.01947  	1.40560   	 (0.00000   )
1403	-0.16641  	-0.06123  	0.00260   	1.42307   	 (-0.00000  )
1404	0.16640   	0.07374   	0.02070   	1.45045   	 (-0.00000  )
1405	0.00912   	-0.00807  	-0.01500  	1.17537   	 (-0.00000  )
1406	0.11933   	-0.21250  	-0.37080  	1.58285   	 (0.00000   )
1407	0.13398   	-0.19551  	-0.01727  	1.55225   	 (-0.00000  )
1408	-0.01979  	-0.09825  	0.12268   	1.57657   	 (0.00000   )
1409	0.12901   	-0.04699  	-0.28482  	1.62792   	 (-0.00000  )
1410	-0.09452  	0.00324   	-0.02253  	1.33410   	 (0.00000   )
1411	0.02815   	0.00874   	0.00342   	1.31816   	 (0.00000   )
1412	0.01701   	0.12205   	0.23725   	1.57825   	 (0.00000   )
1413	-0.12419  	0.10362   	0.01313   	1.50078   	 (-0.00000  )
1414	0.16686   	-0.11412  	-0.17114  	1.59176   	 (-0.00000  )
1415	-0.07914  	-0.02230  	0.08962   	1.53419   	 (0.00000   )
1416	-0.03343  	-0.07935  	0.02914   	1.47608   	 (0.00000   )
1417	0.12513   	0.08011   	-0.22687  	1.58442   	 (-0.00000  )
1418	-0.03488  	-0.17296  	-0.02417  	1.44652   	 (0.00000   )
1419	0.06343   	-0.06472  	-0.05960  	1.35931   	 (-0.00000  )
1420	0.08414   	-0.20059  	-0.43112  	1.55891   	 (-0.00000  )
1421	0.08370   	-0.22049  	-0.07723  	1.37954   	 (0.00000   )
1422	0.25924   	-0.15743  	-0.25529  	1.53162   	 (-0.00000  )
1423	0.17016   	0.25158   	-0.07902  	1.56611   	 (0.00000   )
1424	-0.08776  	-0.18902  	-0.07407  	1.43231   	 (-0.00000  )
1425	0.03431   	-0.23701  	-0.15602  	1.39359   	 (0.00000   )
1426	0.41434   	0.33848   	-0.01322  	1.57803   	 (0.00000   )
1427	-0.25206  	-0.22048  	-0.02866  	1.41212   	 (-0.00000  )
1428	0.28373   	-0.03349  	-0.43099  	1.60480   	 (0.00000   )
1429	-0.09903  	0.07788   	0.37246   	1.53590   	 (-0.00000  )
1430	0.10153   	0.04731   	0.31708   	1.58640   	 (-0.00000  )
1431	0.00170   	-0.21749  	-0.06705  	1.43952   	 (-0.00000  )
1432	-0.08032  	0.13278   	-0.29348  	1.66294   	 (0.00000   )
1433	-0.02636  	-0.06668  	0.07204   	1.34056   	 (-0.00000  )
1434	0.07926   	-0.07223  	-0.12307  	1.64281   	 (0.00000   )
1435	0.12764   	0.10013   	0.19569   	1.44110   	 (0.00000   )
1436	0.04470   	-0.32562  	-0.16341  	1.44588   	 (-0.00000  )
1437	-0.24815  	0.19934   	-0.06378  	1.39882   	 (-0.00000  )
1438	0.14380   	-0.11074  	-0.28186  	1.53796   	 (-0.00000  )
1439	0.11465   	0.07895   	0.02610   	1.58746   	 (-0.00000  )
1440	-0.25554  	-0.01351  	-0.07154  	1.49571   	 (0.00000   )
1441	0.19049   	-0.18308  	-0.04851  	1.62008   	 (0.00000   )
1442	0.00033   	-0.00800  	-0.04880  	1.38156   	 (0.00000   )
1443	0.09534   	-0.00652  	-0.03773  	1.33936   	 (-0.00000  )
1444	0.14203   	-0.19821  	-0.10574  	1.65509   	 (0.00000   )
1445	-0.07985  	-0.28002  	-0.16362  	1.58926   	 (0.00000   )
1446	0.05827   	0.17075   	-0.06961  	1.60240   	 (0.00000   )
1447	-0.01755  	0.12338   	0.13957   	1.45123   	 (-0.00000  )
1448	0.00910   	-0.07096  	-0.04210  	1.41289   	 (-0.00000  )
1449	-0.14512  	-0.04710  	-0.18122  	1.45674   	 (0.00000   )
1450	-0.06458  	-0.00098  	0.16179   	1.34074   	 (-0.00000  )
1451	0.05358   	0.22975   	0.19354   	1.51885   	 (-0.00000  )
1452	0.17755   	-0.29283  	-0.34418  	1.57483   	 (-0.00000  )
1453	0.06546   	-0.18155  	-0.18393  	1.32896   	 (0.00000   )
1454	0.18823   	-0.28945  	-0.25649  	1.51541   	 (-0.00000  )
1455	0.17557   	-0.10218  	-0.30052  	1.46084   	 (0.00000   )
1456	0.09690   	-0.28098  	-0.28369  	1.50391   	 (0.00000   )
1457	0.03238   	-0.29693  	-0.30524  	1.49685   	 (0.00000   )
1458	-0.12949  	0.28202   	0.28400   	1.56150   	 (-0.00000  )
1459	-0.17352  	0.11383   	0.26422   	1.46016   	 (-0.00000  )
1460	0.34354   	0.24844   	-0.17222  	1.58493   	 (0.00000   )
1461	-0.19483  	-0.20123  	0.19925   	1.40964   	 (-0.00000  )
1462	0.05705   	-0.24361  	-0.32894  	1.47084   	 (0.00000   )
1463	0.22845   	-0.12316  	-0.30755  	1.46315   	 (-0.00000  )
1464	0.10438   	-0.35752  	-0.27774  	1.52639   	 (0.00000   )
1465	0.17177   	-0.13169  	-0.32938  	1.46613   	 (-0.00000  )
1466	0.04286   	-0.00218  	0.02150   	1.39464   	 (0.00000   )
1467	-0.02140  	0.02636   	-0.02420  	1.64066   	 (0.00000   )
1468	-0.04879  	0.00733   	0.02655   	1.42901   	 (-0.00000  )
1469	0.00480   	-0.00225  	-0.03956  	1.36904   	 (-0.00000  )
1470	0.12968   	-0.26573  	-0.32706  	1.51382   	 (0.00000   )
1471	0.14318   	-0.28264  	-0.19733  	1.44760   	 (-0.00000  )
1472	0.27902   	0.18211   	-0.36815  	1.55826   	 (-0.00000  )
1473	-0.09288  	-0.07727  	0.33258   	1.43906   	 (0.00000   )
1474	0.19442   	-0.18801  	-0.30994  	1.49907   	 (0.00000   )
