0 -0.271396832225991 2.65201e-06
1 -0.270083181728005 4.3779e-06
2 -0.270083181727734 1.79862e-06
3 -0.269031863104301 5.40963e-06
4 -0.26903186310419 1.9034e-06
5 -0.266708211197799 1.12958e-06
6 -0.266708211197787 7.78345e-07
7 -0.264156350471354 1.87749e-07
8 -0.26415635047135 3.63936e-07
9 -0.262979261267094 2.32525e-07
10 -0.262979261267088 8.35495e-08
11 -0.262558506679875 1.75485e-07
12 -0.262558506679872 7.87615e-08
13 -0.261637539205891 8.42937e-08
14 -0.261637539205886 2.31628e-07
15 -0.258026734563504 3.78076e-08
16 -0.258026734563501 4.72686e-08
17 -0.256114022487477 8.10197e-08
18 -0.256114022487469 1.78659e-08
19 -0.255638251103169 6.50594e-08
20 -0.255638251103161 8.33e-09
21 -0.254157074721294 3.92484e-08
22 -0.254157074721291 7.02886e-08
23 -0.252989043201406 4.09782e-08
24 -0.252989043201399 5.91372e-08
25 -0.249185935440533 3.29009e-08
26 -0.249185935440522 4.69002e-08
27 -0.246824902305315 5.53177e-08
28 -0.246824902305307 5.38559e-08
29 -0.24516178677866 4.49357e-08
30 -0.245161786778649 6.88927e-08
31 -0.237118769569856 3.08323e-08
32 -0.237118769569758 3.23693e-08
33 -0.140904502352588 1.16322e-08
34 -0.140904502352584 1.19267e-08
35 -0.133188597333289 2.18811e-08
36 -0.133188597333287 5.8902e-09
37 -0.132178109704608 4.47423e-08
38 -0.132178109704607 3.39901e-08
39 -0.130105407571141 2.8976e-08
40 -0.130105407571137 2.71205e-08
41 -0.128456139036044 1.86265e-08
42 -0.128456139036041 1.83449e-08
43 -0.12441052915037 2.46405e-08
44 -0.124410529150367 1.75227e-08
45 -0.123443407201972 2.77215e-08
46 -0.12344340720197 3.24763e-08
47 -0.121596135408993 2.11556e-08
48 -0.121596135408992 2.70244e-08
49 -0.118721597866866 1.22142e-08
50 -0.118721597866864 2.0825e-08
51 -0.118084159422067 2.58432e-08
52 -0.118084159422064 2.3524e-08
53 -0.112180160821657 2.34131e-08
54 -0.112180160821653 1.6712e-08
55 -0.110807373610067 1.15574e-08
56 -0.110807373610064 9.76779e-09
57 -0.110005204294485 1.90409e-08
58 -0.110005204294482 1.03708e-08
59 -0.104107691113992 2.80017e-08
60 -0.10410769111399 2.61435e-08
61 -0.103162129244328 2.53005e-08
62 -0.103162129244327 1.04541e-08
63 -0.0977954001446276 1.0861e-08
64 -0.0977954001446259 1.30385e-08
65 -0.097081125463836 1.19993e-08
66 -0.0970811254638352 1.96683e-08
67 -0.0947020925714919 1.18538e-08
68 -0.094702092571491 1.73736e-08
69 -0.0931725056883752 2.2196e-08
70 -0.0931725056883728 1.48428e-08
71 -0.0930402888286094 1.58051e-08
72 -0.0930402888286061 6.58545e-09
73 -0.0888444158613606 1.5584e-08
74 -0.0888444158613591 1.39388e-08
75 -0.0876680366063213 9.4059e-09
76 -0.0876680366063191 9.67859e-09
77 -0.0859718698260449 1.12917e-08
78 -0.0859718698260431 1.65817e-08
79 -0.0848937616940932 1.35282e-08
80 -0.0848937616940906 2.5163e-08
81 -0.0759601410766957 4.26786e-09
82 -0.0759601410766938 1.72232e-08
83 -0.0751787731672936 1.58325e-08
84 -0.075178773167292 9.9438e-09
85 -0.0744280590214761 1.29383e-08
86 -0.0744280590214751 6.31654e-09
87 -0.074119176487099 1.12917e-08
88 -0.0741191764870983 1.73736e-08
89 -0.0728795086723467 6.1777e-09
90 -0.0728795086723455 3.48469e-09
91 -0.0706228986774843 1.71222e-08
92 -0.0706228986774819 2.02121e-08
