0	-3.00379  	 (-0.00000  )
1	-1.12924  	 (-0.00000  )
2	-1.24999  	 (0.00000   )
3	-1.25010  	 (0.00000   )
4	-2.63953  	 (-0.00000  )
5	-0.92439  	 (-0.00000  )
6	-0.91021  	 (0.00000   )
7	-1.33752  	 (0.00000   )
8	-2.36886  	 (-0.00000  )
9	-2.42720  	 (-0.00000  )
10	-0.40811  	 (0.00000   )
11	-1.37015  	 (0.00000   )
12	-1.40626  	 (0.00000   )
13	-1.64204  	 (0.00000   )
14	-2.18469  	 (-0.00000  )
15	-1.22933  	 (0.00000   )
16	-0.44149  	 (-0.00000  )
17	-0.47091  	 (0.00000   )
18	-1.82511  	 (0.00000   )
19	-0.16640  	 (-0.00000  )
20	-2.20069  	 (0.00000   )
21	-1.02499  	 (-0.00000  )
22	-0.99188  	 (0.00000   )
23	-0.67821  	 (0.00000   )
24	-0.69442  	 (0.00000   )
25	-0.86202  	 (0.00000   )
26	-0.86093  	 (0.00000   )
27	-1.21674  	 (-0.00000  )
28	-1.45119  	 (-0.00000  )
29	-2.20291  	 (0.00000   )
30	-2.23266  	 (0.00000   )
31	-1.50177  	 (0.00000   )
32	-2.03256  	 (-0.00000  )
33	-2.02569  	 (-0.00000  )
34	-0.48651  	 (-0.00000  )
35	-1.21552  	 (0.00000   )
36	-1.50641  	 (0.00000   )
37	-1.12939  	 (-0.00000  )
38	-1.18242  	 (0.00000   )
39	-0.98220  	 (-0.00000  )
40	-2.47030  	 (0.00000   )
41	-1.24935  	 (0.00000   )
42	-1.25733  	 (-0.00000  )
43	-1.77996  	 (-0.00000  )
44	-0.26240  	 (0.00000   )
45	-1.08722  	 (0.00000   )
46	-1.26014  	 (-0.00000  )
47	-0.78155  	 (-0.00000  )
48	-0.77700  	 (-0.00000  )
49	-1.76205  	 (-0.00000  )
50	-1.05116  	 (0.00000   )
51	-0.80467  	 (0.00000   )
52	-0.62012  	 (0.00000   )
53	-0.78821  	 (0.00000   )
54	-1.30078  	 (-0.00000  )
55	-0.92290  	 (-0.00000  )
56	-0.76094  	 (-0.00000  )
57	-0.71901  	 (0.00000   )
58	-1.41460  	 (-0.00000  )
59	-2.74751  	 (-0.00000  )
60	-2.12320  	 (0.00000   )
61	-2.25291  	 (0.00000   )
62	-1.92655  	 (-0.00000  )
63	-2.62834  	 (-0.00000  )
64	-2.66053  	 (0.00000   )
65	0.11469   	 (0.00000   )
66	-0.59239  	 (0.00000   )
67	-1.79955  	 (0.00000   )
68	-1.99748  	 (0.00000   )
69	-2.04297  	 (-0.00000  )
70	-0.00872  	 (0.00000   )
71	-0.42946  	 (0.00000   )
72	0.82514   	 (-0.00000  )
73	0.88713   	 (-0.00000  )
74	-0.02043  	 (0.00000   )
75	-0.96087  	 (-0.00000  )
76	-0.30616  	 (-0.00000  )
77	-0.31776  	 (0.00000   )
78	-1.03631  	 (0.00000   )
79	-1.44414  	 (0.00000   )
80	-1.44607  	 (-0.00000  )
81	0.29483   	 (-0.00000  )
82	0.41310   	 (-0.00000  )
83	-1.58699  	 (0.00000   )
84	0.43423   	 (0.00000   )
85	-1.89955  	 (0.00000   )
86	-1.16696  	 (-0.00000  )
87	-1.58521  	 (-0.00000  )
88	-0.19344  	 (-0.00000  )
89	-1.31906  	 (0.00000   )
90	-1.48421  	 (-0.00000  )
91	-1.15266  	 (-0.00000  )
92	-2.71242  	 (-0.00000  )
93	-2.59840  	 (0.00000   )
94	-3.14600  	 (0.00000   )
95	-1.22778  	 (-0.00000  )
96	-0.75282  	 (0.00000   )
97	-1.37568  	 (-0.00000  )
98	-2.20959  	 (-0.00000  )
99	-0.96801  	 (-0.00000  )
100	-0.99857  	 (0.00000   )
101	0.38366   	 (-0.00000  )
102	-1.12521  	 (0.00000   )
103	0.50541   	 (0.00000   )
104	-1.20945  	 (-0.00000  )
105	-0.08203  	 (-0.00000  )
106	-0.16672  	 (-0.00000  )
107	-1.67270  	 (0.00000   )
108	-0.73607  	 (0.00000   )
109	-0.82711  	 (0.00000   )
110	-1.41365  	 (-0.00000  )
111	-0.91037  	 (0.00000   )
112	-0.74772  	 (0.00000   )
113	-0.65596  	 (0.00000   )
114	-1.00485  	 (-0.00000  )
115	0.28074   	 (0.00000   )
116	0.23836   	 (-0.00000  )
117	-0.54309  	 (0.00000   )
118	-0.31006  	 (-0.00000  )
119	-0.38320  	 (-0.00000  )
120	-0.41194  	 (-0.00000  )
121	-2.09466  	 (0.00000   )
122	-2.03903  	 (-0.00000  )
123	-1.28872  	 (0.00000   )
124	-1.20702  	 (-0.00000  )
125	-1.52304  	 (0.00000   )
126	-0.49293  	 (0.00000   )
127	-0.86701  	 (0.00000   )
128	-1.09426  	 (0.00000   )
129	-1.96431  	 (-0.00000  )
130	-2.03657  	 (0.00000   )
131	-1.07918  	 (0.00000   )
132	-1.82916  	 (-0.00000  )
133	-1.89396  	 (0.00000   )
134	-2.28251  	 (-0.00000  )
135	-2.58146  	 (0.00000   )
136	-1.85842  	 (-0.00000  )
137	-1.13719  	 (0.00000   )
138	-2.88107  	 (0.00000   )
139	-3.00299  	 (0.00000   )
140	-1.12081  	 (0.00000   )
141	-1.41836  	 (0.00000   )
142	-1.48746  	 (0.00000   )
143	-0.29745  	 (-0.00000  )
144	-1.74741  	 (0.00000   )
145	-1.28070  	 (0.00000   )
146	-0.31435  	 (-0.00000  )
147	-0.50062  	 (-0.00000  )
148	-0.90898  	 (-0.00000  )
149	-0.77866  	 (-0.00000  )
150	-0.52904  	 (-0.00000  )
151	0.99664   	 (0.00000   )
152	0.26898   	 (-0.00000  )
153	0.35513   	 (-0.00000  )
154	-0.24232  	 (-0.00000  )
155	-1.40867  	 (0.00000   )
156	-1.31035  	 (-0.00000  )
157	-1.20624  	 (0.00000   )
158	-1.40335  	 (0.00000   )
159	-1.33468  	 (0.00000   )
160	-0.99161  	 (-0.00000  )
161	-0.39378  	 (-0.00000  )
162	-0.53089  	 (-0.00000  )
163	-0.20218  	 (0.00000   )
164	-1.24687  	 (0.00000   )
165	-1.93738  	 (0.00000   )
166	-1.98342  	 (-0.00000  )
167	-1.64346  	 (0.00000   )
168	-1.89419  	 (0.00000   )
169	-1.43376  	 (0.00000   )
170	-1.35954  	 (0.00000   )
171	-0.62632  	 (-0.00000  )
172	-0.50455  	 (0.00000   )
173	-0.83887  	 (0.00000   )
174	-1.49270  	 (0.00000   )
175	-1.47129  	 (-0.00000  )
176	-0.90688  	 (0.00000   )
177	-0.95158  	 (0.00000   )
178	-1.17468  	 (0.00000   )
179	-1.71887  	 (0.00000   )
180	-1.40388  	 (-0.00000  )
181	-1.19142  	 (-0.00000  )
182	-1.14338  	 (-0.00000  )
183	0.31595   	 (-0.00000  )
184	-1.05912  	 (0.00000   )
185	-0.61063  	 (0.00000   )
186	-0.32698  	 (-0.00000  )
187	-1.33474  	 (-0.00000  )
188	0.28981   	 (-0.00000  )
189	0.25458   	 (-0.00000  )
190	-0.43484  	 (0.00000   )
191	-0.49327  	 (-0.00000  )
192	-2.18724  	 (0.00000   )
193	-1.00528  	 (-0.00000  )
194	-1.86965  	 (0.00000   )
195	0.10162   	 (0.00000   )
196	-1.52099  	 (-0.00000  )
197	-1.42345  	 (0.00000   )
198	-0.28494  	 (0.00000   )
199	-0.49260  	 (0.00000   )
200	-0.57708  	 (0.00000   )
201	-0.40893  	 (0.00000   )
202	-1.26475  	 (0.00000   )
203	-0.92186  	 (-0.00000  )
204	-0.82866  	 (-0.00000  )
205	-0.68448  	 (0.00000   )
206	0.07309   	 (0.00000   )
207	0.30540   	 (-0.00000  )
208	-0.16855  	 (-0.00000  )
209	0.22304   	 (-0.00000  )
210	0.41849   	 (0.00000   )
211	-1.25428  	 (0.00000   )
212	-0.73345  	 (-0.00000  )
213	-0.46789  	 (-0.00000  )
214	-1.04695  	 (-0.00000  )
215	-0.46980  	 (-0.00000  )
216	-0.50800  	 (-0.00000  )
217	-0.86370  	 (0.00000   )
218	-1.70074  	 (-0.00000  )
219	-0.89565  	 (-0.00000  )
220	-1.42750  	 (0.00000   )
221	-1.31716  	 (-0.00000  )
222	-1.26902  	 (-0.00000  )
223	-1.20899  	 (0.00000   )
224	-1.20032  	 (-0.00000  )
225	-1.05286  	 (-0.00000  )
226	-1.92475  	 (0.00000   )
227	-1.67648  	 (-0.00000  )
228	-1.03822  	 (0.00000   )
229	-0.45736  	 (-0.00000  )
230	-1.06060  	 (-0.00000  )
231	-0.70842  	 (-0.00000  )
232	-1.11785  	 (-0.00000  )
233	-0.23430  	 (0.00000   )
234	-0.47094  	 (-0.00000  )
235	-0.14701  	 (-0.00000  )
236	0.14072   	 (-0.00000  )
237	-0.14297  	 (0.00000   )
238	-0.52203  	 (0.00000   )
239	-0.40814  	 (-0.00000  )
240	-0.50877  	 (-0.00000  )
241	-1.32129  	 (0.00000   )
242	-0.81037  	 (-0.00000  )
243	-1.35034  	 (0.00000   )
244	-1.12852  	 (0.00000   )
245	-0.69357  	 (0.00000   )
246	-0.62079  	 (-0.00000  )
247	-0.74313  	 (0.00000   )
248	-1.01979  	 (-0.00000  )
249	-0.68857  	 (0.00000   )
250	-0.31726  	 (-0.00000  )
251	-0.49814  	 (0.00000   )
252	0.53488   	 (-0.00000  )
253	0.41417   	 (0.00000   )
254	-0.45330  	 (0.00000   )
255	-1.01629  	 (0.00000   )
256	-1.11418  	 (0.00000   )
257	-0.89177  	 (0.00000   )
258	-1.08201  	 (-0.00000  )
259	0.62520   	 (-0.00000  )
260	-1.38085  	 (0.00000   )
261	-1.37091  	 (0.00000   )
262	-0.69289  	 (-0.00000  )
263	1.00678   	 (-0.00000  )
264	1.10202   	 (0.00000   )
265	-0.92076  	 (-0.00000  )
266	0.75491   	 (-0.00000  )
267	-0.98080  	 (0.00000   )
268	0.61443   	 (-0.00000  )
269	-0.86205  	 (0.00000   )
270	-1.88991  	 (0.00000   )
271	-1.51909  	 (-0.00000  )
272	-1.43978  	 (0.00000   )
273	-0.03765  	 (-0.00000  )
274	-0.96766  	 (-0.00000  )
275	-0.71379  	 (-0.00000  )
276	-0.29163  	 (0.00000   )
277	-1.21368  	 (0.00000   )
278	-1.97800  	 (-0.00000  )
279	-1.91323  	 (-0.00000  )
280	-0.77563  	 (-0.00000  )
281	-3.19862  	 (0.00000   )
282	-0.62272  	 (-0.00000  )
283	-2.19154  	 (-0.00000  )
284	-1.10994  	 (0.00000   )
285	-1.75787  	 (0.00000   )
286	-1.36705  	 (0.00000   )
287	-1.12024  	 (0.00000   )
288	-0.53812  	 (0.00000   )
289	-1.42676  	 (0.00000   )
290	0.33198   	 (0.00000   )
291	0.19343   	 (-0.00000  )
292	-0.69637  	 (-0.00000  )
293	-1.14853  	 (0.00000   )
294	-0.45146  	 (0.00000   )
295	-1.22683  	 (-0.00000  )
296	-0.36342  	 (-0.00000  )
297	-1.02423  	 (-0.00000  )
298	-0.21131  	 (-0.00000  )
299	-1.40307  	 (0.00000   )
300	-1.36647  	 (-0.00000  )
301	-1.37684  	 (-0.00000  )
302	-2.15071  	 (0.00000   )
303	-1.53738  	 (0.00000   )
304	-1.35595  	 (0.00000   )
305	-1.30156  	 (-0.00000  )
306	-0.69134  	 (-0.00000  )
307	-0.20922  	 (-0.00000  )
308	-1.28687  	 (0.00000   )
309	-1.38339  	 (-0.00000  )
310	-0.01599  	 (-0.00000  )
311	-1.27577  	 (0.00000   )
312	-0.33875  	 (0.00000   )
313	0.65750   	 (0.00000   )
314	-1.48495  	 (-0.00000  )
315	0.86112   	 (0.00000   )
316	-2.60770  	 (0.00000   )
317	0.68344   	 (-0.00000  )
318	-2.59452  	 (0.00000   )
319	0.97607   	 (-0.00000  )
320	-0.16291  	 (-0.00000  )
321	-1.97905  	 (0.00000   )
322	-0.43713  	 (-0.00000  )
323	-0.54222  	 (-0.00000  )
324	0.34388   	 (0.00000   )
325	-1.59683  	 (0.00000   )
326	0.10743   	 (-0.00000  )
327	-1.49174  	 (0.00000   )
328	-1.30449  	 (0.00000   )
329	-0.14083  	 (-0.00000  )
330	-0.34145  	 (-0.00000  )
331	-2.18329  	 (0.00000   )
332	-0.48418  	 (-0.00000  )
333	-2.14514  	 (0.00000   )
334	-0.15730  	 (-0.00000  )
335	-1.69754  	 (0.00000   )
336	-1.62278  	 (-0.00000  )
337	-1.36769  	 (0.00000   )
338	-1.16391  	 (-0.00000  )
339	-0.73803  	 (0.00000   )
340	-0.66952  	 (-0.00000  )
341	-0.99284  	 (0.00000   )
342	-0.39776  	 (-0.00000  )
343	-0.03507  	 (0.00000   )
344	0.79945   	 (0.00000   )
345	0.38100   	 (0.00000   )
346	-0.46171  	 (-0.00000  )
347	0.31222   	 (0.00000   )
348	-1.80547  	 (0.00000   )
349	-0.02277  	 (0.00000   )
350	0.67948   	 (0.00000   )
351	-1.18417  	 (0.00000   )
352	-0.76431  	 (-0.00000  )
353	-0.83247  	 (-0.00000  )
354	-1.13314  	 (-0.00000  )
355	-1.20718  	 (0.00000   )
356	-0.92355  	 (0.00000   )
357	-1.61934  	 (0.00000   )
358	-1.25561  	 (-0.00000  )
359	-1.57397  	 (0.00000   )
360	-1.35615  	 (0.00000   )
361	-1.71843  	 (0.00000   )
362	-1.33561  	 (0.00000   )
363	-1.98938  	 (0.00000   )
364	-1.43343  	 (-0.00000  )
365	-1.08318  	 (0.00000   )
366	-1.49070  	 (-0.00000  )
367	-0.83252  	 (-0.00000  )
368	-1.30091  	 (-0.00000  )
369	-0.99374  	 (0.00000   )
370	-1.04591  	 (-0.00000  )
371	-1.19830  	 (0.00000   )
372	-0.62822  	 (-0.00000  )
373	-1.24366  	 (-0.00000  )
374	-0.70756  	 (0.00000   )
375	-0.21058  	 (0.00000   )
376	-0.55779  	 (-0.00000  )
377	-0.18993  	 (0.00000   )
378	-0.58041  	 (-0.00000  )
379	-0.05504  	 (-0.00000  )
380	-1.15248  	 (0.00000   )
381	-1.04302  	 (0.00000   )
382	-1.43435  	 (0.00000   )
383	-1.08996  	 (-0.00000  )
384	-1.80434  	 (0.00000   )
385	-0.78394  	 (-0.00000  )
386	-1.30354  	 (-0.00000  )
387	-1.17084  	 (-0.00000  )
388	-0.46460  	 (-0.00000  )
389	-1.00149  	 (0.00000   )
390	-0.55977  	 (0.00000   )
391	0.61433   	 (0.00000   )
392	0.43502   	 (-0.00000  )
393	-0.38688  	 (0.00000   )
394	-0.23324  	 (-0.00000  )
395	-0.40193  	 (0.00000   )
396	-1.70103  	 (0.00000   )
397	-0.36028  	 (0.00000   )
398	-0.70660  	 (0.00000   )
399	-0.69787  	 (-0.00000  )
400	-1.07731  	 (-0.00000  )
401	0.05104   	 (0.00000   )
402	-0.95433  	 (-0.00000  )
403	0.61658   	 (-0.00000  )
404	-0.11939  	 (0.00000   )
405	-0.74718  	 (0.00000   )
406	-1.41185  	 (0.00000   )
407	-1.23585  	 (0.00000   )
408	-1.26386  	 (-0.00000  )
409	-1.28230  	 (0.00000   )
410	-1.44169  	 (-0.00000  )
411	-1.11277  	 (-0.00000  )
412	-0.71287  	 (-0.00000  )
413	-0.51068  	 (0.00000   )
414	-1.52581  	 (0.00000   )
415	-0.44934  	 (0.00000   )
416	-0.62796  	 (-0.00000  )
417	-1.28691  	 (-0.00000  )
418	-1.01594  	 (0.00000   )
419	-0.53694  	 (0.00000   )
420	0.01845   	 (-0.00000  )
421	0.44958   	 (0.00000   )
422	0.72686   	 (0.00000   )
423	0.22843   	 (-0.00000  )
424	0.59126   	 (-0.00000  )
425	0.18601   	 (-0.00000  )
426	0.23240   	 (-0.00000  )
427	0.40288   	 (0.00000   )
428	-0.40999  	 (-0.00000  )
429	-0.30987  	 (0.00000   )
430	-0.47406  	 (-0.00000  )
431	-0.22752  	 (0.00000   )
432	-0.55592  	 (-0.00000  )
433	-1.30245  	 (0.00000   )
434	-0.77716  	 (-0.00000  )
435	-0.84802  	 (-0.00000  )
436	-0.97860  	 (0.00000   )
437	-1.10464  	 (0.00000   )
438	-1.30175  	 (0.00000   )
439	-0.52156  	 (-0.00000  )
440	-0.92543  	 (0.00000   )
441	-1.10802  	 (0.00000   )
442	-1.15069  	 (0.00000   )
443	-1.15422  	 (-0.00000  )
444	-1.06680  	 (0.00000   )
445	-0.20208  	 (0.00000   )
446	-0.99554  	 (-0.00000  )
447	-1.19056  	 (0.00000   )
448	-1.95844  	 (0.00000   )
449	-1.24166  	 (-0.00000  )
450	-1.06685  	 (-0.00000  )
451	-1.12655  	 (-0.00000  )
452	-1.25699  	 (-0.00000  )
453	-1.49700  	 (-0.00000  )
454	-1.20991  	 (-0.00000  )
455	-1.00179  	 (-0.00000  )
456	-1.07848  	 (0.00000   )
457	-0.50441  	 (0.00000   )
458	-1.09270  	 (-0.00000  )
459	-0.31014  	 (-0.00000  )
460	-0.56435  	 (-0.00000  )
461	0.02956   	 (-0.00000  )
462	-0.83869  	 (-0.00000  )
463	-1.23737  	 (0.00000   )
464	-1.06790  	 (-0.00000  )
465	-0.37919  	 (-0.00000  )
466	-0.81837  	 (0.00000   )
467	-0.54588  	 (0.00000   )
468	-0.58443  	 (0.00000   )
469	-0.40069  	 (0.00000   )
470	0.02101   	 (0.00000   )
471	0.16889   	 (-0.00000  )
472	-0.18177  	 (0.00000   )
473	-0.19199  	 (-0.00000  )
474	-0.64897  	 (-0.00000  )
475	0.45324   	 (0.00000   )
476	0.55957   	 (-0.00000  )
477	0.28811   	 (-0.00000  )
478	0.41862   	 (0.00000   )
479	0.01977   	 (-0.00000  )
480	-1.49291  	 (-0.00000  )
481	0.11874   	 (-0.00000  )
482	0.10944   	 (0.00000   )
483	0.14972   	 (0.00000   )
484	-0.08188  	 (0.00000   )
485	0.41983   	 (-0.00000  )
486	0.15675   	 (-0.00000  )
487	-0.39924  	 (-0.00000  )
488	0.41075   	 (0.00000   )
489	0.35367   	 (-0.00000  )
490	-0.28756  	 (0.00000   )
491	-0.38747  	 (-0.00000  )
492	0.13888   	 (-0.00000  )
493	-0.97189  	 (0.00000   )
494	0.32784   	 (0.00000   )
495	0.13854   	 (-0.00000  )
496	-0.00751  	 (-0.00000  )
497	0.46892   	 (-0.00000  )
498	-0.03760  	 (0.00000   )
499	0.16506   	 (-0.00000  )
500	-1.13860  	 (-0.00000  )
501	-1.00155  	 (0.00000   )
502	-0.70764  	 (0.00000   )
503	-0.32443  	 (-0.00000  )
504	-0.59747  	 (0.00000   )
505	-0.85838  	 (0.00000   )
506	-0.49634  	 (0.00000   )
507	-1.72085  	 (-0.00000  )
508	-1.17717  	 (-0.00000  )
509	-1.85773  	 (-0.00000  )
510	-0.75570  	 (0.00000   )
511	-1.16351  	 (0.00000   )
512	-0.85057  	 (0.00000   )
513	-0.47639  	 (-0.00000  )
514	-0.81775  	 (0.00000   )
515	-0.65172  	 (-0.00000  )
516	-0.71175  	 (0.00000   )
517	-0.31752  	 (0.00000   )
518	-0.17776  	 (0.00000   )
519	1.13454   	 (0.00000   )
520	-0.03154  	 (-0.00000  )
521	0.40584   	 (-0.00000  )
522	0.32657   	 (0.00000   )
523	1.06204   	 (0.00000   )
524	-0.12967  	 (0.00000   )
525	-0.72674  	 (0.00000   )
526	-0.02351  	 (-0.00000  )
527	0.07007   	 (-0.00000  )
528	-0.79399  	 (-0.00000  )
529	0.42546   	 (0.00000   )
530	-0.98812  	 (0.00000   )
531	1.25518   	 (0.00000   )
532	-0.20397  	 (0.00000   )
533	-0.83787  	 (0.00000   )
534	-0.80159  	 (0.00000   )
535	-0.31738  	 (-0.00000  )
536	-1.28863  	 (-0.00000  )
537	-1.25042  	 (0.00000   )
538	-1.92771  	 (0.00000   )
539	-1.77426  	 (-0.00000  )
540	-1.19822  	 (-0.00000  )
541	-1.21421  	 (0.00000   )
542	-1.33588  	 (0.00000   )
543	-1.06038  	 (-0.00000  )
544	-0.61401  	 (0.00000   )
545	-1.43053  	 (0.00000   )
546	-1.33541  	 (0.00000   )
547	-0.58540  	 (-0.00000  )
548	-1.69516  	 (0.00000   )
549	-1.50310  	 (0.00000   )
550	-1.64474  	 (-0.00000  )
551	-1.93976  	 (-0.00000  )
552	-0.76292  	 (0.00000   )
553	-1.37306  	 (0.00000   )
554	-1.68133  	 (-0.00000  )
555	-1.56049  	 (-0.00000  )
556	-1.49862  	 (0.00000   )
557	-1.19792  	 (0.00000   )
558	-1.44431  	 (-0.00000  )
559	-0.88699  	 (-0.00000  )
560	-0.60184  	 (-0.00000  )
561	-1.54402  	 (-0.00000  )
562	-0.96242  	 (0.00000   )
563	0.04325   	 (-0.00000  )
564	-0.15100  	 (-0.00000  )
565	-0.71084  	 (0.00000   )
566	-1.45844  	 (-0.00000  )
567	0.12149   	 (-0.00000  )
568	-0.04776  	 (0.00000   )
569	-0.09489  	 (-0.00000  )
570	-0.92418  	 (-0.00000  )
571	-1.02794  	 (0.00000   )
572	-0.16468  	 (-0.00000  )
573	0.38387   	 (-0.00000  )
574	1.25717   	 (-0.00000  )
575	-0.95918  	 (-0.00000  )
576	-0.64765  	 (0.00000   )
577	0.13115   	 (0.00000   )
578	0.78347   	 (0.00000   )
579	-0.45869  	 (-0.00000  )
580	-1.19095  	 (0.00000   )
581	-0.01392  	 (-0.00000  )
582	-0.26218  	 (0.00000   )
583	-0.76646  	 (-0.00000  )
584	-0.50593  	 (-0.00000  )
585	0.11001   	 (-0.00000  )
586	-0.07893  	 (-0.00000  )
587	1.56827   	 (0.00000   )
588	-0.30441  	 (-0.00000  )
589	-0.20463  	 (-0.00000  )
590	-0.60510  	 (0.00000   )
591	-0.13769  	 (-0.00000  )
592	0.56908   	 (-0.00000  )
593	1.32156   	 (-0.00000  )
594	-0.34160  	 (-0.00000  )
595	-1.08464  	 (-0.00000  )
596	-1.93174  	 (-0.00000  )
597	-0.53101  	 (0.00000   )
598	-0.89822  	 (0.00000   )
599	-0.42555  	 (-0.00000  )
600	-1.17194  	 (-0.00000  )
601	-1.20655  	 (0.00000   )
602	-0.03377  	 (-0.00000  )
603	-1.36910  	 (-0.00000  )
604	-1.03247  	 (-0.00000  )
605	-1.16096  	 (0.00000   )
606	-0.46471  	 (0.00000   )
607	-0.44306  	 (-0.00000  )
608	-0.95347  	 (0.00000   )
609	-1.05193  	 (0.00000   )
610	-0.49645  	 (0.00000   )
611	-1.65388  	 (0.00000   )
612	-1.50993  	 (-0.00000  )
613	-0.83710  	 (-0.00000  )
614	0.57655   	 (-0.00000  )
615	0.32338   	 (-0.00000  )
616	-1.44756  	 (0.00000   )
617	0.86827   	 (-0.00000  )
618	0.02762   	 (-0.00000  )
619	-1.31050  	 (-0.00000  )
620	-0.86186  	 (0.00000   )
621	-0.66447  	 (0.00000   )
622	-0.21350  	 (-0.00000  )
623	0.69441   	 (-0.00000  )
624	0.43987   	 (-0.00000  )
625	-1.04543  	 (0.00000   )
626	0.64034   	 (-0.00000  )
627	0.55761   	 (0.00000   )
628	-0.03847  	 (-0.00000  )
629	-1.15663  	 (0.00000   )
630	-1.45828  	 (0.00000   )
631	0.16340   	 (0.00000   )
632	-1.23460  	 (0.00000   )
633	-1.05885  	 (0.00000   )
634	0.56111   	 (-0.00000  )
635	-1.27821  	 (-0.00000  )
636	0.11554   	 (-0.00000  )
637	-1.14026  	 (0.00000   )
638	0.45913   	 (-0.00000  )
639	-0.95768  	 (0.00000   )
640	-1.08614  	 (-0.00000  )
641	-0.97554  	 (-0.00000  )
642	-1.13126  	 (0.00000   )
643	-0.89079  	 (0.00000   )
644	-0.60990  	 (-0.00000  )
645	-0.66124  	 (0.00000   )
646	-0.68071  	 (-0.00000  )
647	0.25896   	 (0.00000   )
648	-1.02349  	 (0.00000   )
649	-0.98136  	 (0.00000   )
650	-0.91893  	 (0.00000   )
651	-0.26468  	 (-0.00000  )
652	-1.43198  	 (0.00000   )
653	0.11526   	 (-0.00000  )
654	0.09711   	 (-0.00000  )
655	0.03137   	 (0.00000   )
656	-2.05946  	 (0.00000   )
657	-0.18482  	 (-0.00000  )
658	0.53668   	 (0.00000   )
659	-0.53141  	 (-0.00000  )
660	-0.96537  	 (0.00000   )
661	-0.57371  	 (0.00000   )
662	-1.19196  	 (0.00000   )
663	-0.84348  	 (-0.00000  )
664	-0.93332  	 (-0.00000  )
665	-1.62057  	 (-0.00000  )
666	-0.21547  	 (-0.00000  )
667	-0.18004  	 (0.00000   )
668	-0.46379  	 (0.00000   )
669	0.04295   	 (0.00000   )
670	0.12118   	 (0.00000   )
671	-0.72040  	 (-0.00000  )
672	-0.38448  	 (-0.00000  )
673	-0.79546  	 (0.00000   )
674	-0.19746  	 (-0.00000  )
675	-0.34736  	 (0.00000   )
676	-1.28553  	 (-0.00000  )
677	-0.94882  	 (0.00000   )
678	-1.54419  	 (0.00000   )
679	-1.75841  	 (0.00000   )
680	-1.36197  	 (0.00000   )
681	-1.47002  	 (0.00000   )
682	-1.40886  	 (-0.00000  )
683	-1.06765  	 (-0.00000  )
684	-1.34443  	 (-0.00000  )
685	-1.44261  	 (-0.00000  )
686	-1.38404  	 (-0.00000  )
687	-1.27769  	 (-0.00000  )
688	-1.35323  	 (-0.00000  )
689	-1.46576  	 (0.00000   )
690	-1.63122  	 (-0.00000  )
691	-1.58861  	 (0.00000   )
692	-2.05588  	 (0.00000   )
693	-1.60959  	 (-0.00000  )
694	-0.76079  	 (-0.00000  )
695	-0.64470  	 (0.00000   )
696	-0.36561  	 (0.00000   )
697	-0.35814  	 (-0.00000  )
698	-0.16700  	 (-0.00000  )
699	0.06601   	 (0.00000   )
700	-0.12718  	 (0.00000   )
701	0.41027   	 (0.00000   )
702	0.46026   	 (-0.00000  )
703	-2.59731  	 (-0.00000  )
704	0.90584   	 (-0.00000  )
705	-0.69440  	 (-0.00000  )
706	1.07906   	 (-0.00000  )
707	0.12464   	 (0.00000   )
708	0.60737   	 (0.00000   )
709	0.58639   	 (-0.00000  )
710	0.27365   	 (-0.00000  )
711	-0.77008  	 (0.00000   )
712	-0.36893  	 (0.00000   )
713	-0.49029  	 (0.00000   )
714	-1.07508  	 (-0.00000  )
715	-0.96476  	 (0.00000   )
716	-0.52388  	 (-0.00000  )
717	-0.68774  	 (0.00000   )
718	-0.56025  	 (0.00000   )
719	-0.34322  	 (-0.00000  )
720	-0.03066  	 (0.00000   )
721	-1.22083  	 (0.00000   )
722	-0.38220  	 (0.00000   )
723	0.45278   	 (0.00000   )
724	0.10691   	 (-0.00000  )
725	0.21356   	 (0.00000   )
726	-0.26207  	 (-0.00000  )
727	-0.00574  	 (0.00000   )
728	-0.11421  	 (0.00000   )
729	-0.80236  	 (-0.00000  )
730	-0.45118  	 (-0.00000  )
731	-0.62863  	 (0.00000   )
732	-0.52883  	 (0.00000   )
733	-0.98281  	 (-0.00000  )
734	-0.46728  	 (0.00000   )
735	-0.86897  	 (0.00000   )
736	1.78626   	 (-0.00000  )
737	-0.76563  	 (0.00000   )
738	-1.27173  	 (0.00000   )
739	-1.18722  	 (0.00000   )
740	-0.55194  	 (-0.00000  )
741	-0.40883  	 (-0.00000  )
742	-1.32495  	 (-0.00000  )
743	-1.23951  	 (0.00000   )
744	-1.35288  	 (0.00000   )
745	-1.25018  	 (-0.00000  )
746	-0.37868  	 (0.00000   )
747	-0.40667  	 (-0.00000  )
748	1.16783   	 (-0.00000  )
749	0.22203   	 (-0.00000  )
750	-0.76498  	 (0.00000   )
751	0.85772   	 (0.00000   )
752	-0.17671  	 (0.00000   )
753	0.67921   	 (0.00000   )
754	0.13140   	 (0.00000   )
755	-0.14187  	 (-0.00000  )
756	-0.53847  	 (0.00000   )
757	-0.12724  	 (0.00000   )
758	0.89934   	 (-0.00000  )
759	-0.25833  	 (0.00000   )
760	0.45023   	 (0.00000   )
761	-0.26814  	 (0.00000   )
762	-0.17456  	 (-0.00000  )
763	0.87664   	 (0.00000   )
764	-0.23372  	 (-0.00000  )
765	-0.33359  	 (0.00000   )
766	0.07954   	 (0.00000   )
767	-0.59819  	 (0.00000   )
768	-1.07031  	 (-0.00000  )
769	-0.96084  	 (0.00000   )
770	-0.22263  	 (-0.00000  )
771	-0.84410  	 (-0.00000  )
772	-1.34040  	 (-0.00000  )
773	-1.13203  	 (0.00000   )
774	-0.18572  	 (-0.00000  )
775	-2.32619  	 (-0.00000  )
776	0.26868   	 (-0.00000  )
777	-0.22922  	 (0.00000   )
778	-0.80664  	 (0.00000   )
779	-0.57609  	 (0.00000   )
780	-0.02851  	 (0.00000   )
781	-1.67762  	 (-0.00000  )
782	-0.26002  	 (0.00000   )
783	-2.59310  	 (0.00000   )
784	-0.07950  	 (0.00000   )
785	-0.11221  	 (0.00000   )
786	-0.03060  	 (0.00000   )
787	-0.44320  	 (-0.00000  )
788	-1.13181  	 (0.00000   )
789	-1.74384  	 (0.00000   )
790	-0.79272  	 (0.00000   )
791	-2.34612  	 (-0.00000  )
792	-1.68451  	 (0.00000   )
793	0.45040   	 (-0.00000  )
794	0.09785   	 (0.00000   )
795	-0.41453  	 (-0.00000  )
796	-0.47880  	 (-0.00000  )
797	-0.04566  	 (-0.00000  )
798	-2.51545  	 (0.00000   )
799	-1.56179  	 (-0.00000  )
800	-1.28749  	 (0.00000   )
801	-1.02613  	 (-0.00000  )
802	0.53534   	 (-0.00000  )
803	-0.44727  	 (-0.00000  )
804	-0.43569  	 (0.00000   )
805	-0.24933  	 (-0.00000  )
806	0.23148   	 (-0.00000  )
807	-1.42289  	 (0.00000   )
808	-0.70788  	 (0.00000   )
809	-0.16291  	 (0.00000   )
810	-0.13684  	 (0.00000   )
811	0.55870   	 (-0.00000  )
812	0.21014   	 (-0.00000  )
813	1.20575   	 (-0.00000  )
814	0.39556   	 (-0.00000  )
815	0.63010   	 (-0.00000  )
816	0.03174   	 (-0.00000  )
817	0.28762   	 (-0.00000  )
818	0.24277   	 (-0.00000  )
819	-0.84173  	 (-0.00000  )
820	-0.54176  	 (0.00000   )
821	0.39392   	 (-0.00000  )
822	0.54256   	 (-0.00000  )
823	0.40041   	 (0.00000   )
824	-0.45097  	 (-0.00000  )
825	0.72662   	 (-0.00000  )
826	0.71051   	 (-0.00000  )
827	0.75131   	 (-0.00000  )
828	0.04044   	 (0.00000   )
829	-0.27144  	 (0.00000   )
830	0.63597   	 (-0.00000  )
831	0.76067   	 (-0.00000  )
832	-1.37354  	 (0.00000   )
833	-1.45458  	 (0.00000   )
834	-1.27878  	 (0.00000   )
835	-0.82847  	 (-0.00000  )
836	0.10915   	 (0.00000   )
837	-0.29201  	 (0.00000   )
838	0.46503   	 (-0.00000  )
839	0.06420   	 (-0.00000  )
840	-0.03373  	 (0.00000   )
841	0.12773   	 (-0.00000  )
842	-0.11277  	 (-0.00000  )
843	0.31023   	 (0.00000   )
844	0.81687   	 (-0.00000  )
845	0.13922   	 (0.00000   )
846	0.12567   	 (0.00000   )
847	0.41916   	 (0.00000   )
848	1.03433   	 (-0.00000  )
849	0.16460   	 (0.00000   )
850	0.62943   	 (-0.00000  )
851	0.93240   	 (-0.00000  )
852	0.98010   	 (0.00000   )
853	1.01306   	 (-0.00000  )
854	0.87311   	 (-0.00000  )
855	0.40748   	 (-0.00000  )
856	-0.98177  	 (-0.00000  )
857	-0.80893  	 (0.00000   )
858	0.57625   	 (0.00000   )
859	-0.71391  	 (-0.00000  )
860	0.00660   	 (0.00000   )
861	0.38368   	 (0.00000   )
862	0.48199   	 (-0.00000  )
863	1.32655   	 (-0.00000  )
864	1.28220   	 (-0.00000  )
865	0.44120   	 (0.00000   )
866	-0.40158  	 (0.00000   )
867	0.73975   	 (0.00000   )
868	-1.68128  	 (0.00000   )
869	0.42071   	 (-0.00000  )
870	0.99955   	 (0.00000   )
871	-0.43830  	 (-0.00000  )
872	-0.69742  	 (0.00000   )
873	-0.15867  	 (-0.00000  )
874	-1.32548  	 (-0.00000  )
875	-0.72384  	 (0.00000   )
876	-0.71246  	 (-0.00000  )
877	-1.10212  	 (0.00000   )
878	-0.81055  	 (0.00000   )
879	-0.84816  	 (-0.00000  )
880	-0.97948  	 (0.00000   )
881	-0.79875  	 (-0.00000  )
882	-0.89485  	 (0.00000   )
883	-0.13116  	 (-0.00000  )
884	-0.37137  	 (0.00000   )
885	0.52602   	 (-0.00000  )
886	-0.54940  	 (-0.00000  )
887	-1.72349  	 (-0.00000  )
888	0.15880   	 (0.00000   )
889	-0.69908  	 (0.00000   )
890	-0.33886  	 (-0.00000  )
891	-3.23108  	 (-0.00000  )
892	-1.56745  	 (0.00000   )
893	-2.86347  	 (0.00000   )
894	-1.30554  	 (-0.00000  )
895	-1.20428  	 (0.00000   )
896	-1.44708  	 (-0.00000  )
897	-1.31923  	 (-0.00000  )
898	-1.73762  	 (-0.00000  )
899	-0.97693  	 (0.00000   )
900	-1.59326  	 (0.00000   )
901	0.04753   	 (0.00000   )
902	-1.13131  	 (0.00000   )
903	0.44954   	 (0.00000   )
904	-1.52373  	 (-0.00000  )
905	-1.52722  	 (0.00000   )
906	-1.17438  	 (-0.00000  )
907	-0.93137  	 (0.00000   )
908	-1.17363  	 (-0.00000  )
909	-1.33930  	 (-0.00000  )
910	-1.54879  	 (-0.00000  )
911	-0.15663  	 (-0.00000  )
912	-1.76418  	 (-0.00000  )
913	-0.58364  	 (-0.00000  )
914	0.57134   	 (-0.00000  )
915	-0.21833  	 (-0.00000  )
916	-1.50435  	 (-0.00000  )
917	0.28264   	 (-0.00000  )
918	-1.22205  	 (0.00000   )
919	0.54670   	 (0.00000   )
920	-0.53131  	 (0.00000   )
921	1.31729   	 (0.00000   )
922	0.07162   	 (0.00000   )
923	-0.32504  	 (0.00000   )
924	-1.49849  	 (0.00000   )
925	0.07491   	 (0.00000   )
926	-2.32214  	 (0.00000   )
927	-1.67776  	 (-0.00000  )
928	0.68671   	 (0.00000   )
929	0.66224   	 (-0.00000  )
930	1.09390   	 (0.00000   )
931	-0.81738  	 (-0.00000  )
932	-0.44401  	 (0.00000   )
933	-2.98081  	 (0.00000   )
934	-0.49356  	 (-0.00000  )
935	-0.35892  	 (0.00000   )
936	-0.87270  	 (0.00000   )
937	1.77068   	 (-0.00000  )
938	-0.91804  	 (0.00000   )
939	1.07174   	 (0.00000   )
940	0.44493   	 (-0.00000  )
941	0.84249   	 (-0.00000  )
942	-0.54000  	 (-0.00000  )
943	0.98931   	 (0.00000   )
944	-1.48666  	 (-0.00000  )
945	0.44753   	 (-0.00000  )
946	0.28035   	 (-0.00000  )
947	-0.35490  	 (0.00000   )
948	0.08990   	 (-0.00000  )
949	0.11465   	 (0.00000   )
950	-0.18007  	 (-0.00000  )
951	-0.93643  	 (0.00000   )
952	-1.44931  	 (-0.00000  )
953	-0.48544  	 (-0.00000  )
954	-1.65061  	 (0.00000   )
955	-1.15373  	 (-0.00000  )
956	-0.79200  	 (0.00000   )
957	-0.94349  	 (0.00000   )
958	-2.06852  	 (0.00000   )
959	-1.19081  	 (0.00000   )
960	0.72482   	 (0.00000   )
961	-2.13139  	 (0.00000   )
962	-1.39866  	 (0.00000   )
963	-1.54824  	 (-0.00000  )
964	-2.87523  	 (0.00000   )
965	1.17839   	 (-0.00000  )
966	0.17902   	 (0.00000   )
967	-0.47269  	 (0.00000   )
968	-0.36034  	 (-0.00000  )
969	-1.72899  	 (0.00000   )
970	-2.61971  	 (-0.00000  )
971	0.76164   	 (0.00000   )
972	-1.71745  	 (0.00000   )
973	-0.07222  	 (0.00000   )
974	1.00469   	 (-0.00000  )
975	-0.27712  	 (0.00000   )
976	1.93489   	 (-0.00000  )
977	0.82048   	 (0.00000   )
978	1.24370   	 (0.00000   )
979	-0.88861  	 (-0.00000  )
980	1.50795   	 (-0.00000  )
981	1.03468   	 (0.00000   )
982	1.85818   	 (-0.00000  )
983	1.96121   	 (-0.00000  )
984	1.25455   	 (0.00000   )
985	0.79185   	 (0.00000   )
986	1.79320   	 (-0.00000  )
987	1.99629   	 (-0.00000  )
988	1.69657   	 (-0.00000  )
989	1.84124   	 (0.00000   )
990	1.86774   	 (-0.00000  )
991	1.79557   	 (-0.00000  )
992	2.04206   	 (0.00000   )
993	-1.44893  	 (-0.00000  )
994	-0.05125  	 (-0.00000  )
995	0.25199   	 (-0.00000  )
996	0.71940   	 (0.00000   )
997	-0.18236  	 (0.00000   )
998	2.10146   	 (-0.00000  )
999	-0.75397  	 (-0.00000  )
1000	0.40861   	 (0.00000   )
1001	1.12598   	 (0.00000   )
1002	-0.88767  	 (0.00000   )
1003	-1.10707  	 (-0.00000  )
1004	-1.07359  	 (-0.00000  )
1005	-1.63177  	 (0.00000   )
1006	-0.51946  	 (-0.00000  )
1007	0.35085   	 (0.00000   )
1008	-0.16713  	 (-0.00000  )
1009	-0.21978  	 (-0.00000  )
1010	0.96630   	 (0.00000   )
1011	-0.42105  	 (0.00000   )
1012	0.11755   	 (0.00000   )
1013	-0.41778  	 (-0.00000  )
1014	0.00495   	 (0.00000   )
1015	-2.94869  	 (0.00000   )
1016	-3.00101  	 (0.00000   )
1017	-2.47366  	 (0.00000   )
1018	-2.02995  	 (0.00000   )
1019	-0.73049  	 (0.00000   )
1020	-2.14432  	 (0.00000   )
1021	-2.51961  	 (-0.00000  )
1022	-1.94967  	 (-0.00000  )
