0	0.00410   	0.00244   	-0.00247  	1.96269   	 (-0.00000  )
1	-0.00621  	-0.00281  	0.00244   	1.31392   	 (0.00000   )
2	0.00234   	0.00306   	-0.31228  	1.36366   	 (-0.00000  )
3	-0.00020  	-0.00264  	0.31232   	1.36365   	 (0.00000   )
4	0.03900   	0.04023   	-0.01325  	1.95562   	 (-0.00000  )
5	-0.01672  	-0.01684  	-0.29540  	1.34627   	 (0.00000   )
6	-0.02024  	-0.02008  	0.29533   	1.34615   	 (-0.00000  )
7	-0.00331  	-0.00555  	0.01282   	1.35247   	 (0.00000   )
8	0.01026   	0.01370   	0.30498   	1.89864   	 (-0.00000  )
9	0.01017   	0.01369   	-0.26301  	1.91286   	 (-0.00000  )
10	-0.02058  	-0.02365  	-0.00192  	1.32795   	 (-0.00000  )
11	0.00455   	0.00636   	0.23180   	1.32515   	 (0.00000   )
12	0.00408   	0.00604   	-0.27098  	1.33858   	 (0.00000   )
13	-0.01359  	-0.02196  	-0.00418  	1.34778   	 (0.00000   )
14	0.04451   	0.02119   	-0.11874  	1.94463   	 (0.00000   )
15	-0.02046  	-0.00751  	0.11789   	1.40937   	 (-0.00000  )
16	-0.01346  	-0.00733  	0.23936   	1.33276   	 (0.00000   )
17	-0.01542  	-0.00795  	-0.24230  	1.33260   	 (0.00000   )
18	0.00874   	0.00601   	0.00406   	1.39463   	 (-0.00000  )
19	0.00049   	0.00121   	0.00178   	1.43275   	 (0.00000   )
20	0.06329   	0.03791   	-0.01061  	1.93494   	 (-0.00000  )
21	0.00069   	0.00326   	0.56934   	1.62923   	 (-0.00000  )
22	-0.00028  	0.00252   	-0.56853  	1.62904   	 (-0.00000  )
23	0.00408   	0.00122   	-0.33808  	1.40230   	 (0.00000   )
24	0.00056   	-0.00256  	0.33871   	1.39066   	 (0.00000   )
25	-0.02592  	-0.01698  	-0.29365  	1.43001   	 (-0.00000  )
26	-0.02719  	-0.01171  	0.29761   	1.44064   	 (-0.00000  )
27	0.03104   	0.05661   	-0.29095  	1.35179   	 (0.00000   )
28	-0.06640  	-0.07151  	0.29327   	1.46716   	 (-0.00000  )
29	0.00845   	0.01313   	0.56236   	1.56848   	 (0.00000   )
30	0.02317   	-0.00072  	-0.56442  	1.57060   	 (0.00000   )
31	0.02130   	0.01366   	0.00611   	1.41817   	 (-0.00000  )
32	0.03001   	0.01205   	-0.05249  	1.82013   	 (-0.00000  )
33	-0.01621  	0.00001   	0.09179   	1.80882   	 (-0.00000  )
34	-0.03206  	-0.02904  	-0.00082  	1.33073   	 (-0.00000  )
35	-0.00538  	-0.00351  	-0.02862  	1.32657   	 (0.00000   )
36	-0.02194  	-0.01935  	0.02921   	1.40827   	 (-0.00000  )
37	0.00844   	0.01144   	-0.17138  	1.35101   	 (0.00000   )
38	0.00643   	0.00497   	0.12785   	1.34552   	 (0.00000   )
39	0.00673   	0.00412   	-0.00107  	1.40401   	 (0.00000   )
40	0.04778   	0.01490   	0.00904   	1.93955   	 (-0.00000  )
41	-0.01286  	-0.02936  	0.07736   	1.36041   	 (-0.00000  )
42	-0.03866  	0.01225   	-0.07644  	1.36081   	 (0.00000   )
43	0.00105   	0.00632   	0.07988   	1.88495   	 (-0.00000  )
44	-0.00738  	-0.00299  	-0.00415  	1.37672   	 (0.00000   )
45	0.00886   	-0.00092  	-0.07590  	1.42783   	 (0.00000   )
46	0.15150   	0.08256   	-0.02510  	1.75153   	 (-0.00000  )
47	-0.03774  	-0.02870  	0.36343   	1.54149   	 (-0.00000  )
48	-0.10937  	-0.03604  	-0.36475  	1.54755   	 (-0.00000  )
49	0.10753   	0.15009   	-0.17133  	1.89374   	 (-0.00000  )
50	0.00315   	0.00171   	0.12415   	1.56208   	 (0.00000   )
51	-0.00203  	0.04373   	0.18197   	1.40278   	 (0.00000   )
52	-0.04354  	0.05991   	-0.06430  	1.44706   	 (0.00000   )
53	0.03665   	-0.13300  	-0.18038  	1.40852   	 (-0.00000  )
54	0.02411   	0.05464   	-0.04394  	1.44223   	 (-0.00000  )
55	0.11313   	-0.01231  	0.02963   	1.43373   	 (-0.00000  )
56	-0.03202  	0.06375   	-0.01187  	1.41664   	 (0.00000   )
57	-0.22811  	-0.23468  	0.00592   	1.44905   	 (-0.00000  )
58	0.06140   	0.02450   	0.08451   	1.37689   	 (0.00000   )
59	0.04403   	0.06498   	0.03039   	1.62737   	 (-0.00000  )
60	-0.06938  	0.02362   	-0.14268  	1.55635   	 (0.00000   )
61	0.00321   	-0.10351  	0.17023   	1.56852   	 (-0.00000  )
62	0.00785   	0.00362   	-0.00613  	1.36963   	 (0.00000   )
63	-0.00516  	-0.02235  	0.44573   	1.66648   	 (-0.00000  )
64	-0.00397  	-0.01302  	-0.46126  	1.66101   	 (-0.00000  )
65	0.00301   	0.00840   	-0.01397  	1.37196   	 (-0.00000  )
66	0.00707   	0.00737   	0.04854   	1.27902   	 (0.00000   )
67	0.04503   	0.03035   	-0.00852  	1.91421   	 (0.00000   )
68	-0.01470  	0.01717   	-0.00896  	1.37989   	 (0.00000   )
69	-0.00728  	-0.00564  	0.00497   	1.37678   	 (-0.00000  )
70	0.00113   	-0.00975  	-0.01310  	1.33035   	 (-0.00000  )
71	-0.02231  	0.00143   	-0.03366  	1.28849   	 (0.00000   )
72	-0.00594  	-0.01342  	0.59156   	1.62878   	 (-0.00000  )
73	-0.00717  	-0.01246  	-0.59222  	1.62675   	 (0.00000   )
74	-0.00784  	-0.00871  	0.02662   	1.32891   	 (0.00000   )
75	-0.01399  	-0.00983  	0.26513   	1.55635   	 (-0.00000  )
76	0.00408   	0.01157   	-0.17124  	1.47644   	 (0.00000   )
77	0.01873   	0.01173   	0.18753   	1.47046   	 (0.00000   )
78	-0.01755  	-0.01088  	-0.23008  	1.47665   	 (0.00000   )
79	0.04021   	0.04670   	0.21928   	1.61514   	 (-0.00000  )
80	0.04741   	0.01939   	-0.13500  	1.70289   	 (0.00000   )
81	0.06107   	0.14611   	-0.02271  	1.41055   	 (-0.00000  )
82	-0.04560  	-0.11557  	0.57270   	1.63375   	 (-0.00000  )
83	-0.00284  	0.02449   	-0.03908  	1.47402   	 (-0.00000  )
84	-0.03219  	-0.08492  	-0.58565  	1.63895   	 (0.00000   )
85	0.00389   	0.01133   	0.51309   	1.62483   	 (-0.00000  )
86	0.03102   	0.07221   	0.02539   	1.47539   	 (0.00000   )
87	0.00267   	0.01459   	-0.50195  	1.52564   	 (0.00000   )
88	-0.07876  	-0.07818  	0.01257   	1.37721   	 (-0.00000  )
89	-0.05519  	-0.23723  	-0.08219  	1.52150   	 (-0.00000  )
90	0.02144   	0.04303   	0.12736   	1.52335   	 (0.00000   )
91	-0.03973  	0.02145   	-0.05981  	1.48872   	 (-0.00000  )
92	0.12006   	0.12209   	-0.07370  	1.54839   	 (0.00000   )
93	-0.04011  	0.12844   	-0.00475  	1.53973   	 (0.00000   )
94	0.01971   	0.02029   	-0.00432  	1.50135   	 (0.00000   )
95	-0.00721  	-0.01482  	-0.24319  	1.46895   	 (-0.00000  )
96	-0.02404  	-0.11527  	0.04440   	1.32527   	 (0.00000   )
97	-0.00448  	-0.00229  	0.24585   	1.52483   	 (-0.00000  )
98	-0.00594  	0.02157   	0.05136   	1.92036   	 (-0.00000  )
99	0.03659   	0.06438   	-0.02883  	1.36834   	 (0.00000   )
100	0.01907   	0.04488   	0.04157   	1.37159   	 (-0.00000  )
101	-0.05312  	-0.10657  	-0.06165  	1.49737   	 (0.00000   )
102	0.01593   	-0.05654  	-0.22260  	1.42664   	 (0.00000   )
103	0.00167   	0.04861   	0.04474   	1.28753   	 (0.00000   )
104	-0.05825  	-0.00269  	0.11931   	1.41187   	 (-0.00000  )
105	-0.01485  	-0.05908  	-0.26129  	1.45599   	 (0.00000   )
106	-0.00795  	-0.04350  	0.27949   	1.47608   	 (-0.00000  )
107	0.23313   	0.40701   	-0.33788  	1.69717   	 (-0.00000  )
108	-0.05980  	-0.15848  	0.18940   	1.31940   	 (0.00000   )
109	-0.00090  	0.14818   	-0.22983  	1.32403   	 (0.00000   )
110	0.04006   	0.06307   	0.07196   	1.61474   	 (-0.00000  )
111	-0.13229  	-0.19440  	-0.04176  	1.47220   	 (-0.00000  )
112	-0.05487  	-0.11094  	0.09950   	1.48891   	 (0.00000   )
113	0.08065   	-0.13650  	0.30738   	1.45863   	 (-0.00000  )
114	-0.08361  	0.04641   	0.27260   	1.81431   	 (0.00000   )
115	-0.00790  	0.00323   	0.08182   	1.41317   	 (0.00000   )
116	0.01178   	0.00044   	-0.24124  	1.29547   	 (-0.00000  )
117	0.05905   	-0.02327  	-0.11407  	1.76525   	 (-0.00000  )
118	0.01157   	0.02143   	0.03741   	1.44750   	 (-0.00000  )
119	-0.02647  	0.01098   	-0.33915  	1.38751   	 (0.00000   )
120	-0.01892  	0.00586   	0.34305   	1.38680   	 (-0.00000  )
121	0.07341   	-0.01470  	-0.04845  	1.54486   	 (0.00000   )
122	0.16658   	0.26052   	-0.12091  	1.78550   	 (-0.00000  )
123	0.00103   	-0.04363  	-0.15987  	1.44788   	 (0.00000   )
124	0.07213   	-0.04520  	0.03357   	1.57661   	 (0.00000   )
125	0.22925   	0.23759   	0.02128   	1.59863   	 (-0.00000  )
126	-0.08901  	-0.04300  	0.14062   	1.33402   	 (0.00000   )
127	-0.27911  	-0.11465  	-0.11024  	1.42422   	 (-0.00000  )
128	0.01872   	-0.06024  	0.01631   	1.49723   	 (0.00000   )
129	0.06857   	-0.09067  	-0.07793  	1.41328   	 (0.00000   )
130	-0.13978  	-0.10792  	0.07317   	1.43339   	 (-0.00000  )
131	0.01924   	0.05703   	-0.42144  	1.46554   	 (-0.00000  )
132	0.07416   	0.18255   	0.46266   	1.51334   	 (0.00000   )
133	-0.08356  	-0.21089  	0.46161   	1.52352   	 (-0.00000  )
134	0.14488   	0.06081   	0.01936   	1.71447   	 (0.00000   )
135	-0.00694  	-0.02656  	-0.49924  	1.49772   	 (0.00000   )
136	0.17951   	0.13313   	0.04334   	1.69309   	 (-0.00000  )
137	-0.05918  	0.02632   	0.00422   	1.38404   	 (-0.00000  )
138	-0.02367  	0.01578   	0.30838   	1.60389   	 (-0.00000  )
139	-0.05635  	0.03642   	-0.35527  	1.64450   	 (-0.00000  )
140	-0.02665  	-0.01509  	-0.07140  	1.37379   	 (0.00000   )
141	-0.18086  	-0.28031  	0.14520   	1.46093   	 (-0.00000  )
142	0.02558   	-0.00250  	-0.00760  	1.34612   	 (-0.00000  )
143	-0.04738  	0.12454   	-0.01221  	1.43864   	 (0.00000   )
144	-0.02079  	0.00948   	0.01126   	1.37713   	 (0.00000   )
145	0.12556   	0.10562   	0.34604   	1.61395   	 (-0.00000  )
146	-0.04120  	0.04267   	0.01631   	1.44431   	 (-0.00000  )
147	-0.15019  	-0.15721  	-0.17780  	1.46148   	 (0.00000   )
148	0.12439   	0.02391   	-0.16245  	1.47039   	 (0.00000   )
149	0.01755   	-0.01626  	-0.19677  	1.54726   	 (-0.00000  )
150	0.01331   	0.09071   	-0.26436  	1.68188   	 (-0.00000  )
151	0.00639   	0.00228   	0.15213   	1.51040   	 (-0.00000  )
152	-0.01650  	0.05025   	0.18248   	1.46542   	 (0.00000   )
153	0.00234   	0.00078   	-0.15315  	1.47299   	 (0.00000   )
154	-0.03450  	-0.12086  	-0.04127  	1.43244   	 (0.00000   )
155	0.01930   	-0.23659  	-0.22439  	1.49184   	 (-0.00000  )
156	-0.04239  	0.18451   	0.22970   	1.40850   	 (0.00000   )
157	-0.00909  	0.05272   	0.07016   	1.56455   	 (-0.00000  )
158	0.26396   	0.10900   	0.10686   	1.49955   	 (-0.00000  )
159	-0.27707  	-0.08820  	-0.11747  	1.47246   	 (0.00000   )
160	0.01224   	-0.02015  	0.05147   	1.36205   	 (0.00000   )
161	0.00208   	0.13656   	0.02069   	1.35364   	 (0.00000   )
162	-0.06451  	-0.21050  	0.10728   	1.41655   	 (0.00000   )
163	-0.01260  	-0.01207  	0.00996   	1.41836   	 (0.00000   )
164	0.42022   	0.15703   	-0.20845  	1.74259   	 (0.00000   )
165	0.05664   	0.17322   	0.43261   	1.61992   	 (0.00000   )
166	-0.03875  	-0.10512  	0.36491   	1.67136   	 (-0.00000  )
167	0.05961   	0.14930   	-0.38404  	1.51253   	 (-0.00000  )
168	0.01176   	0.00900   	-0.34498  	1.65324   	 (0.00000   )
169	0.00157   	-0.01485  	0.21669   	1.60923   	 (-0.00000  )
170	-0.02292  	-0.00595  	-0.38076  	1.65747   	 (-0.00000  )
171	0.11217   	0.13507   	0.02516   	1.39884   	 (0.00000   )
172	-0.03322  	-0.11665  	0.19286   	1.47102   	 (-0.00000  )
173	-0.02327  	-0.02008  	0.03215   	1.37611   	 (0.00000   )
174	-0.02345  	0.07576   	0.02608   	1.52922   	 (-0.00000  )
175	0.00956   	-0.02161  	-0.08952  	1.51400   	 (-0.00000  )
176	0.01333   	-0.10620  	-0.02610  	1.42059   	 (0.00000   )
177	0.01639   	-0.00554  	-0.17605  	1.56900   	 (0.00000   )
178	-0.07858  	-0.03794  	-0.02789  	1.61137   	 (-0.00000  )
179	-0.00507  	-0.04423  	-0.20422  	1.49118   	 (0.00000   )
180	0.03969   	0.02400   	0.12185   	1.49872   	 (-0.00000  )
181	0.02661   	0.05515   	0.07024   	1.49107   	 (-0.00000  )
182	0.01193   	0.11309   	0.06236   	1.57385   	 (0.00000   )
183	-0.00094  	-0.01401  	-0.03565  	1.33967   	 (-0.00000  )
184	0.04818   	-0.01380  	-0.01194  	1.41858   	 (-0.00000  )
185	-0.02976  	0.04562   	-0.08859  	1.68986   	 (-0.00000  )
186	-0.00423  	-0.00485  	-0.07352  	1.67043   	 (-0.00000  )
187	-0.03800  	0.02785   	0.02952   	1.54429   	 (-0.00000  )
188	0.02162   	-0.04202  	0.26937   	1.59680   	 (0.00000   )
189	0.01671   	0.05332   	-0.11383  	1.63988   	 (-0.00000  )
190	-0.00298  	0.02339   	0.08664   	1.46903   	 (0.00000   )
191	-0.15638  	-0.05525  	0.08226   	1.39514   	 (-0.00000  )
192	-0.03371  	-0.03877  	0.15291   	1.78628   	 (-0.00000  )
193	-0.01718  	0.06987   	-0.16193  	1.42485   	 (0.00000   )
194	0.04071   	-0.01284  	-0.15612  	1.45046   	 (-0.00000  )
195	0.01053   	0.06806   	-0.05758  	1.38509   	 (-0.00000  )
196	0.01482   	0.02262   	0.22583   	1.38887   	 (-0.00000  )
197	-0.00565  	-0.04284  	-0.11926  	1.39281   	 (0.00000   )
198	0.00549   	0.02813   	0.14303   	1.46314   	 (0.00000   )
199	-0.05808  	-0.02957  	-0.18593  	1.46026   	 (-0.00000  )
200	-0.06030  	-0.02917  	0.11307   	1.53180   	 (-0.00000  )
201	0.06098   	0.03946   	0.03112   	1.51475   	 (0.00000   )
202	0.02980   	0.03984   	-0.16679  	1.49914   	 (-0.00000  )
203	-0.20680  	0.04599   	-0.19947  	1.47989   	 (0.00000   )
204	0.15260   	0.28398   	-0.27604  	1.53985   	 (0.00000   )
205	0.12958   	0.02141   	0.11377   	1.28310   	 (0.00000   )
206	0.09835   	-0.01997  	-0.24056  	1.41184   	 (0.00000   )
207	0.04093   	-0.04248  	0.23887   	1.39079   	 (-0.00000  )
208	-0.07867  	-0.18767  	0.19290   	1.53240   	 (-0.00000  )
209	-0.04562  	0.00134   	0.35050   	1.53383   	 (0.00000   )
210	-0.03420  	0.04414   	-0.41731  	1.60306   	 (0.00000   )
211	-0.30587  	-0.15369  	0.18082   	1.58218   	 (0.00000   )
212	0.02537   	-0.02065  	-0.11649  	1.55583   	 (0.00000   )
213	0.13018   	0.04977   	-0.04119  	1.56309   	 (0.00000   )
214	-0.21921  	-0.13406  	-0.12689  	1.50126   	 (0.00000   )
215	-0.19109  	-0.08762  	-0.03574  	1.40460   	 (-0.00000  )
216	-0.04131  	-0.02226  	0.25498   	1.41751   	 (0.00000   )
217	-0.03789  	0.04477   	0.06603   	1.48236   	 (0.00000   )
218	0.11773   	-0.01011  	0.33144   	1.47298   	 (0.00000   )
219	-0.20373  	0.02718   	-0.32879  	1.47718   	 (0.00000   )
220	0.06202   	0.05484   	0.28666   	1.76424   	 (-0.00000  )
221	0.08166   	0.01377   	0.05818   	1.43487   	 (-0.00000  )
222	0.01252   	0.01276   	0.01352   	1.43736   	 (0.00000   )
223	0.01420   	-0.10579  	0.10967   	1.38171   	 (-0.00000  )
224	-0.12961  	-0.22938  	0.14400   	1.44378   	 (-0.00000  )
225	0.03083   	-0.02763  	-0.11608  	1.67525   	 (0.00000   )
226	0.21664   	0.18702   	-0.11491  	1.60899   	 (-0.00000  )
227	-0.07882  	0.05572   	-0.21648  	1.48257   	 (-0.00000  )
228	0.00267   	0.01970   	0.27050   	1.50245   	 (-0.00000  )
229	0.13010   	-0.06218  	0.15903   	1.56315   	 (-0.00000  )
230	0.02742   	0.13598   	-0.01897  	1.62710   	 (-0.00000  )
231	0.07233   	-0.01509  	-0.43649  	1.59461   	 (0.00000   )
232	-0.06516  	-0.02507  	0.00743   	1.43440   	 (0.00000   )
233	-0.06819  	-0.05392  	-0.17879  	1.44046   	 (-0.00000  )
234	-0.03135  	0.04058   	0.01128   	1.36280   	 (-0.00000  )
235	-0.02079  	-0.14343  	-0.01493  	1.45184   	 (0.00000   )
236	0.08558   	0.07358   	0.31378   	1.58394   	 (-0.00000  )
237	-0.06992  	-0.04333  	0.23322   	1.39628   	 (-0.00000  )
238	-0.01999  	-0.03273  	-0.17638  	1.35922   	 (0.00000   )
239	-0.15569  	-0.12396  	-0.12217  	1.44309   	 (0.00000   )
240	0.06040   	-0.02526  	0.05971   	1.47024   	 (0.00000   )
241	0.00817   	0.02375   	0.47848   	1.52335   	 (-0.00000  )
242	0.31049   	0.10519   	-0.13387  	1.46587   	 (-0.00000  )
243	0.01178   	0.05468   	0.15505   	1.48989   	 (0.00000   )
244	-0.01917  	0.17144   	0.10318   	1.63365   	 (0.00000   )
245	-0.08766  	-0.07513  	-0.00988  	1.48223   	 (-0.00000  )
246	0.10560   	-0.10433  	0.10035   	1.42527   	 (0.00000   )
247	-0.00283  	-0.11397  	-0.18838  	1.46805   	 (-0.00000  )
248	0.00471   	0.10390   	-0.07972  	1.49317   	 (-0.00000  )
249	-0.09740  	0.09519   	0.10580   	1.48019   	 (-0.00000  )
250	0.07341   	-0.01133  	-0.04184  	1.43094   	 (-0.00000  )
251	0.07371   	-0.03422  	-0.23777  	1.50653   	 (0.00000   )
252	0.01019   	-0.06068  	0.04168   	1.82376   	 (0.00000   )
253	0.04224   	0.06028   	0.05015   	1.50988   	 (-0.00000  )
254	-0.05864  	-0.13039  	0.30524   	1.51257   	 (0.00000   )
255	-0.12661  	-0.08929  	-0.02862  	1.50009   	 (-0.00000  )
256	0.12569   	0.05937   	-0.29067  	1.46618   	 (-0.00000  )
257	0.06257   	-0.04193  	-0.05137  	1.51949   	 (0.00000   )
258	0.09130   	-0.13225  	-0.14690  	1.56160   	 (-0.00000  )
259	0.01685   	0.05268   	-0.20268  	1.45393   	 (-0.00000  )
260	0.09076   	0.06223   	0.25041   	1.51814   	 (-0.00000  )
261	0.24410   	0.16444   	0.20804   	1.51249   	 (-0.00000  )
262	-0.17746  	0.09343   	0.11384   	1.47585   	 (-0.00000  )
263	0.03950   	0.13686   	0.07099   	1.41210   	 (-0.00000  )
264	0.02316   	0.09557   	-0.21187  	1.37477   	 (0.00000   )
265	-0.00350  	-0.06844  	-0.04309  	1.53063   	 (0.00000   )
266	-0.02191  	0.02021   	-0.12895  	1.37387   	 (0.00000   )
267	-0.04733  	-0.01951  	-0.09167  	1.40783   	 (-0.00000  )
268	-0.00790  	0.01257   	0.11606   	1.39343   	 (-0.00000  )
269	-0.01165  	0.02965   	-0.08693  	1.49705   	 (-0.00000  )
270	0.05656   	0.00359   	-0.29867  	1.55201   	 (0.00000   )
271	0.04357   	0.06129   	0.16082   	1.50256   	 (-0.00000  )
272	0.08391   	0.04287   	0.05002   	1.44467   	 (0.00000   )
273	0.04088   	-0.05982  	0.23997   	1.56685   	 (0.00000   )
274	0.08410   	0.01113   	0.06247   	1.56814   	 (-0.00000  )
275	-0.15991  	0.04275   	-0.23612  	1.60853   	 (0.00000   )
276	0.00888   	-0.00359  	-0.12628  	1.58051   	 (0.00000   )
277	0.17627   	0.04034   	-0.24768  	1.62875   	 (0.00000   )
278	-0.16344  	-0.00252  	-0.10034  	1.46103   	 (0.00000   )
279	-0.10508  	-0.01256  	-0.06969  	1.47532   	 (0.00000   )
280	0.05349   	0.06018   	-0.17208  	1.47110   	 (-0.00000  )
281	0.05969   	-0.02561  	0.38416   	1.58480   	 (-0.00000  )
282	-0.08719  	-0.00772  	0.06596   	1.45270   	 (-0.00000  )
283	-0.05747  	0.01127   	-0.27591  	1.47775   	 (0.00000   )
284	0.13498   	0.07372   	-0.06678  	1.55685   	 (0.00000   )
285	0.17769   	0.07657   	-0.05212  	1.57537   	 (-0.00000  )
286	0.01809   	-0.00984  	0.00579   	1.61849   	 (-0.00000  )
287	-0.15727  	-0.03999  	-0.01919  	1.43373   	 (0.00000   )
288	0.18464   	0.01309   	-0.10996  	1.52684   	 (-0.00000  )
289	-0.02430  	-0.03044  	0.17018   	1.51891   	 (-0.00000  )
290	0.01205   	0.04182   	-0.18078  	1.53765   	 (-0.00000  )
291	0.05529   	0.04578   	0.24592   	1.55366   	 (-0.00000  )
292	-0.00212  	-0.02892  	-0.30458  	1.52782   	 (0.00000   )
293	-0.33386  	-0.06712  	0.03655   	1.46818   	 (0.00000   )
294	0.01776   	0.02699   	0.35499   	1.60186   	 (-0.00000  )
295	-0.08707  	-0.14022  	-0.01729  	1.45141   	 (0.00000   )
296	0.03922   	0.07695   	0.02158   	1.49902   	 (0.00000   )
297	-0.06850  	-0.03000  	0.11126   	1.35805   	 (-0.00000  )
298	-0.01886  	-0.01708  	-0.10923  	1.43709   	 (-0.00000  )
299	0.07375   	0.06794   	-0.05220  	1.51720   	 (-0.00000  )
300	-0.11673  	0.06237   	0.26153   	1.46556   	 (0.00000   )
301	-0.15215  	-0.00668  	0.22307   	1.47057   	 (0.00000   )
302	0.39635   	-0.08698  	-0.08333  	1.55281   	 (-0.00000  )
303	-0.03215  	0.02808   	-0.39560  	1.45804   	 (0.00000   )
304	0.04478   	-0.00489  	-0.03580  	1.54774   	 (-0.00000  )
305	0.05333   	0.09331   	0.08551   	1.51606   	 (0.00000   )
306	0.02571   	0.03019   	-0.11709  	1.32997   	 (-0.00000  )
307	-0.03131  	-0.03842  	-0.20527  	1.42865   	 (0.00000   )
308	-0.13498  	-0.08329  	-0.26237  	1.53500   	 (-0.00000  )
309	0.23699   	0.17503   	-0.18541  	1.49516   	 (0.00000   )
310	-0.00647  	-0.03034  	0.18990   	1.43476   	 (-0.00000  )
311	0.13518   	0.05565   	0.00572   	1.42015   	 (0.00000   )
312	0.01996   	0.18058   	0.05657   	1.50210   	 (0.00000   )
313	-0.00272  	-0.03547  	0.00481   	1.44324   	 (0.00000   )
314	0.01041   	-0.05954  	-0.03597  	1.37322   	 (-0.00000  )
315	0.00795   	-0.02287  	-0.12362  	1.41633   	 (0.00000   )
316	-0.10228  	0.03117   	0.08204   	1.62696   	 (-0.00000  )
317	-0.06979  	-0.11717  	-0.16670  	1.69382   	 (-0.00000  )
318	0.01461   	-0.01236  	0.08735   	1.67792   	 (0.00000   )
319	-0.02281  	-0.07472  	0.35906   	1.66731   	 (-0.00000  )
320	0.06463   	-0.00404  	-0.02939  	1.46201   	 (-0.00000  )
321	0.05196   	-0.07456  	-0.07015  	1.53782   	 (-0.00000  )
322	-0.00363  	-0.01897  	0.01824   	1.39280   	 (-0.00000  )
323	-0.01124  	-0.00703  	0.04234   	1.35494   	 (0.00000   )
324	-0.00590  	-0.00658  	-0.31465  	1.41624   	 (0.00000   )
325	0.01271   	-0.00714  	0.25890   	1.50400   	 (-0.00000  )
326	-0.01440  	-0.00845  	0.33473   	1.45698   	 (-0.00000  )
327	-0.05239  	-0.02126  	-0.20129  	1.50713   	 (-0.00000  )
328	-0.02971  	0.03010   	-0.37109  	1.50247   	 (0.00000   )
329	0.03280   	0.16882   	-0.05909  	1.40396   	 (-0.00000  )
330	-0.02000  	-0.07642  	0.01854   	1.55550   	 (0.00000   )
331	-0.05502  	-0.04030  	0.39648   	1.52194   	 (0.00000   )
332	0.06583   	0.06327   	-0.04354  	1.54956   	 (-0.00000  )
333	0.01619   	0.17515   	0.32453   	1.53583   	 (-0.00000  )
334	0.01863   	-0.08187  	0.10097   	1.48922   	 (0.00000   )
335	-0.01858  	-0.12246  	-0.13325  	1.45299   	 (0.00000   )
336	0.08226   	-0.04512  	-0.06589  	1.48704   	 (-0.00000  )
337	0.14481   	0.06371   	-0.06066  	1.40861   	 (0.00000   )
338	-0.10214  	-0.08936  	-0.06480  	1.55576   	 (-0.00000  )
339	-0.01847  	0.18560   	0.07155   	1.54271   	 (-0.00000  )
340	0.08276   	0.08441   	0.20254   	1.61452   	 (-0.00000  )
341	0.01945   	0.01971   	-0.04734  	1.63956   	 (-0.00000  )
342	-0.03596  	0.14024   	0.02819   	1.38743   	 (-0.00000  )
343	-0.02143  	0.00942   	0.01910   	1.44812   	 (-0.00000  )
344	0.01085   	-0.00290  	-0.25214  	1.53635   	 (0.00000   )
345	0.05016   	0.04569   	0.00849   	1.57135   	 (-0.00000  )
346	-0.03230  	-0.01647  	-0.00569  	1.50962   	 (0.00000   )
347	-0.00221  	-0.01092  	-0.06338  	1.41396   	 (-0.00000  )
348	0.01240   	-0.04142  	0.24769   	1.60960   	 (-0.00000  )
349	0.01099   	-0.01806  	0.10207   	1.35057   	 (0.00000   )
350	-0.00392  	0.00246   	0.09222   	1.49919   	 (0.00000   )
351	-0.00328  	-0.08136  	-0.10970  	1.50628   	 (-0.00000  )
352	0.06246   	0.16189   	0.00673   	1.53721   	 (-0.00000  )
353	-0.05322  	-0.10612  	-0.21338  	1.51587   	 (0.00000   )
354	-0.00383  	-0.00737  	0.48014   	1.53053   	 (-0.00000  )
355	-0.00315  	-0.00647  	-0.49301  	1.53032   	 (0.00000   )
356	0.01798   	0.02908   	-0.18997  	1.44755   	 (-0.00000  )
357	0.14587   	0.04954   	-0.06460  	1.54867   	 (0.00000   )
358	0.00919   	-0.02015  	0.08551   	1.45666   	 (0.00000   )
359	0.01204   	0.02868   	-0.00364  	1.48350   	 (0.00000   )
360	-0.08897  	0.03536   	0.06849   	1.49214   	 (0.00000   )
361	-0.00242  	-0.22246  	0.07376   	1.55678   	 (-0.00000  )
362	0.03888   	0.09062   	-0.06038  	1.44921   	 (-0.00000  )
363	-0.05405  	0.00910   	-0.20145  	1.68348   	 (-0.00000  )
364	0.11807   	0.16226   	0.08020   	1.64029   	 (-0.00000  )
365	-0.02125  	-0.00609  	-0.13616  	1.49929   	 (0.00000   )
366	-0.06049  	-0.07556  	-0.19834  	1.54738   	 (-0.00000  )
367	0.03381   	0.07177   	-0.08060  	1.46645   	 (-0.00000  )
368	-0.06360  	-0.00373  	0.18341   	1.57216   	 (0.00000   )
369	0.42106   	0.16394   	-0.37952  	1.65970   	 (0.00000   )
370	-0.02719  	0.07545   	0.06736   	1.52500   	 (0.00000   )
371	-0.01977  	-0.07457  	0.07532   	1.39663   	 (-0.00000  )
372	0.01370   	0.02755   	0.02971   	1.36591   	 (-0.00000  )
373	0.00924   	0.05349   	-0.02011  	1.43783   	 (0.00000   )
374	0.00058   	0.07050   	-0.05944  	1.47992   	 (0.00000   )
375	0.00802   	0.05083   	-0.06339  	1.42129   	 (-0.00000  )
376	-0.05057  	0.13507   	0.05505   	1.47603   	 (-0.00000  )
377	0.03494   	-0.11058  	-0.04724  	1.43430   	 (0.00000   )
378	-0.09651  	0.01076   	-0.07771  	1.44563   	 (0.00000   )
379	0.02145   	-0.05721  	-0.01278  	1.48130   	 (-0.00000  )
380	-0.04911  	-0.03122  	0.11314   	1.44998   	 (-0.00000  )
381	0.01984   	-0.05557  	0.06528   	1.45293   	 (-0.00000  )
382	0.09850   	0.06491   	0.07665   	1.49842   	 (0.00000   )
383	0.00913   	0.01745   	0.18665   	1.44863   	 (0.00000   )
384	0.03490   	0.03591   	0.08114   	1.50581   	 (-0.00000  )
385	0.01895   	0.00488   	-0.08938  	1.45340   	 (0.00000   )
386	0.06874   	0.04008   	0.08758   	1.56974   	 (-0.00000  )
387	-0.07255  	-0.05590  	-0.12606  	1.61302   	 (0.00000   )
388	0.04899   	-0.02747  	-0.36409  	1.67438   	 (0.00000   )
389	0.05950   	0.12332   	-0.01511  	1.51842   	 (0.00000   )
390	0.07778   	0.01168   	0.02241   	1.63322   	 (-0.00000  )
391	0.01814   	0.04384   	0.00861   	1.41024   	 (-0.00000  )
392	-0.06307  	0.00758   	0.22419   	1.56931   	 (-0.00000  )
393	-0.03363  	-0.13375  	0.07238   	1.44919   	 (-0.00000  )
394	-0.02500  	-0.09916  	0.01184   	1.45841   	 (0.00000   )
395	-0.03689  	0.05814   	0.03700   	1.43829   	 (0.00000   )
396	-0.07102  	-0.05870  	-0.08848  	1.50588   	 (0.00000   )
397	-0.03500  	-0.04629  	-0.00610  	1.46493   	 (-0.00000  )
398	-0.34117  	-0.14198  	-0.17362  	1.38951   	 (-0.00000  )
399	-0.02893  	-0.00079  	0.11941   	1.47672   	 (-0.00000  )
400	0.01200   	0.00423   	0.09659   	1.41604   	 (0.00000   )
401	-0.06524  	0.05587   	0.09479   	1.51107   	 (0.00000   )
402	0.05705   	0.18282   	-0.04512  	1.49767   	 (0.00000   )
403	-0.01484  	0.02307   	-0.12796  	1.50570   	 (0.00000   )
404	-0.05735  	-0.05774  	-0.02462  	1.39376   	 (0.00000   )
405	0.31272   	-0.11104  	0.09043   	1.54785   	 (0.00000   )
406	-0.10675  	0.06630   	-0.08574  	1.42784   	 (0.00000   )
407	-0.02766  	0.01427   	0.51506   	1.68835   	 (0.00000   )
408	0.02628   	0.08224   	0.03072   	1.45619   	 (-0.00000  )
409	0.11526   	-0.07386  	0.08888   	1.46844   	 (-0.00000  )
410	0.04570   	-0.04510  	-0.06888  	1.45261   	 (-0.00000  )
411	-0.08727  	-0.14290  	-0.08300  	1.45748   	 (-0.00000  )
412	-0.12369  	0.11295   	0.09969   	1.54746   	 (-0.00000  )
413	0.00360   	-0.02433  	-0.15609  	1.30496   	 (-0.00000  )
414	-0.00050  	0.07576   	-0.56717  	1.65459   	 (0.00000   )
415	-0.00087  	-0.09203  	0.14134   	1.30028   	 (0.00000   )
416	0.20065   	0.06046   	-0.16951  	1.44173   	 (0.00000   )
417	-0.06837  	-0.27690  	0.16613   	1.52277   	 (-0.00000  )
418	0.29284   	0.13979   	0.23044   	1.50092   	 (-0.00000  )
419	-0.04207  	-0.10034  	0.07564   	1.43642   	 (0.00000   )
420	-0.05481  	-0.03356  	0.10283   	1.45533   	 (-0.00000  )
421	-0.02630  	0.00217   	-0.12692  	1.47868   	 (0.00000   )
422	-0.03840  	0.06979   	-0.11158  	1.52420   	 (-0.00000  )
423	0.03525   	0.04120   	-0.10170  	1.53831   	 (-0.00000  )
424	-0.05167  	-0.02452  	-0.14023  	1.47419   	 (0.00000   )
425	0.11746   	-0.01337  	0.14586   	1.51472   	 (-0.00000  )
426	0.04285   	0.01665   	0.14395   	1.53721   	 (-0.00000  )
427	0.04648   	-0.04772  	0.23347   	1.53707   	 (-0.00000  )
428	0.02400   	0.03678   	-0.03709  	1.45837   	 (0.00000   )
429	0.04752   	0.03776   	0.08358   	1.49153   	 (0.00000   )
430	0.09697   	0.01953   	-0.10777  	1.49426   	 (-0.00000  )
431	-0.03630  	0.00698   	-0.01614  	1.49761   	 (0.00000   )
432	0.05798   	0.08191   	-0.18964  	1.47598   	 (-0.00000  )
433	-0.06248  	-0.08959  	-0.16404  	1.53108   	 (0.00000   )
434	-0.10015  	0.13973   	-0.00247  	1.55382   	 (-0.00000  )
435	-0.10951  	0.16958   	0.06942   	1.54182   	 (-0.00000  )
436	-0.08602  	-0.01731  	-0.24241  	1.53030   	 (-0.00000  )
437	-0.06565  	0.01316   	0.07168   	1.57780   	 (-0.00000  )
438	-0.00533  	-0.06797  	0.10219   	1.53714   	 (0.00000   )
439	-0.09455  	0.09798   	0.05799   	1.56551   	 (-0.00000  )
440	-0.00370  	-0.03284  	0.08663   	1.49129   	 (0.00000   )
441	-0.02376  	0.02920   	0.05350   	1.51146   	 (0.00000   )
442	-0.03473  	-0.03869  	0.02979   	1.49143   	 (0.00000   )
443	0.08874   	0.03429   	-0.00600  	1.50674   	 (0.00000   )
444	-0.04042  	0.03023   	-0.02612  	1.53796   	 (-0.00000  )
445	0.39868   	0.11567   	-0.18852  	1.56819   	 (0.00000   )
446	0.04159   	0.03437   	0.05280   	1.50639   	 (-0.00000  )
447	0.00448   	0.01533   	-0.13467  	1.55279   	 (0.00000   )
448	0.06531   	0.05250   	-0.40408  	1.74921   	 (0.00000   )
449	-0.10652  	0.04226   	-0.03952  	1.58281   	 (-0.00000  )
450	-0.07042  	-0.04208  	-0.05117  	1.41059   	 (0.00000   )
451	-0.01323  	0.09550   	-0.05253  	1.53351   	 (0.00000   )
452	-0.05425  	0.08174   	-0.10797  	1.50344   	 (-0.00000  )
453	0.04751   	0.07686   	0.09784   	1.54859   	 (0.00000   )
454	0.15460   	-0.04274  	-0.00953  	1.52726   	 (0.00000   )
455	0.03118   	0.09493   	-0.19804  	1.49881   	 (-0.00000  )
456	-0.09584  	0.03280   	-0.07675  	1.52697   	 (0.00000   )
457	-0.00825  	-0.01391  	-0.05924  	1.50578   	 (-0.00000  )
458	0.29108   	0.09661   	0.05256   	1.55964   	 (0.00000   )
459	-0.02729  	-0.02909  	-0.03351  	1.48278   	 (-0.00000  )
460	-0.05872  	0.02629   	0.05306   	1.49906   	 (0.00000   )
461	0.02138   	0.00032   	0.12810   	1.52021   	 (-0.00000  )
462	0.08339   	0.03641   	0.08452   	1.49510   	 (-0.00000  )
463	-0.24814  	-0.08943  	0.05789   	1.49378   	 (0.00000   )
464	-0.04643  	0.03450   	0.06059   	1.53694   	 (-0.00000  )
465	-0.06749  	0.00337   	0.05859   	1.51604   	 (-0.00000  )
466	0.11284   	-0.06341  	0.13748   	1.53026   	 (-0.00000  )
467	-0.01720  	0.07595   	0.10470   	1.51413   	 (0.00000   )
468	0.09327   	0.07374   	-0.04344  	1.48207   	 (-0.00000  )
469	0.01033   	0.08547   	-0.04387  	1.44545   	 (-0.00000  )
470	0.02656   	-0.17738  	-0.07346  	1.45901   	 (0.00000   )
471	-0.02188  	0.07496   	-0.11914  	1.41770   	 (0.00000   )
472	0.00395   	0.08879   	-0.11320  	1.53215   	 (0.00000   )
473	-0.25187  	-0.08300  	-0.14398  	1.50594   	 (-0.00000  )
474	0.00080   	0.03338   	0.03370   	1.54388   	 (-0.00000  )
475	-0.06260  	-0.06608  	-0.10945  	1.47261   	 (0.00000   )
476	0.05556   	0.00381   	-0.14093  	1.51044   	 (-0.00000  )
477	-0.04564  	-0.04024  	0.13797   	1.44248   	 (0.00000   )
478	-0.01704  	0.01492   	0.00180   	1.48555   	 (0.00000   )
479	-0.00068  	0.04133   	0.05457   	1.50436   	 (0.00000   )
480	0.04963   	-0.12504  	-0.08812  	1.48587   	 (-0.00000  )
481	-0.03911  	-0.00325  	-0.01764  	1.54110   	 (-0.00000  )
482	-0.04829  	-0.12217  	0.20694   	1.51050   	 (-0.00000  )
483	-0.05660  	0.04672   	-0.05382  	1.47832   	 (0.00000   )
484	0.10907   	0.04581   	0.11844   	1.50131   	 (-0.00000  )
485	0.02027   	0.01279   	-0.08022  	1.52048   	 (-0.00000  )
486	-0.02416  	-0.00116  	-0.00856  	1.47566   	 (-0.00000  )
487	-0.11959  	-0.02146  	-0.03343  	1.43105   	 (-0.00000  )
488	0.02510   	-0.02031  	-0.14579  	1.48791   	 (-0.00000  )
489	0.05109   	0.12536   	-0.17878  	1.46521   	 (0.00000   )
490	0.10534   	0.07696   	-0.11591  	1.46969   	 (-0.00000  )
491	-0.09745  	0.02108   	-0.05562  	1.45770   	 (-0.00000  )
492	-0.14341  	-0.05720  	0.03363   	1.44174   	 (0.00000   )
493	-0.02030  	-0.03534  	0.16844   	1.53783   	 (0.00000   )
494	0.05428   	-0.00065  	-0.04557  	1.41654   	 (0.00000   )
495	0.00340   	0.03219   	-0.05022  	1.45637   	 (-0.00000  )
496	0.04299   	0.08645   	-0.03582  	1.46331   	 (0.00000   )
497	-0.00943  	0.05170   	-0.07064  	1.45919   	 (-0.00000  )
498	-0.06470  	-0.04253  	-0.13416  	1.44719   	 (0.00000   )
499	0.00381   	-0.01476  	0.04574   	1.47806   	 (0.00000   )
500	0.01483   	-0.00498  	-0.21428  	1.49566   	 (0.00000   )
501	-0.12529  	-0.11157  	0.22711   	1.48470   	 (-0.00000  )
502	-0.03980  	0.03975   	0.22037   	1.52613   	 (0.00000   )
503	0.02967   	0.07959   	0.06145   	1.45264   	 (-0.00000  )
504	-0.00715  	-0.00704  	0.44614   	1.60682   	 (0.00000   )
505	-0.03404  	0.00681   	-0.13444  	1.40059   	 (-0.00000  )
506	-0.16441  	-0.13941  	-0.32771  	1.55115   	 (-0.00000  )
507	-0.04143  	-0.00989  	0.01305   	1.45791   	 (-0.00000  )
508	-0.02996  	-0.07863  	-0.13758  	1.42962   	 (-0.00000  )
509	0.17827   	0.11538   	0.18744   	1.52310   	 (0.00000   )
510	-0.00559  	-0.08170  	-0.02034  	1.48619   	 (-0.00000  )
511	-0.12784  	0.02210   	-0.17150  	1.47854   	 (-0.00000  )
512	0.22589   	0.09707   	0.33304   	1.58299   	 (-0.00000  )
513	-0.00924  	-0.03208  	-0.00949  	1.39150   	 (0.00000   )
514	-0.09171  	-0.05232  	-0.13824  	1.44052   	 (-0.00000  )
515	0.04718   	-0.01761  	0.11612   	1.47059   	 (-0.00000  )
516	-0.02161  	-0.04696  	-0.04829  	1.50962   	 (0.00000   )
517	0.04140   	-0.05254  	-0.22209  	1.47706   	 (-0.00000  )
518	0.09850   	0.05985   	0.07153   	1.40863   	 (0.00000   )
519	-0.01686  	0.00933   	0.37734   	1.58130   	 (0.00000   )
520	0.23584   	0.13677   	0.08825   	1.45044   	 (-0.00000  )
521	-0.02256  	0.03065   	0.29249   	1.53777   	 (0.00000   )
522	0.01832   	0.06235   	-0.00462  	1.42339   	 (-0.00000  )
523	0.04408   	0.12411   	0.15756   	1.55227   	 (0.00000   )
524	0.10938   	0.02515   	0.13849   	1.45478   	 (0.00000   )
525	0.04092   	-0.01418  	-0.12084  	1.48613   	 (0.00000   )
526	0.04210   	0.04043   	-0.13574  	1.45999   	 (-0.00000  )
527	-0.00497  	0.00005   	0.32586   	1.52224   	 (-0.00000  )
528	0.06731   	-0.01955  	0.34180   	1.66272   	 (-0.00000  )
529	-0.00950  	-0.03492  	-0.32225  	1.49465   	 (-0.00000  )
530	0.02719   	0.00104   	-0.17423  	1.49519   	 (0.00000   )
531	-0.00864  	-0.07356  	0.33109   	1.52514   	 (-0.00000  )
532	0.31024   	0.14474   	0.01872   	1.48733   	 (-0.00000  )
533	-0.04235  	-0.00559  	-0.11582  	1.47612   	 (0.00000   )
534	-0.02112  	-0.00138  	-0.00080  	1.36744   	 (-0.00000  )
535	0.02095   	0.00665   	-0.30745  	1.50034   	 (0.00000   )
536	-0.19316  	-0.02867  	0.14931   	1.46579   	 (0.00000   )
537	0.07735   	0.04415   	0.13958   	1.49989   	 (0.00000   )
538	0.03391   	-0.04661  	-0.46474  	1.70822   	 (-0.00000  )
539	0.20254   	0.07101   	0.26229   	1.56452   	 (-0.00000  )
540	0.15835   	-0.07059  	0.16641   	1.49462   	 (-0.00000  )
541	0.19432   	0.08686   	0.18087   	1.51262   	 (0.00000   )
542	0.10414   	-0.02551  	0.12416   	1.55157   	 (0.00000   )
543	-0.00695  	-0.14655  	0.05716   	1.48877   	 (0.00000   )
544	-0.05515  	-0.14292  	0.05049   	1.46190   	 (-0.00000  )
545	0.06899   	-0.05844  	0.09954   	1.39699   	 (-0.00000  )
546	0.13919   	0.03859   	0.04692   	1.44953   	 (-0.00000  )
547	-0.02841  	-0.03130  	-0.03253  	1.47288   	 (0.00000   )
548	0.05730   	0.06666   	-0.14010  	1.52538   	 (0.00000   )
549	-0.08768  	-0.00788  	-0.00211  	1.51881   	 (-0.00000  )
550	-0.00099  	-0.02919  	-0.20638  	1.54131   	 (0.00000   )
551	0.02050   	-0.00520  	-0.04703  	1.47979   	 (-0.00000  )
552	0.06159   	0.00358   	-0.03047  	1.43857   	 (-0.00000  )
553	0.00526   	-0.07778  	0.10618   	1.62652   	 (0.00000   )
554	-0.09678  	-0.04766  	0.05136   	1.52562   	 (0.00000   )
555	-0.04048  	-0.11659  	0.18845   	1.56508   	 (-0.00000  )
556	0.23065   	0.14875   	-0.03059  	1.50249   	 (-0.00000  )
557	0.00599   	0.00550   	0.24526   	1.59209   	 (-0.00000  )
558	-0.05698  	-0.00302  	-0.10138  	1.59333   	 (0.00000   )
559	-0.01214  	0.00334   	0.25653   	1.50329   	 (0.00000   )
560	-0.00547  	-0.13533  	-0.02868  	1.45229   	 (0.00000   )
561	0.00939   	-0.01918  	-0.38067  	1.63099   	 (0.00000   )
562	0.08798   	-0.00216  	0.03600   	1.45611   	 (-0.00000  )
563	0.00104   	0.07577   	-0.23976  	1.54796   	 (-0.00000  )
564	-0.08337  	-0.05037  	-0.17785  	1.53737   	 (-0.00000  )
565	0.01464   	0.00644   	0.07144   	1.26073   	 (0.00000   )
566	0.04783   	0.01725   	-0.40981  	1.66164   	 (0.00000   )
567	0.05938   	-0.02256  	-0.19553  	1.50108   	 (0.00000   )
568	-0.02743  	-0.05795  	0.25498   	1.45844   	 (-0.00000  )
569	0.08719   	0.04121   	0.22517   	1.44939   	 (-0.00000  )
570	0.10805   	0.18142   	-0.15361  	1.58552   	 (0.00000   )
571	-0.00535  	-0.03452  	-0.06493  	1.44837   	 (0.00000   )
572	0.16671   	0.19021   	-0.16068  	1.50634   	 (0.00000   )
573	0.08981   	0.22348   	-0.14892  	1.52235   	 (-0.00000  )
574	-0.00675  	-0.01343  	0.47682   	1.59011   	 (0.00000   )
575	-0.03019  	-0.02285  	-0.08918  	1.40075   	 (0.00000   )
576	-0.07474  	0.10728   	0.40378   	1.63365   	 (0.00000   )
577	0.04180   	0.15714   	-0.13525  	1.48773   	 (0.00000   )
578	0.02053   	0.08611   	-0.32800  	1.50002   	 (0.00000   )
579	-0.03454  	-0.01893  	-0.00828  	1.42055   	 (0.00000   )
580	0.02444   	0.01146   	-0.16412  	1.38478   	 (-0.00000  )
581	-0.04356  	0.04147   	-0.09268  	1.48165   	 (-0.00000  )
582	-0.19471  	-0.10834  	-0.07960  	1.53984   	 (0.00000   )
583	-0.02635  	0.00719   	-0.07004  	1.52177   	 (-0.00000  )
584	0.05257   	0.09534   	-0.18953  	1.40818   	 (0.00000   )
585	0.05284   	-0.00145  	0.18494   	1.58033   	 (-0.00000  )
586	0.07707   	0.02592   	-0.14676  	1.45931   	 (-0.00000  )
587	0.01165   	0.02414   	-0.01821  	1.62367   	 (0.00000   )
588	0.05776   	0.08660   	-0.25207  	1.45697   	 (-0.00000  )
589	0.03255   	-0.01382  	-0.07510  	1.52915   	 (0.00000   )
590	0.03769   	-0.06585  	0.04582   	1.47762   	 (-0.00000  )
591	0.10215   	-0.08604  	-0.18621  	1.52949   	 (0.00000   )
592	-0.03223  	-0.09813  	-0.01058  	1.39985   	 (-0.00000  )
593	-0.01959  	-0.01713  	-0.54734  	1.70542   	 (0.00000   )
594	-0.00818  	0.10648   	0.13254   	1.43355   	 (-0.00000  )
595	-0.05286  	0.04288   	-0.02465  	1.53483   	 (0.00000   )
596	0.00825   	0.02937   	0.30006   	1.52077   	 (-0.00000  )
597	-0.08959  	0.00489   	0.09595   	1.47724   	 (-0.00000  )
598	-0.02706  	0.05557   	0.02859   	1.53691   	 (0.00000   )
599	0.03249   	0.06230   	-0.26799  	1.47960   	 (-0.00000  )
600	0.14850   	0.09810   	-0.06728  	1.70854   	 (-0.00000  )
601	-0.22003  	0.02900   	0.08538   	1.52214   	 (0.00000   )
602	-0.00941  	0.02319   	-0.02757  	1.42144   	 (-0.00000  )
603	-0.06199  	-0.06603  	-0.04692  	1.45042   	 (0.00000   )
604	-0.13978  	-0.12458  	-0.10319  	1.48753   	 (-0.00000  )
605	-0.04145  	-0.02146  	0.12281   	1.56572   	 (-0.00000  )
606	0.12256   	0.01454   	-0.01779  	1.65879   	 (-0.00000  )
607	0.01168   	-0.12203  	-0.02471  	1.57826   	 (-0.00000  )
608	-0.05465  	-0.00882  	0.03466   	1.45360   	 (-0.00000  )
609	-0.04124  	-0.09323  	-0.05239  	1.43649   	 (-0.00000  )
610	-0.27235  	0.00466   	-0.25448  	1.66521   	 (-0.00000  )
611	0.06929   	0.15608   	-0.19104  	1.54807   	 (-0.00000  )
612	0.06202   	-0.00299  	0.11994   	1.54090   	 (-0.00000  )
613	0.09458   	0.02669   	0.09090   	1.47038   	 (-0.00000  )
614	0.00288   	0.03851   	-0.00779  	1.36530   	 (0.00000   )
615	0.08488   	0.03888   	-0.13048  	1.42792   	 (0.00000   )
616	0.11986   	0.13389   	0.00780   	1.49246   	 (0.00000   )
617	-0.02229  	0.06074   	0.02832   	1.39553   	 (0.00000   )
618	0.11387   	-0.03517  	0.21004   	1.55464   	 (0.00000   )
619	0.16069   	0.11445   	0.11425   	1.52746   	 (0.00000   )
620	0.06403   	-0.12311  	-0.05173  	1.53168   	 (-0.00000  )
621	0.09074   	0.06489   	-0.27801  	1.55321   	 (-0.00000  )
622	0.02903   	0.06624   	0.40100   	1.54808   	 (-0.00000  )
623	-0.02155  	0.08304   	-0.16120  	1.45640   	 (-0.00000  )
624	0.01654   	0.03144   	0.11497   	1.46950   	 (0.00000   )
625	0.03967   	0.06342   	-0.02004  	1.51050   	 (-0.00000  )
626	0.11108   	-0.00774  	0.21387   	1.52516   	 (-0.00000  )
627	-0.05586  	-0.13973  	0.07131   	1.49275   	 (0.00000   )
628	-0.01431  	0.02986   	-0.17075  	1.38261   	 (0.00000   )
629	0.19706   	-0.02017  	0.00334   	1.57229   	 (-0.00000  )
630	0.05173   	0.09416   	-0.08603  	1.60676   	 (-0.00000  )
631	-0.33616  	0.00931   	0.08943   	1.57482   	 (0.00000   )
632	0.01070   	0.06535   	-0.06218  	1.51389   	 (-0.00000  )
633	-0.20271  	0.02858   	-0.12494  	1.53340   	 (0.00000   )
634	0.00572   	-0.03469  	0.04901   	1.32200   	 (-0.00000  )
635	-0.05888  	0.01073   	0.02160   	1.53633   	 (-0.00000  )
636	0.04100   	0.02355   	-0.02756  	1.33079   	 (-0.00000  )
637	0.08697   	0.05269   	-0.06320  	1.50381   	 (-0.00000  )
638	0.03953   	-0.04673  	-0.14295  	1.32910   	 (-0.00000  )
639	0.07608   	0.07277   	0.02757   	1.49574   	 (-0.00000  )
640	0.11212   	-0.00871  	-0.07555  	1.45705   	 (0.00000   )
641	-0.07240  	-0.08170  	0.03157   	1.51225   	 (-0.00000  )
642	0.37907   	0.14294   	-0.44543  	1.63722   	 (0.00000   )
643	0.07192   	0.05950   	0.13728   	1.58946   	 (0.00000   )
644	0.05789   	0.07300   	0.06719   	1.44658   	 (-0.00000  )
645	0.00289   	0.00976   	0.04129   	1.37389   	 (0.00000   )
646	0.07332   	0.11731   	0.15719   	1.51406   	 (0.00000   )
647	0.03307   	0.03882   	0.08485   	1.41852   	 (-0.00000  )
648	-0.11079  	0.00767   	0.04280   	1.43090   	 (-0.00000  )
649	0.02075   	0.11086   	-0.17569  	1.50028   	 (0.00000   )
650	0.02709   	0.13805   	-0.21701  	1.51611   	 (-0.00000  )
651	0.03291   	-0.03108  	0.00695   	1.40505   	 (0.00000   )
652	0.01605   	0.06360   	0.35686   	1.59731   	 (-0.00000  )
653	-0.01079  	-0.03314  	0.03673   	1.47080   	 (-0.00000  )
654	-0.04802  	0.04855   	0.15504   	1.51602   	 (0.00000   )
655	0.02114   	-0.08726  	0.08337   	1.44889   	 (-0.00000  )
656	0.15312   	0.33894   	0.01376   	1.65055   	 (0.00000   )
657	0.07763   	-0.09234  	0.10861   	1.48903   	 (-0.00000  )
658	-0.03889  	-0.06697  	-0.07599  	1.47206   	 (0.00000   )
659	0.04065   	0.08303   	-0.34979  	1.69536   	 (0.00000   )
660	0.00800   	-0.01676  	-0.30893  	1.37665   	 (0.00000   )
661	0.07803   	0.04694   	0.16219   	1.52373   	 (-0.00000  )
662	-0.00695  	-0.01179  	0.43208   	1.61706   	 (-0.00000  )
663	-0.18043  	-0.27639  	-0.27196  	1.49723   	 (-0.00000  )
664	0.01151   	0.02076   	-0.05709  	1.54949   	 (0.00000   )
665	-0.01028  	-0.07222  	-0.17017  	1.33767   	 (0.00000   )
666	-0.04357  	0.02034   	0.05275   	1.35661   	 (-0.00000  )
667	0.09606   	0.10017   	0.06113   	1.43454   	 (0.00000   )
668	-0.00490  	0.01984   	0.31852   	1.46070   	 (-0.00000  )
669	-0.06323  	-0.00882  	-0.08204  	1.31648   	 (-0.00000  )
670	0.02726   	-0.02880  	-0.03746  	1.37308   	 (-0.00000  )
671	0.04804   	-0.06389  	-0.09290  	1.54804   	 (0.00000   )
672	0.02682   	-0.03377  	-0.22249  	1.47376   	 (0.00000   )
673	0.00376   	-0.00874  	-0.22871  	1.53999   	 (0.00000   )
674	-0.05702  	0.02365   	-0.22850  	1.53587   	 (-0.00000  )
675	-0.06604  	-0.04349  	0.19163   	1.45905   	 (-0.00000  )
676	-0.00704  	-0.04945  	-0.13466  	1.51092   	 (-0.00000  )
677	-0.24148  	-0.10546  	-0.09637  	1.40816   	 (0.00000   )
678	0.05121   	0.02774   	0.13494   	1.50034   	 (-0.00000  )
679	-0.00297  	-0.09581  	0.14902   	1.50652   	 (-0.00000  )
680	-0.02120  	0.00747   	0.23742   	1.53665   	 (0.00000   )
681	-0.14510  	0.02325   	0.04724   	1.53884   	 (0.00000   )
682	0.05795   	0.04045   	0.21282   	1.53966   	 (0.00000   )
683	0.11137   	-0.14123  	-0.13644  	1.48643   	 (0.00000   )
684	-0.04603  	-0.03707  	0.09361   	1.47821   	 (-0.00000  )
685	-0.09948  	-0.05517  	0.01388   	1.48901   	 (-0.00000  )
686	0.03599   	-0.02434  	0.02459   	1.50029   	 (0.00000   )
687	0.13258   	-0.09790  	-0.03083  	1.52892   	 (-0.00000  )
688	-0.12708  	0.06775   	-0.10106  	1.54860   	 (-0.00000  )
689	0.09396   	-0.02451  	0.18485   	1.48393   	 (-0.00000  )
690	0.03892   	0.05973   	0.26654   	1.53086   	 (-0.00000  )
691	-0.04627  	-0.11588  	-0.17738  	1.51606   	 (-0.00000  )
692	0.05654   	-0.02360  	-0.14010  	1.53456   	 (-0.00000  )
693	-0.02994  	0.06504   	0.06006   	1.52424   	 (0.00000   )
694	-0.21653  	0.20886   	-0.07522  	1.54273   	 (0.00000   )
695	-0.03672  	-0.20081  	0.08352   	1.45891   	 (-0.00000  )
696	0.00133   	0.03837   	-0.17814  	1.56668   	 (-0.00000  )
697	-0.01710  	-0.07383  	0.02481   	1.59294   	 (-0.00000  )
698	0.00818   	0.07119   	0.07214   	1.53602   	 (0.00000   )
699	0.00464   	-0.03229  	0.04917   	1.51534   	 (-0.00000  )
700	0.02436   	-0.04268  	0.00840   	1.49084   	 (-0.00000  )
701	-0.06430  	0.00132   	-0.01123  	1.45950   	 (0.00000   )
702	-0.03612  	-0.02301  	0.00917   	1.45690   	 (-0.00000  )
703	0.06723   	0.02005   	-0.71197  	1.77886   	 (-0.00000  )
704	-0.10683  	0.01951   	-0.06265  	1.46464   	 (-0.00000  )
705	-0.03870  	-0.04938  	0.09317   	1.47852   	 (0.00000   )
706	0.03521   	-0.04608  	0.10902   	1.51219   	 (0.00000   )
707	0.00876   	-0.01467  	0.03118   	1.48984   	 (-0.00000  )
708	-0.10201  	0.00828   	0.06899   	1.47274   	 (-0.00000  )
709	-0.06875  	0.02194   	0.08491   	1.49918   	 (0.00000   )
710	-0.05177  	-0.02207  	0.15120   	1.52126   	 (-0.00000  )
711	0.07646   	0.02114   	0.11816   	1.22820   	 (-0.00000  )
712	0.02739   	0.11343   	-0.08273  	1.46240   	 (-0.00000  )
713	0.04964   	-0.02202  	0.13176   	1.50969   	 (0.00000   )
714	-0.05639  	0.15121   	0.03693   	1.52026   	 (-0.00000  )
715	0.29002   	0.13140   	0.30258   	1.52985   	 (-0.00000  )
716	-0.02901  	0.07845   	0.04547   	1.48033   	 (0.00000   )
717	-0.06580  	-0.01389  	0.13145   	1.49853   	 (0.00000   )
718	0.08424   	-0.00290  	0.14340   	1.57564   	 (0.00000   )
719	0.05573   	-0.08426  	0.11334   	1.51423   	 (0.00000   )
720	-0.03953  	-0.15264  	0.20519   	1.57646   	 (-0.00000  )
721	0.03444   	0.03078   	0.12527   	1.44328   	 (0.00000   )
722	0.00145   	-0.04925  	-0.12673  	1.46933   	 (-0.00000  )
723	-0.00894  	0.00825   	-0.03800  	1.48591   	 (-0.00000  )
724	-0.03840  	-0.06022  	-0.04961  	1.47049   	 (-0.00000  )
725	-0.04830  	-0.04904  	0.00407   	1.44068   	 (0.00000   )
726	0.00188   	0.11348   	0.02745   	1.49186   	 (0.00000   )
727	0.03141   	0.01707   	0.01759   	1.46959   	 (0.00000   )
728	0.13150   	0.05816   	0.04191   	1.51418   	 (-0.00000  )
729	0.05515   	0.03158   	0.01411   	1.50975   	 (0.00000   )
730	0.08080   	-0.07370  	-0.03635  	1.55388   	 (0.00000   )
731	0.04146   	-0.00957  	-0.20298  	1.51150   	 (0.00000   )
732	0.03150   	0.07348   	-0.01978  	1.49199   	 (-0.00000  )
733	0.19838   	-0.00363  	-0.10118  	1.53862   	 (0.00000   )
734	0.02684   	0.03479   	-0.07093  	1.50457   	 (0.00000   )
735	-0.09421  	0.02135   	-0.07204  	1.49613   	 (-0.00000  )
736	-0.00422  	-0.00271  	-0.62117  	1.69770   	 (0.00000   )
737	-0.00260  	0.10666   	-0.09742  	1.46283   	 (-0.00000  )
738	-0.03803  	-0.05963  	-0.06403  	1.50892   	 (-0.00000  )
739	0.02310   	0.04511   	-0.13989  	1.51987   	 (-0.00000  )
740	0.03967   	0.10172   	-0.04846  	1.52969   	 (-0.00000  )
741	0.03408   	0.18228   	-0.21318  	1.54554   	 (-0.00000  )
742	0.07345   	0.12809   	-0.18543  	1.52501   	 (0.00000   )
743	-0.00194  	0.00460   	-0.02636  	1.46622   	 (-0.00000  )
744	0.05394   	0.02593   	-0.04452  	1.51625   	 (0.00000   )
745	0.03597   	0.03911   	-0.06299  	1.45775   	 (0.00000   )
746	0.03952   	0.06174   	-0.05886  	1.41087   	 (-0.00000  )
747	0.08060   	0.08455   	-0.11059  	1.45139   	 (0.00000   )
748	-0.01216  	-0.00780  	0.01126   	1.28861   	 (0.00000   )
749	0.07857   	-0.01155  	-0.17345  	1.51017   	 (-0.00000  )
750	0.02339   	-0.03226  	0.00633   	1.50341   	 (-0.00000  )
751	0.04677   	0.00126   	-0.15062  	1.56102   	 (-0.00000  )
752	-0.01819  	0.06803   	-0.08352  	1.46799   	 (0.00000   )
753	-0.02294  	0.04647   	-0.27802  	1.58043   	 (-0.00000  )
754	0.01890   	0.06587   	-0.04953  	1.46043   	 (-0.00000  )
755	0.02848   	0.02535   	-0.06862  	1.42969   	 (0.00000   )
756	0.03463   	0.00886   	-0.05395  	1.50546   	 (0.00000   )
757	-0.05968  	-0.05373  	-0.05141  	1.47839   	 (-0.00000  )
758	-0.02661  	0.09946   	0.34417   	1.59551   	 (0.00000   )
759	-0.03948  	0.01364   	0.05167   	1.46593   	 (0.00000   )
760	-0.01548  	-0.04336  	0.01679   	1.46919   	 (0.00000   )
761	0.04077   	-0.00858  	0.10825   	1.41632   	 (-0.00000  )
762	0.39088   	0.15338   	-0.26270  	1.53109   	 (0.00000   )
763	-0.04035  	0.07178   	0.15177   	1.43498   	 (-0.00000  )
764	-0.03535  	0.03517   	0.00313   	1.46947   	 (-0.00000  )
765	-0.03698  	-0.14744  	-0.01630  	1.48684   	 (0.00000   )
766	-0.07771  	0.05006   	0.01662   	1.41234   	 (0.00000   )
767	0.01125   	-0.02054  	-0.05029  	1.41951   	 (0.00000   )
768	0.00554   	0.11072   	-0.04123  	1.51719   	 (0.00000   )
769	-0.02194  	0.08581   	-0.09094  	1.43915   	 (0.00000   )
770	-0.09541  	-0.11071  	-0.03180  	1.47290   	 (-0.00000  )
771	-0.04898  	-0.07437  	-0.04328  	1.46510   	 (-0.00000  )
772	-0.34218  	-0.13987  	0.28728   	1.56086   	 (0.00000   )
773	0.09334   	-0.00764  	-0.05484  	1.46962   	 (-0.00000  )
774	0.05773   	0.26515   	-0.08732  	1.50019   	 (0.00000   )
775	-0.00005  	0.05857   	0.25554   	1.53549   	 (-0.00000  )
776	0.02335   	0.09374   	-0.18634  	1.56692   	 (-0.00000  )
777	-0.07266  	-0.04039  	0.23913   	1.50631   	 (-0.00000  )
778	0.02272   	-0.20665  	0.01727   	1.57286   	 (0.00000   )
779	-0.08623  	0.13771   	0.05435   	1.53425   	 (0.00000   )
780	-0.00115  	0.08536   	0.10545   	1.53487   	 (0.00000   )
781	-0.14211  	-0.07347  	-0.22253  	1.63079   	 (-0.00000  )
782	-0.09408  	-0.04193  	0.05666   	1.51217   	 (-0.00000  )
783	-0.04990  	-0.01128  	0.46136   	1.65119   	 (0.00000   )
784	-0.04442  	0.03867   	-0.08869  	1.52964   	 (-0.00000  )
785	-0.11814  	0.01581   	-0.05600  	1.47023   	 (0.00000   )
786	0.04379   	0.02364   	-0.03584  	1.48899   	 (-0.00000  )
787	0.06127   	-0.13721  	0.08345   	1.47544   	 (-0.00000  )
788	0.00501   	0.01768   	0.18971   	1.46057   	 (0.00000   )
789	0.02525   	-0.00033  	0.20081   	1.47614   	 (0.00000   )
790	-0.02073  	0.01253   	0.09439   	1.43215   	 (0.00000   )
791	-0.04215  	0.07444   	-0.10205  	1.55384   	 (-0.00000  )
792	-0.01729  	0.01003   	-0.11553  	1.36380   	 (-0.00000  )
793	0.16275   	0.02230   	0.06480   	1.50636   	 (-0.00000  )
794	0.08553   	-0.07701  	-0.11650  	1.45690   	 (-0.00000  )
795	-0.06481  	-0.17489  	-0.05079  	1.50167   	 (0.00000   )
796	-0.00818  	0.09449   	-0.21224  	1.38142   	 (0.00000   )
797	0.06313   	0.04318   	0.15780   	1.59574   	 (0.00000   )
798	0.15281   	0.00130   	-0.48393  	1.64633   	 (0.00000   )
799	0.00481   	0.04786   	-0.26070  	1.45519   	 (-0.00000  )
800	0.24563   	0.09182   	0.36005   	1.53445   	 (-0.00000  )
801	0.24749   	0.11284   	-0.24038  	1.47121   	 (0.00000   )
802	0.17106   	0.08894   	-0.04884  	1.51104   	 (0.00000   )
803	0.04363   	0.13763   	-0.17359  	1.59906   	 (-0.00000  )
804	-0.04006  	-0.21869  	0.36423   	1.53626   	 (-0.00000  )
805	0.06849   	0.08595   	-0.22116  	1.46577   	 (0.00000   )
806	0.11961   	0.16623   	-0.26197  	1.55933   	 (0.00000   )
807	0.00994   	-0.00496  	-0.40185  	1.55552   	 (0.00000   )
808	0.10038   	0.09152   	-0.07255  	1.47340   	 (-0.00000  )
809	0.11117   	0.04811   	0.07558   	1.35237   	 (0.00000   )
810	0.06853   	0.00983   	0.08776   	1.42909   	 (-0.00000  )
811	0.04559   	-0.02727  	0.02363   	1.49911   	 (-0.00000  )
812	0.01174   	0.07469   	-0.01870  	1.44659   	 (-0.00000  )
813	0.08808   	0.03169   	0.29253   	1.53617   	 (0.00000   )
814	0.12175   	0.06000   	-0.14843  	1.48442   	 (0.00000   )
815	-0.01953  	0.07747   	0.00291   	1.48843   	 (-0.00000  )
816	0.03238   	0.07086   	0.19191   	1.51764   	 (0.00000   )
817	0.03341   	0.08716   	-0.11831  	1.50462   	 (-0.00000  )
818	0.21896   	0.11065   	-0.01768  	1.50730   	 (0.00000   )
819	0.06459   	0.08133   	-0.15563  	1.45133   	 (0.00000   )
820	0.11853   	0.12096   	-0.11147  	1.47200   	 (0.00000   )
821	0.17085   	0.04849   	-0.05833  	1.42967   	 (-0.00000  )
822	-0.09438  	-0.10523  	0.02658   	1.47165   	 (-0.00000  )
823	0.10446   	0.05437   	0.04845   	1.52161   	 (0.00000   )
824	-0.00308  	0.00573   	0.32186   	1.65714   	 (0.00000   )
825	-0.09092  	0.22428   	-0.07735  	1.44234   	 (0.00000   )
826	-0.04208  	-0.21595  	0.06374   	1.51928   	 (0.00000   )
827	-0.28207  	0.18010   	-0.05061  	1.53196   	 (0.00000   )
828	-0.04283  	-0.00928  	-0.07679  	1.29125   	 (0.00000   )
829	0.28319   	0.06815   	0.05547   	1.49290   	 (0.00000   )
830	-0.05628  	0.20883   	-0.23969  	1.47039   	 (-0.00000  )
831	0.08233   	0.05703   	-0.08315  	1.36688   	 (-0.00000  )
832	0.35406   	0.20593   	-0.01007  	1.52719   	 (-0.00000  )
833	0.14130   	0.34399   	-0.19610  	1.59293   	 (-0.00000  )
834	0.00766   	-0.17256  	0.15163   	1.41351   	 (-0.00000  )
835	0.02467   	0.10075   	0.27426   	1.50601   	 (0.00000   )
836	-0.01691  	-0.14225  	0.35810   	1.58063   	 (-0.00000  )
837	0.07135   	0.23259   	-0.10831  	1.50331   	 (0.00000   )
838	0.00927   	0.01185   	0.06440   	1.49784   	 (-0.00000  )
839	-0.08215  	0.00856   	-0.06396  	1.39726   	 (0.00000   )
840	0.01371   	-0.16353  	-0.06956  	1.61162   	 (-0.00000  )
841	-0.11452  	-0.08811  	0.12847   	1.63422   	 (-0.00000  )
842	0.00451   	-0.09285  	-0.17570  	1.53893   	 (0.00000   )
843	-0.11750  	0.09638   	0.05475   	1.56610   	 (-0.00000  )
844	0.01274   	-0.15066  	0.15773   	1.52628   	 (0.00000   )
845	0.02185   	0.03755   	-0.22231  	1.46167   	 (0.00000   )
846	0.11829   	0.15512   	0.02106   	1.60112   	 (0.00000   )
847	-0.18616  	-0.02805  	0.14874   	1.42280   	 (-0.00000  )
848	0.18049   	0.00218   	-0.10843  	1.51010   	 (0.00000   )
849	0.20533   	0.26574   	-0.40913  	1.63171   	 (0.00000   )
850	-0.05460  	-0.06431  	-0.01360  	1.50889   	 (0.00000   )
851	0.12837   	0.05389   	-0.04412  	1.41586   	 (-0.00000  )
852	-0.12089  	-0.07575  	0.05242   	1.41878   	 (-0.00000  )
853	-0.14199  	0.07104   	0.11598   	1.40790   	 (-0.00000  )
854	-0.08732  	0.02108   	0.09327   	1.46646   	 (-0.00000  )
855	-0.04232  	0.10419   	-0.10540  	1.40769   	 (-0.00000  )
856	0.03200   	0.14931   	-0.19332  	1.43659   	 (-0.00000  )
857	0.06894   	0.01770   	-0.70481  	1.77464   	 (0.00000   )
858	0.12801   	-0.02694  	-0.06459  	1.35411   	 (-0.00000  )
859	0.01875   	0.04080   	-0.24229  	1.41145   	 (-0.00000  )
860	0.19235   	0.06158   	0.03462   	1.29434   	 (-0.00000  )
861	-0.06761  	-0.09036  	0.22429   	1.47883   	 (-0.00000  )
862	0.03818   	0.01039   	-0.43847  	1.62787   	 (0.00000   )
863	-0.14659  	-0.11105  	0.17892   	1.49198   	 (0.00000   )
864	0.03299   	-0.17151  	0.13584   	1.45988   	 (0.00000   )
865	0.00468   	0.07493   	-0.06802  	1.44520   	 (-0.00000  )
866	0.23343   	0.13454   	-0.05574  	1.53018   	 (0.00000   )
867	0.02758   	0.26292   	-0.14228  	1.45389   	 (0.00000   )
868	0.11923   	0.28690   	0.17473   	1.54890   	 (0.00000   )
869	-0.05845  	-0.17901  	-0.00966  	1.48674   	 (0.00000   )
870	0.03825   	0.19111   	0.00909   	1.44763   	 (0.00000   )
871	0.14550   	-0.00520  	-0.11320  	1.46930   	 (0.00000   )
872	-0.08821  	-0.27570  	0.00597   	1.46885   	 (-0.00000  )
873	0.43109   	0.09093   	0.01061   	1.56527   	 (0.00000   )
874	0.11105   	0.06325   	-0.12121  	1.50895   	 (0.00000   )
875	0.11207   	-0.10233  	-0.01478  	1.50684   	 (0.00000   )
876	0.14727   	0.06115   	0.00970   	1.43545   	 (0.00000   )
877	-0.25549  	0.03327   	-0.05245  	1.53706   	 (-0.00000  )
878	-0.38103  	-0.17779  	0.17241   	1.52040   	 (0.00000   )
879	0.13438   	0.08957   	0.22750   	1.54244   	 (-0.00000  )
880	0.10046   	0.02340   	0.06751   	1.45253   	 (0.00000   )
881	0.02496   	-0.15255  	0.20885   	1.42589   	 (0.00000   )
882	0.01126   	-0.00201  	0.26608   	1.53951   	 (-0.00000  )
883	0.06591   	0.01435   	0.20361   	1.50158   	 (-0.00000  )
884	0.00479   	0.10827   	0.01793   	1.40956   	 (0.00000   )
885	0.06722   	-0.15746  	0.27441   	1.52009   	 (0.00000   )
886	-0.02216  	-0.07413  	0.07300   	1.43342   	 (-0.00000  )
887	-0.01065  	-0.23501  	0.19040   	1.52197   	 (0.00000   )
888	-0.05388  	0.03371   	-0.01584  	1.46316   	 (-0.00000  )
889	-0.19444  	-0.04951  	0.08442   	1.51549   	 (-0.00000  )
890	-0.03618  	-0.10786  	-0.02488  	1.44557   	 (-0.00000  )
891	-0.03301  	-0.11802  	-0.05140  	1.50151   	 (0.00000   )
892	-0.25398  	0.01371   	0.06493   	1.62084   	 (0.00000   )
893	0.01893   	-0.00496  	0.00149   	1.50892   	 (-0.00000  )
894	0.26625   	-0.08030  	0.10052   	1.62839   	 (0.00000   )
895	0.09636   	0.03226   	0.08545   	1.44586   	 (-0.00000  )
896	-0.08263  	-0.07162  	-0.00632  	1.49721   	 (-0.00000  )
897	0.04383   	-0.03420  	-0.03709  	1.43720   	 (-0.00000  )
898	-0.17592  	0.06099   	-0.08718  	1.49588   	 (0.00000   )
899	0.12320   	0.32211   	-0.38860  	1.58838   	 (0.00000   )
900	0.05565   	0.05107   	0.12193   	1.48033   	 (0.00000   )
901	0.21092   	0.35172   	-0.32010  	1.60204   	 (0.00000   )
902	0.10180   	0.07404   	0.01115   	1.50163   	 (0.00000   )
903	-0.08066  	-0.18726  	0.15918   	1.41185   	 (-0.00000  )
904	0.12052   	0.04193   	-0.05282  	1.50078   	 (0.00000   )
905	0.09823   	-0.09077  	0.05355   	1.48574   	 (0.00000   )
906	-0.02925  	0.09848   	0.03881   	1.46304   	 (-0.00000  )
907	-0.07482  	0.02999   	0.02859   	1.43064   	 (-0.00000  )
908	0.36134   	0.14832   	-0.33936  	1.54321   	 (0.00000   )
909	0.05645   	-0.02289  	0.04676   	1.50344   	 (-0.00000  )
910	-0.08996  	0.03328   	0.04514   	1.48883   	 (0.00000   )
911	0.29231   	-0.00212  	-0.14970  	1.55377   	 (0.00000   )
912	0.15904   	0.08974   	-0.03134  	1.50652   	 (0.00000   )
913	0.28016   	-0.00393  	-0.14952  	1.50733   	 (-0.00000  )
914	-0.17809  	0.18858   	0.05256   	1.41814   	 (-0.00000  )
915	0.08824   	0.27851   	-0.50628  	1.64786   	 (-0.00000  )
916	-0.08974  	-0.25153  	0.36849   	1.49876   	 (-0.00000  )
917	-0.05207  	-0.07263  	0.37613   	1.60245   	 (0.00000   )
918	-0.03145  	0.01879   	-0.04768  	1.52104   	 (-0.00000  )
919	0.00118   	-0.02364  	0.21891   	1.52228   	 (-0.00000  )
920	0.07426   	0.00218   	-0.07310  	1.49565   	 (-0.00000  )
921	0.06564   	0.00619   	-0.64580  	1.71372   	 (0.00000   )
922	0.08905   	0.04148   	-0.03685  	1.47648   	 (-0.00000  )
923	0.10104   	0.00847   	0.00754   	1.37153   	 (-0.00000  )
924	-0.29911  	-0.12281  	-0.32741  	1.47930   	 (-0.00000  )
925	-0.03211  	0.00090   	-0.02281  	1.34507   	 (-0.00000  )
926	0.03087   	-0.02048  	-0.02375  	1.46649   	 (-0.00000  )
927	0.01442   	0.02350   	0.00454   	1.42359   	 (0.00000   )
928	-0.01004  	-0.07589  	0.09022   	1.50505   	 (-0.00000  )
929	-0.08199  	-0.19141  	-0.02852  	1.51170   	 (-0.00000  )
930	0.06921   	-0.02304  	-0.04733  	1.43952   	 (0.00000   )
931	0.03625   	0.03770   	-0.00350  	1.45817   	 (-0.00000  )
932	0.04879   	-0.02576  	-0.07876  	1.52458   	 (0.00000   )
933	0.03743   	0.02460   	-0.67904  	1.73205   	 (0.00000   )
934	0.11277   	0.34062   	-0.23481  	1.50604   	 (0.00000   )
935	-0.02730  	0.14355   	0.05268   	1.51503   	 (0.00000   )
936	0.04821   	-0.09215  	-0.07859  	1.50856   	 (-0.00000  )
937	0.04226   	0.07647   	0.09624   	1.54388   	 (-0.00000  )
938	-0.03312  	0.02047   	0.49349   	1.55467   	 (-0.00000  )
939	-0.06597  	-0.04728  	0.03627   	1.50808   	 (-0.00000  )
940	-0.05018  	-0.00772  	-0.03612  	1.47228   	 (-0.00000  )
941	0.07434   	0.11144   	-0.34425  	1.44066   	 (0.00000   )
942	-0.04179  	0.02797   	0.14147   	1.53854   	 (0.00000   )
943	-0.10001  	-0.06424  	0.07059   	1.50202   	 (-0.00000  )
944	0.04181   	0.00910   	0.01320   	1.27316   	 (-0.00000  )
945	-0.00556  	-0.10107  	-0.07214  	1.52513   	 (0.00000   )
946	0.05319   	0.13690   	-0.02807  	1.54208   	 (0.00000   )
947	0.31005   	0.07528   	-0.12534  	1.60204   	 (-0.00000  )
948	-0.10706  	-0.01542  	-0.09457  	1.46931   	 (0.00000   )
949	-0.12365  	0.00517   	0.13161   	1.44559   	 (-0.00000  )
950	-0.01356  	-0.06394  	0.09972   	1.39268   	 (-0.00000  )
951	0.00145   	0.11155   	0.06706   	1.46560   	 (0.00000   )
952	0.07347   	0.03500   	0.07995   	1.52924   	 (0.00000   )
953	0.11949   	-0.01133  	-0.12692  	1.40883   	 (0.00000   )
954	0.02701   	0.01985   	-0.33782  	1.53175   	 (0.00000   )
955	0.01402   	-0.00113  	0.21496   	1.46490   	 (0.00000   )
956	0.31538   	0.13853   	0.33667   	1.50100   	 (0.00000   )
957	0.08833   	0.15230   	-0.02864  	1.54433   	 (0.00000   )
958	-0.25193  	-0.08330  	0.04081   	1.48197   	 (-0.00000  )
959	0.06699   	0.00065   	0.01503   	1.44317   	 (-0.00000  )
960	0.08897   	0.03043   	-0.50831  	1.61739   	 (-0.00000  )
961	0.14000   	0.18654   	-0.28636  	1.56028   	 (0.00000   )
962	-0.04565  	-0.08053  	0.18097   	1.41679   	 (-0.00000  )
963	0.00894   	0.07417   	-0.18361  	1.44920   	 (0.00000   )
964	0.05122   	0.08623   	0.27486   	1.55732   	 (-0.00000  )
965	0.00020   	-0.01162  	-0.12566  	1.36563   	 (-0.00000  )
966	0.05432   	-0.12006  	0.01791   	1.47603   	 (-0.00000  )
967	0.12439   	-0.09898  	0.13012   	1.50836   	 (0.00000   )
968	0.02320   	0.15767   	0.17585   	1.48667   	 (0.00000   )
969	0.08027   	-0.04490  	-0.22696  	1.48935   	 (-0.00000  )
970	0.27730   	0.11644   	0.11110   	1.51046   	 (0.00000   )
971	0.33452   	0.14155   	-0.25641  	1.48372   	 (0.00000   )
972	0.03883   	0.00790   	-0.69990  	1.74505   	 (-0.00000  )
973	0.01196   	0.00180   	0.06375   	1.23798   	 (0.00000   )
974	0.06827   	0.24243   	-0.04521  	1.44599   	 (-0.00000  )
975	0.06693   	0.24092   	0.12566   	1.51009   	 (0.00000   )
976	-0.06986  	0.05534   	0.41497   	1.60761   	 (0.00000   )
977	-0.01569  	0.05919   	0.15877   	1.48082   	 (-0.00000  )
978	0.12135   	-0.07381  	-0.09601  	1.39016   	 (-0.00000  )
979	-0.06145  	-0.11952  	0.02287   	1.47819   	 (-0.00000  )
980	0.05186   	-0.00773  	-0.02208  	1.49449   	 (-0.00000  )
981	0.07973   	0.21705   	-0.19104  	1.42710   	 (-0.00000  )
982	-0.05322  	0.09633   	-0.28630  	1.45516   	 (-0.00000  )
983	0.06523   	-0.04994  	0.21727   	1.54149   	 (0.00000   )
984	0.03049   	0.13077   	-0.14608  	1.49303   	 (0.00000   )
985	0.18020   	0.38521   	-0.25636  	1.58074   	 (-0.00000  )
986	-0.07812  	0.07505   	-0.21532  	1.57485   	 (-0.00000  )
987	0.01374   	0.20474   	-0.01956  	1.59491   	 (-0.00000  )
988	0.13069   	-0.37330  	0.11809   	1.63884   	 (0.00000   )
989	-0.21260  	0.18735   	0.12180   	1.53148   	 (-0.00000  )
990	-0.05349  	-0.05848  	0.16372   	1.27729   	 (0.00000   )
991	-0.14295  	0.12429   	-0.27321  	1.42166   	 (-0.00000  )
992	0.01825   	0.11773   	-0.13845  	1.35244   	 (0.00000   )
993	0.16772   	0.33811   	-0.28607  	1.56767   	 (0.00000   )
994	0.16540   	0.19743   	-0.39592  	1.55694   	 (0.00000   )
995	0.12824   	0.30873   	-0.58273  	1.67690   	 (-0.00000  )
996	-0.02202  	-0.12080  	0.17306   	1.47308   	 (-0.00000  )
997	0.23357   	-0.14403  	0.16963   	1.49246   	 (-0.00000  )
998	0.08738   	0.02511   	-0.72587  	1.76553   	 (0.00000   )
999	0.16427   	0.25503   	-0.22381  	1.48661   	 (-0.00000  )
1000	-0.14882  	0.11502   	-0.08530  	1.38480   	 (-0.00000  )
1001	-0.03503  	-0.01010  	0.06845   	1.23225   	 (-0.00000  )
1002	0.00080   	-0.02122  	0.12211   	1.47416   	 (0.00000   )
1003	-0.18110  	-0.04996  	-0.06432  	1.49600   	 (-0.00000  )
1004	0.10650   	0.00698   	-0.05727  	1.50204   	 (-0.00000  )
1005	-0.02922  	0.06294   	-0.07416  	1.49770   	 (-0.00000  )
1006	0.01315   	-0.03666  	-0.07604  	1.49321   	 (0.00000   )
1007	0.36508   	0.12070   	0.25169   	1.49850   	 (0.00000   )
1008	0.04673   	0.20611   	0.12026   	1.51635   	 (-0.00000  )
1009	0.00781   	0.23420   	0.17916   	1.52776   	 (-0.00000  )
1010	0.06055   	0.01565   	-0.28448  	1.42855   	 (0.00000   )
1011	0.36399   	0.07679   	0.06876   	1.46613   	 (-0.00000  )
1012	0.41072   	0.26502   	0.04660   	1.55784   	 (-0.00000  )
1013	0.48339   	0.10413   	0.05963   	1.56317   	 (-0.00000  )
1014	0.10592   	0.12069   	0.05734   	1.28228   	 (0.00000   )
1015	0.09411   	0.08072   	-0.14515  	1.51188   	 (0.00000   )
1016	0.05736   	-0.04305  	-0.05684  	1.49856   	 (-0.00000  )
1017	0.44258   	0.23431   	-0.02482  	1.56611   	 (0.00000   )
1018	0.03326   	0.00798   	-0.40350  	1.54857   	 (0.00000   )
1019	0.40477   	0.16364   	-0.28119  	1.49067   	 (0.00000   )
1020	0.45737   	0.10345   	0.06786   	1.54480   	 (0.00000   )
1021	0.02544   	0.05235   	0.01670   	1.48772   	 (0.00000   )
1022	0.38778   	0.21780   	0.13829   	1.53489   	 (0.00000   )
