0 -0.248210894313717 4.89935e-06
1 -0.248210894282599 2.73819e-06
2 -0.24772266794019 4.03415e-06
3 -0.247722667918009 1.44712e-06
4 -0.247647431144646 2.43963e-06
5 -0.247647431136699 1.75641e-06
6 -0.245999078297541 1.21431e-06
7 -0.245999078296151 3.5578e-07
8 -0.245342514896521 2.60291e-07
9 -0.245342514896394 1.06513e-07
10 -0.24504725266934 4.54394e-07
11 -0.245047252669047 6.15519e-08
12 -0.244983755588052 3.16869e-07
13 -0.244983755587958 3.26893e-08
14 -0.244710884186122 1.07066e-07
15 -0.244710884186066 1.37735e-07
16 -0.244251359271324 3.72529e-08
17 -0.244251359271308 1.13942e-07
18 -0.243364632180784 3.40411e-08
19 -0.243364632180778 2.76275e-08
20 -0.241376626293539 2.80017e-08
21 -0.24137662629352 9.78199e-08
22 -0.240851695357541 5.5255e-08
23 -0.24085169535752 1.72735e-08
24 -0.239909754377189 9.39113e-08
25 -0.239909754377177 3.00343e-08
26 -0.238629357903098 5.44326e-08
27 -0.238629357903061 5.86068e-08
28 -0.238170522272263 7.55233e-08
29 -0.238170522272231 9.72508e-08
30 -0.235947641192646 5.11465e-08
31 -0.235947641192612 1.04242e-07
32 -0.233172559055564 2.44284e-08
33 -0.23317255905553 3.88039e-08
34 -0.153249381006899 4.56253e-08
35 -0.153249381006878 2.37807e-08
36 -0.149792749554398 4.17332e-08
37 -0.149792749554389 3.12791e-08
38 -0.147415027084196 5.6803e-08
39 -0.147415027084184 2.46405e-08
40 -0.1471343906052 4.55492e-08
41 -0.147134390605194 2.71205e-08
42 -0.145270181999282 3.72529e-09
43 -0.145270181999278 5.8902e-09
44 -0.143753750931368 3.08885e-08
45 -0.143753750931364 4.51283e-08
46 -0.143484731108265 4.6752e-08
47 -0.14348473110826 2.37076e-08
48 -0.141443492525119 6.00396e-08
49 -0.141443492525115 1.93572e-08
50 -0.141367157051427 8.33e-09
51 -0.141367157051419 3.15552e-08
52 -0.141144565930014 2.47108e-08
53 -0.141144565929999 6.11844e-08
54 -0.14082817794119 2.8856e-08
55 -0.14082817794118 1.13316e-07
56 -0.138808439720288 1.76438e-06
57 -0.138808439718854 4.15282e-07
58 -0.138555512538932 1.30544e-06
59 -0.138555512532834 9.8347e-07
60 -0.137704369650423 8.76618e-06
61 -0.137704369615913 2.64838e-06
62 -0.137570059188929 2.21786e-06
63 -0.13740481606688 2.87673e-06
64 -0.137170662354205 4.62628e-06
65 -0.137114990915228 5.36215e-06
