0 -0.24463821084887 5.58707e-06
1 -0.243432791129742 6.52936e-06
2 -0.243432791078468 2.64635e-06
3 -0.243416052499103 8.90614e-06
4 -0.243416052477719 6.99999e-06
5 -0.241887740134405 8.15234e-07
6 -0.240689035922179 9.49254e-06
7 -0.240689035899615 3.86453e-07
8 -0.238072723709871 8.56427e-06
9 -0.238072723704771 7.51332e-07
10 -0.237804816075448 8.99425e-06
11 -0.237804816071073 7.09528e-07
12 -0.233833365325878 1.16587e-06
13 -0.233833365325011 4.10508e-06
14 -0.151945530196903 3.38833e-07
15 -0.151945530195787 4.38944e-07
16 -0.147024108425187 2.96804e-07
17 -0.147024108424567 4.31877e-07
18 -0.146809814203403 4.51618e-07
19 -0.146809814203023 4.40696e-07
20 -0.144536009913858 3.97032e-07
21 -0.144536009913531 3.45464e-07
22 -0.141716773852888 4.00542e-07
23 -0.14171677385263 3.03577e-07
24 -0.141440323676248 4.40857e-07
25 -0.141440323676012 4.158e-07
26 -0.141151179852391 4.15537e-07
27 -0.141151179851951 3.83935e-07
28 -0.139269847452802 4.22849e-07
29 -0.139269847452332 4.89886e-07
30 -0.138993554711648 4.31402e-07
31 -0.13899355471162 5.01678e-07
32 -0.138378389453639 6.68941e-07
33 -0.138378389453209 6.83941e-07
34 -0.136954180339864 1.15029e-06
35 -0.136954180338106 1.60435e-06
36 -0.136891669211653 1.46903e-06
37 -0.136891669198841 3.54415e-06
38 -0.135826706688919 2.63973e-06
39 -0.135826706526197 8.17553e-06
40 -0.135348936658041 4.25429e-06
41 -0.135348936557738 9.64909e-06
42 -0.134560999460856 4.64769e-06
