#n 	 E_n 	 <H> 	 <H_dir> 	 <H_exc> 	 <H_0> 	 E_B (eV)
0  0.075154881318  0.075154881318  0.007385907380  -0.000000545832   0.082540242866  -0.200966027222
1  0.075963190845  0.075963190845  0.007057246975  -0.000734885609   0.082285552211  -0.172040304081
2  0.075968668990  0.075968668990  0.007040912868  -0.000731465826   0.082278116032  -0.171688887239
3  0.076155038014  0.076155038014  0.006905895449  -0.000876321891   0.082184611572  -0.164073137916
4  0.079152497911  0.079152497911  0.007634820728  -0.000023055198   0.086764263442  -0.207126796561
5  0.079157427008  0.079157427008  0.007618924006  -0.000017959858   0.086758391156  -0.206832875826
6  0.079537840659  0.079537840659  0.007525732641  -0.000311199772   0.086752373529  -0.196317539727
7  0.079985656413  0.079985656413  0.007363021474  -0.000688148420   0.086660529468  -0.181632640631
8  0.080011173723  0.080011173723  0.007306004136  -0.000677688685   0.086639489173  -0.180365743056
9  0.080158632955  0.080158632955  0.007111007763  -0.000868968849   0.086400671869  -0.169854617697
10  0.080320073572  0.080320073572  0.007071961242  -0.001031168608   0.086360866207  -0.164378424696
11  0.080804657592  0.080804657592  0.007087259805  -0.001360557177   0.086531360221  -0.155831595909
12  0.081932982352  0.081932982352  0.007241852498  -0.000009999441   0.089164835409  -0.196788846275
13  0.081994712659  0.081994712659  0.004934829507  -0.000064197318   0.086865344849  -0.132536720769
14  0.081996018763  0.081996018763  0.004884953854  -0.000054574204   0.086826398412  -0.131441392806
15  0.082108529576  0.082108529576  0.004878878361  -0.000162831965   0.086824575972  -0.128330224899
16  0.082127536901  0.082127536901  0.004734902080  -0.000010990038   0.086851448942  -0.128544260130
17  0.082197360164  0.082197360164  0.004978157069  -0.000077114751   0.087098402482  -0.133364222941
18  0.082205709059  0.082205709059  0.004940106039  -0.000069756594   0.087076058505  -0.132529026907
19  0.082278796539  0.082278796539  0.004660048486  -0.000085382384   0.086853462641  -0.124483069157
20  0.082291748391  0.082291748391  0.004664067766  -0.000098732644   0.086857083512  -0.124229160135
21  0.082711267643  0.082711267643  0.006442489712  -0.000537099112   0.088616658243  -0.160693945790
22  0.082752654855  0.082752654855  0.006442807299  -0.000543622881   0.088651839273  -0.160525066861
23  0.083135864121  0.083135864121  0.006889394977  -0.001020878070   0.089004381028  -0.159690560958
24  0.083395504690  0.083395504690  0.007795592102  -0.000208143461   0.090982953331  -0.206465099932
25  0.083848912808  0.083848912808  0.007642311109  -0.000459592368   0.091031631550  -0.195451832770
26  0.083939466059  0.083939466059  0.007688350303  -0.000032809361   0.091595007001  -0.208317986788
27  0.084235996448  0.084235996448  0.007582778735  -0.000269501256   0.091549273927  -0.199004518792
28  0.084264372267  0.084264372267  0.004931411614  -0.000007755842   0.089188028039  -0.133979566687
29  0.084276694828  0.084276694828  0.004928809245  -0.000024720287   0.089180783786  -0.133447126275
30  0.084289634426  0.084289634426  0.004982590329  -0.000046787779   0.089225436976  -0.134310097520
31  0.084292932329  0.084292932329  0.004963461114  -0.000043867070   0.089212526373  -0.133869041369
32  0.084430687172  0.084430687172  0.007545677921  -0.000423051211   0.091553313882  -0.193816644451
33  0.084557571437  0.084557571437  0.007455583770  -0.000519590828   0.091493564380  -0.188738078349
34  0.084846839777  0.084846839777  0.007382237160  -0.000588412977   0.091640663960  -0.184869467367
35  0.084890374036  0.084890374036  0.007482614119  -0.000848388563   0.091524599593  -0.180526565305
36  0.085069233262  0.085069233262  0.007258746008  -0.000907167205   0.091420812065  -0.172835351440
37  0.085078579535  0.085078579535  0.007221751279  -0.000864294581   0.091436036233  -0.172995297197
38  0.085117816815  0.085117816815  0.006935367523  -0.000852215243   0.091200969096  -0.165531089975
39  0.085313188302  0.085313188302  0.006868049078  -0.000862444757   0.091318792623  -0.163420901417
40  0.086158396240  0.086158396240  0.005121712322  -0.000032424202   0.091247684361  -0.138486654768
41  0.086177589575  0.086177589575  0.005643594175  -0.000202182505   0.091619001244  -0.148068429499
42  0.086223596868  0.086223596868  0.005056862288  -0.000137628345   0.091142830811  -0.133859242522
43  0.086342179703  0.086342179703  0.005772006840  -0.000224187762   0.091889998781  -0.150963924045
44  0.086371938156  0.086371938156  0.005149327016  -0.000250214429   0.091271050744  -0.133311712256
45  0.086412236216  0.086412236216  0.005515185197  -0.000248465973   0.091678955440  -0.143314803498
46  0.086445090511  0.086445090511  0.004818886999  -0.000043844670   0.091220132841  -0.129935586848
47  0.086471525489  0.086471525489  0.004664696489  -0.000013097675   0.091123124302  -0.126576515950
48  0.086556710853  0.086556710853  0.006693324390  -0.000424232194   0.092825803049  -0.170590775376
49  0.086655167127  0.086655167127  0.004920902079  -0.000171435513   0.091404633693  -0.129239634502
50  0.086672181307  0.086672181307  0.004888395150  -0.000172739534   0.091387836923  -0.128319591224
51  0.086780334315  0.086780334315  0.005002299449  -0.000497659117   0.091284974648  -0.122577569941
52  0.086853565236  0.086853565236  0.005558148546  -0.000156519919   0.092255193863  -0.146985877221
53  0.086919223249  0.086919223249  0.005128187436  -0.000112263217   0.091935147468  -0.136490320303
54  0.087011066392  0.087011066392  0.004875652976  -0.000038976104   0.091847743264  -0.131612749045
55  0.087061203522  0.087061203522  0.005106933518  -0.000036406970   0.092131730069  -0.137976126092
56  0.087119685953  0.087119685953  0.005563107036  -0.000153459215   0.092529333773  -0.147204090698
57  0.087173025532  0.087173025532  0.005400323103  -0.000044649816   0.092528698820  -0.145735368093
58  0.087305370452  0.087305370452  0.005284958265  -0.000238368444   0.092351960273  -0.137324774249
59  0.087308430951  0.087308430951  0.005221763887  -0.000210130664   0.092320064174  -0.136373556276
60  0.087344479596  0.087344479596  0.005920789889  -0.000271393972   0.092993875514  -0.153727972073
61  0.087377715947  0.087377715947  0.006358509963  -0.000230433572   0.093505792339  -0.166753537931
62  0.087569977821  0.087569977821  0.004973598391  -0.000173230118   0.092370346094  -0.130624741228
63  0.087626146001  0.087626146001  0.004413120489  -0.000067961290   0.091971305201  -0.118237865035
64  0.087685720149  0.087685720149  0.004723616299  -0.000162600427   0.092246736021  -0.124111627306
65  0.087690195274  0.087690195274  0.004341109180  -0.000078153290   0.091953151164  -0.116000997915
66  0.087731253500  0.087731253500  0.005058665955  -0.000277115185   0.092512804270  -0.130112690613
67  0.087897871955  0.087897871955  0.005968193988  -0.000552945925   0.093313120018  -0.147356481142
68  0.087934841630  0.087934841630  0.006103510458  -0.000587700704   0.093450651384  -0.150092905560
69  0.088100144160  0.088100144160  0.004233110425  -0.000055423500   0.092277831084  -0.113680709980
70  0.088109846190  0.088109846190  0.004213402425  -0.000065497773   0.092257750842  -0.112870292656
71  0.088133930083  0.088133930083  0.004136274232  -0.000038146025   0.092232058290  -0.111515805886
72  0.088152019318  0.088152019318  0.004270455318  -0.000085395126   0.092337079510  -0.113881346893
73  0.088252648158  0.088252648158  0.006531143257  -0.001147613944   0.093636177471  -0.146493369524
74  0.088368488090  0.088368488090  0.005004562231  -0.000054988511   0.093318061810  -0.134684830326
75  0.088416832251  0.088416832251  0.005031769137  -0.000100778626   0.093347822762  -0.134179155199
76  0.088646958864  0.088646958864  0.007474349289  -0.000235753567   0.095885554586  -0.196972323638
77  0.088769479368  0.088769479368  0.005095190320  -0.000074742311   0.093789927377  -0.136613418957
78  0.088786662012  0.088786662012  0.007463684159  -0.000240416855   0.096009929317  -0.196555215931
79  0.088800709146  0.088800709146  0.004907272614  -0.000057449604   0.093650532155  -0.131970473842
80  0.088809030387  0.088809030387  0.004904088140  -0.000021299419   0.093691819107  -0.132867516987
81  0.088881348243  0.088881348243  0.004848223964  -0.000054139512   0.093675432696  -0.130453749673
82  0.088961266564  0.088961266564  0.005114650532  -0.000109074477   0.093966842619  -0.136208732264
83  0.088991730730  0.088991730730  0.005078254364  -0.000100802097   0.093969182997  -0.135443444618
84  0.089026942518  0.089026942518  0.006649253886  -0.000013272060   0.095662924345  -0.180574355865
85  0.089085996888  0.089085996888  0.004757477276  -0.000075895286   0.093767578878  -0.127392400158
86  0.089155679378  0.089155679378  0.007376408121  -0.000537248549   0.095994838949  -0.186103106759
87  0.089220142699  0.089220142699  0.004587788882  -0.000073454672   0.093734476909  -0.122841353924
88  0.089256460909  0.089256460909  0.007342220006  -0.000415304684   0.096183376232  -0.188491063604
89  0.089402540379  0.089402540379  0.006277855523  -0.000326181401   0.095354214500  -0.161953385199
90  0.089507125677  0.089507125677  0.006178646737  -0.000415887699   0.095269884715  -0.156812741281
91  0.089527760672  0.089527760672  0.006099776276  -0.000398783053   0.095228753895  -0.155132006992
92  0.089530053120  0.089530053120  0.007229377395  -0.000173744652   0.096585685864  -0.191993644830
93  0.089634147460  0.089634147460  0.007255653061  -0.000339962595   0.096549837926  -0.188185619543
94  0.089815987329  0.089815987329  0.007175830991  -0.000475880474   0.096515937846  -0.182315033492
95  0.090017744787  0.090017744787  0.007058046567  -0.000508800885   0.096566990469  -0.178214143949
96  0.090031291125  0.090031291125  0.007198395340  -0.000551504032   0.096678182433  -0.180871218138
97  0.090133527933  0.090133527933  0.007165261361  -0.000617644425   0.096681144869  -0.178169823512
98  0.090143822694  0.090143822694  0.007202265595  -0.000611784776   0.096734303513  -0.179336209749
99  0.090148412858  0.090148412858  0.004234928727  -0.000009967514   0.094373374072  -0.114967109572
100  0.090209765981  0.090209765981  0.004287868869  -0.000058177692   0.094439457159  -0.115095818514
101  0.090215265667  0.090215265667  0.007228702568  -0.000811069974   0.096632898260  -0.174632767559
102  0.090223722292  0.090223722292  0.004215685125  -0.000056213386   0.094383194032  -0.113185049297
103  0.090245721827  0.090245721827  0.007131837368  -0.000697948645   0.096679610550  -0.175075119598
104  0.090288707943  0.090288707943  0.004292520318  -0.000047708152   0.094533520109  -0.115507281759
105  0.090371621226  0.090371621226  0.006797535073  -0.000663141512   0.096506014787  -0.166925436953
106  0.090435565602  0.090435565602  0.004161783382  -0.000030664995   0.094566683989  -0.112413514876
107  0.090438757023  0.090438757023  0.004172397251  -0.000016464680   0.094594689594  -0.113088743575
108  0.090440947213  0.090440947213  0.004165406029  -0.000018703773   0.094587649469  -0.112837573763
109  0.090455596827  0.090455596827  0.004113384505  -0.000038814919   0.094530166413  -0.110874742810
110  0.090474613843  0.090474613843  0.006829719306  -0.000680767420   0.096623565729  -0.167321589369
111  0.090623763010  0.090623763010  0.006572254584  -0.000663957608   0.096532059986  -0.160773032345
112  0.091148948437  0.091148948437  0.004880165187  -0.000132361665   0.095896751958  -0.129194380746
113  0.091208711291  0.091208711291  0.004697691864  -0.000019886126   0.095886517029  -0.127289643042
114  0.091239253667  0.091239253667  0.004999224060  -0.000200782779   0.096037694947  -0.130572305060
115  0.091263883342  0.091263883342  0.004739295275  -0.000090917730   0.095912260887  -0.126488860733
116  0.091300230606  0.091300230606  0.005045667371  -0.000169865250   0.096176032727  -0.132677401846
117  0.091387416776  0.091387416776  0.004984915412  -0.000133873778   0.096238458410  -0.132003634314
118  0.091408345232  0.091408345232  0.004836312528  -0.000261732143   0.095982925617  -0.124480736701
119  0.091415341190  0.091415341190  0.004832261676  -0.000257515823   0.095990087043  -0.124485239306
120  0.091510820270  0.091510820270  0.005246692092  -0.000075611993   0.096681900369  -0.140712329007
121  0.091522142454  0.091522142454  0.005144089976  -0.000073470454   0.096592761976  -0.137978656050
122  0.091546588585  0.091546588585  0.004934431902  -0.000064276219   0.096416744267  -0.132523754330
123  0.091582094374  0.091582094374  0.005676350540  -0.000183314424   0.097075130491  -0.149473202983
124  0.091616169021  0.091616169021  0.005446205568  -0.000148482656   0.096913891933  -0.144158457253
125  0.091673136079  0.091673136079  0.005049900797  -0.000033187206   0.096689849669  -0.136511800197
126  0.091682321481  0.091682321481  0.005003708934  -0.000032016721   0.096654013693  -0.135286705473
127  0.091722969473  0.091722969473  0.005196881401  -0.000077534778   0.096842316096  -0.139304588689
128  0.091740881939  0.091740881939  0.004927520244  -0.000035885862   0.096632516321  -0.133108219820
129  0.091756298525  0.091756298525  0.004838382288  -0.000048068625   0.096546612188  -0.130351141209
130  0.091781384359  0.091781384359  0.004857719213  -0.000097547114   0.096541556457  -0.129530947049
131  0.091788787042  0.091788787042  0.004831812970  -0.000094791473   0.096525808539  -0.128900986761
132  0.091826600912  0.091826600912  0.005097255102  -0.000099091592   0.096824764422  -0.136007026537
133  0.091898899717  0.091898899717  0.004939751647  -0.000160972667   0.096677678696  -0.130037266322
134  0.091908244318  0.091908244318  0.004799874008  -0.000108975221   0.096599143106  -0.127645923254
135  0.091916079011  0.091916079011  0.004750766473  -0.000082041702   0.096584803782  -0.127042537234
136  0.091942578607  0.091942578607  0.004872384404  -0.000118052533   0.096696910478  -0.129372026280
137  0.092017562176  0.092017562176  0.004809316691  -0.000090745894   0.096736132974  -0.128398917397
138  0.092065290426  0.092065290426  0.004821515836  -0.000271604443   0.096615201818  -0.123809458878
139  0.092066452067  0.092066452067  0.004777259254  -0.000210928073   0.096632783248  -0.124256264305
140  0.092107540644  0.092107540644  0.004668582308  -0.000093036642   0.096683086310  -0.124507003331
141  0.092128488635  0.092128488635  0.004798154613  -0.000223616240   0.096703027007  -0.124479593467
142  0.092135999471  0.092135999471  0.004715646193  -0.000190014496   0.096661631168  -0.123148774361
143  0.092195454213  0.092195454213  0.004980383962  -0.000145683777   0.097030154398  -0.131558960610
144  0.092283662610  0.092283662610  0.005370967184  -0.000158332381   0.097496297413  -0.141843090665
145  0.092295764203  0.092295764203  0.004761069812  -0.000175684768   0.096881149247  -0.124774746582
146  0.092411185394  0.092411185394  0.005548835362  -0.000215203927   0.097744816829  -0.145135578439
147  0.092437219906  0.092437219906  0.005236500299  -0.000322976358   0.097350743846  -0.133703865359
148  0.092474391440  0.092474391440  0.005451755443  -0.000404758583   0.097521388300  -0.137335850335
149  0.092543063754  0.092543063754  0.004097828074  -0.000007593717   0.096633298110  -0.111301003178
150  0.092543737970  0.092543737970  0.004093465213  -0.000008108861   0.096629094322  -0.111168265842
151  0.092591650362  0.092591650362  0.004157544302  -0.000013836474   0.096735358190  -0.112756091170
152  0.092600820529  0.092600820529  0.004303244383  -0.000089383684   0.096814681229  -0.114665049042
153  0.092617813884  0.092617813884  0.004375414661  -0.000101743182   0.096891485363  -0.116292584098
154  0.092625212261  0.092625212261  0.004708853897  -0.000157018473   0.097177047684  -0.123861814441
155  0.092661226921  0.092661226921  0.004130739696  -0.000112545866   0.096679420750  -0.109340679571
156  0.092699355365  0.092699355365  0.004235112705  -0.000022200678   0.096912267392  -0.114639234349
157  0.092822770309  0.092822770309  0.004955507704  -0.000227985390   0.097550292623  -0.128642500690
158  0.092892583551  0.092892583551  0.006602682173  -0.000139472442   0.099355793282  -0.175872985271
159  0.092987083014  0.092987083014  0.006043402932  -0.000233363640   0.098797122306  -0.158099303193
160  0.093032228253  0.093032228253  0.006098031342  -0.000234750685   0.098895508910  -0.159548075272
161  0.093066986477  0.093066986477  0.006267335510  -0.000248221399   0.099086100588  -0.163788521722
162  0.093128487072  0.093128487072  0.005818194079  -0.000299425106   0.098647256045  -0.150173430023
163  0.093224328285  0.093224328285  0.005746800821  -0.000291979241   0.098679149865  -0.148433331954
164  0.093281590914  0.093281590914  0.005871121616  -0.000308459178   0.098844253353  -0.151367832675
165  0.093391050866  0.093391050866  0.005422312801  -0.000215911986   0.098597451681  -0.141673455140
166  0.093437623240  0.093437623240  0.005657557203  -0.000414274610   0.098680905833  -0.142677059941
167  0.093493578691  0.093493578691  0.005470335076  -0.000298449861   0.098665463906  -0.140734237345
168  0.093624910719  0.093624910719  0.004133177112  -0.000022715816   0.097735372015  -0.111851406506
169  0.093625911063  0.093625911063  0.004148053285  -0.000025227592   0.097748736757  -0.112187859069
170  0.093648777070  0.093648777070  0.004081548344  -0.000038785616   0.097691539797  -0.110009233679
171  0.093659481344  0.093659481344  0.004028518437  -0.000024637519   0.097663362261  -0.108951205191
172  0.093831547425  0.093831547425  0.005708291598  -0.000204543669   0.099335295354  -0.149764686408
173  0.093872337440  0.093872337440  0.004981359654  -0.000158077616   0.098695619478  -0.131248256852
174  0.093913196670  0.093913196670  0.004999867258  -0.000170349736   0.098742714192  -0.131417933087
175  0.093967449341  0.093967449341  0.005276666038  -0.000206679565   0.099037435814  -0.137961429907
176  0.094073484919  0.094073484919  0.004633198565  -0.000026890439   0.098679793045  -0.125344092951
177  0.094089094519  0.094089094519  0.004360518683  -0.000051350098   0.098398263104  -0.117258510030
178  0.094104479305  0.094104479305  0.004598890494  -0.000101914079   0.098601455720  -0.122369024015
179  0.094108417212  0.094108417212  0.004582508621  -0.000095447540   0.098595478292  -0.122099213881
180  0.094118110852  0.094118110852  0.004219831356  -0.000029420154   0.098308522055  -0.114026955403
181  0.094156217251  0.094156217251  0.004131865192  -0.000093528563   0.098194553880  -0.109888793335
182  0.094182560115  0.094182560115  0.004928685397  -0.000062005147   0.099049240365  -0.132429182936
183  0.094222352527  0.094222352527  0.005004779431  -0.000114224632   0.099112907327  -0.133078842864
184  0.094234031502  0.094234031502  0.004915608559  -0.000065951703   0.099083688358  -0.131965952567
185  0.094266435562  0.094266435562  0.004846164540  -0.000082202956   0.099030397146  -0.129634064246
186  0.094285848269  0.094285848269  0.004888586173  -0.000160711027   0.099013723416  -0.128652101752
187  0.094302580363  0.094302580363  0.004954770341  -0.000159095335   0.099098255369  -0.130497030855
188  0.094318361584  0.094318361584  0.005024180256  -0.000281458986   0.099061082854  -0.129056085577
189  0.094367039867  0.094367039867  0.004942658278  -0.000128603088   0.099181095056  -0.130997181385
190  0.094395931269  0.094395931269  0.004991834820  -0.000135287053   0.099252479036  -0.132153463907
191  0.094416285646  0.094416285646  0.004661423616  -0.000056580673   0.099021128589  -0.125304223252
192  0.094441232712  0.094441232712  0.004673811518  -0.000096951758   0.099018092471  -0.124542761664
193  0.094483897290  0.094483897290  0.004627632729  -0.000280740377   0.098830789642  -0.118285026553
194  0.094504886308  0.094504886308  0.006478914140  -0.000207354185   0.100776446263  -0.170657926553
195  0.094533312482  0.094533312482  0.006500995828  -0.000206957899   0.100827350412  -0.171269583710
196  0.094543229941  0.094543229941  0.004495321532  -0.000206070695   0.098832480778  -0.116716520215
197  0.094586884482  0.094586884482  0.004501664420  -0.000146148163   0.098942400739  -0.118519695067
198  0.094607429950  0.094607429950  0.004529000864  -0.000076278432   0.099060152382  -0.121164811192
199  0.094628058087  0.094628058087  0.004477407733  -0.000157343738   0.098948122082  -0.117554989401
200  0.094653661658  0.094653661658  0.004292569984  -0.000072050406   0.098874181236  -0.114846246456
201  0.094673592065  0.094673592065  0.004450707854  -0.000099170387   0.099025129532  -0.118411426627
202  0.094682321395  0.094682321395  0.006327554764  -0.000269156730   0.100740719429  -0.164857492259
203  0.094696255334  0.094696255334  0.004511791576  -0.000108871564   0.099099175346  -0.119809617606
204  0.094702157916  0.094702157916  0.004453851530  -0.000099472007   0.099056537438  -0.118488762938
205  0.094738726887  0.094738726887  0.004470905004  -0.000160555899   0.099049075992  -0.117290633630
206  0.094779810327  0.094779810327  0.004673526406  -0.000052222356   0.099401114377  -0.125752153026
207  0.094794322196  0.094794322196  0.004777562400  -0.000184727848   0.099387156748  -0.124977458131
208  0.094822248720  0.094822248720  0.006449477329  -0.000446353076   0.100825372972  -0.163353415288
209  0.094891483257  0.094891483257  0.004388238977  -0.000062047183   0.099217675052  -0.117721735399
210  0.094923449414  0.094923449414  0.004985229357  -0.000295237159   0.099613441612  -0.127621253702
211  0.095016541851  0.095016541851  0.006197516937  -0.000184257556   0.101029801231  -0.163629206311
212  0.095027172213  0.095027172213  0.004012998928  -0.000015612544   0.099024558597  -0.108774479845
213  0.095031425898  0.095031425898  0.004058712404  -0.000021890116   0.099068248185  -0.109847586002
214  0.095057792896  0.095057792896  0.003984964698  -0.000019960348   0.099022797246  -0.107893319353
215  0.095096308675  0.095096308675  0.004138427659  -0.000062903042   0.099171833292  -0.110900730584
216  0.095116516358  0.095116516358  0.003922878963  -0.000005366528   0.099034028793  -0.106600997884
217  0.095221768897  0.095221768897  0.006091927433  -0.000164529366   0.101149166965  -0.161292799768
218  0.095273909728  0.095273909728  0.006264028895  -0.000433285800   0.101104652823  -0.158662682640
219  0.095331637705  0.095331637705  0.004702877637  -0.000097186742   0.099937328600  -0.125327297226
220  0.095409768705  0.095409768705  0.006106775901  -0.000273528755   0.101243015851  -0.158730821384
221  0.095484612937  0.095484612937  0.005938194742  -0.000316057850   0.101106749829  -0.152986215829
222  0.095488687736  0.095488687736  0.005954034270  -0.000330787017   0.101111934989  -0.153016430300
223  0.095504229557  0.095504229557  0.005925735054  -0.000303393581   0.101126571030  -0.152991782748
224  0.095511157447  0.095511157447  0.004784612677  -0.000292738150   0.100003031974  -0.122230194496
225  0.095554473205  0.095554473205  0.005891959050  -0.000362184425   0.101084247830  -0.150472909232
226  0.095614985273  0.095614985273  0.005935449367  -0.000409714132   0.101140720508  -0.150362991767
227  0.095664280152  0.095664280152  0.005823018617  -0.000380481882   0.101106816888  -0.148099044135
228  0.095865917969  0.095865917969  0.005842225960  -0.000334794394   0.101373349535  -0.149864923313
229  0.095903466359  0.095903466359  0.005809609067  -0.000317390395   0.101395685031  -0.149450959171
230  0.095938638283  0.095938638283  0.005693949084  -0.000318578603   0.101314008764  -0.146271356320
231  0.096039733421  0.096039733421  0.005459874842  -0.000289157994   0.101210450269  -0.140702444433
232  0.096270985471  0.096270985471  0.005787412047  -0.000297404322   0.101760993196  -0.149390796194
233  0.096420613541  0.096420613541  0.005485654563  -0.000307979505   0.101598288599  -0.140891787086
234  0.096469411241  0.096469411241  0.004962566180  -0.000068508038   0.101363469384  -0.133174173745
235  0.096473826637  0.096473826637  0.004929043629  -0.000092777577   0.101310092689  -0.131601570066
236  0.096541990211  0.096541990211  0.004837739022  -0.000113048308   0.101266680924  -0.128565448885
237  0.096559439913  0.096559439913  0.004711860840  -0.000113161447   0.101158139307  -0.125137048678
238  0.096581048719  0.096581048719  0.004763858141  -0.000134186971   0.101210719888  -0.125979834065
239  0.096615757448  0.096615757448  0.004836104960  -0.000139374321   0.101312488087  -0.127804616097
240  0.096660868121  0.096660868121  0.005142821031  -0.000161578072   0.101642111081  -0.135546594665
241  0.096703517720  0.096703517720  0.004711632315  -0.000140732792   0.101274417243  -0.124380575289
242  0.096721735457  0.096721735457  0.005029806995  -0.000292287618   0.101459254834  -0.128914534780
243  0.096740605037  0.096740605037  0.004901279940  -0.000191192395   0.101450692582  -0.128168076213
244  0.096746897504  0.096746897504  0.004810350814  -0.000068986381   0.101488261938  -0.129019164141
245  0.096773845315  0.096773845315  0.004969185430  -0.000149173112   0.101593857633  -0.131159283183
246  0.096786837415  0.096786837415  0.004913954324  -0.000172829331   0.101527962407  -0.129012648625
247  0.096803545221  0.096803545221  0.004819995221  -0.000082892574   0.101540647867  -0.128903194959
248  0.096840605217  0.096840605217  0.004755867547  -0.000103584784   0.101492887981  -0.126595127186
249  0.096850732759  0.096850732759  0.004826598360  -0.000102900534   0.101574430585  -0.128538431016
250  0.096882229231  0.096882229231  0.004828351281  -0.000080918306   0.101629662205  -0.129184297650
251  0.096936746091  0.096936746091  0.004776612406  -0.000061244674   0.101652113823  -0.128311757493
252  0.096946431976  0.096946431976  0.005182507649  -0.000105666221   0.102023273403  -0.138147962812
253  0.097007925325  0.097007925325  0.004837304259  -0.000050593446   0.101794636138  -0.130253102609
254  0.097047260240  0.097047260240  0.005131784455  -0.000132086279   0.102046958416  -0.136048786937
255  0.097048915152  0.097048915152  0.005148225813  -0.000138736893   0.102058404072  -0.136315206793
256  0.097064073431  0.097064073431  0.005065474205  -0.000313665314   0.101815882321  -0.129303372445
257  0.097095768347  0.097095768347  0.004789267087  -0.000149630147   0.101735405287  -0.126251016637
258  0.097116835801  0.097116835800  0.004799386399  -0.000164310259   0.101751911940  -0.126126910875
259  0.097125048204  0.097125048204  0.004732206142  -0.000093411642   0.101763842705  -0.126228092669
260  0.097155025976  0.097155025976  0.004935824417  -0.000196475682   0.101894374711  -0.128964314158
261  0.097159712636  0.097159712636  0.004657082358  -0.000057359032   0.101759435962  -0.125164911307
262  0.097206238278  0.097206238278  0.005132128845  -0.000323888891   0.102014478232  -0.130838940676
263  0.097219276406  0.097219276406  0.004855309090  -0.000205040512   0.101869544984  -0.126540318383
264  0.097257242744  0.097257242744  0.004757154937  -0.000161799229   0.101852598452  -0.125046062319
265  0.097258636892  0.097258636892  0.004967964617  -0.000299721627   0.101926879883  -0.127029427310
266  0.097302006542  0.097302006542  0.004530574650  -0.000154774937   0.101677806255  -0.119071636317
267  0.097328168920  0.097328168920  0.004587783059  -0.000042110658   0.101873841322  -0.123694109999
268  0.097351160518  0.097351160518  0.004673113410  -0.000081040401   0.101943233527  -0.124956735481
269  0.097398521168  0.097398521168  0.005105205113  -0.000554495932   0.101949230349  -0.123831167814
270  0.097425495066  0.097425495066  0.004732380020  -0.000145771744   0.102012103342  -0.124808032442
271  0.097431119438  0.097431119438  0.004793474869  -0.000136160379   0.102088433929  -0.126732047531
272  0.097701336388  0.097701336388  0.005522990775  -0.000317793809   0.102906533354  -0.141640696707
273  0.097733356885  0.097733356885  0.004723757499  -0.000091754466   0.102365359918  -0.126043287337
274  0.097738707573  0.097738707573  0.004476564156  -0.000080136952   0.102135134777  -0.119632939232
275  0.097760228766  0.097760228766  0.004393954948  -0.000057990654   0.102096193061  -0.117987658807
276  0.097765994761  0.097765994761  0.004708948448  -0.000092285723   0.102382657485  -0.125625856065
277  0.097807166876  0.097807166876  0.005090393571  -0.000177842468   0.102719717979  -0.133677393110
278  0.097833404421  0.097833404421  0.004128032155  -0.000056278883   0.101905157694  -0.110798106994
279  0.097863062592  0.097863062592  0.004687289132  -0.000100368119   0.102449983605  -0.124816542458
280  0.097918695860  0.097918695860  0.004692350918  -0.000120366960   0.102490679818  -0.124410084264
281  0.097959512744  0.097959512744  0.005244339798  -0.000174486298   0.103029366244  -0.137957811537
282  0.097973925021  0.097973925021  0.005373545021  -0.000173910875   0.103173559166  -0.141489324594
283  0.098000016054  0.098000016054  0.004798047715  -0.000098109112   0.102699954656  -0.127891909285
284  0.098096307392  0.098096307392  0.005388649581  -0.000079257913   0.103405699060  -0.144475980430
285  0.098109867836  0.098109867836  0.005148681127  -0.000216463473   0.103042085491  -0.134212547481
286  0.098125088408  0.098125088408  0.004302809262  -0.000059405388   0.102368492282  -0.115468960169
287  0.098139660580  0.098139660580  0.004148533303  -0.000045998419   0.102242195464  -0.111635717739
288  0.098156887070  0.098156887070  0.004445138135  -0.000091565540   0.102510459666  -0.118466805329
289  0.098197517180  0.098197517180  0.004474849052  -0.000112941998   0.102559424234  -0.118693597607
290  0.098211843491  0.098211843491  0.004289673207  -0.000083383703   0.102418132995  -0.114459026219
291  0.098235177830  0.098235177830  0.005168908875  -0.000178125369   0.103225961335  -0.135806206275
292  0.098246915684  0.098246915684  0.004629628898  -0.000144877658   0.102731666924  -0.122036359912
293  0.098273273530  0.098273273530  0.004477586131  -0.000190658410   0.102560201251  -0.116653304991
294  0.098310422983  0.098310422983  0.004278829545  -0.000126086567   0.102463165961  -0.113001950270
295  0.098378592138  0.098378592138  0.004654551402  -0.000192731694   0.102840411847  -0.121412360807
296  0.098391372351  0.098391372351  0.004357152586  -0.000112435401   0.102636089537  -0.115504697221
297  0.098408223607  0.098408223607  0.004305565255  -0.000098146671   0.102615642191  -0.114489750060
298  0.098431003772  0.098431003772  0.004544425252  -0.000176318425   0.102799110599  -0.118862302115
299  0.098516045520  0.098516045520  0.004583271281  -0.000113257346   0.102986059455  -0.121635337192
300  0.098621969029  0.098621969029  0.004539633158  -0.000081036585   0.103080565602  -0.121324654779
301  0.098681253390  0.098681253390  0.004813503142  -0.000109213345   0.103385543187  -0.128010311382
302  0.098703935439  0.098703935439  0.004899070260  -0.000110238417   0.103492767283  -0.130310818834
303  0.098714909958  0.098714909958  0.004197269096  -0.000071515593   0.102840663462  -0.112267528886
304  0.098762588786  0.098762588786  0.005111061053  -0.000204756275   0.103668893564  -0.133507421828
305  0.098798091799  0.098798091799  0.005147907514  -0.000211100314   0.103734898998  -0.134337435435
306  0.098922661674  0.098922661674  0.004722751110  -0.000111185856   0.103534226929  -0.125487146757
307  0.098955899071  0.098955899071  0.004717275324  -0.000130692123   0.103542482272  -0.124807350108
308  0.099067026927  0.099067026927  0.004691807252  -0.000122123028   0.103636711150  -0.124347505273
309  0.099101782732  0.099101782732  0.004652753281  -0.000087986519   0.103666549493  -0.124213694253
310  0.099167011305  0.099167011305  0.004573092306  -0.000116232789   0.103623870821  -0.121277387042
311  0.099197768579  0.099197768579  0.004652488700  -0.000158368606   0.103691888673  -0.122291299524
312  0.099268344530  0.099268344530  0.004888058123  -0.000034766882   0.104121635770  -0.132064849269
313  0.099308277872  0.099308277872  0.004857976432  -0.000070335259   0.104095919045  -0.130278419001
314  0.099316842437  0.099316842437  0.004851771646  -0.000073302671   0.104095311412  -0.130028830659
315  0.099345753588  0.099345753588  0.004845667946  -0.000112290506   0.104079131028  -0.128801826876
316  0.099369216563  0.099369216563  0.004852661162  -0.000118631213   0.104103246512  -0.128819582556
317  0.099392382705  0.099392382705  0.004796182392  -0.000094706901   0.104093858197  -0.127933730198
318  0.099410524230  0.099410524230  0.004861839841  -0.000125515863   0.104146848207  -0.128882006280
319  0.099430417555  0.099430417555  0.004851859964  -0.000161047948   0.104121229572  -0.127643562099
320  0.099610416861  0.099610416861  0.004910029555  -0.000132800202   0.104387646214  -0.129995098813
321  0.099616587959  0.099616587959  0.004894885455  -0.000136155234   0.104375318180  -0.129491711528
322  0.099690622354  0.099690622354  0.004896375714  -0.000101589502   0.104485408565  -0.130472845518
323  0.099694470499  0.099694470499  0.004856789495  -0.000112990610   0.104438269384  -0.129085408968
324  0.099729849382  0.099729849382  0.004698226609  -0.000075660663   0.104352415328  -0.125786490983
325  0.099757452390  0.099757452390  0.004642005817  -0.000080190576   0.104319267631  -0.124133379250
326  0.099809420747  0.099809420747  0.004936620619  -0.000192113988   0.104553927378  -0.129104667758
327  0.099829039245  0.099829039245  0.004745870836  -0.000211951455   0.104362958627  -0.123374293854
328  0.099925002662  0.099925002662  0.004845719531  -0.000071960339   0.104698761853  -0.129900670863
329  0.099988768963  0.099988768963  0.004974463179  -0.000186439197   0.104776792945  -0.130288835805
330  0.100032744192  0.100032744192  0.005079034973  -0.000182326534   0.104929452632  -0.133246292020
331  0.100042750227  0.100042750227  0.005059330778  -0.000182989384   0.104919091621  -0.132692076196
332  0.100069228576  0.100069228576  0.005016264309  -0.000111514961   0.104973977924  -0.133465096398
333  0.100073391288  0.100073391288  0.005039065594  -0.000114697626   0.104997759256  -0.133998946504
334  0.100138634320  0.100138634320  0.004877858556  -0.000090104028   0.104926388849  -0.130281503586
335  0.100169332818  0.100169332818  0.004873906273  -0.000113395552   0.104929843539  -0.129540161449
336  0.100169433432  0.100169433432  0.005101290373  -0.000262513830   0.105008209976  -0.131669884030
337  0.100179364186  0.100179364186  0.005035809300  -0.000229615901   0.104985557586  -0.130783251067
338  0.100222783672  0.100222783672  0.004663144711  -0.000089940926   0.104795987457  -0.124443277473
339  0.100249782850  0.100249782850  0.004840770399  -0.000132864335   0.104957688915  -0.128108715086
340  0.100307498141  0.100307498141  0.004556942229  -0.000110074904   0.104754365466  -0.121005485522
341  0.100322438387  0.100322438387  0.004500268639  -0.000102290387   0.104720416639  -0.119675145390
342  0.100357027514  0.100357027514  0.004865226609  -0.000233681307   0.104988572816  -0.126030831823
343  0.100487747689  0.100487747689  0.004168126938  -0.000036636821   0.104619237805  -0.112423630159
344  0.100675721945  0.100675721945  0.005274716283  -0.000091906455   0.105858531773  -0.141031511365
345  0.100699882624  0.100699882624  0.004909940251  -0.000147504202   0.105462318673  -0.129592552313
346  0.100740392675  0.100740392675  0.004698437950  -0.000161618317   0.105277212308  -0.123453213764
347  0.100757368299  0.100757368299  0.005064053121  -0.000111774611   0.105709646808  -0.134758431422
348  0.100773695137  0.100773695137  0.004666587595  -0.000154034445   0.105286248287  -0.122792888788
349  0.100787951521  0.100787951521  0.004659752523  -0.000114034787   0.105333669257  -0.123695343598
350  0.100799140932  0.100799140932  0.004618118659  -0.000147046686   0.105270212904  -0.121664127877
351  0.100917798199  0.100917798199  0.005384822262  -0.000113341397   0.106189279064  -0.143444374429
352  0.100948092709  0.100948092709  0.005400183048  -0.000132174187   0.106216101570  -0.143349896318
353  0.101004074866  0.101004074866  0.004236897387  -0.000084439984   0.105156532268  -0.112994179361
354  0.101076937191  0.101076937191  0.004527090380  -0.000136256725   0.105467770845  -0.119480730917
355  0.101107249746  0.101107249746  0.005369774115  -0.000113689668   0.106363334193  -0.143025416328
356  0.101149736321  0.101149736321  0.005349303959  -0.000121933126   0.106377107155  -0.142244078702
357  0.101165034769  0.101165034769  0.004750804689  -0.000342328392   0.105573511065  -0.119960811886
358  0.101219155534  0.101219155534  0.005324704375  -0.000134048276   0.106409811633  -0.141245019363
359  0.101302410128  0.101302410128  0.005259739249  -0.000152804212   0.106409345166  -0.138966852075
360  0.101355421811  0.101355421811  0.005256063765  -0.000202564824   0.106408920752  -0.137512781088
361  0.101407420357  0.101407420357  0.005375525484  -0.000323359335   0.106459586506  -0.137476513957
362  0.101419468694  0.101419468694  0.005313703040  -0.000262062705   0.106471109029  -0.137462205811
363  0.101445821671  0.101445821671  0.005322445382  -0.000312482020   0.106455785033  -0.136328117045
364  0.101455981722  0.101455981722  0.004881347907  -0.000146852657   0.106190476973  -0.128832244062
365  0.101499825861  0.101499825861  0.005120139604  -0.000164850309   0.106455115156  -0.134840359132
366  0.101540276245  0.101540276245  0.005067939416  -0.000150440854   0.106457774806  -0.133812020363
367  0.101543205014  0.101543205014  0.004724814386  -0.000137748071   0.106130271329  -0.124820496313
368  0.101579376971  0.101579376971  0.004997402580  -0.000123464269   0.106453315282  -0.132626684959
369  0.101612952983  0.101612952983  0.005030009826  -0.000168726380   0.106474236429  -0.132282328366
370  0.101628569185  0.101628569185  0.005003188185  -0.000158844337   0.106472913033  -0.131821378194
371  0.101774274034  0.101774274034  0.004872294371  -0.000244202683   0.106402365721  -0.125936854151
372  0.101792279059  0.101792279059  0.004665125758  -0.000145600633   0.106311804184  -0.122982605980
373  0.101812843198  0.101812843198  0.004552942258  -0.000113143477   0.106252641979  -0.120813140553
374  0.102039163169  0.102039163169  0.004557581872  -0.000123652419   0.106473092622  -0.120653427904
375  0.102078788107  0.102078788107  0.004576293380  -0.000171869277   0.106483212210  -0.119850546038
376  0.102549782987  0.102549782987  0.004874840062  -0.000098105948   0.107326517100  -0.129981622655
377  0.102699244412  0.102699244412  0.004873314136  -0.000053621697   0.107518936851  -0.131150578839
378  0.102723979625  0.102723979625  0.004836243456  -0.000054726527   0.107505496554  -0.130111769749
379  0.102792322622  0.102792322622  0.004876643881  -0.000133507833   0.107535458670  -0.129067372240
380  0.102809321340  0.102809321340  0.004843309181  -0.000124058011   0.107528572511  -0.128417431309
381  0.102814712195  0.102814712195  0.004857557642  -0.000137241988   0.107535027849  -0.128446397396
382  0.102843346609  0.102843346609  0.004739107332  -0.000086952259   0.107495501683  -0.126591652568
383  0.102898980710  0.102898980710  0.004835797316  -0.000133444902   0.107601333124  -0.127957592484
384  0.102919994239  0.102919994239  0.004875420471  -0.000247093549   0.107548321161  -0.125943255217
385  0.102942267324  0.102942267324  0.004796562725  -0.000122342610   0.107616487440  -0.127192073255
386  0.102975025735  0.102975025735  0.004819606736  -0.000104520159   0.107690112311  -0.128304106860
387  0.103007320996  0.103007320996  0.004814705467  -0.000195308386   0.107626718076  -0.125700261708
388  0.103011335609  0.103011335609  0.004808026821  -0.000200455149   0.107618907281  -0.125378475795
389  0.103235964456  0.103235964456  0.004927939493  -0.000161808490   0.108002095459  -0.129693097182
390  0.103246873952  0.103246873952  0.004921385702  -0.000173137287   0.107995122367  -0.129206486921
391  0.103295385579  0.103295385579  0.004877278447  -0.000142363074   0.108030300952  -0.128843676180
392  0.103300926685  0.103300926685  0.004833584477  -0.000152305669   0.107982205494  -0.127384150169
393  0.103335239424  0.103335239424  0.004837200222  -0.000144168821   0.108028270825  -0.127703954664
394  0.103356869541  0.103356869541  0.004798210504  -0.000117715954   0.108037364091  -0.127362809410
395  0.103369922694  0.103369922694  0.005376991410  -0.000078157130   0.108668756974  -0.144188699113
396  0.103459689925  0.103459689925  0.004905681776  -0.000360860356   0.108004511345  -0.123670953594
397  0.103480160709  0.103480160709  0.005414865564  -0.000183479897   0.108711546376  -0.142353327933
398  0.103501344454  0.103501344454  0.004912078286  -0.000317460516   0.108095962223  -0.125025981968
399  0.103584778082  0.103584778082  0.005338333697  -0.000087761774   0.108835350005  -0.142875412830
400  0.103657585736  0.103657585736  0.005338114778  -0.000151063437   0.108844637078  -0.141146928870
401  0.104240109979  0.104240109979  0.004659007044  -0.000155135647   0.108743981376  -0.122556646120
402  0.104303199345  0.104303199345  0.004680437690  -0.000232014716   0.108751622319  -0.121047816906
403  0.104693192165  0.104693192165  0.004695790912  -0.000154876614   0.109234106463  -0.123564635326
404  0.104742285628  0.104742285628  0.004597664007  -0.000143666906   0.109196282728  -0.121199496706
405  0.105128244103  0.105128244103  0.004974503020  -0.000080297202   0.110022449920  -0.133178192192
