0 14 0.17331907 0.092692680652 0.00185629 -0.00758846 -0.11507788 -0.12246072 -0.04174170 -0.00000013 -0.00000014
0 15 0.11012031 0.092692680653 0.00074936 -0.02145883 0.08556896 0.00513664 -0.06570822 0.00000047 0.00000018
0 16 0.00000126 0.097614102424 0.00000000 0.00000001 0.00000086 -0.00000043 -0.00000004 -0.00000076 0.00000028
0 17 0.00000145 0.097614102424 0.00000000 -0.00000049 -0.00000002 0.00000071 0.00000112 -0.00000002 0.00000033
0 18 0.00000202 0.097828396645 0.00000000 0.00000029 0.00000028 0.00000001 -0.00000083 0.00000094 0.00000153
0 19 0.00000212 0.097828396646 0.00000000 0.00000099 0.00000068 0.00000046 0.00000007 -0.00000043 0.00000163
0 20 0.00000171 0.100102200935 0.00000000 -0.00000041 -0.00000102 0.00000031 0.00000111 -0.00000031 0.00000055
0 21 0.00000086 0.100102200935 0.00000000 0.00000014 0.00000034 0.00000043 -0.00000023 -0.00000049 0.00000036
0 22 0.65584464 0.102921436996 0.02951322 -0.00335311 -0.06792907 -0.00628763 0.01666575 -0.64985278 0.05367180
0 23 0.12902114 0.102921436996 0.00114218 -0.02465302 -0.05939704 0.07673709 -0.05055463 -0.06374335 0.00176357
0 24 0.60376914 0.103197887173 0.02507964 0.37580534 -0.09533474 -0.40235382 -0.22875796 -0.00000057 0.00000240
0 25 0.55865923 0.103197887173 0.02147205 -0.22977559 0.36769821 0.00057835 0.35227972 -0.00000092 0.00000120
0 26 0.58073666 0.103487030996 0.02326768 -0.23562877 0.14970111 0.09318162 0.10897365 0.22112814 0.43573846
0 27 0.62361724 0.103487030997 0.02683063 -0.31427815 -0.23586090 0.26460994 -0.37650700 -0.06151064 0.13761485
0 28 1.55740578 0.105368363396 0.17038154 0.09050829 -0.19768780 -0.81136034 1.31146290 -0.00000185 0.00000050
0 29 2.25845363 0.105368363397 0.35829548 -1.61095662 -1.05858744 -0.78349633 0.87804196 0.00000038 0.00000159
0 30 0.84626695 0.105644656137 0.05043953 -0.18814118 0.15665900 0.16021543 -0.13214182 -0.67932377 -0.38938075
0 31 0.59351060 0.105644656137 0.02480923 -0.23218791 0.22344456 -0.32825912 -0.11354638 -0.05251711 -0.35356931
0 32 0.54563144 0.106259821395 0.02109000 -0.19599291 -0.16276479 -0.37451019 0.30422062 -0.00000085 0.00000056
0 33 0.42610958 0.106259821396 0.01286235 -0.39738797 -0.12968775 0.03578940 0.07451433 0.00000048 0.00000030
0 34 0.00000572 0.107684030509 0.00000000 -0.00000061 -0.00000092 -0.00000031 -0.00000073 -0.00000553 -0.00000053
0 35 0.00000905 0.107684030511 0.00000000 0.00000174 0.00000182 0.00000175 -0.00000168 0.00000788 -0.00000276
0 36 0.00000560 0.107746541637 0.00000000 0.00000153 0.00000071 -0.00000363 0.00000234 0.00000076 -0.00000306
0 37 0.00000892 0.107746541650 0.00000000 -0.00000022 -0.00000108 -0.00000072 0.00000372 0.00000658 -0.00000456
0 38 0.00001589 0.108811504160 0.00000000 -0.00000218 0.00000201 0.00000225 0.00000370 -0.00000335 -0.00001462
0 39 0.00001787 0.108811504323 0.00000000 -0.00000322 -0.00000765 -0.00000544 -0.00000501 0.00000563 0.00001281
0 40 0.00001961 0.109289274191 0.00000000 -0.00000100 -0.00000380 -0.00000325 0.00000019 0.00000839 0.00001698
0 41 0.00002135 0.109289274291 0.00000000 -0.00000311 0.00000180 -0.00000334 0.00001155 0.00000627 -0.00001610
0 42 0.00000996 0.110077211388 0.00000000 0.00000127 -0.00000238 0.00000314 -0.00000879 0.00000184 -0.00000121
1 14 0.29715780 0.091487260933 0.00538572 -0.18382893 -0.11872084 -0.00322117 -0.13268235 0.03134483 -0.14770769
1 15 0.33037488 0.091487260934 0.00665707 -0.06306609 -0.10306602 -0.06845368 0.20046594 0.22183896 -0.02150822
1 16 0.00000177 0.096408682705 0.00000000 0.00000092 -0.00000066 0.00000005 0.00000020 -0.00000056 0.00000122
1 17 0.00000153 0.096408682705 0.00000000 -0.00000053 0.00000017 0.00000117 -0.00000040 0.00000003 0.00000071
1 18 0.00000193 0.096622976926 0.00000000 0.00000004 -0.00000058 0.00000046 0.00000029 0.00000066 -0.00000163
1 19 0.00000264 0.096622976927 0.00000000 0.00000162 -0.00000158 -0.00000003 -0.00000110 0.00000066 0.00000047
1 20 0.00000367 0.098896781216 0.00000000 -0.00000175 0.00000144 0.00000249 0.00000140 0.00000042 0.00000004
1 21 0.00000157 0.098896781216 0.00000000 0.00000123 -0.00000051 -0.00000026 0.00000026 0.00000056 0.00000051
1 22 0.46114812 0.101716017277 0.01442046 0.14206139 -0.19948864 0.09357373 0.37937368 0.00000209 0.00000501
1 23 0.48456874 0.101716017277 0.01592241 -0.34697289 0.20824230 -0.02028871 0.26578222 0.00000311 0.00000217
1 24 2.61277954 0.101992467453 0.46417567 -0.92660499 -0.30537722 1.19648412 0.14158202 0.42932650 -2.05884042
1 25 1.66875626 0.101992467454 0.18934884 -0.40499176 1.12544902 -0.27114595 0.92594015 -0.51918443 -0.39198965
1 26 0.76893575 0.102281611277 0.04031683 -0.38712863 -0.25723066 0.43966723 -0.42651932 0.00000349 -0.00000092
1 27 0.82100641 0.102281611278 0.04596205 -0.44108071 0.47124396 0.30001067 0.40917241 -0.00000060 -0.00000104
1 28 0.34015037 0.104162943677 0.00803459 0.10617572 -0.23827166 -0.11568497 0.04759495 -0.14584119 -0.10362270
1 29 0.30849079 0.104162943677 0.00660855 0.13356079 -0.03649105 0.21889420 0.15379351 -0.06490083 0.01473954
1 30 0.55642658 0.104439236418 0.02155699 0.38682979 -0.20474518 -0.15350195 0.30739195 0.00000023 0.00000037
1 31 0.58036398 0.104439236418 0.02345165 -0.34686316 -0.10652224 -0.41105818 0.19024322 -0.00000085 0.00000165
1 32 0.22443858 0.105054401676 0.00352791 0.16765226 -0.11724712 0.01433924 0.05057182 0.05067089 0.05646101
1 33 0.21090662 0.105054401677 0.00311533 0.00625746 0.03910505 0.19271727 0.05932101 -0.00402294 -0.04730887
1 34 0.00000388 0.106478610790 0.00000000 0.00000189 -0.00000029 0.00000026 0.00000015 -0.00000091 0.00000323
1 35 0.00000697 0.106478610792 0.00000000 0.00000133 -0.00000117 -0.00000002 -0.00000040 0.00000409 -0.00000535
1 36 0.00000486 0.106541121918 0.00000000 0.00000125 -0.00000365 -0.00000041 0.00000182 -0.00000062 -0.00000221
1 37 0.00001121 0.106541121931 0.00000000 -0.00000203 0.00000041 -0.00000008 -0.00000129 -0.00000583 -0.00000926
1 38 0.00001482 0.107606084441 0.00000000 -0.00000333 0.00000315 0.00000507 0.00000305 -0.00000009 -0.00001279
1 39 0.00001794 0.107606084604 0.00000000 0.00000236 -0.00000712 -0.00000432 -0.00000270 0.00001380 0.00000701
1 40 0.00000822 0.108083854472 0.00000000 0.00000317 0.00000225 -0.00000135 -0.00000134 0.00000657 0.00000239
1 41 0.00001594 0.108083854572 0.00000000 -0.00000463 -0.00000218 0.00000585 0.00000536 0.00000004 -0.00001284
1 42 0.00001295 0.108871791669 0.00000000 0.00000356 -0.00000376 -0.00000696 -0.00000910 -0.00000310 -0.00000028
2 14 0.33037524 0.091487260882 0.00665709 -0.09445527 0.07535469 0.00407227 -0.21179269 0.20117909 0.09592662
2 15 0.29715786 0.091487260883 0.00538572 0.21330948 -0.04885407 0.04831021 -0.12361701 0.02094821 -0.14953685
2 16 0.00000048 0.096408682653 0.00000000 0.00000011 0.00000025 -0.00000027 -0.00000023 -0.00000008 -0.00000017
2 17 0.00000039 0.096408682654 0.00000000 -0.00000010 -0.00000009 0.00000035 0.00000005 0.00000006 -0.00000003
2 18 0.00000129 0.096622976875 0.00000000 0.00000022 -0.00000005 -0.00000050 -0.00000066 0.00000050 0.00000082
2 19 0.00000055 0.096622976875 0.00000000 0.00000025 0.00000004 0.00000003 -0.00000004 0.00000032 0.00000037
2 20 0.00000082 0.098896781165 0.00000000 -0.00000012 -0.00000046 0.00000015 0.00000065 -0.00000003 -0.00000004
2 21 0.00000060 0.098896781165 0.00000000 -0.00000034 -0.00000005 0.00000044 0.00000012 -0.00000011 0.00000014
2 22 0.48457004 0.101716017226 0.01592250 -0.26777351 0.30340242 -0.26505020 -0.02829902 -0.00000096 0.00000090
2 23 0.46114724 0.101716017226 0.01442040 -0.22196238 0.10348729 0.35608275 0.16088796 -0.00000095 0.00000018
2 24 1.66875624 0.101992467402 0.18934884 -0.47184319 -1.09909627 -0.32625785 -0.90798953 -0.49470786 0.42246150
2 25 2.61278318 0.101992467402 0.46417696 0.90660056 -0.36046411 -1.18582319 0.21317146 -0.55217736 -2.02934927
2 26 0.82100351 0.102281611226 0.04596173 0.63108934 0.13544007 -0.01300102 0.50720801 -0.00000046 -0.00000004
2 27 0.76893562 0.102281611227 0.04031682 -0.17122434 0.43211011 0.60441956 0.09950912 0.00000003 -0.00000188
2 28 0.30849385 0.104162943626 0.00660868 0.10621827 0.08880981 0.26306660 -0.04863363 -0.05286531 -0.04043443
2 29 0.34015587 0.104162943626 0.00803485 0.00272857 -0.26084845 0.08534939 0.09145809 0.17575064 -0.03345544
2 30 0.58036508 0.104439236367 0.02345173 -0.35676688 0.06614699 -0.38660799 -0.23600816 -0.00000096 -0.00000050
2 31 0.55642732 0.104439236367 0.02155705 -0.36087418 -0.24764873 0.11733874 0.32292864 -0.00000043 -0.00000031
2 32 0.21090272 0.105054401625 0.00311521 0.02931313 -0.02662808 0.18754909 0.07404520 -0.03269232 0.03443107
2 33 0.22443407 0.105054401625 0.00352777 -0.05768911 -0.19627506 -0.04278705 0.03054077 -0.07483606 0.01244253
2 34 0.00000409 0.106478610739 0.00000000 -0.00000078 -0.00000021 -0.00000013 -0.00000062 -0.00000386 -0.00000085
2 35 0.00000306 0.106478610740 0.00000000 0.00000054 -0.00000035 0.00000073 -0.00000008 0.00000280 -0.00000078
2 36 0.00000168 0.106541121867 0.00000000 0.00000030 0.00000045 -0.00000089 0.00000125 0.00000006 -0.00000040
2 37 0.00000283 0.106541121880 0.00000000 -0.00000008 -0.00000056 -0.00000031 0.00000004 0.00000203 -0.00000186
2 38 0.00000349 0.107606084390 0.00000000 0.00000027 -0.00000051 -0.00000085 0.00000141 0.00000268 -0.00000140
2 39 0.00000819 0.107606084552 0.00000000 0.00000150 -0.00000256 -0.00000073 -0.00000328 -0.00000678 -0.00000099
2 40 0.00000527 0.108083854420 0.00000000 0.00000192 -0.00000356 0.00000044 0.00000029 -0.00000055 0.00000330
2 41 0.00000629 0.108083854521 0.00000000 0.00000001 0.00000047 -0.00000519 -0.00000137 -0.00000147 0.00000288
2 42 0.00000514 0.108871791618 0.00000000 -0.00000252 0.00000111 -0.00000149 -0.00000313 0.00000110 0.00000238
3 14 0.07283590 0.091470522302 0.00032350 -0.00073562 -0.05309124 -0.00445123 0.04965917 0.00000008 0.00000063
3 15 0.11820691 0.091470522303 0.00085207 0.03118491 -0.07646720 0.08457623 0.00005643 -0.00000000 0.00000020
3 16 0.00000165 0.096391944074 0.00000000 0.00000046 0.00000113 0.00000008 -0.00000101 -0.00000016 -0.00000044
3 17 0.00000159 0.096391944075 0.00000000 0.00000038 -0.00000062 0.00000122 0.00000008 0.00000069 0.00000021
3 18 0.00000308 0.096606238296 0.00000000 0.00000088 -0.00000023 -0.00000065 -0.00000188 0.00000111 0.00000187
3 19 0.00000147 0.096606238296 0.00000000 0.00000085 -0.00000019 0.00000037 -0.00000023 -0.00000012 0.00000109
3 20 0.00000277 0.098880042585 0.00000000 -0.00000031 -0.00000026 -0.00000159 0.00000221 0.00000026 0.00000005
3 21 0.00000329 0.098880042586 0.00000000 0.00000008 -0.00000224 0.00000186 0.00000151 -0.00000013 -0.00000017
3 22 0.57465625 0.101699278646 0.02238942 0.25206629 0.17868202 0.29242449 -0.33842414 0.07957719 0.16849221
3 23 1.24387722 0.101699278646 0.10490149 -0.32544817 -0.02894137 0.04241280 -0.01946677 0.25828263 -1.17114846
3 24 0.84343272 0.101975728823 0.04836224 -0.45931278 -0.52734512 -0.03120781 -0.47047181 -0.00000036 0.00000528
3 25 0.91571382 0.101975728823 0.05700659 -0.52478772 -0.10241315 0.58867962 -0.45397962 -0.00000125 0.00000011
3 26 1.93114432 0.102264872647 0.25425218 0.38918354 -1.15240118 -1.34366336 -0.44604609 0.48695650 0.09116541
3 27 1.97172923 0.102264872647 0.26505120 -0.80640685 0.18569249 -0.10018796 -0.38710170 -0.29131586 -1.71993958
3 28 0.83796689 0.104146205046 0.04875351 0.69775455 -0.14998974 0.10309134 0.42685167 -0.00000113 0.00000005
3 29 0.56417967 0.104146205047 0.02209973 -0.02178732 0.02007885 -0.13997131 -0.54573702 -0.00000127 -0.00000027
3 30 0.37535472 0.104422497787 0.00980814 0.14636691 0.17830449 0.26326433 -0.07187568 0.01103753 -0.11436499
3 31 0.31553231 0.104422497787 0.00693091 -0.15486168 -0.12048024 0.09878053 0.08648742 -0.18986044 0.08819502
3 32 0.20229779 0.105037663045 0.00286574 0.18706790 0.04880802 -0.05559600 0.02137417 0.00000019 -0.00000049
3 33 0.26297765 0.105037663046 0.00484274 -0.13280853 -0.00517722 -0.06195401 -0.21829805 -0.00000004 0.00000017
3 34 0.00000671 0.106461872159 0.00000000 -0.00000073 0.00000155 0.00000013 -0.00000099 -0.00000574 -0.00000284
3 35 0.00000345 0.106461872161 0.00000000 0.00000063 -0.00000179 0.00000171 -0.00000176 0.00000073 0.00000133
3 36 0.00000489 0.106524383287 0.00000000 0.00000120 0.00000015 -0.00000203 0.00000282 0.00000136 0.00000292
3 37 0.00001495 0.106524383300 0.00000000 0.00000044 -0.00000132 0.00000000 0.00000223 0.00001445 -0.00000279
3 38 0.00002503 0.107589345810 0.00000000 0.00000350 -0.00000577 -0.00000215 -0.00000207 0.00001385 0.00001950
3 39 0.00002661 0.107589345973 0.00000000 0.00001453 0.00000477 -0.00000192 -0.00000501 -0.00001920 0.00000877
3 40 0.00001363 0.108067115841 0.00000000 0.00000817 -0.00000463 0.00000476 0.00000224 -0.00000795 0.00000259
3 41 0.00001268 0.108067115941 0.00000000 0.00000237 -0.00000621 -0.00000369 -0.00000277 0.00000868 0.00000447
3 42 0.00002231 0.108855053038 0.00000000 -0.00001505 0.00000364 0.00000172 -0.00001583 0.00000207 -0.00000020
4 14 0.11820661 0.091470522281 0.00085207 -0.04864775 -0.06673072 -0.08208416 0.02038141 0.00000004 0.00000029
4 15 0.07283640 0.091470522282 0.00032351 0.01204504 0.05171339 -0.01625379 -0.04713382 0.00000024 -0.00000067
4 16 0.00000171 0.096391944053 0.00000000 0.00000110 -0.00000041 -0.00000028 0.00000002 -0.00000096 0.00000076
4 17 0.00000111 0.096391944053 0.00000000 -0.00000065 -0.00000037 0.00000065 0.00000032 -0.00000035 0.00000019
4 18 0.00000163 0.096606238274 0.00000000 -0.00000002 -0.00000044 0.00000008 0.00000047 0.00000086 -0.00000122
4 19 0.00000190 0.096606238275 0.00000000 0.00000151 -0.00000007 0.00000031 -0.00000066 0.00000032 0.00000082
4 20 0.00000311 0.098880042564 0.00000000 -0.00000141 -0.00000009 0.00000138 0.00000238 0.00000029 0.00000002
4 21 0.00000129 0.098880042564 0.00000000 0.00000021 0.00000029 -0.00000027 -0.00000100 -0.00000023 0.00000064
4 22 1.24388205 0.101699278625 0.10490230 -0.15582151 -0.28718710 -0.00101685 0.04665530 -0.97223018 0.70219406
4 23 0.57465520 0.101699278625 0.02238934 -0.26409659 -0.16036515 0.19444264 -0.40278406 -0.18623734 -0.00610990
4 24 0.91570885 0.101975728801 0.05700598 0.35537352 -0.39949606 -0.74338167 -0.00435273 -0.00000443 0.00000514
4 25 0.84343415 0.101975728802 0.04836241 -0.04575517 0.69783428 0.26030175 0.39313859 -0.00000312 0.00000415
4 26 1.97173246 0.102264872625 0.26505207 -0.46662794 0.68340618 0.32402833 0.23428381 1.49572920 0.89769381
4 27 1.93113911 0.102264872626 0.25425081 -1.21499225 -0.05723863 0.07393471 -1.41382801 -0.09244004 0.48671827
4 28 0.56417471 0.104146205025 0.02209935 0.02472592 0.01632534 0.05048670 -0.56112949 -0.00000023 0.00000119
4 29 0.83797411 0.104146205025 0.04875435 0.71279486 0.03595075 0.03317800 -0.43787084 0.00000172 0.00000196
4 30 0.31552780 0.104422497766 0.00693072 0.08237262 -0.17807055 -0.04812461 0.12215682 0.20916453 -0.00868076
4 31 0.37536132 0.104422497766 0.00980848 0.04830918 -0.22557608 0.26692021 -0.05683866 0.06224932 0.09657001
4 32 0.26298743 0.105037663024 0.00484310 0.13278249 0.00593915 0.07998165 -0.21236492 -0.00000022 0.00000001
4 33 0.20229409 0.105037663025 0.00286563 0.19049037 -0.03300377 -0.05361216 -0.02593856 0.00000063 0.00000041
4 34 0.00000384 0.106461872138 0.00000000 0.00000241 0.00000034 0.00000036 0.00000069 -0.00000243 0.00000152
4 35 0.00000761 0.106461872140 0.00000000 0.00000047 0.00000066 -0.00000037 -0.00000100 0.00000739 0.00000124
4 36 0.00000396 0.106524383266 0.00000000 0.00000195 -0.00000151 -0.00000080 0.00000018 0.00000231 -0.00000190
4 37 0.00001205 0.106524383279 0.00000000 -0.00000075 0.00000017 0.00000055 -0.00000045 -0.00000176 -0.00001187
4 38 0.00002436 0.107589345789 0.00000000 -0.00000668 0.00000067 0.00000195 0.00000423 0.00001515 -0.00001724
4 39 0.00001753 0.107589345952 0.00000000 0.00000360 -0.00000621 -0.00000149 -0.00000341 0.00000805 0.00001332
4 40 0.00000892 0.108067115820 0.00000000 -0.00000056 0.00000386 0.00000073 -0.00000208 -0.00000063 0.00000769
4 41 0.00001543 0.108067115920 0.00000000 -0.00000037 -0.00000124 -0.00000169 0.00000505 0.00000905 -0.00001124
4 42 0.00001171 0.108855053017 0.00000000 0.00000634 0.00000306 -0.00000581 -0.00000663 -0.00000241 -0.00000204
5 14 0.08482189 0.089942209938 0.00043141 0.06093900 -0.01733093 0.01587906 -0.05411733 -0.00000002 -0.00000007
5 15 0.06648625 0.089942209939 0.00026505 -0.03531830 -0.02337283 0.05106569 0.00436407 -0.00000008 0.00000003
5 16 0.00000020 0.094863631709 0.00000000 -0.00000014 -0.00000008 -0.00000006 -0.00000000 0.00000006 -0.00000008
5 17 0.00000018 0.094863631710 0.00000000 -0.00000003 0.00000002 -0.00000013 -0.00000011 0.00000001 -0.00000006
5 18 0.00000019 0.095077925931 0.00000000 -0.00000007 0.00000001 -0.00000011 0.00000007 -0.00000012 0.00000001
5 19 0.00000034 0.095077925931 0.00000000 -0.00000021 0.00000003 -0.00000006 0.00000016 0.00000001 -0.00000021
5 20 0.00000030 0.097351730221 0.00000000 0.00000017 0.00000001 0.00000007 -0.00000022 -0.00000008 -0.00000007
5 21 0.00000030 0.097351730221 0.00000000 -0.00000020 0.00000011 -0.00000003 -0.00000018 -0.00000000 -0.00000002
5 22 2.21378872 0.100170966282 0.32728262 -1.28075952 -0.09823601 -0.04432889 0.34046066 -0.21451861 -1.75697709
5 23 1.83109415 0.100170966282 0.22390921 -0.65076801 0.51793159 -0.90653814 -1.18408493 0.18128007 -0.63594235
5 24 0.06343225 0.100447416458 0.00026944 -0.00511582 -0.02761281 -0.02312395 0.05196436 0.00000026 -0.00000047
5 25 0.06072563 0.100447416458 0.00024694 0.04887705 0.02603891 0.02448236 0.00460713 0.00000035 0.00000013
5 26 1.24369578 0.100736560282 0.10387814 -0.08823576 -0.26524324 -0.17622405 0.03052585 1.00449691 -0.65394103
5 27 0.75915381 0.100736560282 0.03870396 0.12196735 -0.26432796 0.31696370 0.17444828 0.35475273 0.48458386
5 28 0.13564450 0.102617892682 0.00125874 0.02473132 -0.00730173 0.10459708 0.08242528 0.00000012 0.00000002
5 29 0.16610438 0.102617892682 0.00188753 -0.07706090 0.12803046 0.06794017 0.02538934 -0.00000007 -0.00000021
5 30 0.14721783 0.102894185423 0.00148669 -0.07756325 -0.09613446 0.01547954 0.06134421 -0.02388397 0.04291884
5 31 0.17628772 0.102894185423 0.00213179 -0.07063672 -0.06390543 0.02629480 -0.14013341 -0.04000520 0.00864334
5 32 0.04975194 0.103509350681 0.00017081 -0.00517166 0.02336737 0.02692128 0.03431793 -0.00000015 -0.00000010
5 33 0.04337803 0.103509350681 0.00012985 -0.01730873 0.03613996 0.00573366 -0.01559135 0.00000028 -0.00000006
5 34 0.00000080 0.104933559795 0.00000000 -0.00000010 0.00000010 -0.00000012 -0.00000002 -0.00000038 0.00000067
5 35 0.00000094 0.104933559796 0.00000000 0.00000022 0.00000022 0.00000009 0.00000051 -0.00000069 -0.00000019
5 36 0.00000068 0.104996070923 0.00000000 -0.00000013 0.00000037 0.00000015 0.00000001 0.00000031 0.00000043
5 37 0.00000184 0.104996070936 0.00000000 0.00000009 -0.00000088 0.00000023 -0.00000090 -0.00000003 0.00000133
5 38 0.00000203 0.106061033445 0.00000000 0.00000076 0.00000039 -0.00000023 -0.00000024 -0.00000044 -0.00000176
5 39 0.00000648 0.106061033608 0.00000000 0.00000295 -0.00000109 0.00000287 0.00000254 -0.00000141 0.00000392
5 40 0.00000353 0.106538803476 0.00000000 0.00000147 0.00000150 -0.00000078 0.00000235 0.00000004 0.00000138
5 41 0.00000547 0.106538803577 0.00000000 0.00000028 0.00000058 -0.00000126 0.00000004 0.00000461 0.00000257
5 42 0.00000284 0.107326740674 0.00000000 -0.00000178 -0.00000178 0.00000049 -0.00000096 -0.00000030 0.00000069
6 14 0.00000074 0.088743505725 0.00000000 0.00000034 -0.00000023 0.00000018 0.00000020 0.00000032 -0.00000044
6 15 0.00000079 0.088743505726 0.00000000 0.00000026 0.00000041 0.00000031 -0.00000006 0.00000011 -0.00000051
6 16 0.44885141 0.093664927497 0.01258030 -0.25226323 0.02721649 0.19769022 0.08728606 -0.00975147 -0.30049084
6 17 0.42859027 0.093664927498 0.01147018 0.07107572 -0.27056444 0.29369134 -0.09838702 0.09735723 0.00443890
6 18 0.17300840 0.093879221719 0.00187332 0.07566014 -0.05022669 -0.14348180 0.03313159 -0.00000041 -0.00000252
6 19 0.17312526 0.093879221719 0.00187585 -0.02541242 0.14511713 0.01719586 0.08928540 0.00000038 -0.00000035
6 20 2.47661263 0.096153026008 0.39317678 0.98568170 0.72211778 -1.19148208 -1.64792275 0.38420827 -0.59807415
6 21 2.85314220 0.096153026009 0.52181737 2.07077042 1.00389679 0.37306585 1.58570182 0.21112076 -0.38251952
6 22 0.00000365 0.098972262069 0.00000000 -0.00000069 -0.00000084 0.00000067 0.00000070 0.00000334 0.00000015
6 23 0.00000520 0.098972262070 0.00000000 -0.00000186 -0.00000156 0.00000025 0.00000158 0.00000425 -0.00000074
6 24 0.00000761 0.099248712246 0.00000000 0.00000635 -0.00000335 0.00000166 0.00000023 0.00000186 -0.00000036
6 25 0.00000863 0.099248712246 0.00000000 0.00000093 0.00000422 -0.00000528 -0.00000033 -0.00000156 0.00000504
6 26 0.00000513 0.099537856070 0.00000000 -0.00000281 0.00000299 0.00000131 0.00000245 0.00000127 0.00000017
6 27 0.00000894 0.099537856070 0.00000000 -0.00000671 -0.00000376 0.00000249 0.00000328 -0.00000130 -0.00000146
6 28 0.00000972 0.101419188469 0.00000000 0.00000656 0.00000685 0.00000088 -0.00000121 0.00000127 0.00000080
6 29 0.00000673 0.101419188470 0.00000000 0.00000040 0.00000442 -0.00000264 0.00000363 0.00000224 0.00000063
6 30 0.00000614 0.101695481211 0.00000000 -0.00000171 0.00000413 0.00000343 -0.00000116 0.00000109 0.00000187
6 31 0.00000583 0.101695481211 0.00000000 -0.00000216 0.00000328 0.00000347 0.00000111 -0.00000034 0.00000225
6 32 0.00000866 0.102310646469 0.00000000 0.00000434 -0.00000360 0.00000074 -0.00000653 0.00000015 -0.00000004
6 33 0.00000691 0.102310646469 0.00000000 -0.00000083 0.00000187 0.00000443 -0.00000484 0.00000069 -0.00000034
6 34 0.01747470 0.103734855582 0.00002112 -0.00059970 -0.00068543 -0.00075147 -0.00007366 -0.01728510 0.00227829
6 35 0.01860583 0.103734855584 0.00002394 -0.00019946 0.00100804 -0.00092387 -0.00068016 0.01778302 -0.00525062
6 36 0.02943354 0.103797366711 0.00005995 -0.01296810 0.01633617 0.02054476 0.00303383 -0.00000035 -0.00000126
6 37 0.02306198 0.103797366723 0.00003680 0.01339203 -0.00919878 0.01636536 0.00025659 -0.00001558 -0.00000604
6 38 0.00491568 0.104862329233 0.00000169 -0.00177686 0.00383450 0.00202890 0.00147853 -0.00000210 -0.00002836
6 39 0.00384792 0.104862329396 0.00000104 0.00069835 0.00106777 -0.00359975 0.00046894 0.00002260 0.00000554
6 40 0.01754445 0.105340099264 0.00002162 0.00566655 -0.00269016 0.00385404 0.01042335 0.01185100 0.00212487
6 41 0.02516103 0.105340099364 0.00004446 -0.00874298 0.00406418 0.00062873 0.00288320 -0.00353777 -0.02277930
6 42 0.22546240 0.106128036461 0.00359656 0.03743784 0.14241692 -0.15440292 -0.06427489 0.02625685 -0.02209468
7 14 0.00000004 0.088743505703 0.00000000 -0.00000001 -0.00000001 -0.00000002 0.00000000 0.00000002 0.00000003
7 15 0.00000004 0.088743505704 0.00000000 0.00000000 0.00000001 0.00000002 -0.00000001 0.00000002 -0.00000001
7 16 0.42859058 0.093664927474 0.01147020 0.21818192 0.17508209 0.29454912 -0.09578855 0.07558290 -0.06152556
7 17 0.44885249 0.093664927475 0.01258036 0.21889417 -0.12830883 -0.10687894 0.18782212 -0.17105412 -0.24724680
7 18 0.17312628 0.093879221696 0.00187588 0.13424405 -0.06069266 0.09075758 -0.00554118 0.00000004 -0.00000006
7 19 0.17300844 0.093879221697 0.00187332 0.02983932 -0.08577220 0.00358135 0.14721359 -0.00000003 0.00000003
7 20 2.85314305 0.096153025986 0.52181768 -1.02415640 -2.06082517 -1.58928624 -0.35749737 0.38043104 -0.21486187
7 21 2.47661332 0.096153025986 0.39317700 0.73174877 0.97855280 -1.65952814 -1.17526580 -0.59427715 0.39005514
7 22 0.00000008 0.098972262047 0.00000000 -0.00000001 -0.00000006 0.00000000 -0.00000002 0.00000002 0.00000004
7 23 0.00000014 0.098972262047 0.00000000 -0.00000000 -0.00000010 0.00000003 0.00000001 0.00000007 0.00000006
7 24 0.00000026 0.099248712223 0.00000000 0.00000019 -0.00000008 0.00000009 -0.00000004 -0.00000007 0.00000011
7 25 0.00000031 0.099248712224 0.00000000 -0.00000004 0.00000007 -0.00000008 -0.00000023 -0.00000017 -0.00000004
7 26 0.00000012 0.099537856047 0.00000000 0.00000006 0.00000005 -0.00000008 0.00000005 -0.00000002 -0.00000002
7 27 0.00000029 0.099537856048 0.00000000 -0.00000011 -0.00000018 -0.00000004 0.00000016 -0.00000004 0.00000011
7 28 0.00000028 0.101419188447 0.00000000 0.00000001 0.00000004 0.00000028 -0.00000004 -0.00000001 -0.00000003
7 29 0.00000022 0.101419188447 0.00000000 -0.00000009 0.00000003 -0.00000016 -0.00000005 0.00000006 0.00000007
7 30 0.00000015 0.101695481188 0.00000000 -0.00000004 -0.00000008 0.00000010 0.00000002 0.00000002 0.00000004
7 31 0.00000029 0.101695481188 0.00000000 -0.00000001 -0.00000019 0.00000011 0.00000017 -0.00000003 -0.00000006
7 32 0.00000026 0.102310646446 0.00000000 0.00000023 0.00000006 0.00000006 0.00000001 0.00000008 0.00000002
7 33 0.00000034 0.102310646446 0.00000000 -0.00000023 0.00000022 0.00000009 0.00000007 -0.00000003 -0.00000005
7 34 0.01860422 0.103734855560 0.00002394 -0.00101972 0.00012635 0.00061293 0.00096895 0.00650574 -0.01736151
7 35 0.01747716 0.103734855562 0.00002112 -0.00063873 -0.00064817 -0.00001986 -0.00075551 0.00350324 -0.01708155
7 36 0.02306440 0.103797366688 0.00003681 -0.01620653 0.00118954 -0.01261263 0.01043175 -0.00000010 0.00000009
7 37 0.02943384 0.103797366701 0.00005995 -0.02033555 -0.00464681 0.01413814 -0.01520976 0.00000025 -0.00000054
7 38 0.00385443 0.104862329211 0.00000104 -0.00086205 -0.00096274 -0.00136201 0.00336624 0.00000036 0.00000101
7 39 0.00490828 0.104862329373 0.00000168 0.00415260 -0.00075512 0.00092234 0.00232943 0.00000093 0.00000007
7 40 0.02514694 0.105340099242 0.00004441 0.00320587 0.00908883 -0.00249760 0.00156707 0.01875556 -0.01337981
7 41 0.01754777 0.105340099342 0.00002162 0.00203261 0.00594242 0.01015535 -0.00452718 0.00979890 0.00698824
7 42 0.18404357 0.106128036439 0.00239652 -0.11563755 -0.07972403 -0.06128081 -0.09842713 -0.00046198 -0.02646922
8 14 0.00000058 0.086127193513 0.00000000 0.00000016 -0.00000006 0.00000008 0.00000027 0.00000034 -0.00000033
8 15 0.00000067 0.086127193514 0.00000000 0.00000020 0.00000032 0.00000032 -0.00000007 0.00000022 -0.00000039
8 16 0.81145066 0.091048615285 0.03996744 0.35488975 0.38951895 0.42508635 -0.09618199 0.37436223 0.22513101
8 17 2.30906794 0.091048615285 0.32363502 0.30109092 -0.01957253 -0.36245800 0.21768242 -0.86744862 -2.07594012
8 18 2.07697837 0.091262909506 0.26246234 1.40481904 -0.25088208 1.47302049 0.32801137 -0.00000028 -0.00000225
8 19 2.07526546 0.091262909507 0.26202961 0.87156080 -1.23053087 -0.31729735 1.39004484 0.00000006 -0.00000009
8 20 0.34912206 0.093536713796 0.00760056 0.07041533 0.29971618 0.16098416 0.02556445 -0.02294460 0.00148662
8 21 0.29169585 0.093536713796 0.00530581 -0.01085571 -0.07492844 0.13971664 0.23330053 0.06891362 -0.02560044
8 22 0.00000300 0.096355949857 0.00000000 -0.00000098 -0.00000087 0.00000033 0.00000089 0.00000252 -0.00000001
8 23 0.00000483 0.096355949857 0.00000000 -0.00000140 -0.00000128 0.00000054 0.00000154 0.00000406 -0.00000075
8 24 0.00000749 0.096632400034 0.00000000 0.00000637 -0.00000320 0.00000199 -0.00000032 0.00000109 0.00000009
8 25 0.00000880 0.096632400034 0.00000000 0.00000049 0.00000439 -0.00000521 -0.00000111 -0.00000307 0.00000448
8 26 0.00000455 0.096921543857 0.00000000 -0.00000223 0.00000294 0.00000074 0.00000241 0.00000079 -0.00000030
8 27 0.00000891 0.096921543858 0.00000000 -0.00000646 -0.00000414 0.00000216 0.00000370 -0.00000096 -0.00000109
8 28 0.00000875 0.098802876257 0.00000000 0.00000582 0.00000595 0.00000134 -0.00000200 0.00000098 0.00000063
8 29 0.00000648 0.098802876258 0.00000000 0.00000004 0.00000388 -0.00000323 0.00000343 0.00000198 0.00000090
8 30 0.00000544 0.099079168998 0.00000000 -0.00000259 0.00000220 0.00000348 -0.00000137 0.00000095 0.00000178
8 31 0.00000434 0.099079168998 0.00000000 -0.00000192 0.00000248 0.00000256 0.00000079 -0.00000050 0.00000124
8 32 0.00000792 0.099694334256 0.00000000 0.00000476 -0.00000201 0.00000101 -0.00000590 0.00000041 -0.00000018
8 33 0.00000568 0.099694334257 0.00000000 -0.00000039 0.00000136 0.00000419 -0.00000353 0.00000044 -0.00000016
8 34 0.25611003 0.101118543370 0.00442174 0.07810927 -0.00777558 -0.04138888 -0.09789429 0.16393501 -0.14580745
8 35 0.20618479 0.101118543372 0.00286585 0.02244935 0.08148424 -0.02497563 0.03721433 0.03189247 -0.17984074
8 36 0.18853967 0.101181054498 0.00239780 0.08873218 0.04296837 0.15810496 -0.02881575 -0.00000087 0.00000043
8 37 0.25411419 0.101181054511 0.00435578 0.18605892 0.07564820 -0.11249471 0.10760293 -0.00001317 -0.00000630
8 38 0.14812256 0.102246017021 0.00149554 0.01207240 -0.07038910 -0.09510445 0.08828967 0.00000149 -0.00002144
8 39 0.19899244 0.102246017184 0.00269916 0.16021026 0.00005207 0.04591635 0.10873062 0.00001963 0.00000338
8 40 0.17435181 0.102723787052 0.00208177 0.00779200 -0.08023182 0.02035467 0.01746391 0.13458961 -0.07118306
8 41 0.16072504 0.102723787152 0.00176908 -0.02529152 -0.05394969 -0.09424396 0.02114882 0.03979472 0.10662782
8 42 0.03051523 0.103511724249 0.00006426 0.01297193 0.02293769 0.00085756 0.01206848 0.00102548 0.00945173
9 14 0.00000008 0.086127193508 0.00000000 -0.00000002 -0.00000002 -0.00000005 -0.00000002 0.00000001 0.00000005
9 15 0.00000002 0.086127193509 0.00000000 -0.00000001 0.00000001 -0.00000000 -0.00000001 0.00000001 -0.00000001
9 16 2.30906800 0.091048615280 0.32363504 0.29665826 -0.05507170 -0.40485896 -0.12186363 -0.33030237 2.22551002
9 17 0.81145062 0.091048615280 0.03996744 -0.24820141 0.46483126 -0.43568524 0.01130685 -0.30750275 0.31027835
9 18 2.07526503 0.091262909501 0.26202950 -1.33869309 0.69406282 1.42047239 -0.12312904 0.00000008 0.00000010
9 19 2.07697851 0.091262909502 0.26246238 0.44168398 -1.35697278 -0.12232988 -1.50413272 0.00000001 0.00000004
9 20 0.29169762 0.093536713791 0.00530587 0.06558001 0.03783461 -0.16496691 -0.21618683 0.04930285 -0.05453170
9 21 0.34912040 0.093536713791 0.00760048 0.25232326 0.17640995 -0.03587374 0.15900299 0.00987878 -0.02076265
9 22 0.00000019 0.096355949852 0.00000000 0.00000003 0.00000001 -0.00000001 -0.00000001 -0.00000010 0.00000015
9 23 0.00000043 0.096355949852 0.00000000 0.00000016 -0.00000004 -0.00000007 -0.00000016 -0.00000013 0.00000033
9 24 0.00000049 0.096632400029 0.00000000 -0.00000021 0.00000030 -0.00000017 -0.00000001 -0.00000005 0.00000027
9 25 0.00000055 0.096632400029 0.00000000 -0.00000015 -0.00000035 0.00000032 -0.00000006 -0.00000006 -0.00000022
9 26 0.00000039 0.096921543852 0.00000000 0.00000009 -0.00000030 -0.00000007 -0.00000017 -0.00000014 -0.00000001
9 27 0.00000051 0.096921543853 0.00000000 0.00000042 0.00000009 -0.00000012 -0.00000016 0.00000016 0.00000007
9 28 0.00000080 0.098802876252 0.00000000 -0.00000071 -0.00000020 0.00000028 0.00000009 -0.00000010 0.00000003
9 29 0.00000043 0.098802876252 0.00000000 -0.00000019 -0.00000019 -0.00000009 -0.00000031 -0.00000009 -0.00000002
9 30 0.00000048 0.099079168993 0.00000000 0.00000006 -0.00000026 -0.00000019 0.00000033 -0.00000009 -0.00000007
9 31 0.00000059 0.099079168993 0.00000000 -0.00000010 -0.00000055 0.00000013 0.00000001 -0.00000002 -0.00000010
9 32 0.00000053 0.099694334251 0.00000000 -0.00000007 0.00000015 0.00000018 0.00000046 0.00000011 0.00000001
9 33 0.00000036 0.099694334252 0.00000000 -0.00000006 -0.00000016 0.00000006 0.00000025 -0.00000003 0.00000019
9 34 0.20618260 0.101118543365 0.00286578 -0.06300366 -0.05633992 -0.04443796 0.00582297 0.17526376 0.05139641
9 35 0.25610921 0.101118543367 0.00442171 -0.04169422 0.06650497 -0.06928103 -0.08060049 -0.20349511 0.08200030
9 36 0.25411379 0.101181054493 0.00435576 -0.15715644 0.12506932 0.13828356 0.07149121 -0.00000014 0.00000004
9 37 0.18853935 0.101181054506 0.00239779 0.07300396 -0.06626045 0.15981008 -0.01696463 0.00000018 0.00000005
9 38 0.19900327 0.102246017016 0.00269945 0.09609510 -0.12820547 -0.05942724 -0.10197939 0.00000079 0.00000169
9 39 0.14812648 0.102246017179 0.00149562 -0.06355754 -0.03257801 0.12769771 -0.02310544 -0.00000327 -0.00000227
9 40 0.16073767 0.102723787047 0.00176936 0.05949974 0.00321603 0.01573999 0.09529996 -0.11378333 0.00309149
9 41 0.17435223 0.102723787147 0.00208178 -0.07146043 0.03731201 0.02382762 0.01231926 -0.01551600 0.15145843
9 42 0.04003119 0.103511724244 0.00011058 -0.00220404 0.02021799 -0.02588881 -0.01706405 0.01114039 -0.01016615
10 14 0.00000059 0.085859285879 0.00000000 0.00000015 -0.00000004 0.00000007 0.00000029 0.00000035 -0.00000033
10 15 0.00000067 0.085859285880 0.00000000 0.00000018 0.00000029 0.00000034 -0.00000006 0.00000025 -0.00000039
10 16 1.41100465 0.090780707650 0.12049227 1.36802352 0.17890170 -0.24329847 -0.16806484 -0.00000001 0.00000106
10 17 2.61618879 0.090780707651 0.41422897 1.29398970 0.91639818 1.38213624 -1.55561828 -0.00000006 0.00000008
10 18 1.87731535 0.090995001872 0.21379657 0.19310529 0.14659938 -0.36720558 0.17958768 0.04761949 -1.81553645
10 19 1.49042690 0.090995001872 0.13475585 -0.02306659 -0.40858581 0.21098927 -0.12102527 1.22769415 -0.69821301
10 20 0.17060193 0.093268806162 0.00180973 0.09725831 0.13280369 0.04476883 -0.00218407 0.00000031 -0.00000006
10 21 0.26839733 0.093268806162 0.00447921 0.12631147 -0.08671851 -0.14568842 -0.16534003 0.00000003 0.00000026
10 22 0.00000311 0.096088042223 0.00000000 -0.00000105 -0.00000089 0.00000031 0.00000097 0.00000260 -0.00000006
10 23 0.00000502 0.096088042223 0.00000000 -0.00000145 -0.00000131 0.00000063 0.00000165 0.00000419 -0.00000086
10 24 0.00000795 0.096364492399 0.00000000 0.00000677 -0.00000340 0.00000217 -0.00000040 0.00000097 0.00000009
10 25 0.00000937 0.096364492399 0.00000000 0.00000049 0.00000462 -0.00000561 -0.00000128 -0.00000339 0.00000466
10 26 0.00000478 0.096653636223 0.00000000 -0.00000227 0.00000308 0.00000074 0.00000261 0.00000085 -0.00000038
10 27 0.00000942 0.096653636223 0.00000000 -0.00000681 -0.00000437 0.00000225 0.00000398 -0.00000101 -0.00000110
10 28 0.00000916 0.098534968623 0.00000000 0.00000623 0.00000609 0.00000141 -0.00000214 0.00000103 0.00000062
10 29 0.00000682 0.098534968623 0.00000000 0.00000005 0.00000409 -0.00000340 0.00000362 0.00000203 0.00000101
10 30 0.00000576 0.098811261364 0.00000000 -0.00000286 0.00000222 0.00000363 -0.00000160 0.00000102 0.00000183
10 31 0.00000444 0.098811261364 0.00000000 -0.00000183 0.00000264 0.00000259 0.00000089 -0.00000052 0.00000127
10 32 0.00000828 0.099426426622 0.00000000 0.00000507 -0.00000192 0.00000100 -0.00000617 0.00000031 -0.00000019
10 33 0.00000601 0.099426426622 0.00000000 -0.00000044 0.00000124 0.00000452 -0.00000369 0.00000058 -0.00000013
10 34 0.15606329 0.100850635736 0.00163753 0.00012261 -0.00779563 0.12881685 0.08775639 0.00000394 0.00000450
10 35 0.33260351 0.100850635737 0.00743774 0.10626491 0.23693390 0.19067355 -0.08269699 -0.00000130 -0.00000214
10 36 0.21590237 0.100913146864 0.00313597 0.02984636 0.05995726 -0.07918988 0.03469433 -0.06010850 -0.17618283
10 37 0.25279929 0.100913146877 0.00429940 0.05318617 -0.01380065 0.00546917 0.00054589 0.24314886 0.04167344
10 38 0.15936653 0.101978109387 0.00172667 -0.01490048 -0.06994788 0.06141177 -0.03109899 0.11740561 0.04195630
10 39 0.20998418 0.101978109549 0.00299770 0.03301951 0.00046037 -0.03822006 0.00280437 0.14391604 -0.14429965
10 40 0.15077314 0.102455879417 0.00155272 -0.02420079 0.10863155 0.09050666 0.04641757 0.00000413 -0.00000890
10 41 0.07809767 0.102455879518 0.00041660 0.03956676 -0.02157528 -0.05933831 0.02339210 -0.00000311 -0.00001349
10 42 0.01723273 0.103243816615 0.00002044 0.00960833 0.01020665 0.00732415 -0.00684313 -0.00000096 -0.00000137
11 14 0.00000005 0.085859285874 0.00000000 0.00000003 0.00000000 0.00000000 0.00000000 -0.00000001 -0.00000003
11 15 0.00000005 0.085859285875 0.00000000 -0.00000000 0.00000003 0.00000003 0.00000002 0.00000003 0.00000000
11 16 2.61618890 0.090780707646 0.41422900 -0.02933286 -1.58535029 2.06371231 -0.26709532 -0.00000001 0.00000004
11 17 1.41100418 0.090780707647 0.12049219 -0.62196423 1.23152476 -0.00201249 -0.29569582 -0.00000004 0.00000000
11 18 1.49042661 0.090995001868 0.13475580 -0.35303380 0.20698056 0.01601431 0.24270813 0.09818061 1.40893382
11 19 1.87731307 0.090995001868 0.21379605 -0.22898835 -0.07965946 0.05372531 0.40522221 1.48559132 -1.04472487
11 20 0.26839574 0.093268806157 0.00447916 0.03885673 -0.14820532 0.20488570 0.08113855 -0.00000000 0.00000001
11 21 0.17060086 0.093268806158 0.00180970 0.15788076 0.04657785 0.01309500 0.04286426 -0.00000002 0.00000002
11 22 0.00000016 0.096088042218 0.00000000 -0.00000005 -0.00000008 0.00000002 0.00000008 0.00000008 -0.00000008
11 23 0.00000029 0.096088042218 0.00000000 -0.00000008 0.00000004 0.00000012 0.00000014 0.00000009 -0.00000019
11 24 0.00000053 0.096364492395 0.00000000 0.00000035 -0.00000025 0.00000024 -0.00000003 -0.00000012 -0.00000013
11 25 0.00000067 0.096364492395 0.00000000 0.00000016 0.00000041 -0.00000041 0.00000003 -0.00000015 0.00000026
11 26 0.00000046 0.096653636219 0.00000000 -0.00000010 0.00000034 0.00000015 0.00000016 0.00000015 -0.00000012
11 27 0.00000062 0.096653636219 0.00000000 -0.00000048 -0.00000020 0.00000019 0.00000024 -0.00000014 -0.00000006
11 28 0.00000068 0.098534968618 0.00000000 0.00000066 0.00000009 -0.00000007 0.00000011 0.00000005 0.00000000
11 29 0.00000035 0.098534968619 0.00000000 0.00000017 0.00000016 -0.00000002 0.00000020 0.00000010 0.00000014
11 30 0.00000042 0.098811261359 0.00000000 -0.00000010 0.00000024 0.00000009 -0.00000024 0.00000015 0.00000012
11 31 0.00000043 0.098811261359 0.00000000 0.00000025 0.00000031 0.00000002 0.00000016 0.00000004 0.00000002
11 32 0.00000056 0.099426426617 0.00000000 0.00000032 -0.00000003 -0.00000014 -0.00000043 -0.00000000 0.00000008
11 33 0.00000024 0.099426426618 0.00000000 -0.00000014 -0.00000003 0.00000011 -0.00000015 0.00000005 0.00000002
11 34 0.33260388 0.100850635731 0.00743776 -0.25644775 -0.04079559 0.03010705 -0.20564332 0.00000054 -0.00000000
11 35 0.15606332 0.100850635733 0.00163753 -0.00749387 0.00215037 0.11831495 0.10147192 -0.00000023 0.00000005
11 36 0.25281316 0.100913146859 0.00429988 -0.03995081 0.03772599 -0.00244326 0.00492341 -0.09388186 0.22814724
11 37 0.21590338 0.100913146872 0.00313600 -0.03493771 -0.05714249 -0.07146732 0.04865587 0.11732375 0.14452864
11 38 0.20997368 0.101978109382 0.00299740 -0.00313964 -0.03288134 0.00029996 0.03831816 0.13217795 -0.15510811
11 39 0.15937040 0.101978109545 0.00172676 -0.07092759 -0.00918196 -0.02602618 0.06372305 0.05134701 0.11361948
11 40 0.07809831 0.102455879413 0.00041661 -0.02580667 -0.03694288 0.04270654 0.04737866 0.00000049 -0.00000088
11 41 0.15077233 0.102455879513 0.00155270 0.02673514 -0.10802933 0.10171367 -0.00123309 -0.00000029 -0.00000225
11 42 0.01002885 0.103243816610 0.00000692 0.00054244 -0.00145616 0.00915806 0.00378062 -0.00000049 0.00000022
12 14 3.67137003 0.081887835129 0.73584179 -0.30962153 -1.87932229 2.49612437 -0.88702753 0.82530381 1.46719427
12 15 2.53235393 0.081887835130 0.35008777 1.70504335 0.84055800 -0.39878947 -0.25483463 1.31037394 0.92631110
12 16 0.00000020 0.086809256901 0.00000000 -0.00000008 0.00000013 -0.00000001 -0.00000007 -0.00000003 -0.00000011
12 17 0.00000006 0.086809256901 0.00000000 0.00000001 0.00000001 0.00000005 0.00000004 -0.00000001 0.00000001
12 18 0.00000032 0.087023551122 0.00000000 0.00000008 0.00000000 -0.00000002 -0.00000013 0.00000007 0.00000027
12 19 0.00000015 0.087023551123 0.00000000 0.00000011 0.00000009 0.00000003 -0.00000002 0.00000004 0.00000003
12 20 0.00000028 0.089297355412 0.00000000 0.00000000 -0.00000015 -0.00000015 0.00000017 -0.00000005 0.00000001
12 21 0.00000030 0.089297355412 0.00000000 -0.00000009 -0.00000006 0.00000004 0.00000028 0.00000001 0.00000001
12 22 0.02142429 0.092116591473 0.00002819 -0.00923110 -0.00151027 -0.01855264 -0.00522548 -0.00000028 0.00000010
12 23 0.03625001 0.092116591473 0.00008070 -0.02005079 -0.01992480 -0.01086463 0.01992464 -0.00000060 0.00000028
12 24 0.33914030 0.092393041650 0.00708446 -0.13338009 0.25264960 -0.11362193 -0.05372924 -0.12979464 0.02739799
12 25 0.39863931 0.092393041650 0.00978832 0.04692353 -0.07681667 0.22239608 0.15642173 -0.19696131 0.19516443
12 26 0.05743282 0.092682185473 0.00020381 -0.02632265 -0.02350261 0.00285671 -0.04522293 -0.00000007 0.00000007
12 27 0.12204710 0.092682185474 0.00092036 0.08511024 0.02465859 0.01244205 -0.08299935 0.00000013 0.00000012
12 28 0.12906621 0.094563517873 0.00105016 -0.00913572 -0.00915066 -0.00464973 -0.00646225 0.04550385 -0.11982032
12 29 0.07514025 0.094563517874 0.00035594 -0.01458835 -0.00008952 0.00706503 -0.01633147 0.04632622 0.05450210
12 30 0.03225712 0.094839810614 0.00006579 -0.00174340 0.00023270 0.01292695 0.02950122 -0.00000014 -0.00000026
12 31 0.04987284 0.094839810614 0.00015726 -0.00604680 0.04152389 0.02661598 0.00425363 0.00000004 -0.00000006
12 32 0.27592999 0.095454975872 0.00484513 0.14384079 0.12103817 -0.02665200 0.19472619 -0.04264073 0.01871094
12 33 0.21002898 0.095454975873 0.00280715 0.10768474 -0.10673634 -0.05547574 0.12893207 -0.00143001 -0.03768876
12 34 0.00000088 0.096879184986 0.00000000 -0.00000015 0.00000004 -0.00000001 0.00000008 -0.00000067 -0.00000054
12 35 0.00000067 0.096879184988 0.00000000 0.00000019 0.00000002 0.00000010 -0.00000006 0.00000063 -0.00000001
12 36 0.00000048 0.096941696114 0.00000000 0.00000015 0.00000007 -0.00000014 0.00000013 0.00000020 -0.00000035
12 37 0.00000205 0.096941696127 0.00000000 0.00000001 -0.00000039 -0.00000001 0.00000005 0.00000188 0.00000071
12 38 0.00000257 0.098006658637 0.00000000 0.00000063 -0.00000055 -0.00000052 -0.00000007 -0.00000014 0.00000237
12 39 0.00000394 0.098006658800 0.00000000 0.00000179 0.00000060 0.00000010 -0.00000005 -0.00000344 0.00000040
12 40 0.00000235 0.098484428668 0.00000000 0.00000032 -0.00000098 0.00000033 0.00000062 -0.00000090 0.00000177
12 41 0.00000202 0.098484428768 0.00000000 -0.00000059 -0.00000037 -0.00000053 -0.00000010 0.00000143 0.00000112
12 42 0.00000120 0.099272365865 0.00000000 -0.00000029 -0.00000032 0.00000083 -0.00000065 0.00000031 -0.00000021
13 14 2.53235391 0.081887835128 0.35008777 -1.72242201 -0.80434636 0.44828865 0.15169408 -1.54242064 -0.44279845
13 15 3.67137004 0.081887835129 0.73584179 -1.65985211 0.93413517 0.86953699 2.50227099 1.66093616 -0.27400146
13 16 0.00000068 0.086809256900 0.00000000 0.00000027 -0.00000040 0.00000004 0.00000026 0.00000009 0.00000038
13 17 0.00000024 0.086809256900 0.00000000 -0.00000003 -0.00000004 -0.00000021 -0.00000006 0.00000003 -0.00000007
13 18 0.00000111 0.087023551122 0.00000000 -0.00000028 0.00000002 0.00000010 0.00000045 -0.00000022 -0.00000094
13 19 0.00000048 0.087023551122 0.00000000 -0.00000037 -0.00000021 -0.00000007 0.00000010 -0.00000019 -0.00000003
13 20 0.00000088 0.089297355411 0.00000000 0.00000006 0.00000041 0.00000047 -0.00000058 0.00000019 -0.00000000
13 21 0.00000115 0.089297355411 0.00000000 0.00000024 0.00000031 -0.00000017 -0.00000107 -0.00000009 -0.00000001
13 22 0.03625062 0.092116591472 0.00008070 -0.00150016 -0.02822793 0.02209695 0.00517359 0.00000087 -0.00000039
13 23 0.02142491 0.092116591472 0.00002819 -0.00502477 0.00788999 -0.00846364 0.01731744 0.00000189 -0.00000104
13 24 0.39863861 0.092393041649 0.00978829 -0.00555858 -0.08984391 -0.26972446 0.03428393 0.08285254 0.26461047
13 25 0.33913845 0.092393041649 0.00708438 0.00022997 -0.28569235 -0.12556142 -0.00563244 -0.10192412 -0.08490461
13 26 0.12204587 0.092682185473 0.00092035 0.08346414 -0.02975081 0.01743180 0.08209721 0.00000032 -0.00000032
13 27 0.05743023 0.092682185473 0.00020379 0.02485235 -0.02505072 -0.00558140 -0.04496556 -0.00000045 -0.00000040
13 28 0.07514097 0.094563517872 0.00035595 0.00824835 0.01203769 0.00957203 -0.01500124 -0.07109814 -0.00784975
13 29 0.12906611 0.094563517873 0.00105016 -0.01269635 -0.00244070 -0.00795964 -0.00023003 -0.07377252 0.10480989
13 30 0.04987376 0.094839810613 0.00015727 -0.02072951 0.03648583 -0.02361647 -0.01298943 0.00000054 0.00000090
13 31 0.03225737 0.094839810613 0.00006579 -0.00123395 -0.00125292 0.02831966 -0.01534413 -0.00000021 0.00000011
13 32 0.21002827 0.095454975871 0.00280713 0.06340727 -0.13772638 -0.10213767 0.09627163 0.03589974 -0.01156348
13 33 0.27593132 0.095454975872 0.00484517 0.16297891 0.09369426 0.17382530 -0.09172676 0.00297710 -0.04646994
13 34 0.00000284 0.096879184985 0.00000000 0.00000057 -0.00000008 -0.00000008 -0.00000014 0.00000224 0.00000163
13 35 0.00000230 0.096879184987 0.00000000 -0.00000049 0.00000043 -0.00000024 0.00000004 -0.00000219 -0.00000013
13 36 0.00000177 0.096941696113 0.00000000 -0.00000059 -0.00000013 0.00000061 -0.00000047 -0.00000043 0.00000141
13 37 0.00000613 0.096941696126 0.00000000 -0.00000002 0.00000068 -0.00000025 0.00000032 -0.00000589 -0.00000150
13 38 0.00000902 0.098006658636 0.00000000 -0.00000231 0.00000205 0.00000263 0.00000013 0.00000066 -0.00000803
13 39 0.00000952 0.098006658799 0.00000000 -0.00000439 -0.00000227 -0.00000095 0.00000016 0.00000808 -0.00000010
13 40 0.00000789 0.098484428667 0.00000000 -0.00000153 0.00000374 -0.00000104 -0.00000209 0.00000174 -0.00000611
13 41 0.00000565 0.098484428767 0.00000000 0.00000149 0.00000110 0.00000245 0.00000124 -0.00000241 -0.00000390
13 42 0.00000354 0.099272365864 0.00000000 0.00000052 0.00000073 -0.00000258 0.00000223 0.00000011 -0.00000029
