0 21 0.00000746 0.097938839283 0.00000000 -0.00000374 0.00000447 0.00000395 0.00000083 -0.00000210 0.00000097
0 22 0.00000862 0.097938839283 0.00000000 0.00000281 -0.00000120 -0.00000312 -0.00000093 0.00000001 -0.00000737
0 23 0.02735212 0.103830578402 0.00005179 -0.01012639 -0.00487331 0.01396317 -0.01292861 -0.01242671 0.01026173
0 24 0.02074767 0.103830578402 0.00002980 -0.01573979 -0.00078045 0.01049730 -0.00550188 -0.00173107 -0.00621731
0 25 0.12714620 0.104485784584 0.00112609 0.00886401 -0.00404368 -0.02089441 0.01238930 0.03135651 -0.12040736
0 26 0.06173538 0.104485784584 0.00026548 -0.03628873 0.01322944 -0.01425276 -0.04493375 -0.00976951 0.00131946
0 27 0.09783196 0.104996829145 0.00066996 -0.05087588 -0.05766961 -0.05859894 -0.00463463 0.00180779 0.01408439
0 28 0.06365828 0.104996829145 0.00028366 -0.03234791 -0.02640929 -0.03422110 0.02511729 -0.01287223 -0.01846299
0 29 0.00000959 0.108500945928 0.00000000 0.00000173 -0.00000105 -0.00000259 0.00000053 -0.00000258 -0.00000861
0 30 0.00000899 0.108500945928 0.00000000 0.00000338 0.00000131 -0.00000058 0.00000029 -0.00000518 0.00000636
0 31 0.00000545 0.108831814404 0.00000000 -0.00000170 0.00000249 -0.00000281 0.00000057 -0.00000210 -0.00000283
0 32 0.00000945 0.108831814405 0.00000000 0.00000290 -0.00000317 0.00000053 -0.00000127 -0.00000416 0.00000719
0 33 0.02620552 0.110638519574 0.00005065 0.00394550 -0.00866154 -0.01505660 0.00406790 -0.01377707 -0.01277041
0 34 0.01222466 0.110638519584 0.00001102 -0.00273128 -0.01052418 -0.00366252 -0.00283448 0.00184336 0.00252542
0 35 0.00000532 0.110791235333 0.00000000 0.00000069 0.00000247 0.00000067 0.00000172 0.00000401 -0.00000149
0 36 0.00000392 0.110791235336 0.00000000 0.00000171 -0.00000143 -0.00000177 0.00000019 0.00000193 -0.00000188
0 37 0.00002043 0.110848802631 0.00000000 0.00000248 0.00000168 -0.00000185 -0.00000010 -0.00001265 0.00001566
0 38 0.00008222 0.110848802635 0.00000000 -0.00000185 -0.00000169 -0.00000052 -0.00000202 -0.00008154 0.00000997
0 39 0.03307803 0.111019603975 0.00008098 -0.00920223 -0.00253732 -0.01344362 -0.01765407 -0.01978613 0.01091555
0 40 0.04855554 0.111019603979 0.00017450 0.00512952 0.00102183 0.00464803 -0.00837333 -0.01637062 0.04439111
0 41 0.00001376 0.111984426618 0.00000000 0.00000082 0.00000128 -0.00000092 0.00000107 -0.00001307 0.00000377
0 42 0.00000608 0.111984426631 0.00000000 -0.00000026 0.00000015 -0.00000253 -0.00000096 0.00000382 0.00000387
0 43 0.00013357 0.112524148169 0.00000000 -0.00000131 0.00000016 0.00000162 0.00000295 0.00011572 0.00006661
0 44 0.00007286 0.112524148189 0.00000000 -0.00000082 -0.00000035 0.00000019 -0.00000152 -0.00007275 -0.00000364
0 45 0.01795029 0.114748335206 0.00002465 -0.00004466 -0.01301682 0.00353284 -0.00942625 -0.00688583 0.00200584
0 46 0.43844153 0.115338816155 0.01478113 0.00310731 -0.03794208 0.00058829 0.01655762 -0.33532830 0.27939606
0 47 0.32171965 0.115776610232 0.00798886 0.14452281 0.12380162 -0.01184508 -0.21162909 -0.08174393 0.12522222
1 21 0.42348979 0.095118447132 0.01137259 0.22639297 0.03284270 -0.09526849 -0.02071547 0.10674343 -0.32574808
1 22 0.18230701 0.095118447132 0.00210756 0.09230861 0.12283745 -0.03257490 -0.03426685 -0.03839374 -0.07691884
1 23 0.00000390 0.101010186251 0.00000000 0.00000030 -0.00000066 -0.00000081 -0.00000008 -0.00000141 -0.00000348
1 24 0.00000549 0.101010186251 0.00000000 0.00000028 0.00000058 -0.00000004 0.00000116 0.00000176 -0.00000503
1 25 0.00002098 0.101665392434 0.00000000 -0.00000056 -0.00000034 -0.00000106 0.00000011 -0.00000998 0.00001841
1 26 0.00003198 0.101665392434 0.00000000 -0.00000098 -0.00000033 0.00000047 -0.00000044 0.00003188 0.00000219
1 27 0.00007491 0.102176436995 0.00000000 0.00000036 -0.00000147 -0.00000011 -0.00000100 0.00003892 0.00006398
1 28 0.00002067 0.102176436995 0.00000000 -0.00000019 -0.00000149 0.00000040 -0.00000049 -0.00000882 -0.00001863
1 29 1.41377596 0.105680553777 0.14082022 -0.50056557 0.07510353 0.11958685 -0.08660749 -0.72081526 1.09598336
1 30 1.89972980 0.105680553778 0.25426553 -1.27556411 -0.48249228 0.40957398 0.17648107 -0.13740520 1.23747085
1 31 1.62611217 0.106011422254 0.18687982 0.29240567 -0.18326309 0.11331132 -0.11729350 1.55817266 -0.26581025
1 32 1.55195087 0.106011422255 0.17022265 -0.51270013 1.03432507 -0.16759912 0.32407030 0.97011156 -0.04042620
1 33 0.00000920 0.107818127424 0.00000000 0.00000124 0.00000042 -0.00000057 -0.00000068 0.00000723 -0.00000546
1 34 0.00000928 0.107818127433 0.00000000 -0.00000006 -0.00000134 0.00000122 -0.00000012 0.00000321 -0.00000851
1 35 0.12638930 0.107970843182 0.00114984 -0.10443993 -0.03651716 0.05452068 0.00451237 0.01692004 -0.02130490
1 36 0.09635499 0.107970843185 0.00066829 0.02974690 -0.03559149 -0.02223413 0.06783866 -0.00948450 0.04411639
1 37 0.41590270 0.108028410481 0.01245748 -0.01601016 -0.21714440 0.22960534 -0.07510089 -0.24719762 0.07811286
1 38 0.45354390 0.108028410485 0.01481445 0.19813969 0.07946453 0.02523889 -0.19855359 0.19515689 -0.28632392
1 39 0.00001022 0.108199211825 0.00000000 -0.00000194 -0.00000150 0.00000111 0.00000148 0.00000117 0.00000968
1 40 0.00000209 0.108199211829 0.00000000 -0.00000047 0.00000015 0.00000111 0.00000028 -0.00000078 0.00000148
1 41 0.17936155 0.109164034467 0.00234125 0.06953939 -0.02509478 0.09875083 0.04026068 0.09905328 -0.07430268
1 42 0.17283946 0.109164034481 0.00217407 -0.06814015 0.00811359 -0.06298088 0.10090438 0.10401741 -0.01402362
1 43 0.22258434 0.109703756019 0.00362343 0.02502873 0.06987599 0.00416224 0.06269690 0.19457627 0.04718629
1 44 0.16474565 0.109703756039 0.00198499 -0.11242064 0.01008998 -0.07411989 0.03312546 0.06847626 -0.05586473
1 45 0.00003766 0.111927943055 0.00000000 -0.00000084 -0.00000180 -0.00000073 -0.00000092 0.00001857 0.00003268
1 46 0.00001292 0.112518424004 0.00000000 -0.00000401 -0.00000154 0.00000184 0.00000068 -0.00000684 0.00000990
1 47 0.00007599 0.112956218082 0.00000000 0.00000129 0.00000454 0.00000234 0.00000114 0.00007453 0.00001381
2 21 0.18230768 0.095118447128 0.00210758 -0.14832896 0.04010859 0.04675845 -0.00699374 0.07757585 -0.03704903
2 22 0.42349006 0.095118447128 0.01137260 0.19873067 0.11330815 -0.08786824 -0.04224627 -0.11612227 0.32252328
2 23 0.00000569 0.101010186247 0.00000000 0.00000040 -0.00000020 0.00000083 0.00000013 0.00000384 0.00000409
2 24 0.00000489 0.101010186247 0.00000000 0.00000009 -0.00000161 0.00000017 -0.00000004 0.00000052 -0.00000458
2 25 0.00003359 0.101665392429 0.00000000 0.00000152 0.00000015 0.00000064 -0.00000101 0.00003035 -0.00001425
2 26 0.00002216 0.101665392429 0.00000000 0.00000100 -0.00000040 -0.00000087 0.00000053 0.00001834 0.00001235
2 27 0.00002039 0.102176436990 0.00000000 -0.00000036 -0.00000034 0.00000030 0.00000037 0.00000802 0.00001874
2 28 0.00007462 0.102176436990 0.00000000 -0.00000045 0.00000057 -0.00000030 0.00000021 0.00001745 0.00007255
2 29 1.89973019 0.105680553773 0.25426564 1.36362773 -0.01953431 -0.44518845 0.02654301 -0.29198177 1.21035614
2 30 1.41377606 0.105680553773 0.14082024 -0.44511636 -0.24099070 0.08297014 0.12214055 -0.30475076 -1.27588489
2 31 1.55195189 0.106011422249 0.17022287 -0.90783273 -0.71311213 -0.29072539 -0.22043494 0.89312593 -0.38089205
2 32 1.62611198 0.106011422250 0.18687977 -0.34280397 -0.03962780 -0.15275426 -0.05713065 -1.52094550 0.43044425
2 33 0.00000699 0.107818127419 0.00000000 -0.00000062 -0.00000067 0.00000009 -0.00000009 0.00000411 0.00000557
2 34 0.00000972 0.107818127429 0.00000000 -0.00000190 0.00000284 -0.00000029 0.00000057 -0.00000879 -0.00000224
2 35 0.09635421 0.107970843178 0.00066828 -0.02307608 -0.04023836 0.01004706 0.07067875 0.00163426 0.04509326
2 36 0.12639108 0.107970843181 0.00114987 -0.10921452 0.01771885 0.05446915 0.00507674 0.01294082 0.02393342
2 37 0.45354302 0.108028410476 0.01481439 -0.09790978 0.18970276 -0.14895642 -0.13368813 -0.33489591 -0.08894944
2 38 0.41590257 0.108028410480 0.01245747 0.12991228 0.17473048 0.22280588 -0.09336223 -0.23808371 0.10258746
2 39 0.00000202 0.108199211820 0.00000000 0.00000075 0.00000031 -0.00000146 0.00000028 -0.00000102 -0.00000043
2 40 0.00000948 0.108199211824 0.00000000 -0.00000064 0.00000097 -0.00000018 0.00000117 -0.00000351 0.00000864
2 41 0.17283769 0.109164034463 0.00217403 0.06754051 0.01213437 0.05689200 0.10445790 -0.10300114 -0.02016225
2 42 0.17936307 0.109164034476 0.00234129 0.06793412 0.02917050 0.10096265 -0.03433853 0.09447894 0.08003928
2 43 0.16474692 0.109703756014 0.00198502 0.06309978 0.09358909 0.02106127 0.07840702 0.00014150 -0.08837303
2 44 0.22258536 0.109703756034 0.00362346 0.07001051 -0.02466312 0.05126967 -0.03632628 0.15937085 0.12119100
2 45 0.00001923 0.111927943051 0.00000000 0.00000062 0.00000149 -0.00000060 -0.00000002 -0.00001800 0.00000653
2 46 0.00002872 0.112518424000 0.00000000 -0.00000359 -0.00000250 -0.00000227 -0.00000175 -0.00000229 -0.00002815
2 47 0.00010529 0.112956218077 0.00000000 0.00000359 -0.00000027 0.00000212 0.00000134 0.00010050 0.00003110
3 21 0.36377698 0.094889493595 0.00837138 -0.02263760 -0.05924794 -0.12292465 -0.17399107 -0.13002318 0.25694653
3 22 0.27072176 0.094889493595 0.00463632 0.01991205 0.05101940 0.06268175 0.12692420 0.15022766 0.16638419
3 23 0.00000253 0.100781232714 0.00000000 -0.00000010 -0.00000033 0.00000029 -0.00000001 0.00000171 0.00000181
3 24 0.00000490 0.100781232714 0.00000000 0.00000085 -0.00000153 0.00000133 0.00000072 -0.00000408 0.00000144
3 25 0.00002511 0.101436438897 0.00000000 0.00000060 0.00000077 0.00000096 -0.00000017 -0.00001578 0.00001948
3 26 0.00001718 0.101436438897 0.00000000 0.00000094 -0.00000009 0.00000009 -0.00000034 0.00001547 0.00000739
3 27 0.00006736 0.101947483458 0.00000000 -0.00000158 -0.00000094 -0.00000175 0.00000088 -0.00002626 -0.00006198
3 28 0.00004798 0.101947483458 0.00000000 -0.00000161 0.00000086 -0.00000061 0.00000069 0.00004135 0.00002426
3 29 1.73907553 0.105451600241 0.21261740 0.32155347 0.34616601 0.83642440 0.88986180 1.00876943 -0.54044481
3 30 1.40192162 0.105451600241 0.13816861 0.02415542 0.12625814 0.05136850 0.24437660 -0.03688554 -1.37300416
3 31 1.99101450 0.105782468717 0.27955759 -0.05770987 -0.45061370 0.34029504 1.24212199 1.42012862 0.28691909
3 32 1.47757085 0.105782468718 0.15396396 0.17250049 -0.09114090 -0.55623406 0.44356508 1.22189397 -0.38207508
3 33 0.00000523 0.107589173887 0.00000000 -0.00000024 -0.00000090 -0.00000072 0.00000059 0.00000202 -0.00000465
3 34 0.00000742 0.107589173897 0.00000000 -0.00000158 0.00000107 0.00000040 -0.00000036 -0.00000237 0.00000674
3 35 0.03946041 0.107741889645 0.00011184 -0.00835775 0.00001325 0.02385600 0.01569156 -0.00775657 0.02473406
3 36 0.13064587 0.107741889648 0.00122598 -0.02818071 0.00925778 -0.10201420 -0.07317697 0.00365226 -0.02033178
3 37 0.25091305 0.107799456944 0.00452451 0.00114550 -0.15642205 0.14743554 0.02633506 0.09102651 0.08815663
3 38 0.27588105 0.107799456948 0.00546977 0.04889300 0.05940603 -0.01274681 -0.08014119 -0.04266085 0.24856732
3 39 0.00000565 0.107970258288 0.00000000 -0.00000033 0.00000131 -0.00000005 0.00000010 -0.00000353 -0.00000420
3 40 0.00001360 0.107970258292 0.00000000 -0.00000048 0.00000014 0.00000103 -0.00000124 -0.00001069 -0.00000823
3 41 0.13248776 0.108935080930 0.00127476 0.00949676 -0.03964445 0.04200702 0.01225429 -0.09203732 0.07419914
3 42 0.14508738 0.108935080944 0.00152875 -0.07405103 -0.09596906 -0.05358819 0.04867131 -0.02905430 -0.01649211
3 43 0.17785551 0.109474802482 0.00230865 0.01636803 -0.01998084 0.03398106 -0.10044869 0.09744106 0.10112381
3 44 0.15748420 0.109474802502 0.00181008 0.09639775 -0.00402526 0.01825753 -0.10076178 0.01419717 -0.06931603
3 45 0.00002355 0.111698989519 0.00000000 0.00000002 -0.00000041 0.00000053 0.00000053 -0.00001662 -0.00001667
3 46 0.00007694 0.112289470467 0.00000000 0.00000051 -0.00000034 0.00000034 0.00000155 -0.00007350 0.00002271
3 47 0.00001224 0.112727264545 0.00000000 0.00000088 0.00000007 0.00000128 -0.00000202 -0.00001149 0.00000336
4 21 0.27072148 0.094889493571 0.00463631 -0.04496289 0.03126638 -0.12277805 0.07045630 -0.21746019 0.05443708
4 22 0.36377667 0.094889493571 0.00837137 -0.05181326 0.03657925 -0.19902785 0.07596732 0.03522631 -0.28580903
4 23 0.00000405 0.100781232690 0.00000000 0.00000015 -0.00000009 0.00000032 0.00000006 -0.00000403 0.00000008
4 24 0.00000307 0.100781232690 0.00000000 0.00000001 -0.00000057 0.00000021 0.00000008 -0.00000020 0.00000300
4 25 0.00001804 0.101436438872 0.00000000 0.00000055 -0.00000004 0.00000021 -0.00000090 0.00001262 -0.00001285
4 26 0.00002688 0.101436438872 0.00000000 0.00000044 -0.00000072 0.00000011 0.00000022 0.00002405 0.00001197
4 27 0.00004723 0.101947483433 0.00000000 -0.00000024 -0.00000015 0.00000055 -0.00000009 0.00000931 -0.00004630
4 28 0.00006627 0.101947483433 0.00000000 0.00000019 -0.00000001 -0.00000050 0.00000032 -0.00002798 -0.00006007
4 29 1.40192103 0.105451600216 0.13816849 -0.05766514 0.11488877 -0.11605202 0.22111217 0.40983664 -1.31092835
4 30 1.73907429 0.105451600216 0.21261710 0.40375278 -0.24537880 1.04735510 -0.62809470 0.82319843 0.79501009
4 31 1.47757028 0.105782468692 0.15396384 0.19501078 -0.00582167 -0.70265991 -0.11142548 1.25134321 -0.27045225
4 32 1.99101314 0.105782468693 0.27955720 -0.17210435 -0.42043196 0.31677421 1.24832593 -1.09374077 0.95016734
4 33 0.00000774 0.107589173862 0.00000000 0.00000004 -0.00000002 0.00000055 -0.00000017 -0.00000497 -0.00000591
4 34 0.00000537 0.107589173872 0.00000000 -0.00000074 0.00000069 -0.00000006 0.00000004 -0.00000353 -0.00000392
4 35 0.13064566 0.107741889621 0.00122598 0.02706307 0.01214486 0.10908200 -0.06215124 -0.00151335 -0.02060169
4 36 0.03946040 0.107741889624 0.00011184 -0.00831036 -0.00088418 0.02535964 -0.01312196 -0.00513785 -0.02540835
4 37 0.27587985 0.107799456919 0.00546972 0.00733275 0.07658914 -0.04756800 -0.06574492 0.20573421 0.14587102
4 38 0.25091314 0.107799456923 0.00452452 0.11127136 0.10994461 0.08579418 -0.12275995 0.00219807 -0.12669963
4 39 0.00001421 0.107970258263 0.00000000 0.00000073 0.00000030 0.00000086 0.00000120 -0.00001380 0.00000293
4 40 0.00000611 0.107970258267 0.00000000 -0.00000008 -0.00000020 -0.00000047 0.00000128 0.00000492 -0.00000335
4 41 0.14508935 0.108935080906 0.00152879 0.07290953 -0.09684135 0.05416493 0.04803055 0.02885572 -0.01683582
4 42 0.13248654 0.108935080919 0.00127474 0.00996797 0.03953037 0.04185974 -0.01275039 -0.09291071 -0.07309899
4 43 0.15748610 0.109474802457 0.00181012 -0.06304614 -0.07303469 0.06096519 -0.08227904 0.04081702 -0.05779591
4 44 0.17785615 0.109474802477 0.00230866 -0.00336447 0.02561039 -0.04997340 0.09352703 0.14041946 0.00182474
4 45 0.00003689 0.111698989494 0.00000000 0.00000058 -0.00000022 -0.00000086 0.00000281 0.00002730 -0.00002463
4 46 0.00000614 0.112289470443 0.00000000 0.00000081 -0.00000189 -0.00000009 0.00000069 0.00000525 0.00000233
4 47 0.00007166 0.112727264520 0.00000000 -0.00000048 -0.00000080 0.00000477 -0.00000204 -0.00007147 -0.00000063
5 21 0.35693753 0.094304494021 0.00800987 -0.01754298 0.28831573 -0.16818463 -0.12153544 0.02927368 -0.00753627
5 22 0.30841160 0.094304494021 0.00598002 0.10915735 -0.11810099 0.16795571 -0.20053269 0.02800326 0.00691952
5 23 0.00012042 0.100196233140 0.00000000 -0.00000007 0.00000046 -0.00000000 0.00000005 0.00002417 -0.00011797
5 24 0.00000502 0.100196233140 0.00000000 -0.00000001 0.00000101 -0.00000097 -0.00000012 -0.00000337 -0.00000345
5 25 0.00001114 0.100851439322 0.00000000 -0.00000067 -0.00000018 -0.00000032 0.00000052 0.00000654 -0.00000898
5 26 0.00000582 0.100851439322 0.00000000 -0.00000028 0.00000035 0.00000026 0.00000013 0.00000257 -0.00000520
5 27 0.00027123 0.101362483883 0.00000000 0.00000117 0.00000039 0.00000012 -0.00000094 0.00015079 -0.00022545
5 28 0.00035940 0.101362483883 0.00000001 0.00000019 -0.00000053 -0.00000004 0.00000020 -0.00035200 0.00007255
5 29 0.03232156 0.104866600666 0.00007303 0.01208903 0.00949209 0.01548641 -0.00835135 -0.02218690 0.00257035
5 30 0.18847786 0.104866600666 0.00248351 -0.00433862 -0.00836085 -0.00624391 0.01669895 -0.18685583 -0.01422093
5 31 0.04849865 0.105197469143 0.00016496 -0.00088054 -0.02463620 0.02212279 -0.00075622 0.03186561 0.01545945
5 32 0.03076646 0.105197469144 0.00006638 0.00566138 0.00315362 -0.00527122 0.00738462 0.01224964 -0.02592695
5 33 0.00000400 0.107004174312 0.00000000 0.00000027 0.00000083 -0.00000059 -0.00000086 0.00000246 0.00000285
5 34 0.00000995 0.107004174322 0.00000000 -0.00000057 0.00000046 0.00000145 -0.00000033 -0.00000811 0.00000553
5 35 1.61078213 0.107156890071 0.18535421 0.44687704 0.82759328 -0.12799603 -1.30138489 -0.00092399 -0.00478243
5 36 2.36310247 0.107156890074 0.39892748 -0.20810314 -1.76943858 1.26692897 -0.89717113 0.00181467 -0.00226305
5 37 0.32381228 0.107214457369 0.00749460 0.29161101 -0.00739607 0.10360736 0.09165358 -0.01703073 -0.01837935
5 38 0.21654449 0.107214457373 0.00335163 0.08565820 -0.01155735 0.18824269 -0.04014930 0.03079369 0.03775033
5 39 0.00000544 0.107385258713 0.00000000 0.00000028 -0.00000046 0.00000044 -0.00000021 -0.00000024 0.00000539
5 40 0.00000535 0.107385258717 0.00000000 -0.00000010 0.00000054 0.00000144 -0.00000035 0.00000508 0.00000056
5 41 0.63153453 0.108350081356 0.02880927 -0.06170076 -0.35000412 -0.23934341 -0.06447784 -0.15174285 -0.43365590
5 42 0.75696652 0.108350081369 0.04138961 0.47938244 0.05337183 0.11306552 0.48444544 -0.28848257 -0.09822851
5 43 0.25758843 0.108889802907 0.00481669 -0.15634906 -0.01228812 0.18341013 -0.08811941 0.01837644 0.00371095
5 44 0.42747548 0.108889802927 0.01326534 -0.00375405 0.28966952 0.24266310 0.19436358 -0.04627689 0.00293718
5 45 0.00026359 0.111113989944 0.00000001 0.00000018 -0.00000086 0.00000116 0.00000315 0.00011115 -0.00023899
5 46 0.00001237 0.111704470893 0.00000000 -0.00000073 0.00000044 0.00000273 0.00000130 -0.00000713 0.00000961
5 47 0.00001583 0.112142264970 0.00000000 0.00000079 -0.00000009 0.00000005 -0.00000117 0.00001524 -0.00000403
6 21 0.30841100 0.094304494019 0.00598000 0.01286249 0.16030526 0.00816376 0.26144869 0.02629386 0.01186168
6 22 0.35693835 0.094304494019 0.00800991 -0.16434250 0.23754126 0.20733360 0.00835023 -0.01836156 -0.02401209
6 23 0.00000514 0.100196233138 0.00000000 -0.00000027 0.00000025 -0.00000013 0.00000055 0.00000228 -0.00000455
6 24 0.00012128 0.100196233138 0.00000000 0.00000030 0.00000021 0.00000008 -0.00000028 0.00006532 0.00010218
6 25 0.00000516 0.100851439320 0.00000000 -0.00000053 0.00000047 -0.00000008 0.00000106 -0.00000450 -0.00000219
6 26 0.00001255 0.100851439320 0.00000000 -0.00000033 0.00000080 -0.00000024 -0.00000041 0.00001038 0.00000697
6 27 0.00035900 0.101362483881 0.00000001 0.00000021 0.00000047 0.00000015 0.00000031 0.00030111 -0.00019549
6 28 0.00027164 0.101362483881 0.00000000 -0.00000041 -0.00000076 0.00000011 -0.00000024 0.00026599 0.00005509
6 29 0.18847807 0.104866600664 0.00248352 -0.00694959 0.00635948 -0.00012039 -0.01782807 -0.18035031 -0.05090336
6 30 0.03232170 0.104866600664 0.00007304 -0.01461639 0.00475605 -0.01167021 -0.01316698 0.01994996 0.01004336
6 31 0.03076684 0.105197469141 0.00006639 -0.00377398 0.00526827 0.00792065 0.00442722 -0.02214481 -0.01821734
6 32 0.04849922 0.105197469142 0.00016496 0.00971963 0.02265542 0.02032923 -0.00875978 0.02221777 -0.02758249
6 33 0.00001102 0.107004174310 0.00000000 -0.00000035 0.00000014 0.00000001 0.00000003 0.00001068 0.00000269
6 34 0.00000466 0.107004174320 0.00000000 0.00000133 -0.00000192 -0.00000100 -0.00000050 0.00000124 -0.00000368
6 35 2.36310200 0.107156890069 0.39892732 -0.52027133 1.70397748 1.08665239 1.10869640 0.00138267 0.00255042
6 36 1.61078159 0.107156890072 0.18535408 -0.58728072 0.73464940 0.35799138 -1.25770719 0.00176195 -0.00454059
6 37 0.21654510 0.107214457367 0.00335165 0.07253160 -0.04701039 0.16900445 -0.09211483 -0.00121363 -0.04870165
6 38 0.32381323 0.107214457371 0.00749465 -0.22612165 0.18428577 -0.01894241 0.13702593 0.00095716 -0.02503858
6 39 0.00000510 0.107385258712 0.00000000 0.00000009 0.00000008 -0.00000009 -0.00000066 -0.00000486 -0.00000139
6 40 0.00000506 0.107385258715 0.00000000 0.00000058 -0.00000038 0.00000002 -0.00000105 0.00000146 -0.00000468
6 41 0.75696666 0.108350081354 0.04138962 0.48179129 -0.02306983 0.14335879 -0.47636161 -0.29409753 0.07986223
6 42 0.63153426 0.108350081367 0.02880924 0.08362319 -0.34542222 0.24292963 -0.04927345 0.17875842 -0.42323625
6 43 0.42747743 0.108889802905 0.01326546 0.22306913 -0.18483192 0.30365004 0.06678923 -0.02677537 -0.03785773
6 44 0.25758708 0.108889802925 0.00481664 0.10774641 0.11395728 -0.04660234 -0.19807156 -0.01442751 -0.01196984
6 45 0.00009710 0.111113989942 0.00000000 -0.00000194 0.00000083 -0.00000067 0.00000135 0.00009706 -0.00000042
6 46 0.00001676 0.111704470891 0.00000000 0.00000174 0.00000079 -0.00000096 0.00000237 0.00001345 0.00000949
6 47 0.00003416 0.112142264968 0.00000000 -0.00000054 0.00000088 -0.00000056 -0.00000220 -0.00000581 0.00003357
7 21 0.13457620 0.093156759804 0.00112476 0.07661008 0.05677236 0.08963305 -0.01482659 -0.00746989 -0.02662404
7 22 0.08651145 0.093156759804 0.00046480 -0.05657176 -0.02777491 -0.01203283 0.04693525 -0.03319794 -0.00791274
7 23 0.00000840 0.099048498923 0.00000000 0.00000016 -0.00000025 -0.00000008 -0.00000002 0.00000821 -0.00000175
7 24 0.00000728 0.099048498923 0.00000000 0.00000008 -0.00000003 -0.00000022 0.00000037 -0.00000687 0.00000237
7 25 0.00004831 0.099703705105 0.00000000 -0.00000001 -0.00000019 0.00000001 -0.00000008 -0.00004024 -0.00002673
7 26 0.00001598 0.099703705105 0.00000000 0.00000025 -0.00000017 0.00000006 0.00000026 -0.00001571 -0.00000295
7 27 0.00002361 0.100214749666 0.00000000 0.00000036 -0.00000015 0.00000003 0.00000003 0.00001745 0.00001590
7 28 0.00001648 0.100214749666 0.00000000 0.00000026 -0.00000007 0.00000011 -0.00000014 -0.00001648 0.00000002
7 29 0.39006440 0.103718866449 0.01052057 -0.04776145 0.22193770 -0.12871926 -0.10879649 -0.20299949 0.17606424
7 30 0.45029911 0.103718866449 0.01402067 -0.21495496 -0.02180150 0.03050298 -0.03314182 0.16283768 0.35713222
7 31 0.55671220 0.104049734925 0.02149865 -0.07465151 -0.38605206 0.21799375 -0.29127315 0.13883901 -0.06067821
7 32 0.40002283 0.104049734926 0.01109991 0.11596317 0.06763646 -0.01067760 0.31273439 -0.09334490 -0.18805859
7 33 0.00000659 0.105856440095 0.00000000 -0.00000017 0.00000015 0.00000006 -0.00000025 -0.00000053 -0.00000656
7 34 0.00000593 0.105856440105 0.00000000 0.00000098 0.00000013 -0.00000101 0.00000175 0.00000549 -0.00000007
7 35 0.24722450 0.106009155854 0.00431952 -0.03750855 -0.08428455 -0.09854760 -0.01007761 -0.09248876 -0.18504544
7 36 0.35373924 0.106009155857 0.00884339 0.23587746 0.12597426 0.06014704 -0.17929353 -0.05891842 -0.11995227
7 37 0.97671497 0.106066723152 0.06745646 0.57345326 0.05345913 -0.07253807 0.59424988 0.51293838 0.02766099
7 38 2.39738305 0.106066723156 0.40640847 -0.12423939 -0.16470550 -0.11951369 -0.01430672 -0.58510643 2.31258393
7 39 0.00000357 0.106237524496 0.00000000 0.00000005 -0.00000049 -0.00000091 0.00000032 -0.00000267 0.00000210
7 40 0.00000627 0.106237524500 0.00000000 0.00000035 0.00000027 0.00000019 0.00000080 0.00000533 0.00000317
7 41 0.22413011 0.107202347139 0.00359016 -0.14599025 0.03601331 0.00397743 -0.10905184 -0.09865307 0.07735403
7 42 0.75020660 0.107202347152 0.04022303 0.33740772 -0.36270294 -0.46049880 -0.32269678 -0.00813352 0.03397100
7 43 0.87659500 0.107742068690 0.05519402 -0.06736259 -0.28664765 0.05343921 -0.12006491 -0.65887795 0.47991949
7 44 0.65139219 0.107742068710 0.03047749 -0.16057444 -0.33734357 0.34443142 -0.18964466 0.06900009 -0.35407321
7 45 0.00001248 0.109966255727 0.00000000 0.00000071 0.00000064 0.00000120 -0.00000014 0.00000972 0.00000767
7 46 0.00003284 0.110556736676 0.00000000 -0.00000094 -0.00000122 -0.00000185 0.00000153 0.00001298 0.00003003
7 47 0.00003040 0.110994530753 0.00000000 -0.00000246 -0.00000069 0.00000173 0.00000035 0.00002464 0.00001752
8 21 0.08651163 0.093156759803 0.00046481 -0.03257659 -0.05394984 0.04571507 -0.01605710 -0.01076216 -0.03238705
8 22 0.13457634 0.093156759803 0.00112476 -0.06320207 -0.07139864 0.00699782 -0.09058103 0.02717143 0.00513267
8 23 0.00000727 0.099048498922 0.00000000 0.00000010 -0.00000010 0.00000003 -0.00000015 0.00000502 0.00000525
8 24 0.00000819 0.099048498922 0.00000000 -0.00000016 -0.00000008 0.00000005 -0.00000016 0.00000621 0.00000534
8 25 0.00001532 0.099703705104 0.00000000 0.00000023 -0.00000019 -0.00000012 -0.00000024 0.00001478 0.00000402
8 26 0.00004864 0.099703705104 0.00000000 -0.00000005 -0.00000013 -0.00000014 0.00000007 -0.00004805 0.00000754
8 27 0.00001636 0.100214749665 0.00000000 -0.00000012 -0.00000001 0.00000002 0.00000019 0.00001634 0.00000081
8 28 0.00002330 0.100214749665 0.00000000 0.00000020 0.00000014 -0.00000007 0.00000024 0.00001763 -0.00001522
8 29 0.45029953 0.103718866448 0.01402069 -0.10412675 -0.18931123 -0.01857384 0.04103443 0.39237168 0.01020771
8 30 0.39006488 0.103718866448 0.01052059 -0.18558544 0.13075018 0.15046981 0.07592210 -0.08265707 0.25568638
8 31 0.40002331 0.104049734925 0.01109993 -0.13271760 0.02020420 -0.10518433 0.29470885 0.15601326 -0.14049659
8 32 0.55671193 0.104049734926 0.02149863 -0.21150936 0.33147055 0.09547623 0.35106344 0.10675671 0.10752206
8 33 0.00000524 0.105856440094 0.00000000 -0.00000013 -0.00000023 0.00000007 0.00000016 -0.00000423 -0.00000307
8 34 0.00000930 0.105856440104 0.00000000 0.00000116 -0.00000045 -0.00000130 -0.00000110 -0.00000443 0.00000790
8 35 0.35373994 0.106009155853 0.00884342 0.23381000 0.12977023 -0.11796312 0.14781438 -0.13272800 0.01560141
8 36 0.24722324 0.106009155856 0.00431947 0.09115104 -0.01423025 0.06193969 0.07730752 0.20561852 -0.02272366
8 37 2.39738257 0.106066723151 0.40640831 -0.14138672 0.15024284 -0.12036185 0.00124523 -0.33056253 -2.36243941
8 38 0.97671473 0.106066723155 0.06745643 -0.57586793 -0.00911804 0.00759016 0.59861244 -0.51290861 -0.02819464
8 39 0.00000532 0.106237524496 0.00000000 0.00000027 0.00000005 -0.00000024 0.00000000 -0.00000432 -0.00000308
8 40 0.00000262 0.106237524499 0.00000000 0.00000010 -0.00000083 -0.00000108 -0.00000052 0.00000055 -0.00000210
8 41 0.75020772 0.107202347138 0.04022315 -0.06505483 0.49108588 -0.54197528 -0.14985561 0.02102787 -0.02789408
8 42 0.22412803 0.107202347151 0.00359009 0.06512449 0.13553016 0.08158771 -0.07246553 0.00311622 0.12532450
8 43 0.65138983 0.107742068689 0.03047727 -0.31184231 -0.20576210 -0.23553546 0.31483263 -0.36021771 0.01927975
8 44 0.87659231 0.107742068709 0.05519368 0.27454929 0.10642565 0.12630968 -0.03628730 -0.56657049 0.58603525
8 45 0.00001479 0.109966255726 0.00000000 0.00000053 -0.00000043 -0.00000110 -0.00000128 0.00000991 0.00001082
8 46 0.00002116 0.110556736675 0.00000000 0.00000142 -0.00000035 -0.00000275 -0.00000097 -0.00001952 0.00000751
8 47 0.00004095 0.110994530752 0.00000000 -0.00000190 0.00000134 0.00000029 0.00000220 0.00003951 -0.00001027
9 21 0.12015913 0.092864599412 0.00089387 0.01494499 0.01502603 -0.00934348 -0.00680963 -0.00559347 0.11757604
9 22 0.10999522 0.092864599412 0.00074904 -0.00109968 0.00101507 -0.00392118 -0.02017545 -0.05587385 0.09247917
9 23 0.00009984 0.098756338531 0.00000000 -0.00000010 -0.00000008 -0.00000004 0.00000010 0.00008703 0.00004893
9 24 0.00000812 0.098756338531 0.00000000 -0.00000022 -0.00000041 0.00000028 -0.00000026 -0.00000027 0.00000810
9 25 0.00000546 0.099411544714 0.00000000 0.00000026 -0.00000018 0.00000034 -0.00000075 0.00000504 0.00000191
9 26 0.00000198 0.099411544714 0.00000000 0.00000035 -0.00000012 0.00000022 -0.00000009 0.00000173 0.00000086
9 27 0.00011743 0.099922589275 0.00000000 -0.00000051 0.00000038 0.00000032 0.00000021 0.00008185 0.00008421
9 28 0.00012888 0.099922589275 0.00000000 0.00000009 0.00000046 -0.00000021 0.00000023 0.00001821 -0.00012758
9 29 0.13134561 0.103426706058 0.00118952 -0.06278283 -0.03732452 -0.03264636 -0.07979996 0.00275784 0.06689874
9 30 0.30675801 0.103426706058 0.00648833 -0.00895226 0.01256460 0.11576320 0.03272061 -0.05863790 0.27559446
9 31 0.11404219 0.103757574534 0.00089962 -0.05829298 -0.03323141 -0.02862101 0.02019731 0.08496194 -0.00758938
9 32 0.14749088 0.103757574535 0.00150473 0.03207014 -0.11192522 0.01673105 -0.08070776 0.00314926 -0.03733928
9 33 0.00000140 0.105564279704 0.00000000 -0.00000008 -0.00000025 0.00000000 0.00000026 -0.00000022 -0.00000134
9 34 0.00000240 0.105564279714 0.00000000 0.00000035 0.00000036 0.00000080 -0.00000133 0.00000144 0.00000101
9 35 0.74797475 0.105716995462 0.03943006 -0.07288107 0.11160755 0.04610391 0.06395280 -0.13688970 0.71884909
9 36 0.58910704 0.105716995465 0.02445918 0.33940758 0.19653984 0.27845604 0.22371878 -0.25440792 0.03017337
9 37 0.56231871 0.105774562761 0.02229744 0.24088985 -0.24490026 0.02156698 -0.36145912 0.02283356 0.25799045
9 38 0.48805971 0.105774562765 0.01679716 0.11433382 -0.16035044 0.25869484 0.02046692 0.32030705 -0.17169527
9 39 0.00000258 0.105945364105 0.00000000 0.00000070 0.00000097 0.00000040 0.00000004 0.00000184 -0.00000130
9 40 0.00000276 0.105945364109 0.00000000 0.00000025 -0.00000074 0.00000001 -0.00000085 0.00000175 -0.00000179
9 41 1.01886572 0.106910186747 0.07398808 0.34704343 0.27964534 -0.01980406 -0.58809581 -0.69861748 0.07163397
9 42 1.26241706 0.106910186761 0.11358828 0.22740196 0.66207672 -0.74361687 -0.45550761 -0.35416442 0.46664114
9 43 1.07867500 0.107449908299 0.08334816 -0.19906451 0.66545875 -0.26363108 -0.77136036 -0.10157845 -0.07912902
9 44 1.56569795 0.107449908319 0.17560253 1.18104992 0.20490454 0.81405404 -0.58666898 -0.02077087 0.08514346
9 45 0.00012441 0.109674095336 0.00000000 0.00000045 -0.00000031 0.00000096 0.00000116 0.00009380 0.00008172
9 46 0.00000388 0.110264576284 0.00000000 0.00000325 0.00000022 0.00000078 -0.00000106 0.00000126 -0.00000109
9 47 0.00000581 0.110702370362 0.00000000 -0.00000058 -0.00000039 -0.00000196 -0.00000159 -0.00000216 -0.00000472
10 21 0.10999501 0.092864599411 0.00074904 -0.00013757 0.00149058 0.01840149 -0.00915478 -0.03944331 0.10059057
10 22 0.12015933 0.092864599411 0.00089387 0.02101650 0.00272779 -0.01108764 -0.00327694 0.08994093 -0.07593474
10 23 0.00000804 0.098756338530 0.00000000 -0.00000006 0.00000012 -0.00000002 0.00000003 -0.00000117 -0.00000795
10 24 0.00010009 0.098756338530 0.00000000 -0.00000009 0.00000006 -0.00000007 -0.00000004 -0.00008100 0.00005879
10 25 0.00000129 0.099411544712 0.00000000 -0.00000002 -0.00000031 0.00000012 0.00000036 0.00000108 -0.00000050
10 26 0.00000563 0.099411544712 0.00000000 0.00000010 -0.00000003 -0.00000010 -0.00000027 -0.00000494 0.00000270
10 27 0.00012903 0.099922589274 0.00000000 -0.00000004 0.00000014 -0.00000021 0.00000012 0.00007999 0.00010124
10 28 0.00011783 0.099922589274 0.00000000 0.00000021 0.00000011 -0.00000004 -0.00000003 -0.00002828 0.00011438
10 29 0.30675779 0.103426706056 0.00648833 0.00025996 0.01542526 -0.11393320 -0.03861255 -0.10779440 0.26032864
10 30 0.13134572 0.103426706056 0.00118952 -0.07288170 -0.00480622 -0.07210777 0.04726812 0.04016884 -0.05356785
10 31 0.14749105 0.103757574533 0.00150473 0.05261436 0.10386298 0.03166054 0.07610067 0.01013857 0.03607391
10 32 0.11404243 0.103757574534 0.00089962 0.05097495 -0.04363432 0.03191764 0.01443369 -0.08486807 0.00858023
10 33 0.00000183 0.105564279702 0.00000000 0.00000047 0.00000007 -0.00000027 -0.00000007 0.00000101 -0.00000142
10 34 0.00000245 0.105564279712 0.00000000 0.00000002 0.00000051 -0.00000078 0.00000134 0.00000182 0.00000021
10 35 0.58910738 0.105716995461 0.02445921 -0.39045777 0.03698892 -0.34640656 0.08712316 0.21861155 0.13357809
10 36 0.74797378 0.105716995464 0.03942996 -0.01966408 -0.13183767 0.06858384 -0.03888102 0.17554812 -0.71039729
10 37 0.48806069 0.105774562759 0.01679723 -0.17345120 -0.09327099 -0.22298446 0.13274061 -0.36321228 -0.01237503
10 38 0.56231891 0.105774562763 0.02229746 0.32434765 0.11314968 0.17916555 0.31466930 -0.09359308 -0.24149861
10 39 0.00000237 0.105945364104 0.00000000 -0.00000036 0.00000065 -0.00000003 -0.00000075 -0.00000020 0.00000211
10 40 0.00000127 0.105945364107 0.00000000 -0.00000009 0.00000025 0.00000048 0.00000034 -0.00000045 -0.00000100
10 41 1.26241682 0.106910186746 0.11358824 -0.42088932 0.55938467 0.84798873 -0.20338751 0.19260667 0.55325265
10 42 1.01886495 0.106910186759 0.07398796 0.41647914 -0.15869809 -0.20058787 0.55318244 -0.64227669 -0.28404258
10 43 1.56569958 0.107449908297 0.17560289 -0.67641900 -0.98960759 0.19607399 -0.98408510 -0.06885439 0.05422103
10 44 1.07867409 0.107449908317 0.08334802 0.52290349 -0.45720257 -0.81121750 0.08013863 -0.11413839 -0.05959813
10 45 0.00002910 0.109674095334 0.00000000 -0.00000243 -0.00000077 0.00000185 -0.00000110 -0.00000164 0.00002886
10 46 0.00000459 0.110264576283 0.00000000 -0.00000302 0.00000006 0.00000028 0.00000017 -0.00000171 -0.00000298
10 47 0.00000502 0.110702370360 0.00000000 0.00000316 0.00000186 -0.00000077 -0.00000269 0.00000040 -0.00000195
11 21 0.04830750 0.092359278239 0.00014369 -0.00129485 0.03572070 -0.00381996 -0.03170636 0.00050632 0.00598563
11 22 0.03614562 0.092359278239 0.00008045 -0.00438934 -0.00096540 -0.00813627 0.02341634 -0.01709259 -0.01948402
11 23 0.00001823 0.098251017358 0.00000000 -0.00000010 -0.00000024 -0.00000035 -0.00000007 -0.00000826 0.00001625
11 24 0.00001060 0.098251017358 0.00000000 0.00000006 0.00000012 -0.00000008 0.00000054 0.00000568 0.00000894
11 25 0.00002571 0.098906223540 0.00000000 -0.00000038 -0.00000009 -0.00000006 0.00000026 -0.00002239 -0.00001263
11 26 0.00001887 0.098906223540 0.00000000 -0.00000044 0.00000007 0.00000024 -0.00000035 0.00001171 0.00001478
11 27 0.00000625 0.099417268101 0.00000000 0.00000005 -0.00000017 -0.00000053 -0.00000022 -0.00000545 0.00000299
11 28 0.00003331 0.099417268101 0.00000000 -0.00000031 -0.00000043 0.00000018 -0.00000040 0.00003316 0.00000307
11 29 0.20734894 0.102921384884 0.00294997 -0.00801010 -0.11046370 0.01045371 0.06703575 0.15558645 0.04378329
11 30 0.18303375 0.102921384884 0.00229867 -0.00208708 -0.07014351 0.00700780 0.04558356 -0.14582099 -0.07201496
11 31 0.16115756 0.103252253360 0.00178776 0.00649730 0.00663506 0.00214034 0.00310088 -0.09672957 -0.12850959
11 32 0.23436091 0.103252253361 0.00378076 -0.01841297 -0.00509380 0.00348428 -0.00407734 -0.08929838 -0.21577091
11 33 0.00000101 0.105058958530 0.00000000 0.00000031 0.00000041 -0.00000015 -0.00000049 0.00000065 -0.00000029
11 34 0.00000423 0.105058958540 0.00000000 -0.00000232 -0.00000222 0.00000179 -0.00000075 0.00000166 0.00000103
11 35 0.40494479 0.105211674289 0.01150176 -0.07693574 -0.38095383 0.07030231 -0.02038177 -0.08662242 0.00860700
11 36 0.61611614 0.105211674292 0.02662550 0.29328655 -0.01677075 0.12118748 -0.52759944 -0.00788151 0.01382547
11 37 0.88240024 0.105269241587 0.05464387 -0.44135176 0.14677859 0.04931845 -0.38911490 0.33365789 -0.54509133
11 38 0.97905073 0.105269241591 0.06726988 -0.05117114 -0.25668456 -0.13112358 0.26857723 -0.08579568 -0.89070021
11 39 0.00000472 0.105440042931 0.00000000 -0.00000116 -0.00000039 0.00000072 -0.00000081 -0.00000256 0.00000362
11 40 0.00000439 0.105440042935 0.00000000 -0.00000152 -0.00000028 0.00000208 -0.00000067 0.00000064 0.00000342
11 41 1.01831551 0.106404865574 0.07355885 0.60238951 -0.25304654 0.51954618 0.55169174 -0.02150193 -0.18790009
11 42 1.57810563 0.106404865587 0.17666169 0.28043585 -1.09431344 -0.86155003 -0.66936142 -0.15356324 0.01887842
11 43 0.95973346 0.106944587125 0.06567027 -0.49773652 0.23639281 0.24960829 -0.17502016 -0.19405566 0.69776153
11 44 0.94354803 0.106944587145 0.06347396 -0.43956924 -0.15276906 0.36482594 0.22619604 0.65213347 -0.25334308
11 45 0.00001643 0.109168774162 0.00000000 -0.00000146 -0.00000076 0.00000246 0.00000195 -0.00000960 0.00001285
11 46 0.00000689 0.109759255111 0.00000000 -0.00000444 -0.00000223 0.00000217 -0.00000113 0.00000315 0.00000263
11 47 0.00000695 0.110197049188 0.00000000 0.00000293 -0.00000011 -0.00000287 -0.00000261 0.00000213 -0.00000449
12 21 0.03614589 0.092359278237 0.00008045 0.00312891 0.00322572 -0.01564230 0.01923134 0.02556051 0.00429703
12 22 0.04830744 0.092359278237 0.00014369 0.02970559 -0.01988020 -0.02897955 0.01341885 0.00535798 -0.00271585
12 23 0.00001049 0.098251017357 0.00000000 -0.00000014 0.00000022 -0.00000011 -0.00000017 0.00000550 -0.00000893
12 24 0.00001814 0.098251017357 0.00000000 0.00000037 0.00000004 -0.00000003 -0.00000004 0.00000867 0.00001593
12 25 0.00001877 0.098906223539 0.00000000 -0.00000014 0.00000019 0.00000015 0.00000005 0.00001148 -0.00001484
12 26 0.00002581 0.098906223539 0.00000000 0.00000006 0.00000006 -0.00000008 -0.00000010 0.00002197 -0.00001353
12 27 0.00003325 0.099417268100 0.00000000 0.00000021 0.00000006 0.00000012 0.00000010 0.00002892 -0.00001641
12 28 0.00000640 0.099417268100 0.00000000 -0.00000014 0.00000004 0.00000003 -0.00000013 0.00000638 0.00000037
12 29 0.18303372 0.102921384883 0.00229867 0.04690381 -0.05219660 -0.03479518 0.03026978 0.15783382 0.03922262
12 30 0.20734882 0.102921384883 0.00294997 -0.07747084 0.07914957 0.05128299 -0.04441979 0.14705166 0.06708123
12 31 0.23436032 0.103252253359 0.00378074 -0.01788200 0.00672327 0.00383558 0.00374830 -0.06959468 0.22290718
12 32 0.16115743 0.103252253360 0.00178776 -0.00587698 0.00719081 -0.00185357 0.00328099 0.08481920 -0.13666372
12 33 0.00000362 0.105058958529 0.00000000 0.00000019 -0.00000008 0.00000046 -0.00000019 0.00000358 -0.00000007
12 34 0.00000297 0.105058958539 0.00000000 -0.00000077 0.00000069 0.00000139 0.00000217 -0.00000100 0.00000037
12 35 0.61611633 0.105211674287 0.02662552 -0.24449069 -0.16285858 0.16242135 -0.51639790 -0.00019756 0.01591204
12 36 0.40494530 0.105211674291 0.01150179 -0.25911283 0.28966493 0.05032646 0.05315310 -0.07036158 -0.05125147
12 37 0.97904973 0.105269241586 0.06726974 -0.04199642 -0.25834517 0.21690470 0.20561907 -0.23168326 -0.86430808
12 38 0.88239911 0.105269241590 0.05464373 -0.46480211 0.01714320 0.18251186 0.34717579 0.50347661 0.39365340
12 39 0.00000214 0.105440042930 0.00000000 -0.00000049 -0.00000014 -0.00000005 0.00000050 0.00000198 -0.00000037
12 40 0.00000544 0.105440042934 0.00000000 -0.00000031 0.00000054 0.00000153 0.00000085 -0.00000043 0.00000510
12 41 1.57810700 0.106404865573 0.17666199 0.18377716 -1.11463028 1.05810341 -0.26594263 0.13297624 0.07909493
12 42 1.01831821 0.106404865586 0.07355924 0.44957593 0.47411829 0.69766932 -0.29589578 -0.09531664 0.16335006
12 43 0.94354722 0.106944587124 0.06347385 0.28613365 0.36699667 -0.33159328 -0.27259911 0.02994599 -0.69897153
12 44 0.95973337 0.106944587144 0.06567026 0.06359654 -0.54733667 -0.08535670 0.29265774 0.59816219 -0.40833059
12 45 0.00001765 0.109168774161 0.00000000 -0.00000083 -0.00000121 0.00000040 0.00000179 0.00001663 -0.00000542
12 46 0.00000503 0.109759255110 0.00000000 -0.00000160 0.00000028 0.00000112 0.00000374 -0.00000192 0.00000193
12 47 0.00000864 0.110197049187 0.00000000 0.00000032 0.00000159 -0.00000132 -0.00000128 0.00000343 -0.00000754
13 21 0.00004749 0.087815983812 0.00000000 -0.00000005 -0.00000015 -0.00000007 0.00000006 -0.00004662 0.00000905
13 22 0.00003228 0.087815983812 0.00000000 -0.00000006 0.00000004 -0.00000011 0.00000009 -0.00002572 -0.00001951
13 23 2.57944179 0.093707722931 0.41565747 0.69649163 0.17421579 -0.91208279 -0.43823267 -0.97188419 2.04195162
13 24 0.88564637 0.093707722931 0.04900099 -0.39105674 0.43568428 -0.15672882 -0.06980115 -0.61951612 0.16848438
13 25 1.43161985 0.094362929113 0.12893344 0.75083816 -0.59298182 1.02022682 0.23327913 0.19711896 0.00349497
13 26 1.20445828 0.094362929113 0.09126278 -0.68758248 0.54481080 0.53590416 0.47888428 -0.05798102 -0.40155453
13 27 0.84741312 0.094873973674 0.04541990 0.27918517 0.19854846 0.01127268 0.07223746 0.37923846 -0.67199406
13 28 0.86412267 0.094873973674 0.04722877 -0.12806037 0.23788818 -0.09759041 0.43479446 -0.67473821 -0.14098222
13 29 0.00001048 0.098378090457 0.00000000 0.00000013 0.00000007 0.00000014 0.00000004 -0.00000894 0.00000547
13 30 0.00002603 0.098378090457 0.00000000 -0.00000010 -0.00000028 -0.00000001 -0.00000015 -0.00002590 -0.00000262
13 31 0.00000506 0.098708958933 0.00000000 -0.00000012 0.00000025 -0.00000010 -0.00000003 -0.00000102 0.00000495
13 32 0.00000662 0.098708958935 0.00000000 -0.00000041 -0.00000007 -0.00000038 0.00000003 0.00000053 0.00000657
13 33 0.13969924 0.100515664103 0.00130777 -0.01534377 -0.02336574 0.01845278 0.10629631 0.07072220 -0.04575421
13 34 0.31314364 0.100515664113 0.00657097 0.00693225 0.12692360 -0.07223465 -0.08128485 -0.25347690 0.07632610
13 35 0.00012814 0.100668379862 0.00000000 -0.00000018 0.00000056 -0.00000034 -0.00000002 -0.00012802 -0.00000531
13 36 0.00006786 0.100668379865 0.00000000 -0.00000069 -0.00000062 -0.00000063 0.00000009 0.00000657 -0.00006753
13 37 0.00001479 0.100725947160 0.00000000 -0.00000049 -0.00000062 0.00000015 0.00000007 -0.00001467 0.00000164
13 38 0.00001123 0.100725947164 0.00000000 -0.00000023 -0.00000005 0.00000029 -0.00000046 0.00000458 0.00001024
13 39 0.11541379 0.100896748504 0.00089599 -0.04415328 -0.02700261 -0.03944174 -0.00273696 0.00301484 0.09523371
13 40 0.14220423 0.100896748508 0.00136023 -0.05179402 -0.02734243 -0.08694368 0.03961665 0.08751417 -0.00209808
13 41 0.00029634 0.101861571147 0.00000001 0.00000004 -0.00000054 0.00000029 0.00000037 -0.00010212 -0.00027819
13 42 0.00037782 0.101861571160 0.00000001 0.00000107 0.00000054 0.00000069 0.00000046 -0.00033177 -0.00018076
13 43 0.00006699 0.102401292698 0.00000000 -0.00000027 -0.00000007 -0.00000063 -0.00000006 0.00000323 -0.00006691
13 44 0.00007037 0.102401292718 0.00000000 -0.00000043 -0.00000014 0.00000155 0.00000052 -0.00006668 -0.00002245
13 45 0.11821315 0.104625479735 0.00097472 0.02137198 0.07356492 -0.02303870 -0.08513858 -0.00559723 0.01717848
13 46 0.14443198 0.105215960684 0.00146325 -0.06852318 0.04340474 -0.01965964 -0.05753608 -0.06988243 -0.07550327
13 47 0.17794272 0.105653754761 0.00223025 0.04003295 0.01844031 0.03591602 0.01458139 -0.15875066 -0.05492339
14 21 0.00003232 0.087815983812 0.00000000 0.00000007 0.00000001 0.00000009 0.00000009 0.00002395 -0.00002170
14 22 0.00004750 0.087815983812 0.00000000 -0.00000001 0.00000014 -0.00000004 -0.00000004 -0.00004724 -0.00000499
14 23 0.88564641 0.093707722931 0.04900099 -0.56288015 0.16097230 -0.00582105 0.17147080 -0.42259514 0.48332249
14 24 2.57944180 0.093707722931 0.41565747 -0.14813344 0.70250147 0.00507933 -1.01188791 2.26135768 0.01966356
14 25 1.20445821 0.094362929113 0.09126277 -0.78369454 0.39422233 -0.20868126 -0.68773218 0.33979840 0.22168635
14 26 1.43161989 0.094362929113 0.12893345 -0.85402359 0.43131093 -0.21803647 1.02359274 -0.07983795 0.18026091
14 27 0.86412262 0.094873973674 0.04722876 -0.24266149 0.11876701 -0.43824254 0.08070682 0.11478916 0.67968451
14 28 0.84741306 0.094873973674 0.04541990 0.18760578 0.28665296 0.07174751 0.01405724 -0.68615414 0.35297340
14 29 0.00002606 0.098378090457 0.00000000 0.00000005 -0.00000012 0.00000008 0.00000003 0.00002273 -0.00001275
14 30 0.00001012 0.098378090457 0.00000000 -0.00000027 -0.00000028 -0.00000001 -0.00000012 -0.00001002 -0.00000140
14 31 0.00000654 0.098708958933 0.00000000 -0.00000022 -0.00000006 -0.00000018 -0.00000000 -0.00000608 -0.00000238
14 32 0.00000513 0.098708958934 0.00000000 -0.00000019 0.00000048 -0.00000026 0.00000018 0.00000508 0.00000037
14 33 0.31314392 0.100515664103 0.00657098 -0.10825869 -0.06661618 0.03700493 0.10225331 -0.18795963 0.18640689
14 34 0.13970004 0.100515664113 0.00130778 -0.01322091 -0.02462880 0.08463395 0.06690712 -0.07394222 0.04034614
14 35 0.00006759 0.100668379862 0.00000000 -0.00000001 0.00000043 -0.00000013 0.00000020 -0.00004174 -0.00005316
14 36 0.00012909 0.100668379865 0.00000000 0.00000039 0.00000041 -0.00000033 -0.00000021 -0.00010606 0.00007360
14 37 0.00001009 0.100725947160 0.00000000 0.00000001 -0.00000036 -0.00000019 0.00000008 0.00000850 0.00000543
14 38 0.00001495 0.100725947164 0.00000000 -0.00000091 -0.00000022 -0.00000018 -0.00000038 -0.00000180 0.00001481
14 39 0.14220460 0.100896748504 0.00136023 -0.03888245 0.04380119 -0.09531972 -0.00653616 0.08266956 -0.02879121
14 40 0.11541290 0.100896748508 0.00089597 0.03184825 -0.04079568 0.03596314 -0.01642221 0.03064365 0.09021901
14 41 0.00037742 0.101861571147 0.00000001 0.00000008 -0.00000026 0.00000064 -0.00000003 0.00013873 -0.00035100
14 42 0.00029806 0.101861571160 0.00000001 -0.00000026 -0.00000132 -0.00000012 0.00000035 0.00010001 0.00028078
14 43 0.00006923 0.102401292698 0.00000000 -0.00000035 0.00000040 -0.00000006 0.00000008 0.00006771 -0.00001445
14 44 0.00006916 0.102401292718 0.00000000 -0.00000007 -0.00000277 0.00000041 -0.00000014 -0.00000488 0.00006893
14 45 0.12672634 0.104625479735 0.00112016 -0.09097708 -0.01959869 -0.07966193 -0.03218581 0.00252928 -0.00320647
14 46 0.12811422 0.105215960684 0.00115129 0.03898834 0.03151823 0.00894435 0.07220259 -0.00181686 -0.09275369
14 47 0.23286353 0.105653754761 0.00381941 0.03084024 0.02783101 0.00882611 0.03237977 0.11072242 0.19777243
15 21 0.00001292 0.087148698922 0.00000000 0.00000001 0.00000006 0.00000002 -0.00000005 0.00001206 0.00000464
15 22 0.00000088 0.087148698922 0.00000000 -0.00000010 -0.00000002 0.00000010 0.00000001 0.00000027 -0.00000083
15 23 1.20527151 0.093040438041 0.09010529 -0.10997752 0.32356044 -0.91257083 -0.69030794 0.10998402 -0.12035754
15 24 1.53557725 0.093040438041 0.14625941 1.26540175 -0.42510489 0.60001343 -0.39470728 0.09014576 0.22826636
15 25 1.88403832 0.093695644223 0.22172140 -0.31221647 0.25560883 0.40274268 -0.16420224 1.32939973 -1.19595890
15 26 2.07254936 0.093695644223 0.26831065 0.52007320 -0.04924607 -0.37425338 0.13028009 1.29429155 -1.47997650
15 27 0.48252921 0.094206688784 0.01462304 -0.02953897 0.10512794 0.24190493 0.26540907 -0.23486093 0.19180818
15 28 0.73810657 0.094206688784 0.03421595 -0.33926187 0.43400042 0.21057347 -0.43733469 0.07397679 -0.01646036
15 29 0.00000163 0.097710805567 0.00000000 -0.00000009 0.00000007 0.00000011 -0.00000005 0.00000161 -0.00000017
15 30 0.00000998 0.097710805567 0.00000000 -0.00000018 0.00000011 0.00000010 0.00000016 0.00000984 0.00000164
15 31 0.00001443 0.098041674043 0.00000000 -0.00000006 -0.00000001 -0.00000032 -0.00000010 -0.00000033 0.00001443
15 32 0.00001036 0.098041674044 0.00000000 0.00000050 0.00000066 0.00000028 -0.00000016 0.00000789 -0.00000666
15 33 0.25752275 0.099848379213 0.00441449 -0.03840178 0.11445710 -0.04142893 0.09020053 0.20292668 -0.02666678
15 34 0.14176893 0.099848379223 0.00133786 0.00633238 -0.02607235 -0.03633097 -0.07409499 -0.10202435 0.04647138
15 35 0.00000360 0.100001094972 0.00000000 0.00000034 0.00000012 -0.00000039 -0.00000033 0.00000354 0.00000005
15 36 0.00001094 0.100001094975 0.00000000 0.00000111 0.00000036 0.00000013 -0.00000001 -0.00000786 -0.00000752
15 37 0.00006588 0.100058662270 0.00000000 0.00000062 0.00000037 0.00000023 -0.00000005 -0.00002825 -0.00005951
15 38 0.00007328 0.100058662274 0.00000000 -0.00000150 0.00000037 0.00000059 0.00000005 0.00005642 0.00004673
15 39 0.17003457 0.100229463614 0.00193187 0.08300378 0.02661717 -0.06712576 -0.06376916 0.10320296 -0.04572123
15 40 0.25663716 0.100229463618 0.00440092 0.05395716 0.04076900 -0.02958142 0.05514544 -0.08495542 0.22395455
15 41 0.00005938 0.101194286257 0.00000000 0.00000017 -0.00000048 0.00000012 0.00000027 0.00005046 0.00003130
15 42 0.00005640 0.101194286270 0.00000000 -0.00000189 -0.00000105 -0.00000008 0.00000135 -0.00002952 0.00004799
15 43 0.00043567 0.101734007808 0.00000001 -0.00000036 0.00000027 0.00000029 0.00000121 -0.00002061 -0.00043518
15 44 0.00028700 0.101734007828 0.00000001 -0.00000096 -0.00000241 0.00000033 0.00000027 0.00021785 -0.00018682
15 45 0.07563356 0.103958194845 0.00039646 0.00190239 -0.06501157 0.00815462 0.03453169 -0.01506033 -0.00213647
15 46 0.20372465 0.104548675794 0.00289277 0.04451171 -0.05599468 -0.02279042 -0.01612842 -0.17180811 -0.07803513
15 47 0.13310395 0.104986469871 0.00124001 0.05279203 0.04923362 0.03710661 -0.01434090 -0.09895219 0.03363952
16 21 0.00000085 0.087148698921 0.00000000 0.00000002 -0.00000010 -0.00000006 0.00000006 -0.00000083 -0.00000003
16 22 0.00001291 0.087148698922 0.00000000 -0.00000006 -0.00000001 0.00000004 -0.00000002 0.00000008 -0.00001291
16 23 1.53557725 0.093040438041 0.14625941 -0.43251374 -1.26288861 -0.05180748 -0.71632808 -0.23600276 0.06733850
16 24 1.20527153 0.093040438041 0.09010529 0.18987273 -0.28413869 -1.10306228 -0.30424363 -0.02860261 0.16051268
16 25 2.07254934 0.093695644223 0.26831064 -0.28537388 -0.43756488 0.13115764 0.37394678 0.35181435 -1.93435974
16 26 1.88403824 0.093695644223 0.22172138 0.00553371 -0.40346554 0.12236082 0.41736294 -0.10773945 1.78494069
16 27 0.73810665 0.094206688784 0.03421596 0.08830823 0.54374322 0.02607862 -0.48468836 -0.05690498 -0.05005326
16 28 0.48252929 0.094206688784 0.01462305 0.02474252 -0.10635913 0.33982505 -0.11609881 -0.11345351 -0.28120874
16 29 0.00001016 0.097710805567 0.00000000 -0.00000007 -0.00000005 -0.00000006 0.00000010 0.00000097 0.00001011
16 30 0.00000178 0.097710805567 0.00000000 0.00000025 -0.00000018 0.00000011 0.00000008 0.00000043 -0.00000169
16 31 0.00001066 0.098041674043 0.00000000 0.00000003 0.00000002 0.00000008 -0.00000003 0.00000012 -0.00001066
16 32 0.00001453 0.098041674044 0.00000000 -0.00000037 -0.00000058 0.00000007 0.00000015 0.00001052 -0.00001000
16 33 0.14176927 0.099848379213 0.00133787 0.01774504 -0.02012268 0.08154524 -0.01266217 0.02034805 0.11024844
16 34 0.25752327 0.099848379223 0.00441451 0.07182249 -0.09703897 0.05020695 -0.08562604 0.09437970 0.18161254
16 35 0.00001148 0.100001094972 0.00000000 -0.00000044 0.00000004 -0.00000009 0.00000008 -0.00000874 -0.00000744
16 36 0.00000310 0.100001094975 0.00000000 0.00000019 -0.00000044 0.00000000 0.00000021 0.00000048 -0.00000302
16 37 0.00007405 0.100058662270 0.00000000 0.00000030 -0.00000039 0.00000014 0.00000009 0.00007358 -0.00000831
16 38 0.00006605 0.100058662274 0.00000000 0.00000016 -0.00000034 -0.00000031 -0.00000006 0.00005576 -0.00003540
16 39 0.25663699 0.100229463614 0.00440091 -0.03490446 -0.05792392 -0.05793554 0.02365316 -0.23160854 0.06107809
16 40 0.17003440 0.100229463618 0.00193187 0.01779398 0.08533116 -0.05640322 -0.07342402 -0.05625917 0.09785786
16 41 0.00005699 0.101194286257 0.00000000 -0.00000010 -0.00000011 0.00000005 -0.00000074 0.00004137 -0.00003918
16 42 0.00006024 0.101194286270 0.00000000 0.00000068 -0.00000026 -0.00000012 -0.00000001 -0.00004188 -0.00004329
16 43 0.00028636 0.101734007808 0.00000001 -0.00000007 -0.00000113 -0.00000039 0.00000013 -0.00027642 0.00007478
16 44 0.00043568 0.101734007828 0.00000001 0.00000055 0.00000057 0.00000054 -0.00000072 0.00034781 0.00026239
16 45 0.06195361 0.103958194845 0.00026601 -0.00310805 0.01477497 0.03340407 -0.04907202 0.00652931 0.00661533
16 46 0.25446414 0.104548675794 0.00451316 0.02485348 0.02823727 0.05275318 -0.00380675 -0.04926403 0.24106561
16 47 0.08990626 0.104986469871 0.00056575 0.04894105 -0.00083662 -0.00251740 -0.06741000 0.01412176 -0.03061599
17 21 0.00002430 0.086674836147 0.00000000 -0.00000005 0.00000047 -0.00000025 0.00000017 0.00002420 0.00000213
17 22 0.00001304 0.086674836147 0.00000000 -0.00000013 0.00000004 0.00000033 -0.00000028 0.00000919 -0.00000925
17 23 0.99403642 0.092566575266 0.06097721 -0.37610280 -0.25836056 0.21706929 0.10431461 -0.14951695 0.83639044
17 24 0.94615558 0.092566575266 0.05524437 0.05119758 -0.30280231 0.47174804 -0.16172582 -0.34775988 -0.65670508
17 25 0.49922759 0.093221781448 0.01548900 0.37697942 -0.05648833 0.07047666 0.22066190 -0.13320418 0.18033799
17 26 0.69733394 0.093221781448 0.03022092 -0.16667897 0.33230931 0.56206865 0.06128653 -0.11921187 0.11905707
17 27 2.28494365 0.093732826010 0.32625069 -1.45843049 -1.11855610 -0.19444598 -1.09128366 -0.55772301 0.55046892
17 28 1.76186852 0.093732826010 0.19397575 -0.45234966 0.51808668 0.52677131 -1.49602516 0.16706856 -0.29606668
17 29 0.00000082 0.097236942792 0.00000000 -0.00000009 0.00000006 0.00000006 -0.00000015 -0.00000029 0.00000073
17 30 0.00000105 0.097236942793 0.00000000 -0.00000024 0.00000035 0.00000045 -0.00000002 0.00000081 -0.00000025
17 31 0.00000059 0.097567811269 0.00000000 -0.00000001 -0.00000029 -0.00000015 0.00000031 -0.00000031 -0.00000022
17 32 0.00000402 0.097567811270 0.00000000 0.00000087 0.00000040 -0.00000037 -0.00000074 -0.00000145 0.00000353
17 33 0.05571837 0.099374516438 0.00020567 -0.01809161 0.01090194 0.04395332 0.00757011 0.01965537 0.01681796
17 34 0.08705125 0.099374516448 0.00050203 -0.01228463 0.06329788 -0.00403585 -0.04833615 -0.03065159 0.01132238
17 35 0.00009788 0.099527232197 0.00000000 0.00000055 -0.00000030 -0.00000085 0.00000009 -0.00009385 0.00002778
17 36 0.00004702 0.099527232200 0.00000000 0.00000126 0.00000007 -0.00000038 -0.00000068 0.00004575 0.00001073
17 37 0.00001239 0.099584799496 0.00000000 0.00000066 0.00000043 0.00000011 -0.00000073 0.00000140 0.00001226
17 38 0.00001240 0.099584799500 0.00000000 -0.00000099 0.00000113 0.00000128 -0.00000053 -0.00001134 -0.00000458
17 39 0.05447918 0.099755600840 0.00019738 -0.02192293 0.00098559 0.01355922 0.04295079 -0.01395645 0.01621693
17 40 0.09474077 0.099755600844 0.00059693 -0.05727310 -0.02861330 -0.03912774 -0.00247954 0.04093142 -0.04079676
17 41 0.00012885 0.100720423482 0.00000000 -0.00000031 0.00000012 0.00000069 -0.00000065 -0.00010257 -0.00007798
17 42 0.00008641 0.100720423496 0.00000000 -0.00000272 -0.00000087 0.00000262 0.00000158 -0.00001927 -0.00008413
17 43 0.00003800 0.101260145034 0.00000000 0.00000022 0.00000042 -0.00000077 0.00000053 0.00000891 0.00003693
17 44 0.00003744 0.101260145054 0.00000000 -0.00000244 -0.00000152 0.00000244 0.00000155 -0.00003286 0.00001749
17 45 0.46153737 0.103484332070 0.01469593 -0.05524800 -0.42765490 0.10098505 0.04889518 -0.09124451 0.07849463
17 46 0.08414636 0.104074813019 0.00049128 -0.01514802 0.01146251 0.04187608 -0.06218006 -0.00721245 -0.03236932
17 47 0.14835932 0.104512607097 0.00153358 0.06348546 -0.07162087 0.07193118 0.05128469 0.00830061 -0.07055084
18 21 0.00001306 0.086674836147 0.00000000 0.00000006 0.00000011 -0.00000001 -0.00000044 0.00000067 -0.00001304
18 22 0.00002429 0.086674836147 0.00000000 0.00000031 -0.00000036 -0.00000005 -0.00000025 0.00001784 0.00001647
18 23 0.94615558 0.092566575266 0.05524437 0.10973758 0.28682417 0.49433849 0.06580955 -0.21184409 0.71226440
18 24 0.99403639 0.092566575266 0.06097720 0.31795962 -0.32726930 -0.19232045 0.14496013 0.31105610 0.79066322
18 25 0.69733392 0.093221781448 0.03022092 -0.23407952 -0.28882203 0.53584007 -0.18042340 -0.14197473 -0.09071495
18 26 0.49922751 0.093221781448 0.01548899 -0.38032152 0.02568833 -0.02150454 0.23064302 0.16878609 0.14756817
18 27 1.76186856 0.093732826010 0.19397576 -0.66792020 -0.16406321 1.29079448 0.92164467 0.30686265 0.14629673
18 28 2.28494371 0.093732826010 0.32625071 0.55081104 -1.75350921 -0.46796563 -1.00484705 0.77276630 0.13001247
18 29 0.00000131 0.097236942792 0.00000000 0.00000007 0.00000002 -0.00000015 0.00000008 -0.00000097 -0.00000087
18 30 0.00000100 0.097236942793 0.00000000 0.00000012 0.00000028 -0.00000036 -0.00000010 0.00000028 -0.00000083
18 31 0.00000326 0.097567811269 0.00000000 -0.00000003 0.00000021 -0.00000023 -0.00000028 -0.00000196 -0.00000257
18 32 0.00000104 0.097567811270 0.00000000 0.00000043 -0.00000043 0.00000034 0.00000058 0.00000014 -0.00000048
18 33 0.08705304 0.099374516438 0.00050206 -0.02183738 -0.06067056 0.00341719 0.04838454 -0.03202409 -0.00649313
18 34 0.05571680 0.099374516448 0.00020566 0.01954695 0.00800172 -0.04227418 0.01421191 -0.01684646 0.01963067
18 35 0.00004780 0.099527232197 0.00000000 0.00000042 -0.00000085 0.00000038 -0.00000062 -0.00004739 -0.00000610
18 36 0.00009773 0.099527232200 0.00000000 -0.00000013 -0.00000031 0.00000088 -0.00000044 -0.00007872 -0.00005790
18 37 0.00001241 0.099584799496 0.00000000 0.00000061 0.00000030 0.00000007 0.00000026 0.00000747 -0.00000988
18 38 0.00001247 0.099584799500 0.00000000 0.00000084 0.00000101 -0.00000113 0.00000062 -0.00000445 -0.00001150
18 39 0.09473928 0.099755600840 0.00059691 -0.06371716 -0.00623660 -0.03445259 -0.01871104 0.01296047 0.05631786
18 40 0.05447850 0.099755600844 0.00019738 0.01803990 0.01249557 -0.03432847 0.02915700 0.00319247 0.02115569
18 41 0.00008656 0.100720423482 0.00000000 -0.00000055 0.00000005 -0.00000034 0.00000040 0.00003756 -0.00007798
18 42 0.00012808 0.100720423495 0.00000000 0.00000088 0.00000171 -0.00000329 -0.00000038 -0.00011721 0.00005150
18 43 0.00003666 0.101260145034 0.00000000 0.00000118 -0.00000021 -0.00000018 0.00000026 0.00000166 0.00003660
18 44 0.00003979 0.101260145053 0.00000000 -0.00000034 0.00000255 -0.00000268 -0.00000203 0.00003824 -0.00001014
18 45 0.43981255 0.103484332070 0.01334500 -0.02880716 0.07916801 0.20076887 0.37234724 -0.02733772 0.08148433
18 46 0.08318006 0.104074813019 0.00048006 -0.00278837 0.01516896 -0.07088812 0.00189349 0.04038119 0.00465813
18 47 0.16304538 0.104512607096 0.00185223 0.08871901 0.04568658 -0.01923216 0.02253079 -0.09187675 0.08547877
19 21 2.16826391 0.081108947983 0.25421536 -0.54354865 -0.42196236 1.97725423 -0.36264999 0.40949564 0.13832939
19 22 3.43310171 0.081108947983 0.63731017 1.43158095 1.42875917 0.68383608 0.24150850 -1.79486613 1.98693431
19 23 0.00009524 0.087000687102 0.00000000 0.00000005 -0.00000007 0.00000001 -0.00000012 -0.00008050 -0.00005090
19 24 0.00009583 0.087000687102 0.00000000 -0.00000005 -0.00000013 0.00000008 0.00000002 -0.00008460 0.00004503
19 25 0.00001070 0.087655893284 0.00000000 0.00000005 -0.00000000 -0.00000002 -0.00000003 -0.00000343 -0.00001014
19 26 0.00000805 0.087655893284 0.00000000 -0.00000002 0.00000001 0.00000004 0.00000004 -0.00000741 0.00000315
19 27 0.00005420 0.088166937845 0.00000000 -0.00000018 0.00000008 0.00000018 -0.00000036 -0.00000158 0.00005417
19 28 0.00044334 0.088166937845 0.00000001 -0.00000041 -0.00000015 -0.00000021 0.00000005 -0.00009294 0.00043349
19 29 0.45833127 0.091671054628 0.01283808 -0.23730031 -0.11523253 0.12909138 -0.03964447 0.17186521 -0.30447276
19 30 0.44901047 0.091671054628 0.01232123 0.12185379 0.05578189 0.25365484 -0.01778385 -0.10795131 0.32762770
19 31 0.07779844 0.092001923104 0.00037123 0.01793611 0.04984389 0.02162477 -0.03098860 0.03632382 -0.02234135
19 32 0.09812515 0.092001923105 0.00059056 0.00587174 -0.02232843 -0.00645117 0.09051185 0.02069052 -0.02081820
19 33 0.00000572 0.093808628274 0.00000000 -0.00000039 0.00000006 0.00000017 -0.00000029 0.00000069 0.00000565
19 34 0.00000768 0.093808628284 0.00000000 0.00000094 0.00000054 -0.00000053 -0.00000052 0.00000307 0.00000692
19 35 0.29587462 0.093961344033 0.00548370 -0.05618439 -0.08202018 -0.23473769 0.05664382 0.06777722 -0.12146497
19 36 0.33516907 0.093961344036 0.00703697 -0.22190914 -0.09326949 0.07471349 -0.09471233 0.10900814 -0.16721284
19 37 0.11182317 0.094018911331 0.00078377 0.07854429 -0.01822137 0.04287470 -0.05598486 0.01362781 0.02906777
19 38 0.13893509 0.094018911335 0.00120990 -0.07440931 -0.07890240 0.01338972 -0.06645855 0.04605934 -0.02869042
19 39 0.00000475 0.094189712675 0.00000000 0.00000003 -0.00000018 0.00000043 0.00000084 0.00000430 -0.00000179
19 40 0.00000389 0.094189712679 0.00000000 0.00000007 -0.00000005 -0.00000050 -0.00000054 0.00000338 -0.00000178
19 41 0.16593638 0.095154535318 0.00174671 -0.08638730 0.06264423 0.07828892 0.07195296 0.06185684 0.03186168
19 42 0.17643644 0.095154535331 0.00197476 0.09775757 -0.07222088 0.09508645 0.06781576 -0.02131780 -0.04756637
19 43 0.03656491 0.095694256869 0.00008530 0.00838194 0.02965203 -0.01843266 -0.00354446 -0.00407866 0.00430478
19 44 0.04891836 0.095694256889 0.00015266 -0.00038088 0.01472679 0.04149743 -0.02022356 0.00084626 -0.00665107
19 45 0.00015952 0.097918443906 0.00000000 -0.00000009 -0.00000247 -0.00000055 0.00000160 -0.00014177 -0.00007308
19 46 0.00000903 0.098508924855 0.00000000 0.00000001 -0.00000238 0.00000202 0.00000199 -0.00000259 0.00000782
19 47 0.00002086 0.098946718932 0.00000000 -0.00000148 -0.00000132 0.00000117 0.00000097 -0.00001670 -0.00001225
20 21 3.43310171 0.081108947982 0.63731017 -1.12488377 -1.68089657 -0.10468098 -0.71763504 -2.29657483 1.37666135
20 22 2.16826391 0.081108947982 0.25421536 -0.30886146 -0.61489998 -0.73824044 1.86977281 0.05651295 0.42851836
20 23 0.00009581 0.087000687101 0.00000000 -0.00000013 0.00000004 0.00000005 0.00000003 -0.00003255 -0.00009012
20 24 0.00009525 0.087000687101 0.00000000 -0.00000001 -0.00000007 0.00000008 -0.00000012 0.00009387 0.00001620
20 25 0.00000804 0.087655893284 0.00000000 0.00000001 -0.00000000 0.00000002 0.00000000 -0.00000354 -0.00000722
20 26 0.00001068 0.087655893284 0.00000000 -0.00000004 0.00000001 0.00000004 -0.00000002 0.00000922 -0.00000539
20 27 0.00044335 0.088166937845 0.00000001 -0.00000042 -0.00000002 -0.00000018 -0.00000009 0.00004839 -0.00044070
20 28 0.00005420 0.088166937845 0.00000000 0.00000012 0.00000011 -0.00000005 -0.00000039 -0.00001557 0.00005191
20 29 0.44901057 0.091671054628 0.01232123 -0.07000351 -0.11427811 -0.01278757 -0.25395581 -0.31230343 0.14649233
20 30 0.45833141 0.091671054628 0.01283808 -0.14288008 -0.22175495 -0.02386456 0.13291636 -0.28164496 0.20716550
20 31 0.09812506 0.092001923104 0.00059056 -0.00901770 0.02125374 0.05027871 -0.07553828 0.00362733 0.02912642
20 32 0.07779874 0.092001923105 0.00037124 -0.04468506 0.02844995 0.00185707 -0.03774233 -0.01506007 -0.03989676
20 33 0.00000803 0.093808628274 0.00000000 0.00000032 0.00000006 0.00000001 0.00000012 0.00000740 -0.00000310
20 34 0.00000525 0.093808628284 0.00000000 0.00000001 -0.00000028 0.00000008 -0.00000044 -0.00000435 0.00000289
20 35 0.33516994 0.093961344032 0.00703701 0.15321997 0.18565295 0.06918652 -0.09882236 0.12873990 -0.15254152
20 36 0.29587553 0.093961344036 0.00548373 -0.09472527 -0.03018563 -0.01334962 -0.24110679 -0.09680352 0.09988323
20 37 0.13893447 0.094018911331 0.00120988 0.09883052 -0.04466107 0.01290108 -0.06655579 -0.03168101 -0.04405573
20 38 0.11182363 0.094018911335 0.00078377 0.06570622 0.04673236 0.01835177 0.06808711 0.02366205 -0.02169718
20 39 0.00000382 0.094189712675 0.00000000 -0.00000072 0.00000007 0.00000035 0.00000014 -0.00000122 0.00000353
20 40 0.00000489 0.094189712679 0.00000000 0.00000044 -0.00000058 -0.00000028 0.00000014 0.00000085 -0.00000476
20 41 0.17643610 0.095154535318 0.00197475 0.02746439 -0.11839768 -0.09999596 -0.06034211 0.05212076 0.00067719
20 42 0.16593713 0.095154535331 0.00174673 0.02319133 -0.10416031 0.09712356 0.04328283 0.05380429 0.04412065
20 43 0.04892056 0.095694256869 0.00015268 -0.01360205 -0.00566454 0.03540298 -0.02962758 0.00641741 0.00194179
20 44 0.03656388 0.095694256889 0.00008529 0.02364732 0.01975518 0.00428736 -0.01827327 0.00559467 -0.00196477
20 45 0.00023380 0.097918443906 0.00000000 0.00000006 -0.00000067 -0.00000112 0.00000151 0.00002651 -0.00023228
20 46 0.00000941 0.098508924855 0.00000000 -0.00000092 0.00000045 0.00000030 0.00000123 0.00000831 0.00000412
20 47 0.00001496 0.098946718932 0.00000000 -0.00000118 0.00000110 0.00000089 0.00000081 0.00001336 0.00000642
