0	-0.00191  	-0.00144  	-0.00040  	1.92541   	 (0.00000   )
1	0.00311   	0.00259   	0.00079   	1.46476   	 (-0.00000  )
2	-0.00296  	-0.00268  	0.00042   	1.26707   	 (-0.00000  )
3	0.00185   	0.00158   	-0.00065  	1.34733   	 (0.00000   )
4	-0.07217  	-0.02224  	-0.00180  	1.81079   	 (0.00000   )
5	0.01240   	-0.01067  	0.11289   	1.77447   	 (0.00000   )
6	0.05683   	0.03068   	-0.10532  	1.78061   	 (0.00000   )
7	-0.06406  	-0.00215  	0.00495   	1.45123   	 (-0.00000  )
8	0.04687   	-0.03722  	-0.00419  	1.46199   	 (0.00000   )
9	0.02127   	0.04311   	-0.00419  	1.36901   	 (-0.00000  )
10	0.02874   	0.03403   	-0.03436  	1.49672   	 (-0.00000  )
11	-0.04822  	-0.02188  	0.01285   	1.31561   	 (0.00000   )
12	0.02016   	-0.01307  	0.01692   	1.50285   	 (0.00000   )
13	0.00307   	0.00261   	-0.00550  	1.26787   	 (-0.00000  )
14	-0.00085  	-0.00038  	0.00565   	1.41305   	 (-0.00000  )
15	-0.00177  	-0.00157  	0.00342   	1.45830   	 (-0.00000  )
16	-0.00714  	0.00457   	0.15652   	1.55460   	 (-0.00000  )
17	-0.02149  	-0.02340  	-0.15696  	1.61540   	 (0.00000   )
18	0.02508   	0.01541   	-0.00130  	1.53920   	 (-0.00000  )
19	-0.00301  	0.00006   	0.01854   	1.53359   	 (0.00000   )
20	0.00343   	0.00163   	-0.01861  	1.38339   	 (-0.00000  )
21	0.00177   	-0.00045  	-0.01955  	1.44657   	 (-0.00000  )
22	0.00087   	0.00192   	0.02083   	1.41581   	 (-0.00000  )
23	-0.00065  	0.00010   	-0.00206  	1.38328   	 (0.00000   )
24	0.07736   	0.07356   	-0.00922  	1.48025   	 (-0.00000  )
25	-0.20304  	-0.24012  	0.00602   	1.68975   	 (0.00000   )
26	-0.14998  	0.03401   	0.03319   	1.48341   	 (-0.00000  )
27	0.27591   	0.13191   	-0.02701  	1.38889   	 (0.00000   )
28	-0.01132  	-0.00093  	-0.00714  	1.87164   	 (-0.00000  )
29	0.00251   	0.00479   	-0.18773  	1.78166   	 (0.00000   )
30	-0.03254  	-0.09756  	0.08915   	1.66245   	 (-0.00000  )
31	0.00491   	0.16448   	0.15240   	1.68526   	 (0.00000   )
32	0.07400   	-0.04537  	-0.00270  	1.70187   	 (-0.00000  )
33	-0.01166  	-0.02280  	0.07820   	1.71887   	 (-0.00000  )
34	-0.04678  	-0.01512  	-0.05509  	1.69867   	 (0.00000   )
35	0.02156   	0.00794   	-0.00277  	1.57312   	 (0.00000   )
36	-0.00377  	0.00801   	0.00995   	1.12109   	 (-0.00000  )
37	-0.00074  	-0.00312  	0.14127   	1.53682   	 (-0.00000  )
38	-0.00322  	0.00113   	-0.17335  	1.47692   	 (-0.00000  )
39	-0.01060  	0.00009   	0.12410   	1.33801   	 (-0.00000  )
40	0.00137   	-0.00100  	-0.11629  	1.32516   	 (-0.00000  )
41	-0.02247  	-0.01416  	0.00826   	1.67215   	 (-0.00000  )
42	0.02275   	-0.00271  	-0.01188  	1.42051   	 (-0.00000  )
43	-0.05547  	0.06687   	-0.04694  	1.36159   	 (0.00000   )
44	0.04791   	-0.04849  	0.05478   	1.42370   	 (0.00000   )
45	0.02093   	0.01264   	-0.00283  	1.41079   	 (-0.00000  )
46	0.01549   	0.00173   	-0.02118  	1.46624   	 (0.00000   )
47	-0.00387  	0.00589   	-0.03686  	1.42508   	 (-0.00000  )
48	0.01590   	-0.01074  	0.01882   	1.44045   	 (0.00000   )
49	-0.01224  	0.00540   	-0.00932  	1.91526   	 (0.00000   )
50	-0.01952  	-0.00565  	-0.00782  	1.39185   	 (0.00000   )
51	0.07762   	0.03116   	0.06868   	1.85345   	 (0.00000   )
52	0.00102   	0.00049   	-0.00368  	1.37954   	 (0.00000   )
53	-0.01154  	-0.03148  	-0.09555  	1.70570   	 (0.00000   )
54	-0.04273  	-0.00074  	0.04001   	1.83205   	 (0.00000   )
55	-0.00442  	-0.00508  	-0.00084  	1.47814   	 (-0.00000  )
56	0.00354   	0.00240   	-0.00113  	1.74771   	 (-0.00000  )
57	0.01218   	0.02408   	-0.01362  	1.09107   	 (-0.00000  )
58	-0.02717  	-0.02977  	0.01207   	1.37565   	 (-0.00000  )
59	0.00084   	-0.00082  	-0.00976  	1.56551   	 (0.00000   )
60	-0.00071  	-0.00321  	-0.00409  	1.24769   	 (0.00000   )
61	-0.00030  	0.00064   	0.01069   	1.48354   	 (-0.00000  )
62	0.00359   	0.00428   	0.00138   	0.97277   	 (-0.00000  )
63	-0.00242  	0.00191   	0.19770   	1.70910   	 (-0.00000  )
64	0.00100   	0.00707   	-0.20000  	1.36073   	 (0.00000   )
65	-0.02116  	-0.01466  	0.10850   	1.58549   	 (0.00000   )
66	-0.00350  	-0.00632  	-0.08972  	1.57173   	 (-0.00000  )
67	0.01468   	0.00546   	0.01432   	1.40336   	 (-0.00000  )
68	0.04261   	-0.02749  	-0.00971  	1.51769   	 (0.00000   )
69	-0.04105  	0.04003   	-0.00033  	1.31016   	 (0.00000   )
70	-0.00926  	-0.00723  	-0.00003  	1.50006   	 (0.00000   )
71	-0.01151  	0.00134   	0.01691   	1.58958   	 (0.00000   )
72	0.00496   	0.00059   	-0.00129  	1.59548   	 (0.00000   )
73	0.00285   	0.00277   	0.01503   	1.35744   	 (-0.00000  )
74	-0.05233  	-0.06806  	-0.01482  	1.66548   	 (0.00000   )
75	0.02477   	0.06596   	-0.03931  	1.54727   	 (-0.00000  )
76	0.02718   	0.00331   	0.01269   	1.44197   	 (-0.00000  )
77	0.00488   	0.01022   	0.02483   	1.52313   	 (0.00000   )
78	0.03428   	0.00489   	0.00301   	1.42758   	 (0.00000   )
79	-0.02510  	-0.00062  	-0.00662  	1.32521   	 (0.00000   )
80	0.00547   	-0.00620  	-0.02701  	1.42302   	 (-0.00000  )
81	0.00664   	-0.01810  	-0.00208  	1.67912   	 (0.00000   )
82	-0.01396  	-0.00513  	-0.00802  	1.51564   	 (0.00000   )
83	0.02809   	0.01596   	-0.00624  	1.65451   	 (-0.00000  )
84	0.09222   	0.03480   	0.00737   	1.48347   	 (-0.00000  )
85	-0.03137  	0.01894   	-0.00766  	1.48042   	 (-0.00000  )
86	-0.10930  	-0.03706  	-0.00917  	1.46376   	 (0.00000   )
87	-0.07984  	-0.11344  	0.02323   	1.60518   	 (-0.00000  )
88	0.10914   	0.09167   	-0.01048  	1.42467   	 (-0.00000  )
89	0.01376   	0.01131   	0.01050   	1.44077   	 (-0.00000  )
90	-0.01927  	-0.00988  	0.00820   	1.32620   	 (-0.00000  )
91	-0.02672  	-0.02847  	-0.00328  	1.39016   	 (0.00000   )
92	-0.01542  	-0.01960  	-0.00544  	1.41728   	 (0.00000   )
93	0.03428   	0.03106   	-0.01494  	1.52314   	 (-0.00000  )
94	-0.01869  	-0.00429  	0.01391   	1.33470   	 (0.00000   )
95	0.01367   	-0.00957  	-0.00426  	1.50961   	 (-0.00000  )
96	0.01986   	0.02583   	0.00225   	1.64444   	 (-0.00000  )
97	-0.00215  	0.00069   	-0.00114  	1.55291   	 (-0.00000  )
98	-0.00432  	-0.00156  	0.00875   	1.38115   	 (-0.00000  )
99	-0.00082  	0.00013   	0.04251   	1.59930   	 (0.00000   )
100	0.00065   	-0.00362  	-0.04977  	1.43288   	 (-0.00000  )
101	0.00264   	0.00462   	0.00102   	1.39642   	 (-0.00000  )
102	0.00163   	-0.00182  	0.00047   	1.61665   	 (-0.00000  )
103	-0.00135  	0.00008   	-0.00492  	1.48702   	 (-0.00000  )
104	-0.00304  	0.00189   	0.00111   	1.52913   	 (-0.00000  )
105	0.00013   	0.00025   	0.00582   	1.56101   	 (0.00000   )
106	0.00222   	0.00113   	-0.00044  	1.43419   	 (-0.00000  )
107	-0.00044  	0.00165   	-0.00252  	1.44578   	 (-0.00000  )
108	0.00209   	0.00091   	0.00337   	1.41869   	 (0.00000   )
109	0.00117   	-0.00101  	-0.00270  	1.39944   	 (0.00000   )
110	0.00003   	-0.00245  	-0.00225  	1.50872   	 (-0.00000  )
111	-0.00051  	-0.00012  	0.00476   	1.41810   	 (-0.00000  )
112	0.12473   	-0.07413  	-0.15888  	1.77275   	 (0.00000   )
113	-0.00098  	-0.00183  	0.01091   	1.57633   	 (0.00000   )
114	0.01123   	0.00872   	-0.01053  	1.59072   	 (-0.00000  )
115	-0.01203  	-0.00847  	-0.00132  	1.44346   	 (0.00000   )
116	-0.04354  	0.05538   	0.23863   	1.67611   	 (-0.00000  )
117	0.00150   	0.00111   	0.00166   	1.28488   	 (-0.00000  )
118	0.10167   	0.29517   	0.17949   	1.71926   	 (-0.00000  )
119	-0.14174  	0.02151   	0.06070   	1.77050   	 (-0.00000  )
120	-0.00062  	-0.00236  	0.02560   	1.55475   	 (0.00000   )
121	0.00303   	-0.00033  	-0.02548  	1.15590   	 (-0.00000  )
122	-0.00000  	0.00109   	-0.08905  	1.67048   	 (-0.00000  )
123	-0.14571  	-0.14516  	0.00603   	1.55036   	 (0.00000   )
124	-0.00247  	0.00221   	0.08927   	1.65754   	 (0.00000   )
125	-0.25071  	-0.26891  	-0.03524  	1.57805   	 (0.00000   )
126	0.08586   	-0.07625  	0.16104   	1.41411   	 (0.00000   )
127	0.25802   	0.24071   	0.03950   	1.49983   	 (-0.00000  )
128	-0.07290  	-0.03199  	-0.00433  	1.59028   	 (-0.00000  )
129	0.16168   	0.18213   	0.16206   	1.61864   	 (-0.00000  )
130	-0.08535  	-0.12429  	-0.08573  	1.62509   	 (0.00000   )
131	0.04619   	0.11743   	0.16415   	1.57007   	 (-0.00000  )
132	-0.04254  	-0.06756  	-0.11939  	1.63366   	 (0.00000   )
133	-0.02240  	0.06185   	-0.24989  	1.48571   	 (-0.00000  )
134	-0.05159  	-0.08764  	-0.17320  	1.59960   	 (-0.00000  )
135	0.04337   	-0.06890  	-0.07962  	1.47253   	 (-0.00000  )
136	-0.01374  	0.02504   	-0.11291  	1.35086   	 (0.00000   )
137	0.02132   	0.00039   	0.14729   	1.55815   	 (0.00000   )
138	0.04838   	-0.05728  	0.15041   	1.48472   	 (-0.00000  )
139	-0.22152  	0.07335   	0.10842   	1.53611   	 (-0.00000  )
140	0.07189   	-0.04520  	0.15267   	1.33639   	 (-0.00000  )
141	0.03502   	-0.04460  	-0.05590  	1.57343   	 (0.00000   )
142	-0.07123  	-0.04027  	0.05526   	1.54946   	 (-0.00000  )
143	0.06897   	0.12443   	0.03167   	1.38328   	 (0.00000   )
144	0.01788   	-0.00122  	0.03684   	1.38286   	 (0.00000   )
145	0.08184   	-0.12838  	-0.06257  	1.42577   	 (0.00000   )
146	0.06866   	0.05511   	-0.02439  	1.56111   	 (-0.00000  )
147	-0.02813  	-0.00889  	-0.05287  	1.48233   	 (-0.00000  )
148	-0.06724  	0.02038   	-0.00537  	1.49426   	 (0.00000   )
149	0.05904   	0.07437   	-0.12968  	1.47698   	 (0.00000   )
150	-0.06806  	0.00340   	-0.06196  	1.47957   	 (-0.00000  )
151	0.01938   	-0.04943  	-0.03846  	1.35235   	 (0.00000   )
152	0.00142   	0.02588   	-0.05768  	1.44933   	 (0.00000   )
153	0.04219   	0.10554   	-0.01232  	1.78304   	 (-0.00000  )
154	-0.03901  	-0.16672  	0.11736   	1.57046   	 (0.00000   )
155	-0.05784  	0.05143   	-0.08870  	1.54333   	 (0.00000   )
156	0.02225   	0.01889   	0.00205   	1.88853   	 (-0.00000  )
157	0.05127   	0.01357   	0.06057   	1.47963   	 (-0.00000  )
158	-0.01584  	-0.01881  	0.08868   	1.76935   	 (-0.00000  )
159	-0.00031  	0.00823   	-0.09283  	1.64144   	 (0.00000   )
160	-0.02300  	-0.03167  	-0.04609  	1.43786   	 (0.00000   )
161	-0.10932  	-0.03982  	-0.02522  	1.59592   	 (0.00000   )
162	0.03935   	-0.01702  	-0.06300  	1.51457   	 (-0.00000  )
163	0.13717   	0.00477   	-0.12876  	1.46682   	 (-0.00000  )
164	0.05166   	0.05815   	0.03210   	1.77049   	 (0.00000   )
165	0.00330   	0.16924   	-0.03129  	1.45734   	 (0.00000   )
166	0.25235   	-0.00046  	-0.18684  	1.46508   	 (-0.00000  )
167	0.07660   	0.02120   	-0.04304  	1.38290   	 (-0.00000  )
168	-0.11464  	-0.12213  	0.09620   	1.51186   	 (-0.00000  )
169	-0.14010  	-0.13433  	0.01771   	1.55264   	 (-0.00000  )
170	-0.06655  	0.07574   	0.03167   	1.58225   	 (-0.00000  )
171	-0.11393  	0.01519   	0.19875   	1.56079   	 (0.00000   )
172	0.01902   	-0.14836  	0.06344   	1.50554   	 (0.00000   )
173	0.03260   	0.10002   	-0.01950  	1.70957   	 (0.00000   )
174	0.00381   	-0.07210  	-0.01393  	1.44351   	 (0.00000   )
175	0.11668   	0.07893   	0.00998   	1.59751   	 (-0.00000  )
176	-0.08007  	-0.05826  	0.09032   	1.54590   	 (-0.00000  )
177	0.00392   	0.04645   	0.10177   	1.50080   	 (-0.00000  )
178	0.01862   	0.06601   	0.00361   	1.43382   	 (-0.00000  )
179	0.04506   	-0.00710  	0.07524   	1.40748   	 (0.00000   )
180	0.06616   	0.08311   	0.03883   	1.42037   	 (0.00000   )
181	-0.08124  	-0.06316  	-0.14462  	1.64069   	 (-0.00000  )
182	-0.12470  	0.10273   	0.08499   	1.60056   	 (0.00000   )
183	-0.04592  	0.05989   	0.10249   	1.50653   	 (0.00000   )
184	-0.01288  	-0.20205  	0.12740   	1.53237   	 (-0.00000  )
185	0.10884   	0.06537   	0.05869   	1.47105   	 (0.00000   )
186	-0.01116  	0.00165   	-0.00835  	1.29001   	 (0.00000   )
187	0.04584   	-0.05024  	0.06105   	1.48463   	 (0.00000   )
188	-0.13272  	-0.02662  	0.01889   	1.49344   	 (-0.00000  )
189	0.07663   	0.08383   	-0.03887  	1.52948   	 (0.00000   )
190	-0.01520  	0.02363   	0.16645   	1.52479   	 (-0.00000  )
191	0.01430   	0.00595   	0.01362   	1.48726   	 (-0.00000  )
192	0.10913   	0.10222   	0.02892   	1.42006   	 (-0.00000  )
193	-0.04566  	-0.03836  	0.08003   	1.33864   	 (-0.00000  )
194	0.14006   	0.09027   	-0.04853  	1.50703   	 (-0.00000  )
195	-0.06590  	0.02867   	0.01683   	1.41045   	 (-0.00000  )
196	0.15320   	0.06754   	-0.09617  	1.47726   	 (0.00000   )
197	-0.04847  	-0.04071  	-0.06508  	1.57322   	 (0.00000   )
198	-0.08147  	-0.08079  	-0.04600  	1.47711   	 (-0.00000  )
199	-0.04789  	-0.05239  	-0.02952  	1.40476   	 (0.00000   )
200	-0.05484  	-0.01543  	-0.09526  	1.52274   	 (0.00000   )
201	0.04778   	0.01439   	-0.06646  	1.34517   	 (0.00000   )
202	-0.02080  	0.00691   	0.00246   	1.48381   	 (0.00000   )
203	-0.06157  	-0.05067  	0.00925   	1.34176   	 (-0.00000  )
204	0.02666   	0.00705   	0.02348   	1.43102   	 (0.00000   )
205	0.03575   	-0.00671  	-0.15490  	1.59498   	 (0.00000   )
206	-0.05001  	-0.11316  	0.15522   	1.39439   	 (-0.00000  )
207	0.06856   	0.08320   	-0.13154  	1.32366   	 (0.00000   )
208	-0.02932  	-0.06477  	-0.01816  	1.55533   	 (-0.00000  )
209	-0.12340  	0.00281   	-0.05751  	1.46194   	 (-0.00000  )
210	0.06534   	0.10084   	-0.15061  	1.51394   	 (0.00000   )
211	0.02023   	-0.01016  	-0.02654  	1.29398   	 (-0.00000  )
212	0.02718   	0.02388   	-0.00581  	1.47228   	 (0.00000   )
213	-0.13741  	-0.12528  	0.12723   	1.56820   	 (-0.00000  )
214	0.12025   	0.08190   	-0.13935  	1.55641   	 (-0.00000  )
215	-0.02293  	0.02344   	0.00030   	1.48580   	 (0.00000   )
216	-0.02693  	-0.01721  	-0.11663  	1.53794   	 (-0.00000  )
217	-0.00425  	-0.05042  	-0.03115  	1.46930   	 (0.00000   )
218	0.01450   	0.03262   	-0.09592  	1.43888   	 (0.00000   )
219	0.01127   	0.01769   	-0.05067  	1.14043   	 (0.00000   )
220	-0.05958  	0.00495   	0.14551   	1.46725   	 (0.00000   )
221	-0.01771  	-0.01935  	0.06188   	1.32375   	 (-0.00000  )
222	0.02768   	-0.03920  	0.35954   	1.58726   	 (0.00000   )
223	0.00621   	0.00935   	0.26893   	1.48145   	 (0.00000   )
224	0.11838   	-0.02792  	-0.13593  	1.48746   	 (0.00000   )
225	-0.01768  	0.02459   	-0.14956  	1.52177   	 (-0.00000  )
226	0.03740   	-0.06920  	0.05413   	1.47551   	 (-0.00000  )
227	-0.00831  	-0.00801  	-0.00615  	1.40874   	 (0.00000   )
228	-0.08111  	0.07119   	-0.13660  	1.42233   	 (-0.00000  )
229	-0.02181  	-0.00460  	0.03454   	1.53858   	 (0.00000   )
230	-0.10887  	0.05033   	0.05102   	1.42910   	 (-0.00000  )
231	0.10656   	0.04473   	-0.03639  	1.50680   	 (0.00000   )
232	-0.04189  	-0.10259  	0.02768   	1.49978   	 (-0.00000  )
233	0.02306   	0.02540   	0.08634   	1.43439   	 (-0.00000  )
234	-0.02059  	0.01709   	0.00238   	1.45350   	 (0.00000   )
235	0.05098   	-0.02158  	-0.11543  	1.43007   	 (-0.00000  )
236	0.00373   	0.01732   	0.13807   	1.48745   	 (0.00000   )
237	-0.01941  	-0.00593  	0.03809   	1.51346   	 (0.00000   )
238	-0.03082  	-0.00930  	-0.02901  	1.55834   	 (-0.00000  )
239	-0.00129  	0.00160   	0.02221   	1.59434   	 (0.00000   )
240	0.00461   	-0.03587  	0.01047   	1.67443   	 (-0.00000  )
241	-0.05320  	0.01136   	0.16663   	1.61953   	 (0.00000   )
242	0.02715   	0.01733   	-0.10419  	1.52699   	 (0.00000   )
243	-0.00241  	0.04335   	0.03660   	1.47661   	 (0.00000   )
244	-0.01070  	-0.02138  	-0.01327  	1.42677   	 (0.00000   )
245	0.07401   	-0.04162  	0.09099   	1.45234   	 (-0.00000  )
246	-0.07761  	0.03704   	0.11642   	1.43577   	 (0.00000   )
247	0.04167   	0.00180   	0.02624   	1.48970   	 (0.00000   )
248	-0.00962  	0.02887   	-0.07704  	1.58220   	 (-0.00000  )
249	0.00910   	-0.00650  	-0.17895  	1.45179   	 (-0.00000  )
250	0.01831   	-0.03933  	-0.05852  	1.59269   	 (0.00000   )
251	-0.01628  	-0.02198  	-0.01332  	1.40492   	 (0.00000   )
252	-0.01271  	0.04716   	0.01488   	1.39468   	 (-0.00000  )
253	0.00964   	0.01425   	-0.00231  	1.39208   	 (-0.00000  )
254	-0.00486  	-0.00385  	-0.00348  	1.43110   	 (0.00000   )
255	-0.04361  	-0.00738  	-0.00091  	1.54674   	 (-0.00000  )
256	0.04978   	-0.01337  	-0.01894  	1.63075   	 (0.00000   )
257	0.00294   	0.00307   	-0.10225  	1.50440   	 (0.00000   )
258	-0.05550  	0.01939   	0.10902   	1.51341   	 (-0.00000  )
259	0.05205   	-0.02278  	0.00684   	1.46079   	 (-0.00000  )
260	-0.03237  	0.01374   	0.00651   	1.48720   	 (0.00000   )
261	0.04914   	0.00100   	0.03067   	1.52161   	 (0.00000   )
262	-0.00585  	0.00049   	-0.00911  	1.60115   	 (-0.00000  )
263	-0.01789  	0.00314   	-0.00858  	1.49691   	 (0.00000   )
264	-0.00173  	0.00484   	0.01109   	1.49382   	 (-0.00000  )
265	0.01664   	-0.01079  	-0.00940  	1.42536   	 (0.00000   )
266	-0.00359  	-0.00884  	-0.04747  	1.44226   	 (-0.00000  )
267	0.01499   	0.01317   	0.00823   	1.56748   	 (0.00000   )
268	-0.01071  	0.00731   	-0.00448  	1.40697   	 (0.00000   )
269	-0.00318  	-0.01357  	0.00837   	1.46094   	 (-0.00000  )
270	0.00017   	0.00793   	0.00170   	1.50312   	 (0.00000   )
271	0.00237   	-0.00293  	0.01010   	1.47952   	 (0.00000   )
272	-0.00579  	0.00244   	0.00221   	1.37790   	 (-0.00000  )
273	0.00800   	0.00538   	-0.04359  	1.56670   	 (-0.00000  )
274	0.01199   	0.01149   	-0.01922  	1.47778   	 (-0.00000  )
275	-0.01008  	0.01838   	-0.00149  	1.59374   	 (0.00000   )
276	0.01011   	-0.02947  	-0.00167  	1.64460   	 (0.00000   )
277	-0.02534  	-0.00809  	-0.07089  	1.43501   	 (0.00000   )
278	0.00585   	-0.00071  	-0.04948  	1.44310   	 (-0.00000  )
279	0.02322   	0.00183   	-0.02324  	1.49417   	 (0.00000   )
280	-0.02334  	-0.01148  	0.11736   	1.38889   	 (-0.00000  )
281	0.00188   	0.01556   	0.06083   	1.56900   	 (-0.00000  )
282	0.00369   	-0.00056  	0.01010   	1.36599   	 (0.00000   )
283	-0.12036  	-0.14065  	0.34878   	1.59142   	 (0.00000   )
284	0.00108   	0.00104   	0.01746   	1.25644   	 (-0.00000  )
285	0.00003   	-0.00027  	-0.00011  	1.57640   	 (-0.00000  )
286	0.19114   	0.21290   	0.10245   	1.71560   	 (-0.00000  )
287	-0.00352  	0.00055   	-0.00064  	1.77045   	 (0.00000   )
288	0.00699   	-0.00054  	-0.07482  	1.32209   	 (0.00000   )
289	0.00758   	0.00215   	0.06886   	1.36537   	 (0.00000   )
290	-0.00967  	-0.00246  	0.01067   	1.53513   	 (-0.00000  )
291	-0.14949  	0.03178   	0.08682   	1.61687   	 (-0.00000  )
292	-0.15040  	-0.15425  	-0.24482  	1.56421   	 (-0.00000  )
293	0.23084   	0.23147   	0.19167   	1.49822   	 (-0.00000  )
294	-0.00109  	-0.00112  	-0.00055  	1.39795   	 (0.00000   )
295	0.07839   	-0.13204  	-0.05929  	1.68885   	 (-0.00000  )
296	-0.02147  	-0.01635  	0.00055   	1.29984   	 (-0.00000  )
297	0.01731   	0.01285   	0.00242   	1.44472   	 (0.00000   )
298	0.00019   	0.00303   	0.00564   	1.48915   	 (-0.00000  )
299	0.13417   	0.22175   	0.05562   	1.55333   	 (-0.00000  )
300	0.00096   	0.00064   	-0.00474  	1.29012   	 (0.00000   )
301	-0.01791  	0.14645   	-0.04550  	1.64675   	 (-0.00000  )
302	-0.11157  	-0.12476  	-0.01472  	1.58429   	 (0.00000   )
303	-0.00275  	-0.00062  	0.08536   	1.62992   	 (0.00000   )
304	0.00356   	0.00092   	-0.08511  	1.63703   	 (-0.00000  )
305	-0.02158  	-0.24069  	0.03562   	1.65958   	 (0.00000   )
306	0.04754   	-0.08440  	-0.15025  	1.52283   	 (-0.00000  )
307	0.02536   	0.04661   	-0.34818  	1.53371   	 (0.00000   )
308	0.02811   	-0.07659  	0.23357   	1.48915   	 (0.00000   )
309	0.03929   	-0.00943  	-0.14474  	1.46524   	 (-0.00000  )
310	-0.08118  	-0.01115  	0.18494   	1.54560   	 (0.00000   )
311	-0.10941  	0.07625   	0.15984   	1.54654   	 (0.00000   )
312	0.01043   	0.27403   	-0.13445  	1.57611   	 (-0.00000  )
313	-0.07614  	-0.00355  	-0.24710  	1.43903   	 (0.00000   )
314	-0.08280  	-0.05832  	-0.06718  	1.41715   	 (-0.00000  )
315	0.04513   	0.02892   	0.21135   	1.48493   	 (0.00000   )
316	0.06784   	0.02576   	0.00676   	1.40098   	 (-0.00000  )
317	0.01048   	-0.13826  	0.12996   	1.48404   	 (0.00000   )
318	0.05947   	0.05230   	-0.15531  	1.40257   	 (0.00000   )
319	0.04430   	-0.04646  	-0.09294  	1.51473   	 (-0.00000  )
320	-0.12157  	-0.09469  	-0.04680  	1.49574   	 (0.00000   )
321	0.16725   	0.09774   	-0.13539  	1.49762   	 (-0.00000  )
322	-0.11487  	0.02116   	0.01523   	1.46055   	 (-0.00000  )
323	0.10904   	-0.00453  	0.15073   	1.50017   	 (0.00000   )
324	0.01323   	-0.06756  	0.09972   	1.51190   	 (0.00000   )
325	-0.09166  	0.02478   	0.20515   	1.53784   	 (-0.00000  )
326	0.00554   	0.05142   	0.10000   	1.49840   	 (-0.00000  )
327	-0.01585  	0.12416   	0.13616   	1.52682   	 (-0.00000  )
328	-0.03609  	-0.05233  	-0.35618  	1.51554   	 (-0.00000  )
329	0.03879   	-0.19051  	0.25743   	1.49850   	 (0.00000   )
330	-0.10146  	0.31168   	0.09773   	1.56615   	 (-0.00000  )
331	-0.02900  	-0.23580  	0.21211   	1.53467   	 (0.00000   )
332	-0.07281  	-0.00240  	0.13527   	1.48393   	 (0.00000   )
333	0.05202   	-0.14405  	0.04506   	1.51580   	 (-0.00000  )
334	0.05431   	0.05338   	-0.15998  	1.50512   	 (-0.00000  )
335	0.04465   	0.05653   	0.03483   	1.45611   	 (0.00000   )
336	-0.02972  	0.02625   	0.11343   	1.54343   	 (0.00000   )
337	-0.14988  	0.05684   	0.06257   	1.56463   	 (0.00000   )
338	0.07620   	0.03646   	-0.02511  	1.58743   	 (0.00000   )
339	-0.07975  	-0.05073  	0.02757   	1.58371   	 (-0.00000  )
340	-0.15306  	0.00535   	0.14901   	1.56815   	 (0.00000   )
341	0.14641   	-0.12652  	0.05234   	1.55523   	 (-0.00000  )
342	-0.04054  	0.07882   	0.05866   	1.64140   	 (-0.00000  )
343	0.13051   	0.16313   	0.00383   	1.59647   	 (0.00000   )
344	-0.03315  	0.03888   	0.01821   	1.55890   	 (-0.00000  )
345	-0.02465  	-0.00667  	0.17947   	1.54961   	 (-0.00000  )
346	-0.01711  	-0.06501  	0.14716   	1.55657   	 (0.00000   )
347	0.20120   	0.15839   	0.28192   	1.68541   	 (-0.00000  )
348	-0.27806  	-0.18005  	0.34375   	1.64744   	 (-0.00000  )
349	-0.01785  	-0.00978  	0.09272   	1.53066   	 (-0.00000  )
350	0.13709   	0.04269   	-0.04380  	1.45416   	 (0.00000   )
351	0.13412   	-0.01275  	0.02588   	1.37024   	 (0.00000   )
352	-0.33027  	-0.13380  	-0.16462  	1.66548   	 (-0.00000  )
353	0.08888   	0.02280   	0.18105   	1.47727   	 (0.00000   )
354	0.26041   	0.21358   	-0.29520  	1.65417   	 (0.00000   )
355	-0.07939  	0.06830   	0.26033   	1.51111   	 (-0.00000  )
356	-0.04441  	0.07470   	0.02655   	1.47725   	 (0.00000   )
357	-0.12903  	-0.07442  	-0.01145  	1.50181   	 (0.00000   )
358	0.04176   	-0.09217  	0.23008   	1.58805   	 (0.00000   )
359	0.04145   	-0.06795  	0.11811   	1.55524   	 (-0.00000  )
360	-0.02394  	0.01303   	-0.04657  	1.30359   	 (0.00000   )
361	0.04351   	0.06391   	0.18141   	1.53914   	 (-0.00000  )
362	-0.02235  	0.02560   	-0.06514  	1.41298   	 (-0.00000  )
363	-0.02086  	0.05242   	0.11715   	1.49712   	 (-0.00000  )
364	-0.01948  	-0.03638  	-0.10161  	1.48951   	 (-0.00000  )
365	0.10717   	0.07476   	-0.17548  	1.59694   	 (0.00000   )
366	-0.01865  	-0.13107  	-0.17633  	1.52246   	 (0.00000   )
367	0.05520   	0.10209   	-0.19086  	1.50384   	 (0.00000   )
368	-0.14467  	-0.12388  	-0.18288  	1.58857   	 (-0.00000  )
369	-0.01275  	-0.01669  	-0.07965  	1.57716   	 (-0.00000  )
370	0.04301   	-0.09468  	-0.09797  	1.57169   	 (0.00000   )
371	0.06186   	0.01075   	-0.02578  	1.59371   	 (0.00000   )
372	0.01057   	0.03733   	0.09200   	1.40249   	 (0.00000   )
373	0.02042   	0.01877   	-0.03306  	1.34895   	 (0.00000   )
374	-0.05655  	-0.06677  	-0.01140  	1.53352   	 (-0.00000  )
375	0.14656   	-0.05312  	-0.13851  	1.46494   	 (0.00000   )
376	-0.02671  	0.00068   	-0.23876  	1.42264   	 (0.00000   )
377	-0.00353  	-0.00494  	0.00882   	1.28046   	 (-0.00000  )
378	0.00001   	0.08985   	0.18152   	1.38219   	 (-0.00000  )
379	-0.09171  	-0.00019  	-0.03375  	1.53522   	 (0.00000   )
380	-0.04835  	0.11643   	0.03354   	1.51923   	 (-0.00000  )
381	0.03050   	-0.00642  	-0.07285  	1.76375   	 (0.00000   )
382	0.01990   	-0.02016  	0.03105   	1.31459   	 (-0.00000  )
383	-0.01596  	0.01906   	0.23865   	1.47578   	 (0.00000   )
384	0.02242   	-0.08663  	-0.19131  	1.43453   	 (0.00000   )
385	-0.04627  	0.09938   	0.04900   	1.38894   	 (0.00000   )
386	0.05621   	0.10754   	0.13311   	1.48232   	 (-0.00000  )
387	-0.00239  	0.06700   	0.26988   	1.52583   	 (0.00000   )
388	0.01577   	-0.00059  	-0.07180  	1.59457   	 (0.00000   )
389	0.06987   	-0.06785  	0.01337   	1.54368   	 (-0.00000  )
390	-0.13708  	-0.08736  	-0.12713  	1.48428   	 (-0.00000  )
391	0.03868   	-0.00513  	0.01179   	1.67676   	 (0.00000   )
392	0.04882   	0.02465   	-0.05567  	1.37229   	 (0.00000   )
393	-0.03725  	-0.06295  	-0.24593  	1.40811   	 (0.00000   )
394	0.08630   	-0.00660  	-0.02368  	1.49456   	 (0.00000   )
395	0.00570   	0.03239   	-0.30042  	1.52336   	 (-0.00000  )
396	0.13171   	-0.00620  	-0.18556  	1.47427   	 (-0.00000  )
397	0.11100   	0.07426   	-0.35757  	1.55473   	 (0.00000   )
398	0.04245   	0.05139   	-0.02716  	1.74245   	 (0.00000   )
399	-0.04207  	-0.04253  	-0.02586  	1.37847   	 (0.00000   )
400	0.06468   	-0.00539  	0.00159   	1.45452   	 (0.00000   )
401	0.00490   	-0.00726  	-0.00677  	1.29762   	 (-0.00000  )
402	-0.01917  	0.02249   	0.19324   	1.46114   	 (-0.00000  )
403	0.02205   	0.00731   	-0.08830  	1.43395   	 (-0.00000  )
404	-0.00453  	0.00484   	0.02222   	1.50769   	 (0.00000   )
405	-0.00418  	0.00893   	-0.00856  	1.78453   	 (-0.00000  )
406	0.01284   	-0.04981  	-0.08672  	1.33869   	 (0.00000   )
407	-0.01400  	0.02206   	-0.08782  	1.58228   	 (-0.00000  )
408	0.09134   	0.13675   	-0.04567  	1.53572   	 (0.00000   )
409	-0.03398  	-0.16054  	0.04204   	1.44828   	 (-0.00000  )
410	0.01285   	0.00206   	0.01306   	1.54061   	 (-0.00000  )
411	-0.13816  	0.02356   	0.32874   	1.59459   	 (-0.00000  )
412	-0.00788  	-0.01554  	-0.01550  	1.52104   	 (0.00000   )
413	-0.06848  	0.00116   	0.42762   	1.61525   	 (0.00000   )
414	-0.06350  	0.01191   	0.19929   	1.33054   	 (-0.00000  )
415	-0.05759  	-0.05297  	0.29449   	1.56133   	 (-0.00000  )
416	0.00435   	-0.00005  	-0.01070  	1.76671   	 (-0.00000  )
417	0.03118   	0.03979   	-0.01601  	1.59984   	 (0.00000   )
418	0.08096   	0.12502   	0.02205   	1.44480   	 (-0.00000  )
419	-0.06697  	-0.07810  	-0.04864  	1.52559   	 (-0.00000  )
420	0.04034   	0.05039   	-0.07097  	1.47255   	 (0.00000   )
421	0.03910   	-0.00329  	-0.33507  	1.60127   	 (-0.00000  )
422	-0.04493  	-0.04368  	0.06463   	1.49331   	 (0.00000   )
423	-0.00017  	0.03059   	-0.06955  	1.31854   	 (0.00000   )
424	0.01299   	0.01000   	0.22109   	1.40493   	 (0.00000   )
425	-0.00447  	0.04835   	-0.00706  	1.78729   	 (-0.00000  )
426	-0.00995  	-0.01088  	-0.00068  	1.15416   	 (0.00000   )
427	0.14580   	0.02280   	-0.02330  	1.51727   	 (0.00000   )
428	-0.16063  	-0.00620  	0.07822   	1.49320   	 (-0.00000  )
429	-0.11728  	-0.17417  	0.27580   	1.58636   	 (0.00000   )
430	0.05185   	-0.03193  	0.11361   	1.67504   	 (-0.00000  )
431	-0.16383  	-0.05078  	-0.23268  	1.55899   	 (-0.00000  )
432	0.10543   	0.12476   	0.00709   	1.52940   	 (0.00000   )
433	-0.00736  	-0.02666  	-0.13176  	1.48962   	 (0.00000   )
434	0.08850   	0.07686   	-0.11262  	1.51713   	 (-0.00000  )
435	-0.00147  	0.00134   	0.01459   	1.41212   	 (0.00000   )
436	0.08228   	0.05883   	-0.05834  	1.57644   	 (-0.00000  )
437	0.06707   	0.07144   	-0.17178  	1.50235   	 (-0.00000  )
438	-0.04309  	-0.01669  	0.03671   	1.31322   	 (0.00000   )
439	0.10332   	-0.09085  	-0.23823  	1.64026   	 (-0.00000  )
440	-0.07069  	-0.01478  	0.00047   	1.59496   	 (0.00000   )
441	-0.09875  	-0.01568  	0.25703   	1.53690   	 (-0.00000  )
442	0.01717   	0.00408   	0.01476   	1.39118   	 (-0.00000  )
443	-0.02675  	0.00427   	0.00051   	1.60443   	 (0.00000   )
444	0.01305   	0.04490   	-0.02661  	1.40536   	 (-0.00000  )
445	-0.01415  	-0.02266  	0.04839   	1.40598   	 (-0.00000  )
446	-0.03680  	-0.03147  	0.04725   	1.64749   	 (0.00000   )
447	-0.00852  	0.02903   	-0.01161  	1.30276   	 (0.00000   )
448	-0.00483  	-0.04454  	-0.03177  	1.49867   	 (0.00000   )
449	-0.00868  	0.02722   	0.01175   	1.71142   	 (-0.00000  )
450	-0.00540  	0.01072   	-0.01041  	1.55215   	 (0.00000   )
451	0.04624   	0.01456   	-0.04438  	1.35937   	 (0.00000   )
452	0.09118   	0.00738   	-0.22137  	1.52354   	 (0.00000   )
453	0.00308   	-0.00630  	0.01796   	1.33967   	 (-0.00000  )
454	0.03536   	-0.02004  	-0.19519  	1.46487   	 (0.00000   )
455	-0.02531  	0.01647   	0.10832   	1.42022   	 (0.00000   )
456	0.05563   	0.03858   	-0.11017  	1.58910   	 (0.00000   )
457	0.00255   	0.00982   	0.13407   	1.52546   	 (0.00000   )
458	0.00072   	-0.00021  	-0.05996  	1.45254   	 (-0.00000  )
459	0.00056   	0.00789   	0.00694   	1.26857   	 (-0.00000  )
460	-0.09044  	-0.03897  	0.08243   	1.48535   	 (0.00000   )
461	-0.00794  	-0.07956  	0.10775   	1.58519   	 (-0.00000  )
462	-0.00531  	-0.00079  	-0.01213  	1.38954   	 (-0.00000  )
463	-0.04107  	0.03679   	0.15895   	1.53525   	 (-0.00000  )
464	-0.00475  	-0.08504  	-0.06379  	1.43025   	 (0.00000   )
465	-0.13061  	0.02700   	-0.03033  	1.46801   	 (-0.00000  )
466	0.04194   	0.15860   	0.05389   	1.39534   	 (0.00000   )
467	0.00736   	-0.07469  	-0.02032  	1.40875   	 (-0.00000  )
468	0.01156   	-0.00346  	0.03138   	1.16915   	 (0.00000   )
469	-0.01294  	0.00001   	-0.01982  	1.34506   	 (0.00000   )
470	-0.12615  	0.06023   	0.05165   	1.39210   	 (0.00000   )
471	0.02476   	-0.02421  	0.01286   	1.38226   	 (-0.00000  )
472	0.00792   	-0.01749  	-0.02540  	1.38888   	 (0.00000   )
473	0.08233   	0.03198   	-0.00318  	1.55101   	 (-0.00000  )
474	0.01803   	-0.06790  	0.09422   	1.39768   	 (-0.00000  )
475	0.04318   	0.00499   	0.20934   	1.46351   	 (0.00000   )
476	0.04914   	0.08021   	-0.31810  	1.57841   	 (-0.00000  )
477	0.08976   	-0.08807  	-0.22772  	1.52837   	 (-0.00000  )
478	-0.00802  	-0.05909  	0.35422   	1.50917   	 (-0.00000  )
479	0.01818   	-0.02061  	-0.05400  	1.35595   	 (0.00000   )
480	0.17360   	0.01238   	-0.08321  	1.41993   	 (0.00000   )
481	-0.28733  	0.12086   	-0.23511  	1.56056   	 (0.00000   )
482	-0.14724  	0.04084   	-0.11514  	1.58518   	 (-0.00000  )
483	0.11349   	-0.00293  	-0.03342  	1.32752   	 (-0.00000  )
484	0.09218   	-0.12269  	0.05805   	1.44868   	 (0.00000   )
485	-0.11871  	0.02255   	0.29746   	1.56057   	 (-0.00000  )
486	0.08985   	-0.06865  	0.05200   	1.39570   	 (-0.00000  )
487	-0.04619  	0.07667   	0.05574   	1.51656   	 (-0.00000  )
488	-0.03512  	0.03529   	-0.10133  	1.54596   	 (-0.00000  )
489	0.02924   	-0.06077  	0.10772   	1.51225   	 (0.00000   )
490	-0.01031  	0.06191   	0.15188   	1.37212   	 (-0.00000  )
491	-0.03515  	-0.00128  	0.09741   	1.29022   	 (-0.00000  )
492	-0.00097  	0.01245   	-0.00753  	1.56496   	 (-0.00000  )
493	0.00879   	-0.00914  	-0.00825  	1.64398   	 (-0.00000  )
494	-0.02264  	-0.01117  	0.00751   	1.21897   	 (0.00000   )
495	0.02582   	-0.00504  	-0.00447  	1.52191   	 (0.00000   )
496	-0.00531  	0.02253   	0.00823   	1.32881   	 (0.00000   )
497	-0.13213  	0.01425   	0.42254   	1.55086   	 (-0.00000  )
498	-0.00056  	-0.00979  	0.01332   	1.59702   	 (0.00000   )
499	-0.00301  	0.00413   	-0.00210  	1.52050   	 (-0.00000  )
500	0.00269   	-0.00362  	0.00769   	1.46894   	 (-0.00000  )
501	-0.01052  	-0.00846  	-0.01029  	1.70377   	 (-0.00000  )
502	-0.02488  	0.02175   	-0.28191  	1.52353   	 (0.00000   )
503	0.01471   	-0.00160  	-0.00466  	1.53810   	 (-0.00000  )
504	-0.07317  	-0.09663  	0.28693   	1.46653   	 (0.00000   )
505	-0.00692  	0.00640   	0.00948   	1.56111   	 (0.00000   )
506	0.10186   	0.08111   	0.26878   	1.47976   	 (0.00000   )
507	-0.23024  	-0.07372  	0.41327   	1.55669   	 (0.00000   )
508	0.00055   	-0.00014  	0.00110   	1.22568   	 (0.00000   )
509	-0.08653  	-0.03616  	0.34233   	1.49556   	 (-0.00000  )
510	0.17173   	0.15013   	-0.11513  	1.51283   	 (0.00000   )
511	-0.00069  	0.00123   	0.02650   	1.65467   	 (0.00000   )
512	-0.00966  	-0.01451  	-0.03216  	1.52203   	 (-0.00000  )
513	0.01197   	0.01152   	-0.00527  	1.41131   	 (-0.00000  )
514	-0.05589  	-0.04322  	-0.00192  	1.48934   	 (-0.00000  )
515	-0.00116  	-0.00044  	0.00661   	1.26971   	 (0.00000   )
516	0.00158   	-0.00237  	0.02511   	1.53370   	 (0.00000   )
517	-0.00084  	-0.00151  	-0.02364  	1.61094   	 (-0.00000  )
518	-0.00315  	0.00546   	-0.00235  	1.36237   	 (-0.00000  )
519	0.00007   	-0.00001  	0.00317   	1.24854   	 (-0.00000  )
520	-0.09902  	-0.01212  	0.29426   	1.47660   	 (-0.00000  )
521	-0.01500  	-0.07432  	-0.02365  	1.60170   	 (-0.00000  )
522	0.11458   	0.03263   	-0.44490  	1.54351   	 (0.00000   )
523	0.33569   	0.02219   	0.17268   	1.56567   	 (0.00000   )
524	0.06930   	0.02482   	0.32740   	1.62637   	 (0.00000   )
525	0.04175   	0.17501   	-0.23756  	1.69533   	 (-0.00000  )
526	-0.25760  	-0.04651  	-0.05157  	1.48843   	 (0.00000   )
527	-0.13365  	-0.06948  	0.03232   	1.57781   	 (0.00000   )
528	0.05444   	-0.13915  	-0.07597  	1.53832   	 (0.00000   )
529	0.14763   	0.10703   	0.12194   	1.60651   	 (0.00000   )
530	0.16018   	0.17674   	0.09689   	1.50846   	 (0.00000   )
531	0.00693   	0.00108   	0.03581   	1.33461   	 (-0.00000  )
532	0.05342   	0.09780   	-0.05102  	1.31923   	 (0.00000   )
533	-0.09565  	-0.00351  	0.37863   	1.56325   	 (0.00000   )
534	-0.28937  	-0.04812  	0.41270   	1.56280   	 (-0.00000  )
535	0.06693   	0.05468   	-0.35339  	1.58190   	 (0.00000   )
536	0.07268   	0.01917   	0.35468   	1.44365   	 (0.00000   )
537	0.03007   	0.21600   	-0.02435  	1.42360   	 (-0.00000  )
538	0.05503   	-0.13368  	-0.01589  	1.38023   	 (-0.00000  )
539	0.12134   	-0.18830  	-0.09891  	1.46110   	 (-0.00000  )
540	-0.11877  	0.05075   	0.30945   	1.46025   	 (0.00000   )
541	-0.04116  	0.31009   	0.05013   	1.48614   	 (-0.00000  )
542	-0.28937  	-0.10293  	0.40358   	1.55730   	 (-0.00000  )
543	0.09476   	0.07984   	0.35765   	1.43869   	 (0.00000   )
544	-0.28674  	0.09648   	-0.15614  	1.50988   	 (-0.00000  )
545	-0.07830  	-0.03930  	0.32393   	1.54860   	 (-0.00000  )
546	0.19640   	-0.14260  	0.09558   	1.49347   	 (0.00000   )
547	0.37210   	-0.16719  	0.35161   	1.61657   	 (-0.00000  )
548	-0.24122  	0.17043   	0.00518   	1.58823   	 (-0.00000  )
549	-0.04422  	0.04724   	0.09845   	1.46327   	 (0.00000   )
550	0.29898   	-0.04031  	-0.13301  	1.52982   	 (-0.00000  )
551	0.01890   	0.18201   	-0.30717  	1.57677   	 (0.00000   )
552	-0.04416  	0.05732   	0.33065   	1.58436   	 (0.00000   )
553	-0.14203  	0.00153   	0.43288   	1.52059   	 (0.00000   )
554	0.00326   	-0.00642  	0.13191   	1.18268   	 (0.00000   )
555	0.02246   	-0.02362  	-0.12603  	1.64891   	 (-0.00000  )
556	-0.03165  	0.03781   	0.44558   	1.54437   	 (-0.00000  )
557	-0.06000  	-0.02179  	0.15801   	1.46509   	 (0.00000   )
558	0.20143   	0.19030   	-0.01691  	1.35656   	 (-0.00000  )
559	-0.14979  	-0.07804  	-0.15481  	1.34256   	 (-0.00000  )
560	-0.02822  	0.16580   	0.16824   	1.34992   	 (0.00000   )
561	0.04130   	-0.06773  	-0.36126  	1.53491   	 (0.00000   )
562	-0.11810  	0.00825   	0.40211   	1.44130   	 (0.00000   )
563	-0.05342  	-0.00813  	0.15864   	1.39285   	 (0.00000   )
564	-0.09503  	0.00089   	0.32971   	1.45686   	 (-0.00000  )
565	-0.03571  	-0.02684  	0.52434   	1.59464   	 (0.00000   )
566	-0.07121  	0.08195   	0.21406   	1.36368   	 (-0.00000  )
