0	-0.00002  	-0.00020  	-0.00007  	1.94311   	 (-0.00000  )
1	-0.00002  	0.00019   	0.00004   	1.37173   	 (-0.00000  )
2	-0.00003  	-0.00090  	-0.00010  	1.36643   	 (0.00000   )
3	0.00007   	0.00089   	0.00011   	1.32319   	 (-0.00000  )
4	0.00007   	0.00015   	-0.00019  	1.93974   	 (0.00000   )
5	-0.00010  	-0.00013  	0.00007   	1.34154   	 (0.00000   )
6	-0.00003  	0.00018   	0.00023   	1.26105   	 (-0.00000  )
7	-0.00010  	-0.00046  	0.00013   	1.92806   	 (0.00000   )
8	-0.00006  	-0.00003  	0.00028   	1.50465   	 (-0.00000  )
9	0.00023   	-0.00003  	-0.00022  	1.30748   	 (-0.00000  )
10	-0.00002  	0.00014   	-0.00012  	1.46507   	 (-0.00000  )
11	0.00016   	0.00020   	-0.00016  	1.70071   	 (-0.00000  )
12	-0.00019  	-0.00035  	0.00004   	1.42077   	 (0.00000   )
13	0.00014   	0.00014   	-0.00002  	1.36957   	 (0.00000   )
14	-0.00018  	0.00024   	0.00003   	1.40252   	 (-0.00000  )
15	0.00032   	-0.00004  	-0.00012  	1.47116   	 (0.00000   )
16	-0.00069  	0.00001   	0.00006   	1.81681   	 (0.00000   )
17	0.00022   	-0.00024  	0.00012   	1.36492   	 (-0.00000  )
18	0.00028   	0.00015   	0.00009   	1.35757   	 (-0.00000  )
19	-0.00008  	0.00008   	-0.00012  	1.37274   	 (0.00000   )
20	-0.00010  	-0.00005  	0.00008   	1.84642   	 (-0.00000  )
21	-0.00001  	-0.00001  	-0.00015  	1.41507   	 (-0.00000  )
22	-0.00010  	0.00021   	-0.00014  	1.31218   	 (0.00000   )
23	0.00020   	-0.00016  	0.00018   	1.41959   	 (-0.00000  )
24	-0.00032  	0.00042   	0.00063   	1.40596   	 (-0.00000  )
25	0.00029   	-0.00066  	-0.00074  	1.38977   	 (0.00000   )
26	0.00136   	-0.00053  	-0.00006  	1.67227   	 (0.00000   )
27	-0.00130  	0.00077   	0.00016   	1.52268   	 (-0.00000  )
28	-0.00023  	0.00035   	-0.00012  	1.91307   	 (0.00000   )
29	-0.00005  	0.00180   	-0.00147  	1.85068   	 (-0.00000  )
30	0.00034   	-0.00082  	0.00130   	1.51627   	 (0.00000   )
31	0.00009   	0.00097   	0.00265   	1.30417   	 (-0.00000  )
32	0.00313   	-0.00073  	-0.00199  	1.40133   	 (-0.00000  )
33	-0.00113  	-0.00038  	0.00025   	1.37036   	 (-0.00000  )
34	-0.00131  	0.00069   	0.00028   	1.76200   	 (0.00000   )
35	-0.00096  	-0.00206  	0.00132   	1.47741   	 (0.00000   )
36	0.00127   	-0.00268  	-0.00084  	1.53112   	 (-0.00000  )
37	-0.00245  	0.00147   	-0.00042  	1.54934   	 (-0.00000  )
38	-0.00044  	-0.00125  	0.00007   	1.56229   	 (0.00000   )
39	-0.00012  	-0.00172  	0.00022   	1.69868   	 (-0.00000  )
40	-0.00434  	-0.00449  	0.00167   	1.59255   	 (0.00000   )
41	0.00494   	0.00357   	-0.00349  	1.40412   	 (0.00000   )
42	0.00024   	0.00126   	-0.00076  	1.45093   	 (0.00000   )
43	0.00052   	0.00067   	0.00280   	1.63814   	 (-0.00000  )
44	-0.00061  	0.00316   	0.00052   	1.37165   	 (0.00000   )
45	0.00057   	0.00084   	-0.00257  	1.40966   	 (0.00000   )
46	-0.00002  	0.00015   	-0.00023  	1.37397   	 (-0.00000  )
47	-0.00039  	-0.00034  	0.00229   	1.35371   	 (0.00000   )
48	-0.00103  	-0.00066  	-0.00041  	1.39540   	 (-0.00000  )
49	0.00185   	0.00061   	0.00282   	1.46386   	 (0.00000   )
50	0.00108   	-0.00387  	0.00031   	1.74277   	 (-0.00000  )
51	-0.00075  	0.00168   	-0.00313  	1.41178   	 (-0.00000  )
52	-0.00095  	-0.00026  	-0.00108  	1.32319   	 (-0.00000  )
53	0.00066   	0.00327   	0.00103   	1.46351   	 (-0.00000  )
54	0.00112   	0.00077   	-0.00172  	1.43192   	 (-0.00000  )
55	-0.00283  	0.00023   	0.00181   	1.79919   	 (0.00000   )
56	0.00244   	-0.00009  	-0.00042  	1.44575   	 (-0.00000  )
57	-0.00090  	-0.00121  	0.00013   	1.33765   	 (0.00000   )
58	0.00061   	-0.00056  	-0.00021  	1.33304   	 (-0.00000  )
59	-0.00276  	0.00160   	-0.00128  	1.41143   	 (-0.00000  )
60	0.00163   	-0.00132  	-0.00019  	1.71731   	 (-0.00000  )
61	0.00270   	0.00133   	-0.00012  	1.44760   	 (-0.00000  )
62	-0.00322  	-0.00263  	-0.00498  	1.66835   	 (0.00000   )
63	-0.00088  	0.00222   	0.00493   	1.43645   	 (0.00000   )
64	0.00336   	-0.00467  	0.00428   	1.46097   	 (-0.00000  )
65	0.00077   	0.00370   	-0.00489  	1.61687   	 (-0.00000  )
66	-0.00237  	0.00126   	0.00307   	1.37769   	 (0.00000   )
67	-0.00082  	-0.00160  	-0.00180  	1.49883   	 (0.00000   )
68	0.00061   	0.00068   	0.00083   	1.61844   	 (-0.00000  )
69	-0.00061  	0.00140   	-0.00137  	1.39583   	 (-0.00000  )
70	0.00069   	-0.00166  	-0.00026  	1.39295   	 (0.00000   )
71	0.00010   	-0.00020  	0.00111   	1.38996   	 (-0.00000  )
72	-0.01434  	-0.00041  	0.00335   	1.63000   	 (-0.00000  )
73	0.01353   	-0.00119  	-0.00450  	1.57799   	 (0.00000   )
74	0.00560   	0.00220   	-0.00229  	1.37300   	 (0.00000   )
75	0.00428   	-0.00093  	0.00046   	1.41023   	 (-0.00000  )
76	-0.00670  	-0.00404  	0.00539   	1.43437   	 (0.00000   )
77	0.00024   	0.00089   	-0.00197  	1.43492   	 (0.00000   )
78	-0.00464  	0.00752   	-0.00292  	1.52507   	 (0.00000   )
79	0.00161   	-0.00477  	0.00407   	1.62510   	 (-0.00000  )
80	-0.00145  	-0.00069  	-0.00180  	1.77827   	 (0.00000   )
81	0.00193   	0.00168   	0.00012   	1.34161   	 (0.00000   )
82	-0.00048  	-0.00114  	0.00343   	1.60592   	 (-0.00000  )
83	0.00003   	-0.00066  	-0.00307  	1.40259   	 (-0.00000  )
84	-0.00080  	0.00029   	-0.00097  	1.61962   	 (-0.00000  )
85	0.00164   	0.00237   	-0.00038  	1.51486   	 (-0.00000  )
86	-0.00333  	-0.00147  	0.00097   	1.37295   	 (0.00000   )
87	0.00216   	-0.00005  	0.00093   	1.35069   	 (-0.00000  )
88	0.00640   	-0.01875  	0.00093   	1.73564   	 (-0.00000  )
89	0.00709   	0.01971   	-0.00748  	1.50093   	 (-0.00000  )
90	-0.01535  	0.01112   	0.00785   	1.42661   	 (0.00000   )
91	0.00215   	-0.01091  	-0.00181  	1.36397   	 (0.00000   )
92	0.00282   	-0.00492  	-0.00280  	1.62921   	 (-0.00000  )
93	0.00158   	0.00494   	0.00488   	1.46509   	 (-0.00000  )
94	-0.00549  	-0.00034  	0.00294   	1.45956   	 (-0.00000  )
95	0.00074   	-0.00026  	-0.00449  	1.36155   	 (0.00000   )
96	-0.00800  	0.00466   	-0.00360  	1.37250   	 (0.00000   )
97	0.00722   	-0.00302  	0.00500   	1.41808   	 (0.00000   )
98	-0.00775  	0.00468   	-0.00835  	1.80882   	 (-0.00000  )
99	0.05721   	-0.08260  	-0.02201  	1.55333   	 (0.00000   )
100	-0.05695  	0.08196   	0.02103   	1.69268   	 (-0.00000  )
101	-0.00710  	0.00087   	0.00147   	1.54349   	 (0.00000   )
102	0.00458   	0.00268   	-0.00481  	1.63446   	 (-0.00000  )
103	-0.00470  	-0.00401  	0.00522   	1.40927   	 (-0.00000  )
104	0.00698   	0.00145   	-0.00302  	1.38877   	 (0.00000   )
105	0.01012   	-0.01311  	0.00878   	1.74199   	 (-0.00000  )
106	-0.00051  	-0.00003  	0.00022   	1.87985   	 (-0.00000  )
107	0.00194   	0.01015   	0.00078   	1.68967   	 (0.00000   )
108	-0.00031  	0.00020   	-0.00139  	1.41948   	 (0.00000   )
109	0.00058   	0.00044   	0.00131   	1.39429   	 (-0.00000  )
110	-0.00001  	-0.00024  	-0.00037  	1.30090   	 (0.00000   )
111	0.00937   	-0.01178  	0.00957   	1.54467   	 (-0.00000  )
112	-0.02141  	0.00193   	0.01235   	1.51087   	 (-0.00000  )
113	0.00846   	0.00434   	-0.02361  	1.50318   	 (-0.00000  )
114	-0.00010  	0.01507   	0.00027   	1.54532   	 (0.00000   )
115	-0.00426  	0.01107   	-0.00161  	1.38439   	 (0.00000   )
116	-0.00093  	-0.01554  	0.00890   	1.34742   	 (-0.00000  )
117	0.04079   	-0.03143  	-0.01588  	1.83762   	 (0.00000   )
118	-0.03590  	0.03010   	0.01027   	1.41437   	 (-0.00000  )
119	-0.01404  	-0.00629  	0.01097   	1.51627   	 (-0.00000  )
120	0.01386   	0.01573   	-0.00151  	1.44089   	 (0.00000   )
121	-0.00012  	-0.00480  	0.00366   	1.47397   	 (-0.00000  )
122	-0.00672  	-0.00753  	0.00498   	1.67287   	 (-0.00000  )
123	0.01311   	0.00330   	-0.01227  	1.54854   	 (0.00000   )
124	-0.00106  	-0.00426  	-0.00256  	1.55216   	 (0.00000   )
125	0.00168   	0.00690   	-0.00110  	1.55847   	 (0.00000   )
126	-0.00177  	-0.01394  	-0.02623  	1.58943   	 (-0.00000  )
127	-0.00346  	0.00150   	0.02440   	1.42687   	 (-0.00000  )
128	0.00328   	0.00380   	0.00150   	1.51610   	 (0.00000   )
129	-0.00452  	0.00059   	-0.00311  	1.46052   	 (0.00000   )
130	0.00465   	-0.00359  	-0.00023  	1.51923   	 (0.00000   )
131	-0.00290  	0.00202   	0.00187   	1.48445   	 (0.00000   )
132	-0.00163  	0.00069   	0.00756   	1.37883   	 (-0.00000  )
133	-0.00624  	-0.00410  	-0.00237  	1.42487   	 (0.00000   )
134	0.00150   	-0.00726  	0.00784   	1.40168   	 (0.00000   )
135	0.00432   	-0.00399  	-0.00747  	1.37727   	 (-0.00000  )
136	-0.00255  	0.00630   	-0.00238  	1.53077   	 (-0.00000  )
137	-0.00221  	0.00206   	0.00213   	1.42528   	 (-0.00000  )
138	0.00092   	-0.00027  	0.00029   	1.60067   	 (0.00000   )
139	-0.00572  	0.00087   	-0.00324  	1.69296   	 (0.00000   )
140	0.00066   	0.03339   	-0.02489  	1.58722   	 (-0.00000  )
141	0.00015   	-0.02622  	0.01533   	1.67944   	 (-0.00000  )
142	0.00686   	0.00119   	0.00563   	1.52016   	 (-0.00000  )
143	0.00189   	-0.00672  	-0.00190  	1.52474   	 (0.00000   )
144	0.00274   	0.00103   	-0.01814  	1.47002   	 (-0.00000  )
145	-0.00639  	-0.00493  	0.02247   	1.54969   	 (-0.00000  )
146	0.00334   	-0.00082  	0.00163   	1.43154   	 (-0.00000  )
147	-0.03997  	0.02512   	-0.00399  	1.51243   	 (-0.00000  )
148	0.04480   	-0.02232  	0.00622   	1.48808   	 (0.00000   )
149	-0.01141  	-0.00272  	0.00843   	1.40736   	 (0.00000   )
150	0.02230   	0.00314   	-0.00530  	1.46366   	 (-0.00000  )
151	0.00458   	-0.01772  	-0.00209  	1.42089   	 (-0.00000  )
152	-0.00697  	-0.00530  	-0.04438  	1.49581   	 (-0.00000  )
153	-0.00711  	0.03835   	0.03679   	1.51873   	 (-0.00000  )
154	-0.00700  	-0.00333  	0.00532   	1.45851   	 (-0.00000  )
155	-0.00549  	-0.00010  	-0.00053  	1.47731   	 (0.00000   )
156	-0.00001  	-0.00031  	0.00042   	1.45984   	 (0.00000   )
157	0.00189   	-0.00299  	-0.00246  	1.45921   	 (0.00000   )
158	0.00440   	-0.00215  	-0.00010  	1.55494   	 (0.00000   )
159	0.00686   	-0.00884  	0.00207   	1.50680   	 (0.00000   )
160	-0.00779  	0.00591   	0.00419   	1.41377   	 (0.00000   )
161	-0.00042  	0.00037   	-0.00245  	1.57185   	 (-0.00000  )
162	-0.00193  	-0.00359  	-0.00072  	1.51562   	 (-0.00000  )
163	-0.00171  	-0.00197  	0.00049   	1.48064   	 (0.00000   )
164	0.00583   	0.00439   	-0.00286  	1.44567   	 (-0.00000  )
165	-0.00212  	0.00333   	0.00032   	1.51890   	 (-0.00000  )
166	0.00133   	0.00093   	-0.00753  	1.41116   	 (-0.00000  )
167	0.00862   	0.00849   	0.00377   	1.57097   	 (0.00000   )
168	-0.00586  	-0.00770  	0.00183   	1.43136   	 (0.00000   )
169	-0.00585  	-0.00087  	0.00222   	1.64604   	 (0.00000   )
170	-0.00051  	-0.01115  	-0.00372  	1.44832   	 (0.00000   )
171	0.00105   	0.01238   	-0.00163  	1.43081   	 (-0.00000  )
172	0.00303   	-0.00036  	0.00194   	1.62851   	 (-0.00000  )
173	-0.00036  	-0.00058  	0.00174   	1.42503   	 (0.00000   )
174	0.00230   	-0.00153  	-0.00142  	1.46342   	 (-0.00000  )
175	0.00472   	0.00218   	0.00759   	1.43367   	 (-0.00000  )
176	-0.00490  	-0.00428  	-0.00587  	1.53990   	 (0.00000   )
177	-0.00021  	0.00155   	-0.00067  	1.40887   	 (0.00000   )
178	-0.00112  	0.00218   	0.00003   	1.36778   	 (-0.00000  )
179	-0.00050  	-0.00167  	-0.00027  	1.46144   	 (0.00000   )
180	0.00123   	-0.00373  	0.00103   	1.56220   	 (-0.00000  )
181	0.00583   	0.00204   	-0.00291  	1.65441   	 (-0.00000  )
182	-0.00344  	-0.00222  	0.00294   	1.38972   	 (-0.00000  )
183	0.00294   	0.00414   	0.00297   	1.54434   	 (-0.00000  )
184	-0.00009  	-0.00117  	0.00467   	1.49660   	 (-0.00000  )
185	0.00430   	-0.00599  	0.00013   	1.43731   	 (-0.00000  )
186	-0.00800  	0.00260   	-0.01187  	1.40088   	 (0.00000   )
187	0.00117   	0.00058   	0.00082   	1.45349   	 (-0.00000  )
188	0.00199   	-0.00117  	0.00024   	1.56618   	 (0.00000   )
189	0.01469   	0.00361   	0.02571   	1.55701   	 (0.00000   )
190	-0.02331  	0.00420   	-0.02215  	1.42864   	 (0.00000   )
191	0.00395   	-0.00578  	-0.00087  	1.71140   	 (0.00000   )
192	-0.00557  	0.00203   	-0.02094  	1.49155   	 (-0.00000  )
193	-0.01067  	-0.00409  	-0.00201  	1.39853   	 (-0.00000  )
194	0.00679   	0.00937   	0.02401   	1.42690   	 (0.00000   )
195	0.00586   	-0.00069  	-0.00003  	1.54943   	 (-0.00000  )
196	0.00676   	-0.00784  	-0.00123  	1.51547   	 (0.00000   )
197	-0.03094  	0.01755   	0.02589   	1.43833   	 (0.00000   )
198	0.02708   	-0.02238  	-0.02755  	1.61949   	 (-0.00000  )
199	-0.00716  	0.00785   	0.00657   	1.49775   	 (0.00000   )
200	0.01061   	0.01085   	0.00178   	1.48267   	 (-0.00000  )
201	0.00463   	0.00116   	0.00082   	1.42540   	 (0.00000   )
202	-0.00921  	-0.00699  	-0.00647  	1.41057   	 (-0.00000  )
203	-0.01302  	-0.01219  	-0.00331  	1.54840   	 (-0.00000  )
204	0.01529   	0.00582   	0.00228   	1.45334   	 (0.00000   )
205	-0.00178  	0.00237   	-0.00092  	1.47402   	 (-0.00000  )
206	0.00102   	-0.00172  	0.00042   	1.40690   	 (0.00000   )
207	0.00913   	-0.01525  	0.01448   	1.58942   	 (0.00000   )
208	0.01852   	-0.03560  	-0.07777  	1.84548   	 (-0.00000  )
209	-0.01379  	0.00054   	-0.00304  	1.41630   	 (0.00000   )
210	0.00243   	-0.00585  	-0.00570  	1.56437   	 (-0.00000  )
211	-0.00205  	0.00117   	0.00310   	1.43671   	 (-0.00000  )
212	-0.00644  	0.00802   	0.00377   	1.45933   	 (-0.00000  )
213	0.01035   	-0.00088  	0.00079   	1.48576   	 (-0.00000  )
214	-0.00715  	0.00943   	-0.00368  	1.60083   	 (0.00000   )
215	0.00021   	-0.00174  	0.00518   	1.53456   	 (-0.00000  )
216	-0.00028  	-0.00453  	-0.00336  	1.58796   	 (-0.00000  )
217	-0.00431  	-0.00197  	0.01131   	1.44418   	 (0.00000   )
218	0.00599   	0.00385   	-0.00444  	1.59268   	 (-0.00000  )
219	-0.00383  	-0.01259  	0.00311   	1.46073   	 (0.00000   )
220	0.00100   	0.00639   	-0.01035  	1.51094   	 (-0.00000  )
221	-0.00567  	0.00432   	0.00911   	1.64416   	 (0.00000   )
222	-0.05317  	-0.08420  	-0.00109  	1.43574   	 (0.00000   )
223	0.06678   	0.07317   	0.01479   	1.47201   	 (0.00000   )
224	0.01792   	0.05007   	0.09915   	1.57717   	 (-0.00000  )
225	-0.05666  	-0.00589  	0.07769   	1.62002   	 (-0.00000  )
226	0.01476   	0.00525   	-0.00255  	1.53073   	 (-0.00000  )
227	-0.01329  	0.05252   	-0.01093  	1.43927   	 (-0.00000  )
228	-0.01818  	-0.07208  	-0.00417  	1.34910   	 (0.00000   )
229	0.02070   	0.05587   	0.00367   	1.33305   	 (0.00000   )
230	-0.04363  	0.02006   	0.01688   	1.51868   	 (0.00000   )
231	0.05500   	-0.04826  	-0.12873  	1.32639   	 (0.00000   )
232	0.00947   	0.00708   	0.00716   	1.42526   	 (-0.00000  )
233	0.00546   	-0.00612  	-0.01286  	1.39830   	 (-0.00000  )
234	-0.00850  	0.00572   	-0.00616  	1.49576   	 (0.00000   )
235	0.00316   	-0.00523  	0.00667   	1.45414   	 (-0.00000  )
236	-0.00503  	-0.00669  	-0.00108  	1.48386   	 (-0.00000  )
237	-0.00742  	0.00314   	0.01374   	1.53425   	 (-0.00000  )
238	-0.03736  	-0.01282  	-0.01593  	1.46009   	 (0.00000   )
239	0.04595   	0.04532   	0.00306   	1.45381   	 (0.00000   )
240	-0.01081  	-0.02031  	-0.01232  	1.46013   	 (0.00000   )
241	0.01586   	-0.01702  	0.01756   	1.52249   	 (-0.00000  )
242	-0.00794  	0.00207   	-0.00877  	1.47763   	 (-0.00000  )
243	-0.00044  	-0.00562  	-0.00848  	1.46797   	 (-0.00000  )
244	-0.00319  	-0.00145  	0.02193   	1.47325   	 (0.00000   )
245	0.00244   	0.01319   	-0.01527  	1.65593   	 (0.00000   )
246	0.00042   	0.00819   	0.00854   	1.61593   	 (0.00000   )
247	-0.00179  	0.01420   	0.00534   	1.39026   	 (-0.00000  )
248	0.00959   	-0.02612  	-0.01116  	1.48547   	 (0.00000   )
249	-0.01418  	-0.01981  	-0.01622  	1.47691   	 (-0.00000  )
250	-0.00690  	0.00687   	0.01395   	1.52721   	 (0.00000   )
251	0.01146   	0.01616   	-0.00542  	1.50875   	 (0.00000   )
252	0.01075   	0.01646   	0.00346   	1.46609   	 (0.00000   )
253	0.00524   	-0.02723  	0.02721   	1.54788   	 (-0.00000  )
254	-0.00597  	-0.00449  	-0.00792  	1.62363   	 (0.00000   )
255	-0.01155  	0.01572   	-0.00924  	1.61723   	 (-0.00000  )
256	0.00208   	-0.00046  	0.00472   	1.47026   	 (0.00000   )
257	0.00328   	0.00080   	-0.00045  	1.59629   	 (-0.00000  )
258	0.00028   	0.00389   	-0.00455  	1.64576   	 (0.00000   )
259	0.00007   	-0.01029  	-0.02254  	1.53669   	 (-0.00000  )
260	-0.02082  	-0.00050  	0.01230   	1.58256   	 (0.00000   )
261	0.01261   	0.00946   	0.01664   	1.39907   	 (-0.00000  )
262	0.02426   	-0.01605  	0.00439   	1.68420   	 (0.00000   )
263	-0.01822  	0.00046   	-0.01303  	1.64746   	 (-0.00000  )
264	0.02072   	-0.00022  	-0.01254  	1.44704   	 (0.00000   )
265	-0.00856  	0.00508   	0.02725   	1.48792   	 (0.00000   )
266	-0.04779  	0.00862   	0.01588   	1.53230   	 (0.00000   )
267	0.03417   	-0.01268  	-0.02951  	1.53945   	 (-0.00000  )
268	0.00399   	-0.00147  	0.01077   	1.52596   	 (-0.00000  )
269	-0.01261  	-0.01540  	-0.00785  	1.39398   	 (-0.00000  )
270	0.00581   	0.01134   	0.01183   	1.35144   	 (-0.00000  )
271	0.00684   	0.00632   	-0.00582  	1.38418   	 (-0.00000  )
272	-0.00670  	0.01501   	-0.00741  	1.44503   	 (0.00000   )
273	0.00703   	-0.01046  	0.00011   	1.50068   	 (-0.00000  )
274	0.00384   	-0.00536  	0.00112   	1.51188   	 (0.00000   )
275	-0.00305  	-0.00159  	-0.00230  	1.39549   	 (-0.00000  )
276	-0.00256  	0.00422   	0.00489   	1.43973   	 (-0.00000  )
277	-0.00859  	-0.00862  	-0.00060  	1.50161   	 (-0.00000  )
278	-0.02306  	0.03821   	-0.00583  	1.65061   	 (0.00000   )
279	0.04862   	-0.02517  	-0.00429  	1.44962   	 (-0.00000  )
280	0.00433   	-0.04605  	0.01116   	1.37409   	 (-0.00000  )
281	-0.01984  	0.03681   	0.00037   	1.43835   	 (-0.00000  )
282	-0.00340  	0.00098   	0.01204   	1.54748   	 (0.00000   )
283	0.03124   	0.03760   	0.00178   	1.66381   	 (0.00000   )
284	-0.00495  	-0.04249  	0.01484   	1.44041   	 (-0.00000  )
285	-0.02413  	-0.01768  	-0.02666  	1.48257   	 (-0.00000  )
286	0.00532   	0.01946   	-0.02903  	1.52947   	 (-0.00000  )
287	0.00034   	-0.00957  	0.02079   	1.52921   	 (0.00000   )
288	0.01510   	-0.02574  	0.04579   	1.45234   	 (0.00000   )
289	-0.00051  	0.03890   	-0.00825  	1.44334   	 (-0.00000  )
290	-0.01546  	0.00264   	-0.04059  	1.58722   	 (-0.00000  )
291	0.01201   	-0.00402  	0.00930   	1.46307   	 (-0.00000  )
292	0.00688   	-0.00411  	0.00668   	1.35518   	 (-0.00000  )
293	-0.01124  	0.02973   	-0.02950  	1.45937   	 (0.00000   )
294	-0.03450  	0.00819   	0.04103   	1.56027   	 (0.00000   )
295	0.15037   	-0.14208  	0.04599   	1.52703   	 (0.00000   )
296	-0.14042  	0.14041   	-0.05645  	1.60096   	 (-0.00000  )
297	-0.01196  	-0.00293  	-0.02303  	1.43792   	 (-0.00000  )
298	-0.08177  	0.06770   	-0.03066  	1.45254   	 (-0.00000  )
299	0.08956   	-0.06085  	0.04748   	1.42751   	 (0.00000   )
300	0.01421   	-0.00368  	-0.00379  	1.50391   	 (0.00000   )
301	-0.01247  	0.00177   	-0.00777  	1.45931   	 (-0.00000  )
302	0.02397   	-0.01468  	-0.04994  	1.47002   	 (-0.00000  )
303	-0.05052  	-0.11064  	0.01767   	1.70378   	 (0.00000   )
304	-0.03965  	0.11861   	0.07447   	1.46746   	 (0.00000   )
305	0.04181   	-0.08935  	-0.18097  	1.65545   	 (-0.00000  )
306	0.03969   	-0.01252  	0.03071   	1.53357   	 (0.00000   )
307	0.07124   	0.05403   	0.25509   	1.56889   	 (-0.00000  )
308	-0.03349  	-0.04552  	0.01888   	1.46626   	 (0.00000   )
309	-0.09656  	-0.29939  	-0.06984  	1.50415   	 (-0.00000  )
310	0.13116   	0.39422   	-0.08450  	1.47935   	 (0.00000   )
311	-0.10549  	0.12314   	-0.02384  	1.65497   	 (-0.00000  )
312	-0.01136  	-0.19630  	-0.07650  	1.58848   	 (0.00000   )
313	-0.01811  	-0.00050  	-0.06648  	1.48163   	 (-0.00000  )
314	0.01802   	0.07167   	0.25758   	1.60448   	 (-0.00000  )
315	-0.10019  	0.08268   	-0.03579  	1.57224   	 (0.00000   )
316	0.04271   	0.04866   	0.03505   	1.53315   	 (0.00000   )
317	0.16261   	-0.09553  	-0.07996  	1.43734   	 (0.00000   )
318	0.02819   	0.04959   	0.09200   	1.43247   	 (0.00000   )
319	0.04014   	-0.01794  	-0.08535  	1.65207   	 (0.00000   )
320	0.07736   	-0.09029  	-0.00395  	1.55845   	 (0.00000   )
321	-0.06445  	-0.15791  	0.14469   	1.65048   	 (0.00000   )
322	-0.11087  	0.11442   	-0.02153  	1.41540   	 (-0.00000  )
323	0.02537   	0.03891   	-0.05010  	1.35619   	 (-0.00000  )
324	-0.05658  	0.01865   	0.02528   	1.28884   	 (-0.00000  )
325	0.07696   	0.06658   	-0.10662  	1.44431   	 (-0.00000  )
326	-0.19929  	0.08429   	0.04317   	1.48115   	 (-0.00000  )
327	0.09055   	-0.21453  	-0.08707  	1.50967   	 (0.00000   )
328	0.01318   	0.10239   	0.11914   	1.43239   	 (-0.00000  )
329	-0.07360  	-0.18773  	-0.07901  	1.46883   	 (0.00000   )
330	-0.01670  	0.12891   	-0.00800  	1.45915   	 (-0.00000  )
331	0.01506   	-0.04081  	-0.00393  	1.53604   	 (0.00000   )
332	-0.10317  	-0.08831  	0.09230   	1.58969   	 (0.00000   )
333	0.15859   	-0.01986  	0.09673   	1.47512   	 (0.00000   )
334	0.08174   	0.05615   	-0.11509  	1.51422   	 (0.00000   )
335	-0.05084  	0.10845   	-0.05221  	1.42661   	 (-0.00000  )
336	-0.07658  	-0.02076  	-0.05956  	1.46999   	 (0.00000   )
337	0.02264   	-0.03466  	-0.00850  	1.56170   	 (-0.00000  )
338	0.04188   	-0.02507  	0.08016   	1.66173   	 (0.00000   )
339	0.03967   	-0.05673  	0.03509   	1.47672   	 (0.00000   )
340	-0.00354  	0.03605   	-0.02722  	1.52748   	 (-0.00000  )
341	-0.09023  	-0.00365  	0.01381   	1.57403   	 (0.00000   )
342	0.05494   	0.02544   	-0.02749  	1.47379   	 (0.00000   )
343	-0.05306  	0.00070   	0.04784   	1.53042   	 (-0.00000  )
344	-0.01039  	0.06838   	-0.15258  	1.47770   	 (0.00000   )
345	0.09025   	-0.06986  	0.08594   	1.56403   	 (-0.00000  )
346	0.04311   	-0.01629  	-0.07399  	1.50195   	 (-0.00000  )
347	-0.02824  	0.08415   	0.08601   	1.53365   	 (0.00000   )
348	-0.07631  	0.00776   	-0.00537  	1.54798   	 (0.00000   )
349	0.04273   	-0.04492  	0.03901   	1.46616   	 (-0.00000  )
350	0.02423   	0.00521   	-0.00880  	1.45210   	 (0.00000   )
351	-0.03289  	0.02941   	-0.01116  	1.46404   	 (-0.00000  )
352	0.09385   	-0.06163  	0.01952   	1.50959   	 (-0.00000  )
353	-0.04779  	0.02462   	-0.02743  	1.39993   	 (0.00000   )
354	-0.05218  	0.00850   	-0.01937  	1.53277   	 (0.00000   )
355	0.00126   	0.02358   	-0.10756  	1.52841   	 (0.00000   )
356	-0.06095  	-0.01190  	0.05763   	1.51467   	 (0.00000   )
357	0.01592   	-0.19536  	-0.00766  	1.47723   	 (-0.00000  )
358	0.01845   	-0.03648  	0.01769   	1.42264   	 (-0.00000  )
359	-0.07215  	0.05460   	-0.10168  	1.60309   	 (-0.00000  )
360	-0.02772  	-0.05768  	0.07721   	1.58195   	 (0.00000   )
361	-0.00918  	-0.01520  	0.00411   	1.54663   	 (-0.00000  )
362	-0.04411  	0.11529   	0.07677   	1.66063   	 (0.00000   )
363	0.18258   	0.01240   	-0.01734  	1.52913   	 (-0.00000  )
364	0.03236   	-0.10356  	0.05363   	1.52604   	 (-0.00000  )
365	-0.13940  	0.12676   	-0.02492  	1.53395   	 (0.00000   )
366	0.14404   	-0.05075  	-0.01899  	1.57160   	 (0.00000   )
367	-0.00888  	0.02957   	0.05107   	1.36281   	 (-0.00000  )
368	-0.20204  	0.09932   	0.07620   	1.43651   	 (-0.00000  )
369	0.14305   	-0.10213  	0.01387   	1.47684   	 (-0.00000  )
370	-0.05709  	-0.03965  	0.06548   	1.48962   	 (0.00000   )
371	0.02021   	-0.01676  	-0.12975  	1.50027   	 (0.00000   )
372	0.12134   	0.00575   	0.01502   	1.57349   	 (-0.00000  )
373	-0.03556  	-0.02952  	-0.01143  	1.52709   	 (0.00000   )
374	-0.04233  	0.00546   	-0.03018  	1.49968   	 (-0.00000  )
375	0.01604   	-0.03961  	-0.09030  	1.47776   	 (0.00000   )
376	-0.08295  	0.04048   	0.04374   	1.51467   	 (0.00000   )
377	-0.00486  	0.01039   	-0.00445  	1.51832   	 (0.00000   )
378	0.04603   	-0.00321  	0.03337   	1.45382   	 (-0.00000  )
379	0.02109   	0.02275   	0.05254   	1.42460   	 (-0.00000  )
380	-0.03112  	-0.01692  	0.00184   	1.54349   	 (0.00000   )
381	0.05724   	-0.00557  	-0.00087  	1.54930   	 (0.00000   )
382	0.02092   	-0.05483  	-0.01569  	1.48015   	 (-0.00000  )
383	0.00999   	0.06147   	-0.03250  	1.44243   	 (0.00000   )
384	-0.08458  	0.07515   	0.00288   	1.51692   	 (-0.00000  )
385	0.01451   	-0.10008  	0.09797   	1.47829   	 (-0.00000  )
386	0.08605   	-0.01341  	-0.12393  	1.50116   	 (0.00000   )
387	-0.02249  	0.02053   	0.07017   	1.54671   	 (-0.00000  )
388	0.01011   	0.03384   	-0.05554  	1.53799   	 (0.00000   )
389	-0.05884  	0.03986   	0.02949   	1.51906   	 (-0.00000  )
390	0.05619   	-0.02158  	-0.06170  	1.45092   	 (-0.00000  )
391	-0.10142  	-0.01701  	-0.05944  	1.57214   	 (-0.00000  )
392	-0.01881  	0.08499   	0.05205   	1.48225   	 (0.00000   )
393	0.02530   	-0.04464  	0.02173   	1.48386   	 (0.00000   )
394	0.01355   	-0.01874  	0.02086   	1.47274   	 (-0.00000  )
395	-0.02912  	-0.00830  	0.03932   	1.55521   	 (0.00000   )
396	-0.01135  	-0.05469  	0.01044   	1.46688   	 (0.00000   )
397	0.00038   	0.04723   	-0.03892  	1.45811   	 (0.00000   )
398	0.00359   	0.04485   	-0.03894  	1.58830   	 (-0.00000  )
399	-0.00009  	-0.00563  	0.04681   	1.53578   	 (-0.00000  )
400	0.07076   	0.01837   	0.02287   	1.44116   	 (-0.00000  )
401	0.03921   	0.03193   	-0.00164  	1.47970   	 (0.00000   )
402	-0.00313  	0.01701   	-0.12463  	1.51881   	 (-0.00000  )
403	-0.02251  	-0.05326  	0.00947   	1.44900   	 (0.00000   )
404	-0.04738  	0.05498   	0.01775   	1.44481   	 (0.00000   )
405	-0.01354  	-0.11458  	0.05785   	1.42733   	 (-0.00000  )
406	0.08605   	0.01609   	0.02134   	1.46881   	 (0.00000   )
407	-0.17410  	0.05656   	-0.00390  	1.50847   	 (0.00000   )
408	0.10622   	-0.15159  	-0.03581  	1.44658   	 (0.00000   )
409	0.01960   	0.05109   	-0.07578  	1.52536   	 (0.00000   )
410	0.04939   	0.03367   	0.08455   	1.49865   	 (-0.00000  )
411	-0.05057  	0.03013   	-0.01659  	1.48070   	 (0.00000   )
412	-0.01167  	-0.10608  	0.01878   	1.49300   	 (0.00000   )
413	0.10098   	-0.11986  	0.11072   	1.47065   	 (-0.00000  )
414	-0.15284  	0.04045   	-0.00373  	1.45712   	 (-0.00000  )
415	0.02725   	0.11983   	-0.14425  	1.56580   	 (0.00000   )
416	0.04748   	-0.02125  	-0.03513  	1.46096   	 (-0.00000  )
417	0.05603   	-0.01646  	-0.02998  	1.52344   	 (-0.00000  )
418	-0.02377  	-0.01498  	0.19745   	1.49534   	 (-0.00000  )
419	-0.00779  	-0.01236  	-0.01708  	1.45953   	 (-0.00000  )
420	-0.05773  	0.08608   	0.16747   	1.54295   	 (0.00000   )
421	-0.01096  	-0.04706  	-0.01287  	1.45134   	 (-0.00000  )
422	-0.04984  	-0.02487  	-0.22072  	1.46065   	 (0.00000   )
423	0.05357   	0.03690   	0.01965   	1.51303   	 (0.00000   )
424	0.04849   	0.00215   	0.02713   	1.48788   	 (-0.00000  )
425	-0.04107  	0.08537   	0.00065   	1.46478   	 (-0.00000  )
426	-0.04233  	0.01882   	0.02889   	1.45336   	 (-0.00000  )
427	0.09728   	-0.05750  	-0.15748  	1.46638   	 (0.00000   )
428	-0.06145  	-0.06332  	0.02956   	1.47443   	 (-0.00000  )
429	-0.04436  	0.00988   	-0.05510  	1.55812   	 (-0.00000  )
430	0.13098   	0.00700   	0.10608   	1.43019   	 (-0.00000  )
431	-0.09231  	0.05333   	-0.02672  	1.44284   	 (-0.00000  )
432	0.10451   	-0.01980  	0.07448   	1.45104   	 (-0.00000  )
433	-0.08965  	0.02064   	0.03505   	1.52207   	 (-0.00000  )
434	0.00748   	-0.11209  	-0.09274  	1.54199   	 (0.00000   )
435	-0.10150  	-0.03199  	0.04283   	1.51129   	 (0.00000   )
436	-0.01445  	-0.04315  	-0.11668  	1.50220   	 (0.00000   )
437	-0.00927  	0.14007   	0.03144   	1.52239   	 (0.00000   )
438	-0.04142  	0.04434   	0.01948   	1.56646   	 (-0.00000  )
439	0.05221   	0.09111   	0.07104   	1.48062   	 (0.00000   )
440	0.07362   	0.00928   	-0.15124  	1.49223   	 (0.00000   )
441	0.01984   	-0.03871  	0.15859   	1.51123   	 (-0.00000  )
442	0.06070   	-0.12376  	-0.05293  	1.46971   	 (0.00000   )
443	0.08132   	0.14340   	0.07455   	1.50818   	 (-0.00000  )
444	-0.08658  	-0.06761  	0.01684   	1.48539   	 (-0.00000  )
445	0.00451   	-0.10408  	0.05416   	1.50612   	 (-0.00000  )
446	-0.06594  	0.17153   	-0.06245  	1.46217   	 (-0.00000  )
447	-0.01430  	-0.01462  	0.02071   	1.49184   	 (-0.00000  )
448	0.04201   	0.08590   	0.08988   	1.48351   	 (0.00000   )
449	0.00352   	0.00685   	-0.06100  	1.50403   	 (0.00000   )
450	-0.08184  	-0.07931  	-0.06353  	1.51003   	 (0.00000   )
451	0.08208   	-0.14010  	0.01987   	1.51084   	 (0.00000   )
452	-0.08078  	-0.03035  	0.05013   	1.44175   	 (-0.00000  )
453	-0.02683  	0.05398   	-0.02462  	1.54831   	 (-0.00000  )
454	-0.17028  	0.14346   	-0.18203  	1.47248   	 (-0.00000  )
455	0.14276   	-0.01993  	0.10645   	1.50239   	 (-0.00000  )
456	0.06528   	0.02412   	0.13732   	1.48773   	 (0.00000   )
457	0.07089   	-0.10214  	0.01299   	1.53475   	 (-0.00000  )
458	0.12968   	0.05490   	-0.12884  	1.47382   	 (0.00000   )
459	-0.20222  	0.12419   	-0.08284  	1.48960   	 (0.00000   )
460	-0.01266  	-0.14502  	-0.00569  	1.47954   	 (0.00000   )
461	0.19194   	-0.08552  	-0.01720  	1.47997   	 (0.00000   )
462	-0.04939  	-0.03543  	0.05495   	1.41271   	 (-0.00000  )
463	0.02483   	-0.05873  	0.01659   	1.47086   	 (0.00000   )
464	0.00446   	0.13375   	0.02024   	1.53728   	 (0.00000   )
465	-0.10132  	-0.05917  	0.01922   	1.49635   	 (0.00000   )
466	0.01549   	0.08850   	0.13147   	1.50994   	 (0.00000   )
467	0.00597   	0.09014   	-0.22052  	1.43810   	 (0.00000   )
468	-0.00928  	0.07102   	0.03037   	1.58287   	 (-0.00000  )
469	0.11919   	0.00289   	0.14116   	1.53483   	 (0.00000   )
470	0.03108   	-0.18306  	-0.02051  	1.49201   	 (-0.00000  )
471	-0.16926  	0.06939   	0.06215   	1.56810   	 (0.00000   )
472	0.12418   	-0.05070  	-0.02097  	1.56325   	 (0.00000   )
473	-0.15352  	0.12033   	-0.02303  	1.47770   	 (0.00000   )
474	0.02489   	-0.07647  	-0.10628  	1.57668   	 (0.00000   )
475	0.05226   	-0.04911  	-0.14827  	1.48623   	 (0.00000   )
476	-0.15259  	-0.03311  	0.06173   	1.56109   	 (-0.00000  )
477	0.18427   	-0.01098  	0.14372   	1.61619   	 (0.00000   )
478	0.01126   	-0.03451  	0.10607   	1.61598   	 (0.00000   )
479	0.13005   	0.16715   	-0.07678  	1.54165   	 (-0.00000  )
480	-0.17339  	-0.01152  	-0.06336  	1.50144   	 (-0.00000  )
481	0.01021   	0.01314   	0.04254   	1.37480   	 (-0.00000  )
482	-0.03322  	0.06767   	-0.04499  	1.28934   	 (-0.00000  )
483	0.07013   	-0.10445  	-0.02068  	1.34406   	 (-0.00000  )
484	-0.09123  	-0.00607  	-0.04050  	1.47071   	 (-0.00000  )
485	-0.01220  	0.15620   	-0.00138  	1.47924   	 (0.00000   )
486	-0.06548  	0.06359   	-0.09150  	1.43918   	 (-0.00000  )
487	0.10253   	0.03246   	0.02322   	1.49274   	 (-0.00000  )
488	-0.05250  	-0.17941  	0.22032   	1.47110   	 (0.00000   )
489	-0.00957  	-0.09259  	-0.11097  	1.48415   	 (0.00000   )
490	0.05587   	-0.23951  	0.10782   	1.48531   	 (-0.00000  )
491	-0.06427  	0.19141   	-0.16025  	1.46686   	 (-0.00000  )
492	-0.03844  	0.24681   	-0.23971  	1.50615   	 (-0.00000  )
493	0.11881   	-0.03180  	0.32721   	1.50403   	 (0.00000   )
494	-0.12148  	-0.18052  	-0.00515  	1.48760   	 (-0.00000  )
495	-0.03850  	0.05295   	0.03426   	1.51831   	 (-0.00000  )
496	0.11483   	0.04113   	-0.02071  	1.47927   	 (-0.00000  )
497	0.28976   	-0.13926  	0.07029   	1.49615   	 (-0.00000  )
498	-0.02483  	0.07642   	0.07863   	1.52147   	 (0.00000   )
499	-0.22687  	0.03622   	-0.09846  	1.52795   	 (-0.00000  )
500	-0.08767  	0.01078   	-0.03623  	1.49334   	 (0.00000   )
501	0.05808   	-0.03760  	0.00052   	1.49046   	 (0.00000   )
502	-0.22922  	0.00052   	-0.06467  	1.47600   	 (0.00000   )
503	0.19583   	0.02389   	0.05132   	1.47742   	 (0.00000   )
504	0.08556   	-0.02205  	0.05915   	1.50775   	 (0.00000   )
505	-0.06762  	0.00413   	-0.06286  	1.54211   	 (0.00000   )
506	-0.00862  	-0.00508  	-0.00032  	1.47061   	 (0.00000   )
507	-0.01428  	-0.00336  	-0.01556  	1.46241   	 (0.00000   )
508	0.02495   	0.00813   	0.09729   	1.50692   	 (-0.00000  )
509	-0.02051  	-0.00881  	0.02539   	1.48238   	 (0.00000   )
510	-0.01566  	0.06861   	-0.05641  	1.50978   	 (0.00000   )
511	0.01667   	-0.03258  	-0.04763  	1.51508   	 (-0.00000  )
512	0.04763   	0.01474   	0.01441   	1.51126   	 (0.00000   )
513	-0.04605  	0.13109   	0.01151   	1.52124   	 (-0.00000  )
514	-0.03370  	-0.16616  	0.03608   	1.48270   	 (-0.00000  )
515	-0.05795  	0.02611   	-0.12537  	1.53537   	 (0.00000   )
516	0.00392   	-0.03033  	0.05085   	1.58591   	 (-0.00000  )
517	-0.00426  	0.01774   	-0.03253  	1.66624   	 (0.00000   )
518	0.00093   	0.05785   	-0.08374  	1.56247   	 (-0.00000  )
519	0.06247   	-0.03076  	0.07986   	1.45918   	 (-0.00000  )
520	0.04758   	0.04656   	0.00369   	1.57106   	 (-0.00000  )
521	-0.00081  	-0.00462  	-0.03397  	1.41916   	 (0.00000   )
522	0.03060   	-0.06520  	-0.03229  	1.51767   	 (0.00000   )
523	-0.05571  	0.05756   	0.07039   	1.45759   	 (0.00000   )
524	-0.07886  	-0.06374  	0.13942   	1.51388   	 (0.00000   )
525	0.07935   	0.04807   	0.05878   	1.42923   	 (0.00000   )
526	-0.01432  	-0.03784  	-0.00753  	1.57163   	 (-0.00000  )
527	0.08465   	-0.03499  	-0.05024  	1.58570   	 (0.00000   )
528	0.07427   	0.03458   	-0.05280  	1.55872   	 (-0.00000  )
529	-0.07638  	-0.04568  	-0.04647  	1.51786   	 (-0.00000  )
530	-0.03312  	0.06048   	-0.01942  	1.54746   	 (0.00000   )
531	0.00346   	-0.00294  	-0.01240  	1.53170   	 (0.00000   )
532	-0.00858  	-0.01656  	0.01881   	1.46149   	 (-0.00000  )
533	-0.02956  	0.03089   	-0.01210  	1.64623   	 (0.00000   )
534	0.00016   	-0.02541  	-0.00434  	1.47726   	 (0.00000   )
535	0.02426   	0.01666   	-0.00791  	1.53459   	 (0.00000   )
536	0.02591   	-0.03485  	0.00475   	1.64284   	 (0.00000   )
537	-0.01074  	0.00815   	0.01837   	1.37438   	 (-0.00000  )
538	-0.00661  	-0.00297  	0.02460   	1.27178   	 (-0.00000  )
539	-0.02843  	0.00366   	-0.01828  	1.36710   	 (-0.00000  )
540	0.07491   	-0.06434  	0.03635   	1.44911   	 (0.00000   )
541	-0.02207  	0.09448   	-0.00126  	1.49311   	 (-0.00000  )
542	-0.02275  	-0.00616  	-0.01358  	1.39622   	 (-0.00000  )
543	-0.00575  	0.00017   	-0.00061  	1.60999   	 (-0.00000  )
544	-0.00212  	0.01412   	-0.00218  	1.47314   	 (-0.00000  )
545	-0.00365  	-0.06259  	-0.04563  	1.46340   	 (0.00000   )
546	-0.00080  	0.01525   	0.04236   	1.56422   	 (0.00000   )
547	0.01922   	-0.02437  	-0.04246  	1.60431   	 (0.00000   )
548	-0.00607  	-0.00625  	-0.02283  	1.46365   	 (0.00000   )
549	0.00501   	0.01070   	0.00280   	1.57448   	 (-0.00000  )
550	-0.03727  	0.00943   	-0.01596  	1.46840   	 (0.00000   )
551	0.06650   	-0.08024  	0.06829   	1.54184   	 (-0.00000  )
552	-0.03500  	0.09592   	-0.08451  	1.56109   	 (0.00000   )
553	0.02023   	-0.01563  	-0.02632  	1.54287   	 (0.00000   )
554	0.02839   	0.02573   	0.02906   	1.64657   	 (0.00000   )
555	-0.01937  	0.01708   	0.03227   	1.51210   	 (0.00000   )
556	0.04054   	-0.04215  	0.00892   	1.54687   	 (0.00000   )
557	-0.03063  	0.02556   	0.06797   	1.51078   	 (0.00000   )
558	-0.08066  	-0.01318  	0.07488   	1.24017   	 (-0.00000  )
559	0.00719   	0.02956   	-0.00787  	1.41667   	 (0.00000   )
560	0.01826   	-0.00996  	-0.00805  	1.41281   	 (0.00000   )
561	0.03670   	0.08202   	0.03227   	1.56078   	 (-0.00000  )
562	-0.02707  	-0.07771  	-0.02658  	1.49376   	 (-0.00000  )
563	-0.01523  	-0.01880  	-0.07159  	1.31270   	 (-0.00000  )
564	-0.00462  	0.00777   	-0.00829  	1.44959   	 (0.00000   )
565	-0.00985  	-0.01166  	-0.01780  	1.54643   	 (-0.00000  )
566	0.00709   	-0.00549  	0.00468   	1.62614   	 (-0.00000  )
567	0.20085   	-0.07346  	0.01902   	1.53021   	 (0.00000   )
568	-0.16264  	0.20357   	-0.03692  	1.54029   	 (-0.00000  )
569	-0.00080  	-0.13768  	0.08392   	1.44007   	 (0.00000   )
570	-0.13771  	-0.04326  	-0.02649  	1.44529   	 (0.00000   )
571	0.07168   	0.01099   	-0.06639  	1.50610   	 (-0.00000  )
572	0.08325   	0.07184   	0.03906   	1.46885   	 (0.00000   )
573	-0.04194  	0.10975   	0.10855   	1.64321   	 (-0.00000  )
574	0.03472   	-0.16199  	-0.09056  	1.57190   	 (-0.00000  )
575	0.02502   	-0.01716  	-0.03775  	1.59749   	 (-0.00000  )
576	-0.08660  	0.03170   	0.06947   	1.64932   	 (-0.00000  )
577	0.00213   	0.01225   	-0.03259  	1.30825   	 (-0.00000  )
578	-0.05205  	0.02564   	-0.04516  	1.50153   	 (0.00000   )
579	0.08272   	0.04574   	0.00620   	1.51621   	 (-0.00000  )
580	-0.05221  	0.00938   	0.01477   	1.44447   	 (0.00000   )
581	0.02805   	-0.05307  	-0.02788  	1.37070   	 (0.00000   )
582	0.01233   	-0.01749  	0.03506   	1.38475   	 (0.00000   )
583	0.07036   	0.06375   	0.01051   	1.30137   	 (0.00000   )
584	-0.03195  	-0.09115  	0.00049   	1.73667   	 (0.00000   )
585	-0.00061  	0.02859   	-0.00975  	1.60997   	 (0.00000   )
586	0.00411   	-0.02253  	-0.00298  	1.63243   	 (-0.00000  )
587	-0.04337  	0.06401   	0.00770   	1.57605   	 (0.00000   )
588	0.00215   	-0.00729  	0.02953   	1.67286   	 (0.00000   )
589	0.02819   	0.01955   	0.01809   	1.57923   	 (-0.00000  )
590	0.04927   	-0.03283  	-0.07669  	1.55773   	 (0.00000   )
591	-0.05302  	-0.02906  	0.04192   	1.36397   	 (0.00000   )
592	-0.02113  	0.00720   	0.00550   	1.37478   	 (-0.00000  )
593	-0.01094  	0.05933   	-0.01160  	1.29426   	 (0.00000   )
594	0.00181   	0.02181   	0.01562   	1.31805   	 (-0.00000  )
595	0.00119   	0.00569   	0.01165   	1.66136   	 (-0.00000  )
596	0.00133   	0.06653   	-0.01997  	1.41369   	 (0.00000   )
597	0.02895   	-0.06928  	0.03343   	1.37908   	 (0.00000   )
598	-0.01893  	0.25630   	0.09099   	1.60330   	 (0.00000   )
599	-0.03665  	-0.19814  	0.02326   	1.45640   	 (-0.00000  )
600	-0.05240  	0.13952   	0.04374   	1.47501   	 (0.00000   )
601	0.20722   	-0.06771  	-0.07537  	1.49857   	 (0.00000   )
602	-0.16990  	0.01910   	0.06544   	1.53035   	 (-0.00000  )
603	0.17046   	-0.03356  	-0.16231  	1.55781   	 (-0.00000  )
604	-0.19931  	0.00078   	-0.10370  	1.50506   	 (-0.00000  )
605	0.10018   	-0.11091  	0.01288   	1.40299   	 (-0.00000  )
606	0.01738   	-0.02149  	0.02184   	1.52852   	 (0.00000   )
607	-0.03537  	0.01608   	0.00628   	1.64658   	 (0.00000   )
608	-0.01080  	0.01248   	0.05452   	1.50363   	 (-0.00000  )
609	0.05648   	0.02595   	0.03870   	1.55921   	 (-0.00000  )
610	-0.20222  	-0.03259  	-0.07417  	1.39744   	 (-0.00000  )
611	0.14039   	0.00944   	-0.04436  	1.42758   	 (0.00000   )
612	-0.05331  	-0.07256  	-0.22070  	1.33147   	 (-0.00000  )
613	0.11405   	-0.08463  	0.20641   	1.43653   	 (0.00000   )
614	0.15359   	-0.05515  	-0.07031  	1.38955   	 (-0.00000  )
615	-0.21559  	0.08523   	0.13713   	1.40136   	 (-0.00000  )
616	0.13693   	0.11739   	0.00120   	1.54911   	 (-0.00000  )
617	-0.18083  	-0.06908  	-0.05167  	1.52787   	 (0.00000   )
618	0.03358   	-0.06520  	0.04853   	1.48178   	 (0.00000   )
619	0.01487   	0.00785   	0.01345   	1.43765   	 (0.00000   )
620	0.00135   	-0.15323  	0.02126   	1.66341   	 (0.00000   )
621	-0.02068  	0.12248   	0.07801   	1.58746   	 (-0.00000  )
622	-0.04575  	-0.00558  	-0.00243  	1.59402   	 (-0.00000  )
623	0.01895   	0.10317   	-0.17890  	1.50605   	 (0.00000   )
624	0.18207   	-0.11364  	0.10315   	1.49384   	 (0.00000   )
625	-0.13765  	0.04911   	0.01625   	1.50029   	 (-0.00000  )
626	-0.03494  	-0.02899  	-0.04040  	1.42971   	 (-0.00000  )
627	0.01540   	-0.01173  	-0.02540  	1.59558   	 (0.00000   )
628	0.03023   	0.05492   	0.06114   	1.45742   	 (-0.00000  )
629	0.07398   	-0.05837  	-0.05765  	1.47202   	 (-0.00000  )
630	0.00214   	0.02296   	0.00461   	1.56884   	 (-0.00000  )
631	-0.03718  	0.02860   	0.00810   	1.55347   	 (-0.00000  )
632	-0.08445  	0.01928   	0.03003   	1.45374   	 (-0.00000  )
633	0.07060   	-0.01532  	-0.01056  	1.43180   	 (0.00000   )
634	0.04147   	-0.05131  	0.00935   	1.46979   	 (0.00000   )
635	0.00190   	0.03258   	-0.00222  	1.56162   	 (0.00000   )
636	-0.04627  	0.06516   	-0.00624  	1.50981   	 (0.00000   )
637	0.03594   	-0.00547  	-0.00366  	1.56121   	 (0.00000   )
638	-0.09122  	0.00263   	-0.01570  	1.70128   	 (-0.00000  )
639	0.04379   	-0.03638  	-0.00383  	1.49666   	 (0.00000   )
640	0.00469   	0.00607   	-0.04120  	1.63633   	 (0.00000   )
641	-0.03366  	0.12709   	-0.00697  	1.50697   	 (0.00000   )
642	0.03342   	-0.02453  	0.07184   	1.36558   	 (-0.00000  )
643	0.09376   	-0.15868  	0.07954   	1.49464   	 (-0.00000  )
644	-0.07394  	0.03934   	-0.05135  	1.39736   	 (0.00000   )
645	-0.02584  	0.03356   	-0.00046  	1.34683   	 (0.00000   )
646	-0.03977  	-0.04839  	0.06369   	1.48674   	 (0.00000   )
647	0.02537   	-0.16909  	-0.05379  	1.72456   	 (0.00000   )
648	-0.11165  	0.18439   	0.14125   	1.65826   	 (-0.00000  )
649	-0.01042  	0.00519   	0.05767   	1.60125   	 (0.00000   )
650	-0.03252  	0.07100   	-0.01990  	1.43754   	 (-0.00000  )
651	0.11198   	-0.05130  	0.15657   	1.58716   	 (0.00000   )
652	-0.09671  	-0.09565  	-0.00322  	1.50187   	 (0.00000   )
653	0.16478   	0.13379   	-0.15127  	1.47595   	 (-0.00000  )
654	0.19866   	-0.06481  	-0.01315  	1.53973   	 (0.00000   )
655	-0.00466  	0.03116   	-0.24830  	1.43918   	 (-0.00000  )
656	-0.10375  	0.04754   	0.00239   	1.46284   	 (-0.00000  )
657	-0.17673  	0.15258   	0.09442   	1.47894   	 (-0.00000  )
658	-0.00294  	0.03059   	0.04090   	1.30495   	 (-0.00000  )
659	0.01483   	-0.02915  	-0.05046  	1.44403   	 (-0.00000  )
660	-0.01561  	-0.08788  	0.03914   	1.54694   	 (0.00000   )
661	0.09466   	-0.07368  	-0.03514  	1.47137   	 (0.00000   )
662	0.01281   	-0.00596  	-0.02432  	1.47002   	 (-0.00000  )
663	0.13771   	-0.16681  	-0.06879  	1.47774   	 (-0.00000  )
664	0.00457   	0.04475   	-0.03039  	1.42964   	 (-0.00000  )
665	-0.06149  	-0.02793  	0.03838   	1.56859   	 (0.00000   )
666	-0.06578  	-0.03067  	-0.08948  	1.47320   	 (0.00000   )
667	-0.12602  	0.14689   	0.05200   	1.47694   	 (0.00000   )
668	-0.11277  	-0.00355  	0.07509   	1.47801   	 (0.00000   )
669	0.15869   	-0.02128  	-0.05172  	1.49863   	 (-0.00000  )
670	0.08056   	-0.18526  	-0.14153  	1.72463   	 (0.00000   )
671	-0.03004  	0.05487   	0.05399   	1.51458   	 (-0.00000  )
672	-0.00126  	-0.02082  	-0.02325  	1.71910   	 (-0.00000  )
673	0.00599   	-0.00013  	0.00312   	1.70604   	 (-0.00000  )
674	0.01835   	0.18855   	0.13894   	1.71678   	 (0.00000   )
675	-0.01497  	0.02309   	-0.02040  	1.29025   	 (0.00000   )
676	-0.05088  	0.07427   	0.10700   	1.36609   	 (-0.00000  )
677	-0.02217  	0.04075   	0.05300   	1.33911   	 (-0.00000  )
678	-0.04662  	0.02439   	0.02941   	1.39720   	 (-0.00000  )
679	0.11758   	-0.05476  	0.07471   	1.36772   	 (0.00000   )
680	0.00662   	0.01616   	-0.05212  	1.34046   	 (-0.00000  )
681	-0.09954  	-0.03335  	-0.18777  	1.36843   	 (-0.00000  )
682	-0.06431  	0.01128   	-0.00318  	1.35137   	 (0.00000   )
683	0.09667   	-0.10715  	0.04933   	1.56381   	 (0.00000   )
684	0.05078   	-0.25886  	-0.03527  	1.58935   	 (0.00000   )
685	0.11385   	0.17115   	0.00320   	1.47072   	 (-0.00000  )
686	-0.26181  	0.11210   	0.01102   	1.40009   	 (0.00000   )
687	0.08638   	0.11375   	0.09614   	1.46749   	 (-0.00000  )
688	-0.06445  	-0.15235  	0.09708   	1.64654   	 (-0.00000  )
689	0.18675   	0.01442   	-0.26880  	1.61207   	 (-0.00000  )
690	-0.10857  	0.10486   	0.02691   	1.62892   	 (0.00000   )
691	-0.16042  	0.07342   	-0.11161  	1.36491   	 (0.00000   )
692	0.22668   	-0.03166  	0.05336   	1.60840   	 (-0.00000  )
693	0.03369   	-0.03155  	0.17262   	1.44392   	 (0.00000   )
694	-0.25218  	-0.10571  	-0.14304  	1.62623   	 (0.00000   )
695	0.08660   	0.10519   	0.03977   	1.39383   	 (0.00000   )
696	-0.06079  	-0.03367  	-0.01728  	1.38025   	 (-0.00000  )
697	0.18973   	-0.16404  	0.09942   	1.39778   	 (-0.00000  )
698	-0.01668  	-0.07136  	-0.31664  	1.46822   	 (-0.00000  )
699	-0.02203  	0.18038   	0.29326   	1.49795   	 (-0.00000  )
700	-0.14054  	-0.07372  	-0.15765  	1.53563   	 (-0.00000  )
701	0.00233   	0.15503   	0.09966   	1.50302   	 (-0.00000  )
702	-0.10291  	0.01753   	0.01454   	1.59373   	 (0.00000   )
703	0.01862   	-0.14243  	0.14150   	1.53424   	 (0.00000   )
704	0.13076   	-0.06632  	-0.02202  	1.57555   	 (-0.00000  )
705	0.10292   	-0.13214  	0.17158   	1.51957   	 (-0.00000  )
706	-0.02236  	0.02354   	-0.07220  	1.51969   	 (0.00000   )
707	-0.08827  	-0.05006  	-0.07035  	1.45913   	 (-0.00000  )
708	0.10055   	-0.01239  	-0.10660  	1.48429   	 (0.00000   )
709	0.08794   	-0.05145  	-0.05940  	1.41804   	 (0.00000   )
710	-0.03592  	-0.06996  	0.16774   	1.46173   	 (0.00000   )
711	-0.20322  	0.13573   	-0.00212  	1.45889   	 (-0.00000  )
712	-0.06830  	0.08717   	0.05361   	1.49792   	 (-0.00000  )
713	0.12729   	-0.16340  	0.04289   	1.51620   	 (0.00000   )
714	0.07632   	0.04614   	-0.12428  	1.56285   	 (0.00000   )
715	0.01097   	0.14410   	-0.02205  	1.44586   	 (-0.00000  )
716	0.12538   	-0.07077  	0.01331   	1.43720   	 (-0.00000  )
717	-0.09000  	-0.01181  	-0.04581  	1.55197   	 (0.00000   )
718	-0.07041  	-0.04871  	-0.03717  	1.47278   	 (0.00000   )
719	0.01590   	0.05365   	0.00826   	1.46118   	 (-0.00000  )
720	0.12185   	0.02016   	0.05091   	1.55418   	 (0.00000   )
721	-0.16059  	0.05325   	-0.05342  	1.44893   	 (-0.00000  )
722	-0.28134  	0.03822   	0.11890   	1.49845   	 (-0.00000  )
723	0.23866   	-0.15410  	-0.05757  	1.47851   	 (0.00000   )
724	-0.28916  	0.01824   	-0.12000  	1.50820   	 (-0.00000  )
725	0.18789   	-0.08578  	0.17406   	1.53162   	 (-0.00000  )
726	-0.16529  	0.03616   	0.06121   	1.52957   	 (-0.00000  )
727	0.16134   	-0.01944  	-0.01913  	1.50879   	 (-0.00000  )
728	0.14475   	-0.13241  	-0.00242  	1.51692   	 (0.00000   )
729	-0.19584  	0.09578   	0.01535   	1.43921   	 (0.00000   )
730	-0.23874  	0.08561   	-0.02954  	1.52061   	 (-0.00000  )
731	0.28149   	-0.13835  	0.00489   	1.57551   	 (-0.00000  )
732	-0.22966  	0.13580   	-0.03775  	1.48827   	 (-0.00000  )
733	0.22160   	0.04374   	-0.19870  	1.57961   	 (-0.00000  )
734	0.01769   	-0.24780  	0.11875   	1.53612   	 (0.00000   )
735	0.08489   	0.00490   	0.14178   	1.55463   	 (0.00000   )
736	-0.11905  	-0.00514  	-0.01754  	1.54449   	 (0.00000   )
737	0.03259   	0.12905   	-0.03528  	1.53614   	 (0.00000   )
738	0.09911   	-0.10687  	-0.16119  	1.43017   	 (0.00000   )
739	-0.08705  	0.01134   	0.08535   	1.52789   	 (0.00000   )
740	0.02030   	-0.12448  	0.03014   	1.49392   	 (-0.00000  )
741	-0.02018  	0.15666   	0.08114   	1.53321   	 (0.00000   )
742	-0.11457  	0.11974   	-0.27612  	1.54333   	 (0.00000   )
743	0.04582   	-0.18787  	-0.05674  	1.50705   	 (0.00000   )
744	-0.03390  	0.08113   	0.17873   	1.55563   	 (-0.00000  )
745	0.11700   	-0.14675  	0.04239   	1.47236   	 (0.00000   )
746	-0.06443  	-0.09375  	0.13418   	1.47514   	 (0.00000   )
747	0.10216   	-0.10036  	-0.04193  	1.39573   	 (-0.00000  )
748	0.16813   	0.07316   	-0.03300  	1.53189   	 (0.00000   )
749	0.00340   	0.04687   	0.12410   	1.50385   	 (-0.00000  )
750	0.12100   	-0.04343  	-0.01075  	1.47455   	 (0.00000   )
751	0.00630   	0.06103   	-0.02465  	1.41620   	 (0.00000   )
752	-0.04665  	-0.02702  	-0.06751  	1.50573   	 (-0.00000  )
753	0.05764   	-0.00715  	-0.04868  	1.44923   	 (-0.00000  )
754	-0.10353  	-0.04351  	0.05377   	1.49761   	 (0.00000   )
755	-0.19600  	0.14148   	0.04143   	1.51839   	 (0.00000   )
756	-0.00396  	-0.05506  	0.11007   	1.53541   	 (-0.00000  )
757	0.05502   	0.04129   	-0.07007  	1.50481   	 (-0.00000  )
758	-0.02290  	-0.02130  	-0.03966  	1.52696   	 (-0.00000  )
759	0.00182   	0.02530   	0.01307   	1.49138   	 (-0.00000  )
760	-0.23468  	0.02505   	0.00237   	1.56529   	 (-0.00000  )
761	0.00266   	-0.02386  	0.01003   	1.56264   	 (0.00000   )
762	0.30918   	-0.08602  	-0.05850  	1.52341   	 (-0.00000  )
763	0.09849   	0.19511   	-0.01896  	1.49719   	 (0.00000   )
764	-0.31058  	0.10151   	0.00535   	1.50071   	 (-0.00000  )
765	0.04818   	-0.03439  	-0.05063  	1.52234   	 (0.00000   )
766	0.18345   	-0.06151  	0.16275   	1.48957   	 (-0.00000  )
767	-0.25553  	0.04439   	-0.06683  	1.52806   	 (-0.00000  )
768	-0.00518  	-0.16530  	-0.02695  	1.51627   	 (0.00000   )
769	0.08503   	-0.03080  	-0.06368  	1.45794   	 (-0.00000  )
770	0.11443   	-0.10547  	0.02763   	1.46916   	 (0.00000   )
771	0.09561   	0.06494   	0.06909   	1.53965   	 (0.00000   )
772	-0.08891  	0.14001   	0.11186   	1.50696   	 (0.00000   )
773	-0.03213  	0.03773   	0.12005   	1.54443   	 (-0.00000  )
774	-0.09232  	0.00767   	0.01048   	1.53860   	 (0.00000   )
775	-0.03213  	0.11062   	0.19817   	1.50063   	 (0.00000   )
776	-0.02309  	-0.10454  	-0.12596  	1.49988   	 (0.00000   )
777	-0.11634  	-0.04325  	-0.11170  	1.54513   	 (-0.00000  )
778	0.04149   	0.06845   	-0.03215  	1.46124   	 (0.00000   )
779	-0.14414  	-0.09039  	-0.08815  	1.51934   	 (-0.00000  )
780	0.32976   	-0.11054  	-0.00858  	1.54704   	 (-0.00000  )
781	-0.10339  	0.11762   	-0.07596  	1.53510   	 (-0.00000  )
782	0.05439   	0.16468   	0.13595   	1.49658   	 (-0.00000  )
783	-0.05748  	-0.01176  	0.03438   	1.52064   	 (-0.00000  )
784	-0.03407  	0.03165   	-0.04501  	1.50877   	 (0.00000   )
785	-0.08771  	0.14831   	0.02172   	1.48985   	 (0.00000   )
786	0.06876   	-0.18407  	0.00376   	1.46589   	 (-0.00000  )
787	0.03865   	-0.09451  	0.06714   	1.48857   	 (0.00000   )
788	0.04447   	-0.12937  	-0.00252  	1.53144   	 (0.00000   )
789	0.13265   	-0.21557  	0.05736   	1.47716   	 (0.00000   )
790	-0.12254  	0.15381   	-0.06960  	1.59483   	 (-0.00000  )
791	0.04787   	0.06378   	-0.06109  	1.53350   	 (-0.00000  )
792	-0.12032  	-0.08856  	-0.03020  	1.45584   	 (-0.00000  )
793	-0.05141  	0.07568   	-0.06963  	1.48142   	 (0.00000   )
794	0.03624   	0.08193   	0.10389   	1.50530   	 (0.00000   )
795	-0.07519  	0.11322   	0.05234   	1.48929   	 (0.00000   )
796	0.06322   	0.01404   	-0.09888  	1.47839   	 (-0.00000  )
797	0.04944   	-0.27261  	0.05798   	1.52330   	 (0.00000   )
798	0.01104   	0.18455   	-0.14466  	1.50569   	 (0.00000   )
799	-0.07924  	-0.02596  	0.10808   	1.50715   	 (0.00000   )
800	-0.02362  	0.00520   	0.07483   	1.48370   	 (-0.00000  )
801	0.00069   	0.01653   	0.11522   	1.45479   	 (0.00000   )
802	-0.21451  	0.03539   	-0.18223  	1.48353   	 (-0.00000  )
803	0.21020   	-0.04940  	0.00231   	1.52741   	 (-0.00000  )
804	0.21565   	0.06911   	0.06682   	1.50517   	 (0.00000   )
805	-0.04154  	-0.12864  	-0.02673  	1.55841   	 (0.00000   )
806	0.08722   	-0.15807  	0.08752   	1.51244   	 (0.00000   )
807	0.03179   	0.12091   	0.00489   	1.51887   	 (-0.00000  )
808	-0.19848  	0.03249   	0.02480   	1.52239   	 (0.00000   )
809	-0.06132  	0.09917   	-0.14985  	1.51975   	 (0.00000   )
810	-0.00582  	0.11223   	0.01726   	1.72064   	 (0.00000   )
811	0.06610   	0.06788   	-0.00032  	1.49969   	 (0.00000   )
812	0.10114   	-0.18310  	0.07936   	1.50555   	 (-0.00000  )
813	0.03709   	-0.04876  	-0.00183  	1.70085   	 (-0.00000  )
814	0.01027   	-0.04529  	-0.08926  	1.45926   	 (-0.00000  )
815	-0.06297  	0.04056   	-0.03870  	1.41837   	 (0.00000   )
816	-0.00446  	0.20788   	-0.08496  	1.44078   	 (-0.00000  )
817	-0.21423  	0.09253   	0.01936   	1.45757   	 (0.00000   )
818	0.05323   	-0.06321  	0.06426   	1.46642   	 (-0.00000  )
819	0.17675   	-0.10491  	0.12384   	1.48147   	 (0.00000   )
820	0.04839   	0.02025   	0.01994   	1.55514   	 (0.00000   )
821	0.00920   	-0.00752  	-0.02537  	1.17875   	 (0.00000   )
822	-0.05160  	-0.02915  	-0.01106  	1.38360   	 (0.00000   )
823	-0.07322  	0.00229   	-0.05187  	1.37486   	 (-0.00000  )
824	-0.03765  	0.11762   	-0.12969  	1.51717   	 (0.00000   )
825	0.03420   	0.15845   	0.05769   	1.51382   	 (-0.00000  )
826	-0.03818  	-0.15221  	0.18835   	1.48357   	 (-0.00000  )
827	0.02168   	-0.13224  	0.10098   	1.47747   	 (0.00000   )
828	0.07031   	0.08039   	-0.10794  	1.49206   	 (0.00000   )
829	0.04057   	0.14580   	-0.01210  	1.49948   	 (0.00000   )
830	-0.00390  	-0.13377  	-0.07849  	1.50110   	 (0.00000   )
831	0.02591   	-0.10230  	-0.15729  	1.49112   	 (0.00000   )
832	-0.22846  	0.10608   	0.08094   	1.48465   	 (0.00000   )
833	0.05775   	-0.19153  	0.16521   	1.50611   	 (-0.00000  )
834	0.12069   	0.03774   	-0.06078  	1.44201   	 (-0.00000  )
835	0.04436   	0.23023   	-0.01554  	1.52706   	 (-0.00000  )
836	0.02578   	-0.01660  	-0.14760  	1.52272   	 (-0.00000  )
837	-0.15361  	0.02880   	0.13382   	1.49233   	 (-0.00000  )
838	-0.00308  	0.00374   	-0.00469  	1.66452   	 (0.00000   )
839	-0.06853  	-0.04000  	0.02296   	1.61244   	 (0.00000   )
840	-0.00360  	0.04347   	-0.07535  	1.47879   	 (0.00000   )
841	-0.00389  	0.04238   	0.06736   	1.57862   	 (0.00000   )
842	0.03510   	-0.08976  	0.00818   	1.42024   	 (0.00000   )
843	0.00445   	0.00818   	0.01046   	1.43867   	 (-0.00000  )
844	-0.12146  	0.00158   	-0.02208  	1.51748   	 (0.00000   )
845	0.01108   	-0.02782  	0.00301   	1.48460   	 (-0.00000  )
846	0.10098   	-0.15208  	0.00630   	1.46796   	 (0.00000   )
847	-0.01518  	0.00195   	-0.00890  	1.23727   	 (0.00000   )
848	0.06183   	0.04518   	0.00892   	1.47408   	 (-0.00000  )
849	-0.04585  	-0.00614  	-0.03098  	1.49847   	 (-0.00000  )
850	0.17597   	-0.06793  	0.08774   	1.49588   	 (-0.00000  )
851	-0.12688  	0.07812   	-0.05138  	1.46374   	 (0.00000   )
852	-0.09980  	0.13791   	0.00699   	1.49629   	 (0.00000   )
853	0.11843   	-0.02694  	-0.04428  	1.50296   	 (0.00000   )
854	0.00689   	-0.03535  	-0.14214  	1.50041   	 (-0.00000  )
855	-0.22123  	0.06193   	0.12531   	1.47745   	 (0.00000   )
856	0.11729   	-0.00083  	0.04613   	1.49941   	 (0.00000   )
857	0.09921   	-0.03716  	0.01114   	1.56867   	 (-0.00000  )
858	0.14921   	-0.11253  	0.14053   	1.48914   	 (0.00000   )
859	-0.16202  	0.08522   	-0.17460  	1.48089   	 (-0.00000  )
860	0.00551   	-0.02679  	0.05657   	1.46767   	 (-0.00000  )
861	-0.01024  	-0.01584  	-0.01360  	1.46153   	 (0.00000   )
862	-0.01432  	0.01365   	-0.01051  	1.54189   	 (0.00000   )
863	0.00181   	-0.00357  	0.02876   	1.49703   	 (-0.00000  )
864	-0.07908  	-0.01697  	-0.03890  	1.47466   	 (-0.00000  )
865	0.09184   	0.05913   	-0.06130  	1.52390   	 (0.00000   )
866	-0.01973  	0.10269   	0.04669   	1.53326   	 (-0.00000  )
867	-0.00593  	-0.07726  	0.01978   	1.51493   	 (0.00000   )
868	-0.00530  	-0.06968  	-0.06052  	1.75855   	 (-0.00000  )
869	0.10349   	-0.11524  	0.05737   	1.51480   	 (-0.00000  )
870	-0.10986  	0.14618   	0.21554   	1.55023   	 (0.00000   )
871	0.03434   	-0.02195  	0.02301   	1.41606   	 (0.00000   )
872	-0.00806  	0.03569   	-0.26331  	1.50490   	 (0.00000   )
873	-0.01637  	0.02185   	-0.05139  	1.47551   	 (-0.00000  )
874	0.00330   	-0.00764  	0.00323   	1.48621   	 (0.00000   )
875	0.00389   	-0.00353  	0.07384   	1.20141   	 (0.00000   )
876	-0.04048  	0.04748   	-0.02915  	1.45867   	 (-0.00000  )
877	0.13655   	0.00888   	-0.00557  	1.47353   	 (0.00000   )
878	-0.06694  	-0.11451  	0.06377   	1.52825   	 (-0.00000  )
879	-0.03245  	0.04688   	-0.00559  	1.57228   	 (-0.00000  )
880	-0.07336  	-0.16520  	0.10716   	1.56748   	 (-0.00000  )
881	0.03259   	0.09634   	-0.03557  	1.74884   	 (-0.00000  )
882	-0.03215  	0.15528   	0.00680   	1.57737   	 (-0.00000  )
883	0.08052   	-0.06086  	-0.12474  	1.51932   	 (-0.00000  )
884	-0.02607  	0.05818   	0.00990   	1.51754   	 (0.00000   )
885	0.02752   	0.10168   	-0.03471  	1.71394   	 (0.00000   )
886	-0.07008  	0.06771   	0.00544   	1.44996   	 (0.00000   )
887	0.05344   	-0.20296  	0.00294   	1.44961   	 (-0.00000  )
888	0.00517   	-0.09375  	-0.02892  	1.30174   	 (0.00000   )
889	-0.02230  	-0.08453  	0.00964   	1.43587   	 (0.00000   )
890	0.09867   	0.12296   	0.02775   	1.45616   	 (-0.00000  )
891	0.04086   	-0.04824  	-0.03355  	1.66940   	 (0.00000   )
892	-0.07013  	0.03148   	0.01297   	1.65726   	 (0.00000   )
893	-0.01619  	0.00093   	0.00689   	1.76206   	 (-0.00000  )
894	-0.01175  	-0.00814  	0.00122   	1.26322   	 (0.00000   )
895	-0.04697  	-0.02589  	0.00624   	1.25272   	 (-0.00000  )
896	0.08676   	0.18979   	-0.01705  	1.48735   	 (-0.00000  )
897	-0.09349  	-0.17861  	0.05361   	1.43530   	 (-0.00000  )
898	0.02711   	0.00406   	0.03786   	1.51701   	 (0.00000   )
899	0.00146   	0.00098   	0.00044   	1.28157   	 (-0.00000  )
900	0.05234   	0.00550   	-0.04531  	1.46335   	 (0.00000   )
901	-0.03772  	0.06904   	0.04003   	1.42384   	 (0.00000   )
902	0.02939   	-0.07274  	-0.05212  	1.51600   	 (0.00000   )
903	-0.02614  	0.04563   	0.03383   	1.43944   	 (0.00000   )
904	-0.01531  	0.00880   	-0.00819  	1.65660   	 (-0.00000  )
905	0.03225   	-0.00968  	-0.00072  	1.71978   	 (-0.00000  )
906	-0.00952  	0.00584   	0.00194   	1.74375   	 (-0.00000  )
907	-0.00252  	-0.00607  	-0.01210  	1.44248   	 (0.00000   )
908	-0.00307  	-0.00876  	0.01025   	1.23752   	 (0.00000   )
909	-0.00031  	0.00336   	0.00829   	1.48009   	 (0.00000   )
910	0.00202   	0.00751   	-0.00202  	1.24849   	 (0.00000   )
911	-0.08596  	0.08027   	0.06171   	1.50848   	 (-0.00000  )
912	0.14393   	0.05451   	-0.11494  	1.44735   	 (-0.00000  )
913	-0.02863  	-0.12032  	0.06780   	1.53232   	 (-0.00000  )
914	-0.03291  	-0.01099  	-0.02183  	1.49811   	 (0.00000   )
915	0.02503   	-0.02245  	0.00241   	1.73759   	 (-0.00000  )
916	-0.03435  	0.03389   	0.00034   	1.75401   	 (-0.00000  )
917	0.02528   	-0.05616  	-0.09405  	1.79119   	 (-0.00000  )
918	0.09133   	-0.17993  	0.10666   	1.67079   	 (-0.00000  )
919	-0.03312  	0.13601   	-0.01226  	1.66201   	 (-0.00000  )
920	0.01898   	0.06996   	0.16131   	1.50153   	 (-0.00000  )
921	-0.07067  	0.02665   	-0.05916  	1.51808   	 (0.00000   )
922	-0.05487  	-0.00367  	-0.04635  	1.38877   	 (0.00000   )
923	-0.00405  	-0.03836  	-0.04832  	1.43069   	 (0.00000   )
924	-0.01234  	0.09191   	-0.00459  	1.46829   	 (-0.00000  )
925	-0.00468  	0.00025   	0.00134   	1.30688   	 (0.00000   )
926	0.06358   	-0.02131  	-0.05577  	1.42490   	 (-0.00000  )
927	-0.04744  	-0.02244  	0.08406   	1.42463   	 (0.00000   )
928	0.02631   	-0.01268  	0.06098   	1.36912   	 (0.00000   )
929	-0.00656  	-0.00449  	-0.06880  	1.33249   	 (0.00000   )
930	-0.02063  	-0.01011  	-0.01960  	1.48805   	 (-0.00000  )
931	0.01037   	-0.00067  	0.00124   	1.54240   	 (0.00000   )
932	0.01008   	-0.00143  	-0.02221  	1.40060   	 (0.00000   )
933	0.01619   	-0.01454  	-0.00511  	1.42225   	 (0.00000   )
934	-0.01289  	0.03218   	0.02518   	1.50410   	 (-0.00000  )
935	0.00040   	0.00244   	0.00077   	1.40624   	 (0.00000   )
936	0.00455   	0.00388   	-0.04662  	1.77432   	 (0.00000   )
937	0.02137   	-0.02362  	-0.00682  	1.57205   	 (0.00000   )
938	-0.01448  	0.01635   	0.04028   	1.75142   	 (-0.00000  )
939	-0.00934  	0.01199   	0.00732   	1.46436   	 (0.00000   )
940	-0.02106  	-0.00296  	0.01358   	1.53170   	 (-0.00000  )
941	-0.01472  	0.00939   	0.01090   	1.44559   	 (-0.00000  )
942	0.02567   	-0.01268  	-0.01114  	1.52937   	 (-0.00000  )
943	-0.01173  	0.00852   	0.04838   	1.33140   	 (-0.00000  )
944	0.00438   	-0.01157  	-0.01511  	1.53175   	 (0.00000   )
945	0.00333   	-0.00878  	-0.00152  	1.65258   	 (-0.00000  )
946	0.05313   	0.07248   	-0.01227  	1.40726   	 (0.00000   )
947	-0.01174  	-0.06173  	-0.01097  	1.45303   	 (0.00000   )
948	-0.11918  	0.02151   	-0.03654  	1.47530   	 (0.00000   )
949	0.08666   	-0.03173  	-0.00217  	1.43781   	 (-0.00000  )
950	0.01633   	0.01387   	0.11798   	1.46266   	 (-0.00000  )
951	-0.02070  	0.00482   	-0.09121  	1.47409   	 (-0.00000  )
952	-0.03086  	0.00769   	-0.00434  	1.53216   	 (-0.00000  )
953	0.02156   	-0.14567  	-0.11642  	1.66435   	 (-0.00000  )
954	-0.00153  	0.08935   	-0.02672  	1.49159   	 (-0.00000  )
955	0.03280   	-0.12316  	0.01874   	1.54380   	 (-0.00000  )
956	0.02714   	0.02744   	-0.03163  	1.49891   	 (0.00000   )
957	-0.05107  	-0.03689  	0.16393   	1.62791   	 (-0.00000  )
958	0.11100   	0.18249   	0.04176   	1.65942   	 (0.00000   )
959	-0.12235  	0.07781   	0.05909   	1.63912   	 (-0.00000  )
960	0.00523   	-0.06751  	0.04540   	1.62392   	 (-0.00000  )
961	0.02292   	0.07513   	0.18128   	1.26028   	 (0.00000   )
962	0.03320   	0.01045   	-0.23081  	1.55959   	 (0.00000   )
963	-0.02996  	0.05660   	-0.01509  	1.33639   	 (-0.00000  )
964	0.13927   	-0.05701  	-0.04588  	1.68909   	 (0.00000   )
965	-0.11862  	0.03387   	0.06369   	1.71008   	 (0.00000   )
966	-0.03896  	-0.01240  	-0.16858  	1.28696   	 (0.00000   )
967	-0.00546  	-0.01424  	-0.02675  	1.23716   	 (0.00000   )
968	0.00364   	-0.06071  	-0.08131  	1.29876   	 (-0.00000  )
969	0.07697   	-0.13099  	0.16500   	1.42218   	 (0.00000   )
970	-0.06768  	0.09875   	-0.02670  	1.31201   	 (0.00000   )
971	0.00191   	-0.01921  	0.03334   	1.17533   	 (-0.00000  )
972	0.00650   	0.04613   	-0.02688  	1.52028   	 (0.00000   )
973	0.00030   	-0.04683  	0.02485   	1.49611   	 (-0.00000  )
974	-0.02930  	0.00694   	-0.02053  	1.45521   	 (-0.00000  )
975	-0.05585  	0.43386   	-0.14043  	1.59727   	 (0.00000   )
976	-0.00473  	-0.21683  	-0.04870  	1.54009   	 (0.00000   )
977	0.06228   	-0.13399  	0.10303   	1.54415   	 (0.00000   )
978	-0.10607  	0.09103   	0.03387   	1.63871   	 (0.00000   )
979	0.16397   	-0.02853  	-0.03504  	1.65382   	 (-0.00000  )
980	-0.02036  	-0.07434  	0.01013   	1.62956   	 (-0.00000  )
981	0.02831   	-0.02454  	0.11007   	1.49653   	 (-0.00000  )
982	-0.00293  	-0.10750  	0.18438   	1.47636   	 (-0.00000  )
983	-0.04251  	-0.03737  	0.02921   	1.48511   	 (0.00000   )
984	-0.00741  	0.09770   	-0.07430  	1.39125   	 (0.00000   )
985	-0.01046  	-0.01068  	-0.11180  	1.36759   	 (0.00000   )
986	-0.01290  	0.01396   	0.02486   	1.23263   	 (0.00000   )
987	0.02205   	-0.02133  	-0.04022  	1.23909   	 (0.00000   )
988	0.11184   	-0.07082  	0.06023   	1.63102   	 (-0.00000  )
989	-0.10905  	0.05239   	-0.08053  	1.55962   	 (0.00000   )
990	-0.02805  	-0.00602  	-0.00427  	1.45033   	 (-0.00000  )
991	0.00211   	0.01550   	-0.01135  	1.49108   	 (-0.00000  )
992	0.02008   	0.03100   	0.02175   	1.42155   	 (0.00000   )
993	-0.00121  	0.00890   	0.01563   	1.63563   	 (0.00000   )
994	0.00073   	-0.03364  	-0.00670  	1.53956   	 (-0.00000  )
995	-0.00673  	0.00166   	0.00672   	1.51813   	 (-0.00000  )
996	0.01312   	-0.00434  	0.08486   	1.67200   	 (-0.00000  )
997	0.02186   	0.00705   	-0.05337  	1.66427   	 (-0.00000  )
998	-0.05202  	-0.00420  	-0.03053  	1.62452   	 (0.00000   )
999	0.02218   	-0.00153  	0.00976   	1.58745   	 (0.00000   )
1000	0.03988   	-0.00980  	-0.02312  	1.45038   	 (0.00000   )
1001	0.03145   	-0.00044  	0.01218   	1.55321   	 (-0.00000  )
1002	-0.04531  	-0.00266  	0.00081   	1.52473   	 (-0.00000  )
1003	-0.03489  	-0.02857  	0.01901   	1.51112   	 (-0.00000  )
1004	0.00385   	0.08244   	-0.00057  	1.66272   	 (-0.00000  )
1005	-0.01112  	-0.02575  	-0.00836  	1.49186   	 (-0.00000  )
1006	-0.01411  	-0.04806  	-0.07619  	1.52760   	 (-0.00000  )
1007	-0.00013  	0.05730   	-0.02643  	1.58947   	 (-0.00000  )
1008	0.01081   	-0.02221  	0.09774   	1.30244   	 (0.00000   )
1009	-0.01057  	0.00997   	-0.00398  	1.37918   	 (0.00000   )
1010	0.00610   	0.01682   	-0.01460  	1.32905   	 (0.00000   )
1011	0.02642   	-0.01446  	0.01353   	1.36444   	 (0.00000   )
1012	-0.00591  	-0.01330  	-0.00609  	1.31922   	 (0.00000   )
1013	-0.04346  	0.01484   	0.01128   	1.39436   	 (0.00000   )
1014	0.06641   	-0.02137  	-0.00148  	1.53812   	 (-0.00000  )
1015	-0.02431  	0.04460   	0.01057   	1.54184   	 (-0.00000  )
1016	-0.05316  	0.23640   	0.23083   	1.65366   	 (-0.00000  )
1017	0.01868   	0.10693   	0.03366   	1.55314   	 (0.00000   )
1018	-0.02063  	-0.00102  	-0.00241  	1.53614   	 (-0.00000  )
1019	0.02889   	-0.10488  	-0.12142  	1.62419   	 (-0.00000  )
1020	0.00143   	-0.14380  	-0.10123  	1.53781   	 (0.00000   )
1021	0.03967   	-0.01157  	-0.03537  	1.54058   	 (0.00000   )
1022	-0.03145  	0.00033   	0.00029   	1.46980   	 (0.00000   )
1023	0.00604   	-0.01271  	-0.02745  	1.35882   	 (0.00000   )
1024	0.06214   	-0.14007  	-0.25736  	1.33010   	 (0.00000   )
1025	-0.00500  	-0.01519  	-0.04105  	1.44663   	 (-0.00000  )
1026	-0.01455  	0.00762   	0.00713   	1.66115   	 (0.00000   )
1027	-0.04320  	0.04511   	0.29357   	1.31427   	 (0.00000   )
1028	0.02893   	-0.00877  	0.00217   	1.62518   	 (-0.00000  )
1029	0.03544   	-0.02442  	0.01187   	1.58676   	 (-0.00000  )
1030	-0.05882  	0.01863   	-0.01688  	1.29420   	 (0.00000   )
1031	-0.01368  	0.01829   	0.00403   	1.42548   	 (0.00000   )
1032	0.00334   	-0.00652  	-0.02236  	1.51331   	 (-0.00000  )
1033	-0.00423  	0.00493   	0.00824   	1.37843   	 (0.00000   )
1034	0.01872   	-0.01439  	0.01251   	1.44347   	 (-0.00000  )
1035	0.00305   	-0.00117  	0.00060   	1.18259   	 (0.00000   )
1036	-0.00644  	-0.04466  	0.03759   	1.84692   	 (-0.00000  )
1037	0.03353   	0.02439   	-0.03022  	1.70254   	 (0.00000   )
1038	-0.03319  	0.04556   	-0.01498  	1.20116   	 (-0.00000  )
1039	0.00414   	-0.02690  	0.00664   	1.24766   	 (-0.00000  )
1040	-0.01029  	0.09429   	0.01725   	1.86019   	 (-0.00000  )
1041	0.00425   	-0.09299  	-0.04858  	1.80100   	 (-0.00000  )
1042	-0.01488  	0.03555   	0.03488   	1.30305   	 (0.00000   )
1043	-0.05855  	0.03347   	-0.02047  	1.63007   	 (0.00000   )
1044	0.08803   	-0.06126  	0.02210   	1.57966   	 (-0.00000  )
1045	-0.00256  	0.00167   	-0.01206  	1.11266   	 (0.00000   )
1046	0.01800   	0.01072   	0.01277   	1.60847   	 (-0.00000  )
1047	-0.02878  	-0.01449  	0.01662   	1.66836   	 (-0.00000  )
1048	0.14828   	-0.00648  	-0.08703  	1.55585   	 (-0.00000  )
1049	0.09607   	-0.05365  	0.10727   	1.36966   	 (-0.00000  )
1050	-0.20111  	0.01709   	-0.04100  	1.59005   	 (-0.00000  )
1051	-0.01495  	0.00819   	-0.01132  	1.42520   	 (0.00000   )
1052	-0.13465  	0.03873   	-0.01656  	1.50226   	 (-0.00000  )
1053	0.19392   	-0.14510  	-0.07246  	1.43095   	 (0.00000   )
1054	-0.17791  	0.14777   	0.15521   	1.50201   	 (-0.00000  )
1055	0.07360   	-0.16288  	0.03273   	1.50611   	 (0.00000   )
1056	0.14831   	-0.15006  	-0.07595  	1.55266   	 (0.00000   )
1057	-0.15665  	-0.01397  	0.03762   	1.46105   	 (0.00000   )
1058	0.13060   	-0.08624  	0.17355   	1.52113   	 (-0.00000  )
1059	0.02482   	0.25895   	-0.11961  	1.56546   	 (0.00000   )
1060	-0.16417  	0.05511   	-0.06055  	1.60732   	 (0.00000   )
1061	0.13418   	-0.07354  	0.09821   	1.42234   	 (-0.00000  )
1062	0.02868   	-0.00282  	-0.05472  	1.51245   	 (0.00000   )
1063	-0.07342  	-0.12300  	0.00372   	1.49952   	 (0.00000   )
1064	-0.00903  	-0.03666  	0.03677   	1.75141   	 (-0.00000  )
1065	-0.02320  	-0.12933  	0.02733   	1.49462   	 (-0.00000  )
1066	-0.15043  	-0.10701  	-0.02287  	1.53148   	 (-0.00000  )
1067	-0.02487  	0.08665   	-0.01329  	1.72500   	 (-0.00000  )
1068	0.07087   	0.01243   	0.05242   	1.42048   	 (0.00000   )
1069	0.00804   	0.01014   	-0.13078  	1.36244   	 (0.00000   )
1070	-0.01932  	0.01148   	-0.01266  	1.12306   	 (0.00000   )
1071	-0.15592  	-0.00585  	0.14500   	1.52292   	 (0.00000   )
1072	0.21350   	0.12078   	0.06106   	1.54831   	 (0.00000   )
1073	-0.07873  	-0.07463  	-0.17670  	1.42545   	 (-0.00000  )
1074	0.00945   	0.04751   	-0.02068  	1.34172   	 (0.00000   )
1075	0.03232   	-0.08485  	-0.01423  	1.25683   	 (-0.00000  )
1076	-0.05048  	0.11965   	0.32313   	1.55638   	 (-0.00000  )
1077	-0.06543  	-0.05814  	-0.13016  	1.51536   	 (0.00000   )
1078	0.34468   	-0.12642  	0.03992   	1.51426   	 (0.00000   )
1079	-0.30411  	0.09267   	-0.12348  	1.41683   	 (0.00000   )
1080	0.00291   	-0.13936  	0.03376   	1.74373   	 (-0.00000  )
1081	0.19866   	-0.02136  	-0.03756  	1.72521   	 (-0.00000  )
1082	-0.15483  	-0.31973  	0.02029   	1.66955   	 (-0.00000  )
1083	0.10930   	0.20845   	-0.13209  	1.50439   	 (0.00000   )
1084	-0.33640  	0.14589   	0.02441   	1.49096   	 (-0.00000  )
1085	-0.01275  	0.04934   	-0.02027  	1.32279   	 (0.00000   )
1086	-0.00120  	-0.00450  	0.01894   	1.19794   	 (0.00000   )
1087	0.07782   	-0.00422  	0.23972   	1.37522   	 (0.00000   )
1088	-0.08904  	0.19118   	-0.07318  	1.59967   	 (-0.00000  )
1089	-0.00708  	-0.29232  	0.04879   	1.59733   	 (-0.00000  )
1090	0.04941   	0.02508   	0.00687   	1.29970   	 (0.00000   )
1091	0.08959   	0.16328   	0.07623   	1.40417   	 (0.00000   )
1092	0.11795   	0.06796   	-0.08590  	1.44289   	 (0.00000   )
1093	-0.12653  	-0.04383  	0.07189   	1.46723   	 (-0.00000  )
1094	-0.09664  	0.45292   	0.23951   	1.57990   	 (-0.00000  )
1095	0.09993   	-0.31193  	-0.11312  	1.40787   	 (0.00000   )
1096	0.08442   	-0.14253  	-0.39719  	1.54823   	 (-0.00000  )
1097	-0.16560  	-0.03435  	0.34558   	1.49740   	 (0.00000   )
1098	0.04172   	-0.03170  	0.45746   	1.65285   	 (0.00000   )
1099	0.09579   	-0.02592  	-0.28005  	1.47781   	 (0.00000   )
1100	-0.18843  	-0.01663  	-0.27113  	1.54945   	 (-0.00000  )
1101	0.06122   	-0.01855  	0.14380   	1.38507   	 (0.00000   )
1102	0.10669   	-0.29653  	-0.16884  	1.53732   	 (-0.00000  )
1103	-0.02598  	0.06769   	0.05336   	1.55539   	 (-0.00000  )
1104	0.12488   	0.04455   	0.25530   	1.52829   	 (0.00000   )
1105	-0.37723  	-0.01821  	0.07996   	1.53606   	 (-0.00000  )
1106	-0.12196  	0.02208   	-0.23460  	1.39390   	 (0.00000   )
1107	0.19987   	0.06512   	0.01354   	1.32382   	 (0.00000   )
1108	0.18610   	0.20146   	-0.08903  	1.48991   	 (0.00000   )
1109	-0.16441  	0.04164   	0.28590   	1.52333   	 (0.00000   )
1110	-0.32889  	0.23863   	0.01306   	1.56570   	 (-0.00000  )
1111	0.22421   	-0.39872  	0.02298   	1.52846   	 (-0.00000  )
1112	-0.27296  	-0.05038  	-0.09588  	1.47720   	 (0.00000   )
1113	0.24618   	-0.00903  	0.14024   	1.42880   	 (0.00000   )
1114	-0.02117  	-0.25401  	0.10532   	1.57516   	 (0.00000   )
1115	0.08408   	0.16826   	-0.09226  	1.54589   	 (-0.00000  )
1116	0.15381   	-0.04241  	-0.06784  	1.27293   	 (-0.00000  )
1117	-0.22850  	0.15096   	0.08896   	1.50145   	 (0.00000   )
1118	-0.12074  	-0.28647  	0.30733   	1.46790   	 (-0.00000  )
1119	0.09479   	0.41980   	-0.20917  	1.50507   	 (0.00000   )
