#n 	 E_n 	 <H> 	 <H_dir> 	 <H_exc> 	 <H_0> 	 E_B (eV)
0  0.073472966892  0.073472966892  0.006889807190  -0.000000224638   0.080362549444  -0.187475186659
1  0.074055652209  0.074055652209  0.006560619417  -0.000511955057   0.080104316570  -0.164592625384
2  0.074199766244  0.074199766244  0.006444580096  -0.000633388693   0.080010957647  -0.158130653741
3  0.074202703897  0.074202703897  0.006429612159  -0.000625641707   0.080006674349  -0.157934161552
4  0.075579995678  0.075579995678  0.007157559208  -0.000001470338   0.082736084549  -0.194727196690
5  0.076198639172  0.076198639172  0.006896496250  -0.000556519625   0.082538615797  -0.172519639915
6  0.076221543046  0.076221543046  0.006827712806  -0.000535390468   0.082513865385  -0.171222900084
7  0.076923593981  0.076923593981  0.006484152498  -0.001083239284   0.082324507194  -0.146966409807
8  0.078477786607  0.078477786607  0.007229128642  -0.000003011330   0.085703903920  -0.196632768642
9  0.078529309408  0.078529309408  0.006925024654  -0.000059273274   0.085395060788  -0.186826707101
10  0.078530387149  0.078530387149  0.006919543449  -0.000059035547   0.085390895050  -0.186684024704
11  0.078650046620  0.078650046620  0.004042081626  -0.000015332449   0.082676795797  -0.109573482553
12  0.078652107597  0.078652107597  0.004031858284  -0.000015208604   0.082668757277  -0.109298661123
13  0.078665225147  0.078665225147  0.003667357459  -0.000001101981   0.082331480625  -0.099763944332
14  0.078686915926  0.078686915926  0.003712954037  -0.000041881234   0.082357988730  -0.099895030493
15  0.078961502760  0.078961502760  0.007002922674  -0.000275768559   0.085688656875  -0.183055281476
16  0.079059991074  0.079059991074  0.007039488317  -0.000519937054   0.085579542337  -0.177406117241
17  0.079074906004  0.079074906004  0.006997315290  -0.000504751037   0.085567470257  -0.176671762916
18  0.079138843606  0.079138843606  0.006666355710  -0.000355192084   0.085450007232  -0.171735597897
19  0.079139401498  0.079139401498  0.006669495615  -0.000356429555   0.085452467559  -0.171787365797
20  0.079288927179  0.079288927179  0.006540906106  -0.000690231930   0.085139601356  -0.159205035294
21  0.079555096481  0.079555096481  0.006600291168  -0.000881950528   0.085273437122  -0.155604054508
22  0.079713388624  0.079713388624  0.006159846032  -0.000953208456   0.084920026200  -0.141679897746
23  0.080277806307  0.080277806307  0.006321155191  -0.001322182539   0.085276778960  -0.136029044436
24  0.080688955035  0.080688955035  0.007227852504  -0.000051844031   0.087864963508  -0.195269236969
25  0.080691477981  0.080691477981  0.007221015951  -0.000051494912   0.087860999021  -0.195092704816
26  0.080737206015  0.080737206015  0.004527083744  -0.000016685393   0.085247604366  -0.122734253690
27  0.080738461001  0.080738461001  0.004523615634  -0.000016808580   0.085245268055  -0.122636529479
28  0.080888174404  0.080888174404  0.004478972962  -0.000007196710   0.085359950656  -0.121683292307
29  0.080893303739  0.080893303739  0.004493765668  -0.000020977877   0.085366091530  -0.121710817686
30  0.081031835287  0.081031835287  0.004657999679  -0.000110626310   0.085579208656  -0.123740395701
31  0.081046775854  0.081046775854  0.004738370521  -0.000152843136   0.085632303239  -0.124778619885
32  0.081063973509  0.081063973509  0.005457792478  -0.000139578436   0.086382187550  -0.144716049561
33  0.081088257785  0.081088257785  0.004489813162  -0.000013001131   0.085565069815  -0.121820322887
34  0.081089872926  0.081089872926  0.004485481049  -0.000012895349   0.085562458626  -0.121705318527
35  0.081172581903  0.081172581903  0.005697438429  -0.000158515461   0.086711504871  -0.150721848448
36  0.081231908538  0.081231908538  0.004211440325  -0.000182624758   0.085260724105  -0.109629711929
37  0.081301879545  0.081301879545  0.004091589057  -0.000146694381   0.085246774222  -0.107346107003
38  0.081302694473  0.081302694473  0.004087724762  -0.000145148316   0.085245270920  -0.107283024709
39  0.081361614963  0.081361614963  0.006868423234  -0.000655620329   0.087574417868  -0.169059064968
40  0.081546696979  0.081546696979  0.006587400046  -0.000617833868   0.087516263158  -0.162440253119
41  0.081549484163  0.081549484163  0.006586069838  -0.000622271501   0.087513282500  -0.162283302075
42  0.081653040787  0.081653040787  0.006665383655  -0.000867440316   0.087450984125  -0.157770155369
43  0.081871308132  0.081871308132  0.007200745696  -0.000005190585   0.089066863243  -0.195801128360
44  0.082179403210  0.082179403210  0.004241144047  -0.000000773701   0.086419773556  -0.115386413634
45  0.082263635710  0.082263635710  0.005779663160  -0.000927911527   0.087115387344  -0.132022954397
46  0.082313642641  0.082313642641  0.005137483372  -0.000419817936   0.087031308076  -0.128374281237
47  0.082316390261  0.082316390261  0.004461239397  -0.000172844477   0.086604785181  -0.116693229537
48  0.082316911429  0.082316911429  0.004456406616  -0.000171017641   0.086602300404  -0.116611433548
49  0.082357110364  0.082357110364  0.007079711190  -0.000449383687   0.088987437868  -0.180420493835
50  0.082368233402  0.082368233402  0.007047214094  -0.000439632785   0.088975814711  -0.179801538050
51  0.082990114599  0.082990114599  0.006845362134  -0.000999169228   0.088836307505  -0.159083093634
52  0.083053910000  0.083053910000  0.004715147461  -0.000055744669   0.087713312793  -0.126788873139
53  0.083060317549  0.083060317549  0.004701423533  -0.000056837553   0.087704903528  -0.126385686923
54  0.083182232875  0.083182232875  0.004648333479  -0.000021754130   0.087808812224  -0.125895701289
55  0.083193000175  0.083193000175  0.004620564650  -0.000011762197   0.087801802628  -0.125411967075
56  0.083307291737  0.083307291737  0.004820629111  -0.000090434493   0.088037486354  -0.128715217823
57  0.083313688744  0.083313688744  0.004794175708  -0.000088328631   0.088019535820  -0.128052687132
58  0.083398305296  0.083398305296  0.004685454607  -0.000039966101   0.088043793802  -0.126410245937
59  0.083405752394  0.083405752394  0.004667989212  -0.000039733198   0.088034008408  -0.125941325712
60  0.083622607399  0.083622607399  0.007258179207  -0.000061348814   0.090819437791  -0.195835830552
61  0.083624022022  0.083624022022  0.007254014157  -0.000060991714   0.090817044465  -0.195732210907
62  0.083640769088  0.083640769088  0.007026830768  -0.000044542757   0.090623057099  -0.189997831980
63  0.083709053451  0.083709053451  0.004317858299  -0.000068636790   0.087958274960  -0.115627266178
64  0.083744567536  0.083744567536  0.003634577754  -0.000015104551   0.087364040739  -0.098490933122
65  0.083744635398  0.083744635398  0.003634751726  -0.000015051089   0.087364336035  -0.098497121918
66  0.083766057906  0.083766057906  0.003744946779  -0.000013872053   0.087497132631  -0.101527766780
67  0.084016691958  0.084016691958  0.006229819919  -0.000275286507   0.089971225369  -0.162031190477
68  0.084055585246  0.084055585246  0.007236879288  -0.000294516982   0.090997947552  -0.188911397650
69  0.084141277613  0.084141277613  0.003736150107  -0.000005924300   0.087871503419  -0.101504666512
70  0.084146906027  0.084146906027  0.003817236823  -0.000043345948   0.087920796902  -0.102692854137
71  0.084186549066  0.084186549066  0.003654978924  -0.000022330120   0.087819197870  -0.098849459657
72  0.084186666369  0.084186666369  0.003654892206  -0.000022475773   0.087819082802  -0.098843136530
73  0.084207418084  0.084207418084  0.006950003933  -0.000597803606   0.090559618411  -0.172852263967
74  0.084331783422  0.084331783422  0.006967064567  -0.000031071491   0.091267776497  -0.188738081974
75  0.084451944578  0.084451944578  0.006826638460  -0.000784577181   0.090494005857  -0.164412946292
76  0.084466159971  0.084466159971  0.005753778961  -0.000406349076   0.089813589856  -0.145511053574
77  0.084470415529  0.084470415529  0.005777908072  -0.000416628681   0.089831694920  -0.145887918001
78  0.084486494764  0.084486494764  0.006845339124  -0.000509717425   0.090822116463  -0.172401136291
79  0.084523609234  0.084523609234  0.006748501828  -0.000550450420   0.090721660642  -0.168657656074
80  0.084579536121  0.084579536121  0.004090566200  -0.000006220623   0.088663881698  -0.111140761240
81  0.084592986632  0.084592986632  0.004338859376  -0.000118946929   0.088812899078  -0.114829725552
82  0.084678698502  0.084678698502  0.005160509104  -0.000308514802   0.089530692804  -0.132029557753
83  0.084681467464  0.084681467464  0.005125079616  -0.000300892856   0.089505654225  -0.131272875619
84  0.084818483857  0.084818483857  0.003396365776  -0.000016459942   0.088198389692  -0.091971969621
85  0.084818832339  0.084818832339  0.003381088850  -0.000015206075   0.088184715114  -0.091590382553
86  0.084832511309  0.084832511309  0.004178036702  -0.000139460519   0.088871087491  -0.109895311929
87  0.084834684292  0.084834684292  0.005684893907  -0.000565207504   0.089954370695  -0.139313834578
88  0.084858481000  0.084858481000  0.003349274195  -0.000004455705   0.088203299490  -0.091017193860
89  0.084886754757  0.084886754757  0.006435638583  -0.000067887326   0.091254506014  -0.173275426539
90  0.084924330761  0.084924330761  0.006225179209  -0.000670049014   0.090479460955  -0.151162869775
91  0.084944008931  0.084944008931  0.006173329041  -0.000622173861   0.090495164110  -0.151054704041
92  0.084984510271  0.084984510271  0.004187755658  -0.000002847302   0.089169418627  -0.113877215236
93  0.085007999524  0.085007999524  0.006038522848  -0.000456457783   0.090590064589  -0.151895805323
94  0.085041210596  0.085041210596  0.004273044312  -0.000090318708   0.089223936200  -0.113817819489
95  0.085096050709  0.085096050709  0.004235277977  -0.000106217652   0.089225111034  -0.112357512126
96  0.085097555892  0.085097555892  0.004231043727  -0.000103063613   0.089225536006  -0.112328118096
97  0.085103333621  0.085103333621  0.003488112468  -0.000015074595   0.088576371494  -0.094506222769
98  0.085112693108  0.085112693108  0.003697774420  -0.000062938506   0.088747529022  -0.098908973985
99  0.085115638200  0.085115638200  0.003733284804  -0.000070171639   0.088778751365  -0.099678437578
100  0.085234221342  0.085234221342  0.005539931434  -0.000265082144   0.090509070631  -0.143536033957
101  0.085324936134  0.085324936134  0.006059026053  -0.000457067143   0.090926895044  -0.152437144676
102  0.085330816823  0.085330816823  0.006049513134  -0.000448957459   0.090931372498  -0.152398960699
103  0.085346857526  0.085346857526  0.005248632521  -0.000602457985   0.089993032062  -0.126428913773
104  0.085352805770  0.085352805770  0.007281231413  -0.000008292943   0.092625744241  -0.197906837900
105  0.085889214217  0.085889214217  0.006912352441  -0.000075309600   0.092726257058  -0.186045507572
106  0.085904191198  0.085904191198  0.007181008897  -0.000505262887   0.092579937208  -0.181656394974
107  0.085914747800  0.085914747800  0.007158478799  -0.000501454419   0.092571772179  -0.181146953190
108  0.085958004759  0.085958004759  0.004405852714  -0.000002872053   0.090360985420  -0.119811267973
109  0.085969650284  0.085969650284  0.004407550092  -0.000002806204   0.090374394173  -0.119859247850
110  0.085995006771  0.085995006771  0.004550896088  -0.000034916315   0.090510986544  -0.122886131995
111  0.086000485959  0.086000485959  0.004538105491  -0.000035196225   0.090503395225  -0.122530465192
112  0.086019966992  0.086019966992  0.004466501683  -0.000058521743   0.090427946931  -0.119947305323
113  0.086051462532  0.086051462532  0.004996967568  -0.000023878876   0.091024551224  -0.135324705628
114  0.086120546123  0.086120546123  0.004309981790  -0.000130446640   0.090300081273  -0.113731002769
115  0.086144488778  0.086144488778  0.004462068944  -0.000173587474   0.090432970248  -0.116695584668
116  0.086146796712  0.086146796712  0.004584049289  -0.000125387933   0.090605458068  -0.121326417616
117  0.086147712408  0.086147712408  0.004408924866  -0.000170577224   0.090386060049  -0.115331373008
118  0.086150047717  0.086150047717  0.004567568013  -0.000120045739   0.090597569991  -0.121023307603
119  0.086183455171  0.086183455171  0.005526457648  -0.000323090272   0.091386822546  -0.141590911001
120  0.086184646378  0.086184646378  0.005400754903  -0.000136765157   0.091448636124  -0.143240530569
121  0.086187700429  0.086187700429  0.004559507306  -0.000019242483   0.090727965252  -0.123546962201
122  0.086194655106  0.086194655106  0.004531863065  -0.000035006895   0.090691511275  -0.122365751969
123  0.086246469516  0.086246469516  0.005106424164  -0.000159087788   0.091193805892  -0.134623949069
124  0.086254353049  0.086254353049  0.004982777454  -0.000117667305   0.091119463198  -0.132386458308
125  0.086262307593  0.086262307593  0.003874225058  -0.000039635320   0.090096897331  -0.104344555196
126  0.086263474195  0.086263474195  0.003866987889  -0.000038207887   0.090092254198  -0.104186464159
127  0.086270846014  0.086270846014  0.004984364120  -0.000291199843   0.090964010291  -0.127707570417
128  0.086287539372  0.086287539372  0.004943912775  -0.000246461332   0.090984990815  -0.127824230176
129  0.086290978844  0.086290978844  0.004783159114  -0.000125263086   0.090948874872  -0.126747871978
130  0.086350841599  0.086350841599  0.004895227636  -0.000318323166   0.090927746068  -0.124543978293
131  0.086394752254  0.086394752254  0.004707057832  -0.000064093026   0.091037717060  -0.126341572530
132  0.086401217960  0.086401217960  0.004691351531  -0.000063548248   0.091029021244  -0.125929006271
133  0.086484715947  0.086484715947  0.004959608626  -0.000222671642   0.091221652932  -0.128898687070
134  0.086505170175  0.086505170175  0.003876095395  -0.000166057564   0.090215208006  -0.100955323422
135  0.086552793621  0.086552793621  0.005299752546  -0.000420936092   0.091431610075  -0.132759426046
136  0.086565605656  0.086565605656  0.005326588133  -0.000443081477   0.091449112312  -0.132887053021
137  0.086590286670  0.086590286670  0.005158282084  -0.000387859266   0.091360709488  -0.129809883462
138  0.086658431260  0.086658431260  0.006880321520  -0.000384271746   0.093154481035  -0.176766608841
139  0.086696255527  0.086696255527  0.003803859985  -0.000053077400   0.090447038112  -0.102064045232
140  0.086723918377  0.086723918377  0.004372971182  -0.000159230709   0.090937658850  -0.114661777506
141  0.086728381195  0.086728381195  0.003857764012  -0.000040977344   0.090545167863  -0.103860108729
142  0.086761742038  0.086761742038  0.006043030862  -0.000475841452   0.092328931448  -0.151491017913
143  0.086779795828  0.086779795828  0.004683045764  -0.000026407175   0.091436434416  -0.126713655289
144  0.086837803976  0.086837803976  0.004560896597  -0.000015756237   0.091382944337  -0.123679632409
145  0.086838660532  0.086838660532  0.006459639856  -0.000361710287   0.092936590100  -0.165933200664
146  0.086846426003  0.086846426003  0.004540456012  -0.000022296749   0.091364585267  -0.122945438987
147  0.086859677095  0.086859677095  0.004406257210  -0.000020675359   0.091245258946  -0.119337821979
148  0.086870133295  0.086870133295  0.004420944775  -0.000031128923   0.091259949148  -0.119453035094
149  0.086902230901  0.086902230901  0.004461461056  -0.000033177927   0.091330514030  -0.120499783541
150  0.086954329452  0.086954329452  0.004461477849  -0.000025823470   0.091389983831  -0.120700365579
151  0.086956663915  0.086956663915  0.004452475859  -0.000023727057   0.091385412717  -0.120512455170
152  0.086981036280  0.086981036280  0.003850501829  -0.000289188945   0.090542349165  -0.096908309422
153  0.087054779145  0.087054779145  0.004280166801  -0.000056466077   0.091278479870  -0.114932809888
154  0.087055762254  0.087055762254  0.004266087574  -0.000065147048   0.091256702780  -0.114313473025
155  0.087066140302  0.087066140302  0.004312118541  -0.000038791553   0.091339467291  -0.116283210016
156  0.087066476857  0.087066476857  0.004313938162  -0.000041301785   0.091339113234  -0.116264417498
157  0.087167407388  0.087167407388  0.006113823469  -0.000465818298   0.092815412559  -0.153690127918
158  0.087273708441  0.087273708441  0.005252595176  -0.000234963840   0.092291339777  -0.136536773350
159  0.087352298005  0.087352298005  0.004431149535  -0.000075364996   0.091708082544  -0.118526995404
160  0.087370872713  0.087370872713  0.003750475240  -0.000040685233   0.091080662720  -0.100948579779
161  0.087379795529  0.087379795529  0.003643240947  -0.000030775716   0.090992260759  -0.098300236375
162  0.087404385092  0.087404385092  0.004422161276  -0.000089765584   0.091736780784  -0.117890552136
163  0.087435653085  0.087435653085  0.004479587344  -0.000057155490   0.091858084940  -0.120340562169
164  0.087450647971  0.087450647971  0.004720551152  -0.000164335837   0.092006863286  -0.123980997421
165  0.087471825917  0.087471825917  0.003637361868  -0.000042958784   0.091066229000  -0.097808740074
166  0.087493074609  0.087493074609  0.003504051547  -0.000054610040   0.090942516116  -0.093864132626
167  0.087561680292  0.087561680292  0.005451453538  -0.000117807729   0.092895326101  -0.145135969572
168  0.087618477831  0.087618477831  0.006405886163  -0.000072493047   0.093951870947  -0.172340493431
169  0.087619501877  0.087619501877  0.006403885053  -0.000072414608   0.093950972322  -0.172288174851
170  0.087687250081  0.087687250081  0.003913475359  -0.000068246842   0.091532478598  -0.104634051261
171  0.087698492586  0.087698492586  0.004019520160  -0.000035856075   0.091682156671  -0.108401076896
172  0.087698539344  0.087698539344  0.004018922463  -0.000035805618   0.091681656188  -0.108386185703
173  0.087703025121  0.087703025121  0.003836163626  -0.000056595525   0.091482593223  -0.102847339437
174  0.087722349389  0.087722349389  0.003567889771  -0.000086794918   0.091203444241  -0.094725464468
175  0.087725206903  0.087725206903  0.003930853128  -0.000004218964   0.091651841067  -0.106849212890
176  0.087729198254  0.087729198254  0.003952024099  -0.000014000549   0.091667221804  -0.107159134022
177  0.087743512646  0.087743512646  0.004795900812  -0.000227271850   0.092312141607  -0.124318790130
178  0.087745644104  0.087745644104  0.003541786375  -0.000091979494   0.091195450985  -0.093874074964
179  0.087786141251  0.087786141251  0.004387369827  -0.000109549274   0.092063961804  -0.116405486204
180  0.087813649923  0.087813649923  0.004169399396  -0.000098805137   0.091884244182  -0.110766568612
181  0.087815517225  0.087815517225  0.004176815052  -0.000089441375   0.091902890902  -0.111223160071
182  0.087884732799  0.087884732799  0.005383254073  -0.000364127330   0.092903859543  -0.136577465476
183  0.087942602356  0.087942602356  0.005920911955  -0.000159437912   0.093704076399  -0.156777774758
184  0.087971294858  0.087971294858  0.005542798790  -0.000336054747   0.093178038900  -0.141682794827
185  0.087999285861  0.087999285861  0.006198397484  -0.000445135584   0.093752547760  -0.156554310858
186  0.088033100297  0.088033100297  0.004731232830  -0.000125762507   0.092638570620  -0.125321295161
187  0.088072942627  0.088072942627  0.005340354160  -0.000342019220   0.093071277567  -0.136011691380
188  0.088092700266  0.088092700266  0.005388791929  -0.000620880385   0.092860611810  -0.129741548185
189  0.088093769604  0.088093769604  0.006193007545  -0.000534766374   0.093752010775  -0.153968663802
190  0.088104648311  0.088104648311  0.004811543472  -0.000173923080   0.092742268704  -0.126196143555
191  0.088107257399  0.088107257399  0.004807866188  -0.000175293225   0.092739830362  -0.126058795923
192  0.088130910667  0.088130910667  0.004801174035  -0.000066838602   0.092865246100  -0.128827895210
193  0.088357468074  0.088357468074  0.004320951285  -0.000088042191   0.092590377169  -0.115183382530
194  0.088379008748  0.088379008748  0.004289927323  -0.000012281391   0.092656654679  -0.116400734491
195  0.088414575643  0.088414575643  0.004682168401  -0.000065892206   0.093030851838  -0.125615338053
196  0.088428688928  0.088428688928  0.004846681064  -0.000328135173   0.092947234819  -0.122955959662
197  0.088429618154  0.088429618154  0.004876910577  -0.000334631663   0.092971897068  -0.123601768453
198  0.088473767499  0.088473767499  0.004770503674  -0.000159568321   0.093084702853  -0.125470006271
199  0.088477918807  0.088477918807  0.004678033361  -0.000139644715   0.093016307453  -0.123495908800
200  0.088495510125  0.088495510125  0.004604794035  -0.000086500084   0.093013804077  -0.122949104020
201  0.088513473099  0.088513473099  0.004621708591  -0.000071056818   0.093064124873  -0.123829605677
202  0.088519454475  0.088519454475  0.005074940396  -0.000300425214   0.093293969657  -0.129921242422
203  0.088521325818  0.088521325818  0.005040220432  -0.000291898461   0.093269647789  -0.129208488491
204  0.088534967417  0.088534967417  0.004720358178  -0.000015315088   0.093240010507  -0.128030809522
205  0.088574724455  0.088574724455  0.004924569443  -0.000232874726   0.093266419173  -0.127667581639
206  0.088602652727  0.088602652727  0.004988537655  -0.000235180701   0.093356009681  -0.129345497426
207  0.088698850318  0.088698850318  0.004854394336  -0.000108096087   0.093445148568  -0.129153420184
208  0.088715521920  0.088715521920  0.005734001535  -0.000608616940   0.093840906514  -0.139468890355
209  0.088831417332  0.088831417332  0.004882718980  -0.000189203185   0.093524933127  -0.127717135702
210  0.088924776114  0.088924776114  0.003873254199  -0.000054212994   0.092743817318  -0.103921457831
211  0.088935424375  0.088935424375  0.004018931616  -0.000027768010   0.092926587981  -0.108605149365
212  0.088935802165  0.088935802165  0.003895484521  -0.000001710802   0.092829575883  -0.105955034154
213  0.088979924402  0.088979924402  0.003954771410  -0.000021753630   0.092912942182  -0.107022920006
214  0.089026805645  0.089026805645  0.003558162301  -0.000007330934   0.092577637012  -0.096623092643
215  0.089029456654  0.089029456654  0.003681303850  -0.000026333471   0.092684427034  -0.099456860983
216  0.089031759239  0.089031759239  0.003872160943  -0.000116480622   0.092787439561  -0.102197319501
217  0.089032116393  0.089032116393  0.003656518071  -0.000028554898   0.092660079567  -0.098721957102
218  0.089032977653  0.089032977653  0.003864268676  -0.000115074595   0.092782171733  -0.102020819802
219  0.089046973447  0.089046973447  0.003529969469  -0.000012179431   0.092564763484  -0.095723991824
220  0.089047843500  0.089047843500  0.003527681356  -0.000013840251   0.092561684605  -0.095616535849
221  0.089062467159  0.089062467159  0.003931151753  -0.000178988808   0.092814630104  -0.102101606758
222  0.089079358449  0.089079358449  0.004465111084  -0.000031842916   0.093512626617  -0.120635433437
223  0.089135049619  0.089135049619  0.004459589107  -0.000245278401   0.093349360324  -0.114677294327
224  0.089150412226  0.089150412226  0.004250709611  -0.000150097308   0.093251024528  -0.111583401601
225  0.089164960865  0.089164960865  0.004295026326  -0.000228498792   0.093231488399  -0.110655907329
226  0.089217278049  0.089217278049  0.003795224741  -0.000020714401   0.092991788389  -0.102709710670
227  0.089220769546  0.089220769546  0.003790536512  -0.000020284384   0.092991021674  -0.102593838754
228  0.089356349984  0.089356349984  0.006461668208  -0.000076674903   0.095741343289  -0.173744606823
229  0.089365298933  0.089365298933  0.004165888951  -0.000074529397   0.093456658488  -0.111331621388
230  0.089372918005  0.089372918005  0.004159192384  -0.000078249448   0.093453860942  -0.111048170614
231  0.089444740065  0.089444740065  0.004498452219  -0.000106223215   0.093836969069  -0.119518700303
232  0.089528803317  0.089528803317  0.004297839556  -0.000185834727   0.093640808147  -0.111893408217
233  0.089562176587  0.089562176587  0.004118263543  -0.000001279129   0.093679161002  -0.112028909700
234  0.089568749135  0.089568749135  0.004748477881  -0.000137794059   0.094179432957  -0.125463161770
235  0.089592600334  0.089592600334  0.004394012303  -0.000063957759   0.093922654877  -0.117826846195
236  0.089593130111  0.089593130111  0.004380923060  -0.000063923683   0.093910129489  -0.117471596863
237  0.089602155961  0.089602155961  0.006142863724  -0.000010724864   0.095734294820  -0.166864083368
238  0.089643541904  0.089643541904  0.004378048223  -0.000070278037   0.093951312090  -0.117220457630
239  0.089644940129  0.089644940129  0.004383623252  -0.000072682552   0.093955880829  -0.117306731761
240  0.089649639306  0.089649639306  0.004017009012  -0.000082061468   0.093584586850  -0.107075431605
241  0.089682818307  0.089682818307  0.004059300598  -0.000069023905   0.093673095000  -0.108581015198
242  0.089683856419  0.089683856419  0.004026058336  -0.000076295282   0.093633619474  -0.107478582385
243  0.089684646653  0.089684646653  0.004027214153  -0.000073508189   0.093638352617  -0.107585874470
244  0.089693200538  0.089693200538  0.003970957273  -0.000018181941   0.093645975869  -0.107560550655
245  0.089706622549  0.089706622549  0.003916673540  -0.000034411062   0.093588885027  -0.105641797198
246  0.089713978934  0.089713978934  0.003907687254  -0.000043460435   0.093578205753  -0.105151021673
247  0.089729522572  0.089729522572  0.004550322177  -0.000007698253   0.094272146497  -0.123611156651
248  0.089752622971  0.089752622971  0.003624995000  -0.000017569605   0.093360048366  -0.098163095396
249  0.089766085981  0.089766085981  0.004449756773  -0.000023417462   0.094192425291  -0.120446889520
250  0.089795786871  0.089795786871  0.004107268770  -0.000082016768   0.093821038873  -0.109532742321
251  0.089827947516  0.089827947516  0.003609066293  -0.000005814251   0.093431199558  -0.098049532620
252  0.089832245399  0.089832245399  0.004936925873  -0.000082111593   0.094687059679  -0.132106293298
253  0.089846237206  0.089846237206  0.003615000508  -0.000035160613   0.093426077102  -0.097412455328
254  0.089874028584  0.089874028584  0.004814782023  -0.000065085986   0.094623724621  -0.129245878745
255  0.089896740266  0.089896740266  0.004026289959  -0.000043503172   0.093879527052  -0.108377204354
256  0.089903998622  0.089903998622  0.004032458004  -0.000055732835   0.093880723791  -0.108212259264
257  0.089947697784  0.089947697784  0.005294891298  -0.000310869324   0.094931719758  -0.135622215553
258  0.089948519480  0.089948519480  0.006382571274  -0.000346576729   0.095984514025  -0.164247861961
259  0.089956331753  0.089956331753  0.006273158047  -0.000328936660   0.095900553140  -0.161750585870
260  0.089973142525  0.089973142525  0.004724350929  -0.000072350689   0.094625142765  -0.126587439324
261  0.089977304875  0.089977304875  0.004801845569  -0.000108815572   0.094670334872  -0.127703916463
262  0.089981284638  0.089981284638  0.003891873232  -0.000068037570   0.093805120300  -0.104051921745
263  0.090012856087  0.090012856087  0.004299553142  -0.000106437210   0.094205972019  -0.114100554871
264  0.090031347973  0.090031347973  0.006178241601  -0.000372755419   0.095836834155  -0.157975406696
265  0.090050455032  0.090050455032  0.003907739203  -0.000010491298   0.093947702937  -0.106049571643
266  0.090059072924  0.090059072924  0.003985488787  -0.000019302604   0.094025259107  -0.107925478708
267  0.090070901359  0.090070901359  0.005790052206  -0.000074298689   0.095786654875  -0.155533655248
268  0.090079446577  0.090079446577  0.005510630419  -0.000093644734   0.095496432261  -0.147403764257
269  0.090086915482  0.090086915482  0.006016186854  -0.000494213549   0.095608888787  -0.150260624388
270  0.090106663794  0.090106663794  0.004418567560  -0.000105508632   0.094419722723  -0.117364371722
271  0.090148072743  0.090148072743  0.004531726494  -0.000136732862   0.094543066374  -0.119593929715
272  0.090156429511  0.090156429511  0.004016217625  -0.000051743524   0.094120903613  -0.107878890567
273  0.090156720726  0.090156720726  0.004025413805  -0.000053844145   0.094128290386  -0.108071970643
274  0.090161434522  0.090161434522  0.003980666103  -0.000203783887   0.093938316738  -0.102774252718
275  0.090179016844  0.090179016844  0.003697160004  -0.000006793480   0.093869383368  -0.100420039629
276  0.090179656050  0.090179656050  0.003691622532  -0.000006004511   0.093865274071  -0.100290826220
277  0.090182823212  0.090182823212  0.005255716427  -0.000150088902   0.095288450737  -0.138931272831
278  0.090257961456  0.090257961456  0.006218567057  -0.000608345467   0.095868183046  -0.152661983784
279  0.090316729992  0.090316729992  0.003326940928  -0.000009368578   0.093634302341  -0.090275788241
280  0.090331520344  0.090331520344  0.003368973288  -0.000022880737   0.093677612896  -0.091051862864
281  0.090373961997  0.090373961997  0.003843815190  -0.000036736744   0.094181040442  -0.103595934410
282  0.090375950421  0.090375950421  0.003776582691  -0.000020323199   0.094132209912  -0.102213079516
283  0.090377702676  0.090377702676  0.003713685918  -0.000042610013   0.094048778581  -0.099895114868
284  0.090378594626  0.090378594626  0.003716296967  -0.000039708562   0.094055183031  -0.100045117712
285  0.090402430912  0.090402430912  0.005873580093  -0.000388632696   0.095887378309  -0.149253097615
286  0.090424835635  0.090424835635  0.003539422171  -0.000010009324   0.093954248482  -0.096040264745
287  0.090428268295  0.090428268295  0.003525116189  -0.000010709486   0.093942674998  -0.095631926567
288  0.090456043332  0.090456043332  0.003782161789  -0.000050607130   0.094187597992  -0.101540826473
289  0.090486874097  0.090486874097  0.005702581767  -0.000302050152   0.095887405712  -0.146956025993
290  0.090523067574  0.090523067574  0.004914737766  -0.000189528157   0.095248277182  -0.128579568747
291  0.090541754595  0.090541754595  0.004868397854  -0.000197012000   0.095213140449  -0.127114949027
292  0.090579464903  0.090579464903  0.005317449394  -0.000211257126   0.095685657171  -0.138946640285
293  0.090616732704  0.090616732704  0.004794179309  -0.000156523972   0.095254388042  -0.126197094451
294  0.090629685425  0.090629685425  0.004711976664  -0.000198198902   0.095143463186  -0.122826212181
295  0.090640848475  0.090640848475  0.004719415617  -0.000196014780   0.095164249311  -0.123088069522
296  0.090664975192  0.090664975192  0.003325910971  -0.000003696886   0.093987189277  -0.090402096354
297  0.090678629719  0.090678629719  0.003390890151  -0.000018726404   0.094050793466  -0.091761296579
298  0.090684630122  0.090684630122  0.003391481767  -0.000021620985   0.094054490905  -0.091698629687
299  0.090755280532  0.090755280532  0.005536726548  -0.000093404723   0.096198602357  -0.148120407496
300  0.090890636546  0.090890636546  0.004977879162  -0.000204765734   0.095663749974  -0.129883098746
301  0.090893234949  0.090893234949  0.003424080176  -0.000009128632   0.094308186493  -0.092925612441
302  0.090916321314  0.090916321314  0.005761314409  -0.000697105870   0.095980529853  -0.137804204244
303  0.090928629453  0.090928629453  0.003360995014  -0.000009526429   0.094280098039  -0.091198152274
304  0.090931016527  0.090931016527  0.004366909836  -0.000086153914   0.095211772449  -0.116485361702
305  0.090985358417  0.090985358417  0.003691999040  -0.000019601956   0.094657755500  -0.099931065997
306  0.091000636673  0.091000636673  0.004470398864  -0.000132898786   0.095338136751  -0.118029449617
307  0.091040913919  0.091040913919  0.003680833974  -0.000049702640   0.094672045254  -0.098808167194
308  0.091067622508  0.091067622508  0.005531580350  -0.000549772857   0.096049430000  -0.135561956405
309  0.091074688785  0.091074688785  0.003355356626  -0.000009387289   0.094420658122  -0.091048510023
310  0.091077334753  0.091077334753  0.003332120277  -0.000005840999   0.094403614031  -0.090512715948
311  0.091087157281  0.091087157281  0.005369221520  -0.000490968577   0.095965410225  -0.132744092151
312  0.091100022737  0.091100022737  0.004999708107  -0.000241268963   0.095858461881  -0.129483790910
313  0.091215447690  0.091215447690  0.005753795885  -0.000843970340   0.096125273235  -0.133603226833
314  0.091265161166  0.091265161166  0.003836614737  -0.000011782273   0.095089993630  -0.104079046128
315  0.091265522749  0.091265522749  0.003827843407  -0.000011248644   0.095082117513  -0.103854886749
316  0.091282806140  0.091282806140  0.003724155170  -0.000035420293   0.094971541017  -0.100375640216
317  0.091289704547  0.091289704547  0.003716206763  -0.000020485903   0.094985425406  -0.100565738596
318  0.091323490359  0.091323490359  0.003924921323  -0.000071196531   0.095177215151  -0.104865246818
319  0.091330279509  0.091330279509  0.003924435338  -0.000082721142   0.095171993705  -0.104538421673
320  0.091345778679  0.091345778679  0.003874672321  -0.000049529913   0.095170921087  -0.104087480120
321  0.091347023707  0.091347023707  0.005456160415  -0.000160401555   0.096642782567  -0.144105012640
322  0.091375486386  0.091375486386  0.005463045735  -0.000117815479   0.096720716642  -0.145451198587
323  0.091389206427  0.091389206427  0.003846922288  -0.000029753396   0.095206375319  -0.103870509583
324  0.091393240708  0.091393240708  0.004083576504  -0.000034244230   0.095442572981  -0.110188000231
325  0.091396298159  0.091396298159  0.003848211986  -0.000032758358   0.095211751786  -0.103823834836
326  0.091402984214  0.091402984214  0.003872730990  -0.000044811145   0.095230904059  -0.104163058076
327  0.091414960916  0.091414960916  0.005357248525  -0.000115338295   0.096656871146  -0.142639716034
328  0.091452219639  0.091452219639  0.003996134008  -0.000052055224   0.095396298422  -0.107323905410
329  0.091465286729  0.091465286729  0.005386911378  -0.000246986937   0.096605211170  -0.139864539919
330  0.091469138059  0.091469138059  0.004354745773  -0.000088721761   0.095735162072  -0.116084485822
331  0.091476410320  0.091476410320  0.004373257239  -0.000126337954   0.095723329605  -0.115564619445
332  0.091479362722  0.091479362722  0.004489474094  -0.000173573724   0.095795263092  -0.117441691306
333  0.091529083561  0.091529083561  0.004681924539  -0.000019757083   0.096191251017  -0.126864103503
334  0.091530688784  0.091530688784  0.004805269426  -0.000275761175   0.096060197035  -0.123254260823
335  0.091561638713  0.091561638713  0.004554939736  -0.000048346639   0.096068231811  -0.122630707401
336  0.091565707556  0.091565707556  0.005211154904  -0.000152018997   0.096624843463  -0.137666170816
337  0.091571550528  0.091571550528  0.005194035260  -0.000142966489   0.096622619299  -0.137446652741
338  0.091593095996  0.091593095996  0.004415383298  -0.000077844691   0.095930634603  -0.118030498043
339  0.091609364739  0.091609364739  0.004357787657  -0.000043597836   0.095923554560  -0.117395144902
340  0.091625786649  0.091625786649  0.005234221452  -0.000197962347   0.096662045754  -0.137043661017
341  0.091646710214  0.091646710214  0.005148734445  -0.000176907327   0.096618537333  -0.135290376444
342  0.091693354757  0.091693354757  0.005879051977  -0.000090697553   0.097481709181  -0.157509227576
343  0.091694553151  0.091694553151  0.005845475899  -0.000094531754   0.097445497296  -0.156491241508
344  0.091722039451  0.091722039451  0.003837617949  -0.000062815598   0.095496841802  -0.102717656677
345  0.091731386321  0.091731386321  0.003780723581  -0.000087499089   0.095424610813  -0.100497808945
346  0.091749474242  0.091749474242  0.004220278701  -0.000151772362   0.095817980580  -0.110709753374
347  0.091751246749  0.091751246749  0.004199266623  -0.000115660532   0.095834852839  -0.111120638774
348  0.091755981684  0.091755981684  0.003923782558  -0.000040993191   0.095638771052  -0.105656134587
349  0.091764334715  0.091764334715  0.004259554962  -0.000013872027   0.096010017650  -0.115530976622
350  0.091778580199  0.091778580199  0.004197623964  -0.000037028749   0.095939175415  -0.113215620647
351  0.091782668688  0.091782668688  0.003946909841  -0.000045078619   0.095684499910  -0.106174290108
352  0.091785019367  0.091785019367  0.004019363730  -0.000041383446   0.095762999650  -0.108246412678
353  0.091797830679  0.091797830679  0.004250395466  -0.000043993079   0.096004233067  -0.114462097926
354  0.091801139893  0.091801139893  0.004233630769  -0.000043210088   0.095991560574  -0.114027213317
355  0.091802292830  0.091802292830  0.004152363701  -0.000090773501   0.095863883030  -0.110521555588
356  0.091882142486  0.091882142486  0.004861970861  -0.000152852438   0.096591260909  -0.128141705055
357  0.091955514210  0.091955514210  0.004580412859  -0.000151917124   0.096384009946  -0.120505568860
358  0.092044175758  0.092044175758  0.005334227958  -0.000123908115   0.097254495601  -0.141780097377
359  0.092060199535  0.092060199535  0.004713298225  -0.000235462132   0.096538035628  -0.121848189070
360  0.092064892937  0.092064892937  0.004882927749  -0.000143373349   0.096804447336  -0.128969910589
361  0.092084283016  0.092084283016  0.004881527240  -0.000081022078   0.096884788179  -0.130628466180
362  0.092103909444  0.092103909444  0.005574225248  -0.000312348794   0.097365785898  -0.143183024948
363  0.092122291380  0.092122291380  0.005267160705  -0.000391941441   0.096997510644  -0.132661541476
364  0.092139047419  0.092139047419  0.004487597112  -0.000050922503   0.096575722028  -0.120728127449
365  0.092139876754  0.092139876754  0.004527653996  -0.000048245294   0.096619285455  -0.121890981948
366  0.092190572123  0.092190572123  0.004787958289  -0.000059934809   0.096918595603  -0.128656138121
367  0.092213718947  0.092213718947  0.004600948813  -0.000052820656   0.096761847104  -0.123760934531
368  0.092213814466  0.092213814466  0.004297645316  -0.000063798028   0.096447661754  -0.115208912092
369  0.092221850123  0.092221850123  0.004307878112  -0.000048647343   0.096481080892  -0.115899632138
370  0.092226780533  0.092226780533  0.003850562434  -0.000006883864   0.096070459103  -0.104591875045
371  0.092231952950  0.092231952950  0.004306943279  -0.000215439808   0.096323456422  -0.111335537566
372  0.092234220629  0.092234220629  0.003583665751  -0.000030180833   0.095787705547  -0.096695299498
373  0.092236217505  0.092236217505  0.003568361967  -0.000028089811   0.095776489662  -0.096335761751
374  0.092247049661  0.092247049661  0.004296886714  -0.000055053956   0.096488882419  -0.115426207905
375  0.092253606440  0.092253606440  0.004314100878  -0.000064466634   0.096503240685  -0.115638497286
376  0.092257699443  0.092257699443  0.004215115263  -0.000050918120   0.096421896587  -0.113313634153
377  0.092264403075  0.092264403075  0.004666609815  -0.000092768091   0.096838244798  -0.124460636668
378  0.092267783245  0.092267783245  0.005868152929  -0.000555988154   0.097579948021  -0.144551440570
379  0.092280941827  0.092280941827  0.003792442224  -0.000107046941   0.095966337110  -0.100284765206
380  0.092325378071  0.092325378071  0.004105406195  -0.000099072648   0.096331711617  -0.109017944662
381  0.092333443509  0.092333443509  0.004771653241  -0.000187590721   0.096917506029  -0.124738758862
382  0.092342073603  0.092342073603  0.004749526192  -0.000212257050   0.096879342745  -0.123465445524
383  0.092370372167  0.092370372167  0.003766118163  -0.000041335325   0.096095155005  -0.101356555713
384  0.092392096807  0.092392096807  0.004300043136  -0.000036788948   0.096655350995  -0.116009115023
385  0.092394739361  0.092394739361  0.004199044425  -0.000032744743   0.096561039043  -0.113370847161
386  0.092406225417  0.092406225417  0.004392306341  -0.000021048890   0.096777482868  -0.118948035000
387  0.092426885478  0.092426885478  0.003879324455  -0.000020936163   0.096285273770  -0.104992147178
388  0.092440477695  0.092440477695  0.004673572871  -0.000070314542   0.097043736024  -0.125261103689
389  0.092451716463  0.092451716463  0.005298248696  -0.000099809305   0.097650155853  -0.141456813640
390  0.092457460531  0.092457460531  0.005262483375  -0.000095295081   0.097624648824  -0.140606427529
391  0.092495701121  0.092495701121  0.004485401568  -0.000055935096   0.096925167593  -0.120531983946
392  0.092506052608  0.092506052608  0.004971159780  -0.000111466903   0.097365745485  -0.132239046749
393  0.092514413327  0.092514413327  0.004525334127  -0.000166583633   0.096873163821  -0.118607703199
394  0.092516877632  0.092516877632  0.004478893342  -0.000076174345   0.096919596629  -0.119804147708
395  0.092519069703  0.092519069703  0.004482982041  -0.000187423191   0.096814628553  -0.116888170077
396  0.092539362622  0.092539362622  0.003880322355  -0.000157504042   0.096262180935  -0.101303098238
397  0.092548855441  0.092548855441  0.004594398537  -0.000061108327   0.097082145651  -0.123357173220
398  0.092566464942  0.092566464942  0.004623579716  -0.000133214198   0.097056830460  -0.122189132263
399  0.092593278273  0.092593278273  0.004866263358  -0.000142940612   0.097316601019  -0.128528224579
400  0.092623065794  0.092623065794  0.004520471694  -0.000021436250   0.097122101238  -0.122425053096
401  0.092642614193  0.092642614193  0.003612383512  -0.000121308954   0.096133688751  -0.094997026233
402  0.092644427260  0.092644427260  0.003593946593  -0.000118199191   0.096120174661  -0.094579952840
403  0.092649119362  0.092649119362  0.004721450996  -0.000107029095   0.097263541263  -0.125564880113
404  0.092649163124  0.092649163124  0.004265069072  -0.000107597584   0.096806634612  -0.113130619640
405  0.092658182189  0.092658182189  0.004387102348  -0.000067304526   0.096977980011  -0.117547746447
406  0.092673636788  0.092673636788  0.003947107793  -0.000013558297   0.096607186284  -0.107037388747
407  0.092675643044  0.092675643044  0.004718724794  -0.000131082937   0.097263284901  -0.124836157626
408  0.092691310946  0.092691310946  0.004366373427  -0.000196408501   0.096861275873  -0.113470583590
409  0.092760826404  0.092760826404  0.004188607420  -0.000087674925   0.096861758899  -0.111592114498
410  0.092768683281  0.092768683281  0.004203237723  -0.000090493684   0.096881427319  -0.111913523137
411  0.092769786812  0.092769786812  0.003819213400  -0.000118896995   0.096470103216  -0.100690789800
412  0.092785106685  0.092785106685  0.004024784921  -0.000078025757   0.096731865849  -0.107396842318
413  0.092794808703  0.092794808703  0.005924212642  -0.000696689591   0.098022331754  -0.142248220756
414  0.092816118013  0.092816118013  0.004436382721  -0.000030515663   0.097221985072  -0.119889810867
415  0.092828453579  0.092828453579  0.003851450268  -0.000063899120   0.096616004726  -0.103064569293
416  0.092858960873  0.092858960873  0.003667136433  -0.000050086077   0.096476011229  -0.098425004064
417  0.092860903604  0.092860903604  0.004367993328  -0.000043943820   0.097184953111  -0.117663440769
418  0.092884385935  0.092884385935  0.004414925954  -0.000060899373   0.097238412516  -0.118479158911
419  0.092905308605  0.092905308605  0.004097414807  -0.000096055485   0.096906667927  -0.108882589058
420  0.092908506481  0.092908506481  0.004506851321  -0.000150347698   0.097265010104  -0.118546562683
421  0.092956736072  0.092956736072  0.004336665365  -0.000039193533   0.097254207904  -0.116940225016
422  0.092976012919  0.092976012919  0.003931565895  -0.000130996533   0.096776582281  -0.103418813116
423  0.092979199470  0.092979199470  0.003999640124  -0.000120698224   0.096858141370  -0.105551439613
424  0.093009299070  0.093009299070  0.004327690658  -0.000041672710   0.097295317018  -0.116628548794
425  0.093012077946  0.093012077946  0.003807637069  -0.000053630241   0.096766084774  -0.102151781391
426  0.093050680580  0.093050680580  0.005110586152  -0.000281813461   0.097879453271  -0.131397665203
427  0.093094639915  0.093094639915  0.005405022743  -0.000280307317   0.098219355341  -0.139450681353
428  0.093123729809  0.093123729809  0.004757033339  -0.000187850711   0.097692912438  -0.124333856167
429  0.093145967560  0.093145967560  0.003772413734  -0.000085347061   0.096833034232  -0.100330246059
430  0.093148943758  0.093148943758  0.003719851343  -0.000056552084   0.096812243018  -0.099683501477
431  0.093154877076  0.093154877076  0.003677617037  -0.000037397864   0.096795096248  -0.099055459986
432  0.093169314525  0.093169314525  0.004233659014  -0.000115779569   0.097287193971  -0.112053264742
433  0.093221692300  0.093221692300  0.004131965051  -0.000092186447   0.097261470904  -0.109928031501
434  0.093230486559  0.093230486559  0.004420817883  -0.000279530833   0.097371773608  -0.112690218413
435  0.093241420311  0.093241420311  0.005061632105  -0.000382463997   0.097920588419  -0.127326715062
436  0.093251694256  0.093251694256  0.005043205983  -0.000079250672   0.098215649567  -0.135076173548
437  0.093252231494  0.093252231494  0.005041680357  -0.000079175569   0.098214736281  -0.135036702762
438  0.093277805252  0.093277805252  0.004134628807  -0.000133633085   0.097278800975  -0.108872694991
439  0.093351400602  0.093351400602  0.004884884179  -0.000007491997   0.098228792784  -0.132720669602
440  0.093406575858  0.093406575858  0.003514241903  -0.000037037412   0.096883780348  -0.094619602274
441  0.093418021019  0.093418021019  0.003791599666  -0.000115316942   0.097094303743  -0.100036799720
442  0.093420883428  0.093420883428  0.004939097041  -0.000186712942   0.098173267527  -0.129319024678
443  0.093423015814  0.093423015814  0.003962304953  -0.000020164540   0.097365156227  -0.107271159632
444  0.093424307697  0.093424307697  0.003958752239  -0.000019992667   0.097363067268  -0.107179162212
445  0.093461579677  0.093461579677  0.005251294218  -0.000593011497   0.098119862398  -0.126758394431
446  0.093473238754  0.093473238754  0.005028508166  -0.000036823394   0.098464923526  -0.135830731005
447  0.093508640223  0.093508640223  0.004980982481  -0.000060167986   0.098429454718  -0.133902251555
448  0.093586813035  0.093586813035  0.003384063691  -0.000015093167   0.096955783559  -0.091674404513
449  0.093588567509  0.093588567509  0.004619779288  -0.000047509750   0.098160837046  -0.124417855297
450  0.093589191546  0.093589191546  0.004597754261  -0.000045818597   0.098141127209  -0.123864542117
451  0.093590950635  0.093590950635  0.003422304511  -0.000023910735   0.096989344412  -0.092475052401
452  0.093618268184  0.093618268184  0.004195669074  -0.000058008300   0.097755928959  -0.112591542389
453  0.093618684091  0.093618684091  0.004214269169  -0.000059737097   0.097773216163  -0.113050634013
454  0.093673302819  0.093673302819  0.003930531710  -0.000098439656   0.097505394873  -0.104276589718
455  0.093728178574  0.093728178574  0.004365323178  -0.000070554882   0.098022946870  -0.116866658008
456  0.093741852465  0.093741852465  0.004438060248  -0.000071146630   0.098108766084  -0.118829833237
457  0.093751622293  0.093751622293  0.003902179267  -0.000218660866   0.097435140694  -0.100233692609
458  0.093774610196  0.093774610196  0.003930579387  -0.000052198197   0.097652991386  -0.105536181920
459  0.093780311980  0.093780311980  0.004057068402  -0.000070760614   0.097766619769  -0.108473015764
460  0.093793167484  0.093793167484  0.004477068493  -0.000089808068   0.098180427909  -0.119383498339
461  0.093796343056  0.093796343056  0.004119849996  -0.000043572604   0.097872620448  -0.110921214623
462  0.093805848898  0.093805848898  0.004200108385  -0.000012787294   0.097993169990  -0.113942869151
463  0.093811548830  0.093811548830  0.004084100202  -0.000046695378   0.097848953653  -0.109863437609
464  0.093834687360  0.093834687360  0.003706157384  -0.000038572131   0.097502272614  -0.099800129373
465  0.093861699572  0.093861699572  0.005419389765  -0.000041783615   0.099239305722  -0.146332191985
466  0.093877345618  0.093877345618  0.004399415501  -0.000080377084   0.098196384035  -0.117527081978
467  0.093886948454  0.093886948454  0.004445240430  -0.000097757669   0.098234431215  -0.118301092423
468  0.093917899197  0.093917899197  0.004250039041  -0.000194576916   0.097973361322  -0.110354802058
469  0.093928975412  0.093928975412  0.004837397611  -0.000066056566   0.098700316457  -0.129834869706
470  0.093929596374  0.093929596374  0.005493563046  -0.000120753725   0.099302405695  -0.146201663545
471  0.093954173683  0.093954173683  0.004617989681  -0.000065976260   0.098506187104  -0.123866658012
472  0.093986774445  0.093986774445  0.004600133165  -0.000090484073   0.098496423536  -0.122713865291
473  0.094010974223  0.094010974223  0.004739935043  -0.000129208713   0.098621700553  -0.125464318475
474  0.094080760091  0.094080760091  0.003849126730  -0.000026109763   0.097903777059  -0.104029643901
475  0.094082179529  0.094082179529  0.003828327825  -0.000014111429   0.097896395926  -0.103790168056
476  0.094082985571  0.094082985571  0.003823421980  -0.000013255340   0.097893152212  -0.103679968515
477  0.094133015388  0.094133015388  0.004459782855  -0.000201854346   0.098390943897  -0.115864195807
478  0.094154244433  0.094154244433  0.004157538474  -0.000059269360   0.098252513547  -0.111519640158
479  0.094168757603  0.094168757603  0.004387392125  -0.000110985709   0.098445164019  -0.116367005546
480  0.094178976644  0.094178976644  0.004881858524  -0.000215725172   0.098845109996  -0.126972021079
481  0.094205349797  0.094205349797  0.005138645127  -0.000272978128   0.099071016797  -0.132401610987
482  0.094206046015  0.094206046015  0.005355712465  -0.000370357630   0.099191400850  -0.135658484572
483  0.094228614890  0.094228614890  0.004674253517  -0.000101713591   0.098801154817  -0.124425212965
484  0.094239477304  0.094239477304  0.004655823838  -0.000115771028   0.098779530114  -0.123541193032
485  0.094254151185  0.094254151185  0.005180830201  -0.000196337412   0.099238643974  -0.135635027094
486  0.094269088666  0.094269088666  0.003873254053  -0.000256796928   0.097885545791  -0.098408861409
487  0.094282378254  0.094282378254  0.004156199919  -0.000086322489   0.098352255684  -0.110747062712
488  0.094308286045  0.094308286045  0.004291213555  -0.000081445035   0.098518054566  -0.114553695118
489  0.094341466840  0.094341466840  0.005346621782  -0.000311380193   0.099376708429  -0.137015972964
490  0.094345713160  0.094345713160  0.004619518351  -0.000181104750   0.098784126761  -0.120775447852
491  0.094358859308  0.094358859308  0.003843143468  -0.000056082844   0.098145919932  -0.103051221471
492  0.094360631694  0.094360631694  0.005328968988  -0.000373442019   0.099316158663  -0.134846826567
493  0.094391242949  0.094391242949  0.004233632222  -0.000117615527   0.098507259644  -0.112002576692
494  0.094422229635  0.094422229635  0.004732583163  -0.000247819115   0.098906993683  -0.122036708416
495  0.094430470951  0.094430470951  0.005220536716  -0.000146734337   0.099504273331  -0.138065266074
496  0.094469195404  0.094469195404  0.003984165533  -0.000128841591   0.098324519345  -0.104908761906
497  0.094504511408  0.094504511408  0.003811201723  -0.000029984168   0.098285728962  -0.102892223366
498  0.094545001514  0.094545001514  0.004934726409  -0.000214326079   0.099265401844  -0.128448701540
499  0.094556868764  0.094556868764  0.004151111262  -0.000144757829   0.098563222197  -0.109018485800
500  0.094561145953  0.094561145953  0.004239197112  -0.000097077598   0.098703265467  -0.112712870940
501  0.094580830632  0.094580830632  0.004276432846  -0.000070453570   0.098786809908  -0.114450584472
502  0.094592359395  0.094592359395  0.004778384045  -0.000147610707   0.099223132733  -0.126009825605
503  0.094621083492  0.094621083492  0.004288602876  -0.000065445287   0.098844241081  -0.114918030407
504  0.094633013584  0.094633013584  0.004076088300  -0.000048378291   0.098660723593  -0.109599628144
505  0.094661257235  0.094661257235  0.003920900283  -0.000030924644   0.098551232874  -0.105851683092
506  0.094672322027  0.094672322027  0.003701884516  -0.000016882694   0.098357323849  -0.100274058577
507  0.094672609343  0.094672609343  0.003698938698  -0.000016770605   0.098354777436  -0.100196948840
508  0.094678629756  0.094678629756  0.004086261572  -0.000068321084   0.098696570243  -0.109333785772
509  0.094694127477  0.094694127477  0.003678434612  -0.000019121240   0.098353440848  -0.099575039884
510  0.094715370825  0.094715370825  0.004114205090  -0.000050312022   0.098779263893  -0.110584219830
511  0.094733095290  0.094733095290  0.004080622063  -0.000071248790   0.098742468563  -0.109100659881
512  0.094746132206  0.094746132206  0.003950997616  -0.000065106180   0.098632023641  -0.105740546213
513  0.094775010865  0.094775010865  0.004420750884  -0.000042573695   0.099153188055  -0.119136330782
514  0.094781621977  0.094781621977  0.004366003994  -0.000081206719   0.099066419253  -0.116595332590
515  0.094787647214  0.094787647214  0.003813815001  -0.000186829586   0.098414632629  -0.098695350907
516  0.094806840901  0.094806840901  0.004272890712  -0.000088529126   0.098991202487  -0.113862336862
517  0.094824898770  0.094824898770  0.004414376312  -0.000077075664   0.099162199418  -0.118024022846
518  0.094835571998  0.094835571998  0.004066682928  -0.000062616373   0.098839638553  -0.108956256647
519  0.094846988609  0.094846988609  0.003714401168  -0.000016509445   0.098544880332  -0.100624810835
520  0.094848956349  0.094848956349  0.003755987792  -0.000025079465   0.098579864677  -0.101523238853
521  0.094879162001  0.094879162001  0.003729988037  -0.000024561856   0.098584588182  -0.100829833981
522  0.094906660914  0.094906660914  0.004139231968  -0.000068630326   0.098977262556  -0.110766769521
523  0.094917071407  0.094917071407  0.003864925018  -0.000057329545   0.098724666880  -0.103610003454
524  0.094947132141  0.094947132141  0.003993656575  -0.000089088508   0.098851700208  -0.106248763485
525  0.094963124878  0.094963124878  0.003697724240  -0.000019421606   0.098641427513  -0.100091764315
526  0.094966368258  0.094966368258  0.003727304002  -0.000029119801   0.098664552460  -0.100632769590
527  0.094990964529  0.094990964529  0.003924096758  -0.000047354755   0.098867706531  -0.105491577316
528  0.094995716362  0.094995716362  0.003745497323  -0.000034155652   0.098707058033  -0.100990802747
529  0.095000251645  0.095000251645  0.003729722281  -0.000030237697   0.098699736228  -0.100668154801
530  0.095011932974  0.095011932974  0.003599187918  -0.000013689005   0.098597431887  -0.097566445126
531  0.095014244020  0.095014244020  0.003672069285  -0.000027398334   0.098658914971  -0.099176599118
532  0.095025139514  0.095025139514  0.003765646292  -0.000111214306   0.098679571500  -0.099442210543
533  0.095033790503  0.095033790503  0.003556028493  -0.000034707113   0.098555111882  -0.095820084598
534  0.095035710074  0.095035710074  0.003515463277  -0.000025354097   0.098525819253  -0.094970756919
535  0.095045159874  0.095045159874  0.003608505718  -0.000030059291   0.098623606302  -0.097374537130
536  0.095053011896  0.095053011896  0.003797555771  -0.000148600738   0.098701966929  -0.099293174993
537  0.095071263357  0.095071263357  0.003886829305  -0.000056103034   0.098901989628  -0.104239424839
538  0.095077416135  0.095077416135  0.004198644651  -0.000279077359   0.098996983427  -0.106656913402
539  0.095115465105  0.095115465105  0.004448688290  -0.000238890250   0.099325263145  -0.114554498384
540  0.095125205530  0.095125205530  0.003895226841  -0.000096384120   0.098924048252  -0.103371828842
541  0.095125678474  0.095125678474  0.004476463049  -0.000158992548   0.099443148975  -0.117484416790
542  0.095131312776  0.095131312776  0.003929027393  -0.000094662580   0.098965677589  -0.104338434688
543  0.095135338425  0.095135338425  0.004568695814  -0.000317929622   0.099386104617  -0.115669299152
544  0.095233660637  0.095233660637  0.004007927792  -0.000048416444   0.099193171985  -0.107743847104
545  0.095236076359  0.095236076359  0.004003099816  -0.000047918974   0.099191257202  -0.107626007986
546  0.095241861437  0.095241861437  0.003868495842  -0.000080831138   0.099029526141  -0.103067659314
547  0.095268938169  0.095268938169  0.003759207858  -0.000008963335   0.099019182692  -0.102049403807
548  0.095273026136  0.095273026136  0.003761550371  -0.000015666947   0.099018909560  -0.101930732192
549  0.095295565091  0.095295565091  0.003730337782  -0.000025751462   0.099000151410  -0.100806980165
550  0.095302083219  0.095302083219  0.003540477045  -0.000012386839   0.098830173425  -0.096004273831
551  0.095302283872  0.095302283872  0.003714742536  -0.000025888517   0.098991137890  -0.100378882238
552  0.095302576295  0.095302576295  0.003690253429  -0.000021435715   0.098971394010  -0.099833666357
553  0.095316722260  0.095316722260  0.003872247161  -0.000041672473   0.099147296948  -0.104235300054
554  0.095323239504  0.095323239504  0.003497441751  -0.000032567831   0.098788113425  -0.094284070191
555  0.095324374691  0.095324374691  0.003817866402  -0.000044176282   0.099098064812  -0.102687391343
556  0.095329760493  0.095329760493  0.003818184722  -0.000067899567   0.099080045648  -0.102050509463
557  0.095341623199  0.095341623199  0.003736339227  -0.000101801179   0.098976161248  -0.098900868663
558  0.095360726484  0.095360726484  0.003722077098  -0.000102190055   0.098980613528  -0.098502194289
559  0.095367230960  0.095367230960  0.003816372216  -0.000106448583   0.099077154594  -0.100952215957
560  0.095369273239  0.095369273239  0.003386824817  -0.000052037561   0.098704060495  -0.090744229936
561  0.095407097190  0.095407097190  0.003438344033  -0.000094902484   0.098750538740  -0.090979725375
562  0.095413352738  0.095413352738  0.004116631561  -0.000013186493   0.099516797806  -0.111660485115
563  0.095446021677  0.095446021677  0.004248182183  -0.000085180091   0.099609023769  -0.113281115123
564  0.095511568765  0.095511568765  0.004485240245  -0.000140128469   0.099856680541  -0.118236574585
565  0.095527703977  0.095527703977  0.004445318383  -0.000134521346   0.099838501014  -0.117302822491
566  0.095550836496  0.095550836496  0.004167477797  -0.000091818074   0.099626496219  -0.110904406977
567  0.095554472971  0.095554472971  0.004447715870  -0.000144629381   0.099857559461  -0.117093007703
568  0.095581870375  0.095581870375  0.004091004573  -0.000079799038   0.099593075910  -0.109150518286
569  0.095586809736  0.095586809736  0.004377589603  -0.000109179581   0.099855219757  -0.116149412460
570  0.095635563233  0.095635563233  0.004033779329  -0.000070405390   0.099598937172  -0.107848953608
571  0.095709118955  0.095709118955  0.004512033621  -0.000047161965   0.100173990610  -0.121495408569
572  0.095718313746  0.095718313746  0.004010034194  -0.000073169344   0.099655178596  -0.107127604181
573  0.095820907139  0.095820907139  0.003845356681  -0.000002810044   0.099663453777  -0.104561073568
574  0.095835842506  0.095835842506  0.003888275254  -0.000027805989   0.099696311772  -0.105048773379
575  0.095847526575  0.095847526575  0.003907717131  -0.000025790426   0.099729453281  -0.105632660359
576  0.095849239007  0.095849239007  0.004612455329  -0.000113973078   0.100347721258  -0.122409999932
577  0.095850093914  0.095850093914  0.003881392997  -0.000025014213   0.099706472698  -0.104937465642
578  0.095887710468  0.095887710468  0.003647865310  -0.000023352157   0.099512223621  -0.098628077212
579  0.095898174556  0.095898174556  0.004031481293  -0.000060656786   0.099868999064  -0.108051694006
580  0.095918821160  0.095918821160  0.004612688498  -0.000096055939   0.100435453719  -0.122903895223
581  0.095918843209  0.095918843209  0.003404326135  -0.000008482455   0.099314686889  -0.092405660694
582  0.095930587699  0.095930587699  0.004572404834  -0.000206926166   0.100296066368  -0.118790786232
583  0.095959548678  0.095959548678  0.004248505321  -0.000070847943   0.100137206056  -0.113679905980
584  0.095963893565  0.095963893565  0.003886165113  -0.000051968589   0.099798090089  -0.104333855289
585  0.095992156098  0.095992156098  0.003995883076  -0.000028650499   0.099959388676  -0.107953952562
586  0.096040949073  0.096040949073  0.004095604740  -0.000052619091   0.100083934723  -0.110015299697
587  0.096042509842  0.096042509842  0.003890035344  -0.000005995206   0.099926549981  -0.105690169814
588  0.096060368190  0.096060368190  0.003884527001  -0.000030982355   0.099913912835  -0.104860344757
589  0.096080213834  0.096080213834  0.004293747864  -0.000034401713   0.100339559986  -0.115902771866
590  0.096096055723  0.096096055723  0.004093899636  -0.000103927336   0.100086028024  -0.108572732259
591  0.096103454401  0.096103454401  0.003794946744  -0.000046429965   0.099851971179  -0.102002389475
592  0.096118524880  0.096118524880  0.004333884345  -0.000069033731   0.100383375494  -0.116052555999
593  0.096133485567  0.096133485567  0.003738072918  -0.000036033676   0.099835524809  -0.100737670623
594  0.096135214953  0.096135214953  0.004803159887  -0.000073908792   0.100864466048  -0.128689543249
595  0.096137830141  0.096137830141  0.004882703603  -0.000080911683   0.100939622061  -0.130663480652
596  0.096160667123  0.096160667123  0.003869856439  -0.000041203245   0.099989320317  -0.104183013540
597  0.096197225426  0.096197225426  0.003970921469  -0.000166128760   0.100002018135  -0.103533736321
598  0.096198864917  0.096198864917  0.003976968299  -0.000165871839   0.100009961377  -0.103705270214
599  0.096248975650  0.096248975650  0.004766205749  -0.000110278177   0.100904903222  -0.126694307524
600  0.096267937260  0.096267937260  0.004845779200  -0.000097022490   0.101016693969  -0.129220318321
601  0.096270616815  0.096270616815  0.004834641775  -0.000194693941   0.100910564649  -0.126259476486
602  0.096280945939  0.096280945939  0.003995338424  -0.000056474974   0.100219809390  -0.107181988906
603  0.096283954330  0.096283954330  0.003724249214  -0.000028223218   0.099979980326  -0.100574041792
604  0.096286516340  0.096286516340  0.003873321248  -0.000039999456   0.100119838132  -0.104310052619
605  0.096286899356  0.096286899356  0.004105584317  -0.000026095643   0.100366388030  -0.111008598087
606  0.096295817917  0.096295817917  0.004012377619  -0.000056693535   0.100251502001  -0.107639701889
607  0.096306792511  0.096306792511  0.004585044420  -0.000181506144   0.100710330786  -0.119826441435
608  0.096333228705  0.096333228705  0.004568713630  -0.000193789916   0.100708152419  -0.119047799146
609  0.096348990214  0.096348990214  0.003835759709  -0.000048386228   0.100136363695  -0.103059734747
610  0.096362138063  0.096362138063  0.003887440965  -0.000031544637   0.100218034390  -0.104924337332
611  0.096368106514  0.096368106514  0.004104784327  -0.000064178288   0.100408712553  -0.109950547177
612  0.096373301417  0.096373301417  0.004097313158  -0.000065793958   0.100404820617  -0.109703281581
613  0.096412014611  0.096412014611  0.003607893483  -0.000027705815   0.099992202279  -0.097421918705
614  0.096463585560  0.096463585560  0.004673201459  -0.000178819853   0.100957967166  -0.122298415639
615  0.096489993709  0.096489993709  0.003917697731  -0.000151883136   0.100255808304  -0.102473087272
616  0.096512349498  0.096512349498  0.004081821590  -0.000180512988   0.100413658100  -0.106160068893
617  0.096527999806  0.096527999806  0.003466121130  -0.000010333453   0.099983787483  -0.094036820798
618  0.096539673510  0.096539673510  0.004049259176  -0.000090584882   0.100498347804  -0.107721069684
619  0.096556176933  0.096556176933  0.003906805853  -0.000068516905   0.100394465881  -0.104445215881
620  0.096571419031  0.096571419031  0.003429208158  -0.000011423481   0.099989203709  -0.093002705978
621  0.096594783614  0.096594783614  0.004927145087  -0.000121740880   0.101400187821  -0.130761776041
622  0.096619527615  0.096619527615  0.004450971331  -0.000192412945   0.100878086000  -0.115881335652
623  0.096625984398  0.096625984398  0.004242788432  -0.000071536019   0.100797236811  -0.113505617919
624  0.096631667077  0.096631667077  0.003467181869  -0.000020913172   0.100077935774  -0.093777796025
625  0.096643824204  0.096643824204  0.003961223390  -0.000090601710   0.100514445884  -0.105325034781
626  0.096655695057  0.096655695057  0.003363330181  -0.000014482958   0.100004542279  -0.091126821301
627  0.096656670992  0.096656670992  0.003772797522  -0.000026686661   0.100402781853  -0.101936921074
628  0.096659523921  0.096659523921  0.004930588743  -0.000169803939   0.101420308725  -0.129547619603
629  0.096660655001  0.096660655001  0.004902696028  -0.000166565245   0.101396785784  -0.128876749196
630  0.096679660616  0.096679660616  0.003905975720  -0.000057354495   0.100528281841  -0.104726371596
631  0.096681526287  0.096681526287  0.003918083776  -0.000073502910   0.100526107153  -0.104616427782
632  0.096702377682  0.096702377682  0.004122611871  -0.000098198021   0.100726791532  -0.109509935034
633  0.096724824008  0.096724824008  0.003876585689  -0.000095316927   0.100506092770  -0.102893616780
634  0.096728010499  0.096728010499  0.003904188867  -0.000101364252   0.100530835114  -0.103480181738
635  0.096749137059  0.096749137059  0.004844484335  -0.000034120095   0.101559501300  -0.130896745497
636  0.096764513337  0.096764513337  0.003895405700  -0.000042953262   0.100616965775  -0.104830624261
637  0.096779326836  0.096779326836  0.004369751381  -0.000144097691   0.101004980526  -0.114985952810
638  0.096790309789  0.096790309789  0.004237550724  -0.000130172345   0.100897688168  -0.111767516020
639  0.096794179245  0.096794179245  0.004008754044  -0.000091862119   0.100711071170  -0.106584112928
640  0.096807394401  0.096807394401  0.004254237417  -0.000115992881   0.100945638937  -0.112607427363
641  0.096828652565  0.096828652565  0.004206197489  -0.000091676031   0.100943174024  -0.111961889214
642  0.096846878810  0.096846878810  0.004815081849  -0.000130725796   0.101531234863  -0.127467886298
643  0.096856662686  0.096856662686  0.004843167566  -0.000073846483   0.101625983770  -0.129779903728
644  0.096867143469  0.096867143469  0.004829684208  -0.000128497142   0.101568330535  -0.127925881722
645  0.096874663090  0.096874663090  0.004182324860  -0.000117005609   0.100939982341  -0.110623028265
646  0.096886724181  0.096886724181  0.004945887879  -0.000381854876   0.101450757184  -0.124193727659
647  0.096891076107  0.096891076107  0.003470364512  -0.000027659106   0.100333781512  -0.093680833866
648  0.096895385268  0.096895385268  0.003541913255  -0.000028530721   0.100408767802  -0.095604057489
649  0.096967679497  0.096967679497  0.003872765374  -0.000111198206   0.100729246665  -0.102357508828
650  0.096970010578  0.096970010578  0.003800989038  -0.000063024980   0.100707974636  -0.101715235156
651  0.096977876595  0.096977876595  0.004643379930  -0.000130433462   0.101490823063  -0.122803591534
652  0.096985615691  0.096985615691  0.003741214906  -0.000025846394   0.100700984203  -0.101100378734
653  0.096995510177  0.096995510177  0.004608314432  -0.000125222349   0.101478602260  -0.121991211908
654  0.097000419418  0.097000419418  0.003741686171  -0.000022195432   0.100719910158  -0.101212550312
655  0.097034841895  0.097034841895  0.004656310976  -0.000438754520   0.101252398351  -0.114765615751
656  0.097036779744  0.097036779744  0.004658558899  -0.000142514836   0.101552823808  -0.122887881436
657  0.097045406805  0.097045406805  0.004630953985  -0.000136050816   0.101540309974  -0.122312608081
658  0.097046223708  0.097046223708  0.003692315529  -0.000027841709   0.100710697528  -0.099715462910
659  0.097063116774  0.097063116774  0.003763703237  -0.000069029967   0.100757790045  -0.100537232231
660  0.097183165010  0.097183165010  0.003821164800  -0.000032718772   0.100971611039  -0.103088920259
661  0.097189308423  0.097189308423  0.003722370031  -0.000029733933   0.100881944520  -0.100481797906
662  0.097225709259  0.097225709259  0.004366474741  -0.000047349242   0.101544834757  -0.117529451586
663  0.097235412997  0.097235412997  0.004267489564  -0.000067882987   0.101435019574  -0.114277174409
664  0.097239439414  0.097239439414  0.003683373268  -0.000006650239   0.100916162444  -0.100048781040
665  0.097239502499  0.097239502499  0.003682883007  -0.000006645414   0.100915740092  -0.100035571637
666  0.097261078110  0.097261078110  0.004507172705  -0.000093929964   0.101674320850  -0.120090513520
667  0.097269075095  0.097269075095  0.003701923015  -0.000046662072   0.100924336038  -0.099464767616
668  0.097291609897  0.097291609897  0.003718994911  -0.000069339777   0.100941265032  -0.099312225720
669  0.097304925596  0.097304925596  0.004562265613  -0.000094754517   0.101772436691  -0.121567231419
670  0.097382839051  0.097382839051  0.004717786770  -0.000014772938   0.102085852883  -0.127975590591
671  0.097394121486  0.097394121486  0.004540813426  -0.000062095494   0.101872839418  -0.121872185135
672  0.097394492522  0.097394492522  0.004540429228  -0.000061951981   0.101872969769  -0.121865635775
673  0.097413307119  0.097413307119  0.004467929332  -0.000019891667   0.101861344784  -0.121037332137
674  0.097432196877  0.097432196877  0.004499830386  -0.000060006698   0.101872020564  -0.120813818288
675  0.097438691117  0.097438691117  0.004118977317  -0.000043706125   0.101513962310  -0.110893834526
676  0.097472052829  0.097472052829  0.004141897573  -0.000082906700   0.101531043702  -0.110450824242
677  0.097482452433  0.097482452433  0.004119407816  -0.000102904862   0.101498955386  -0.109294668475
678  0.097483291515  0.097483291515  0.004117100719  -0.000104093299   0.101496298935  -0.109199550118
679  0.097580497899  0.097580497899  0.004722503675  -0.000209191005   0.102093810569  -0.122813556402
680  0.097582182933  0.097582182933  0.004552538419  -0.000057238658   0.102077482694  -0.122323399911
681  0.097589603888  0.097589603888  0.004684729036  -0.000202568311   0.102071764612  -0.121965868342
682  0.097622531777  0.097622531777  0.004554690005  -0.000089142310   0.102088079473  -0.121513804568
683  0.097666173267  0.097666173267  0.004648855305  -0.000250853730   0.102064174843  -0.119675780081
684  0.097680582202  0.097680582202  0.004612358661  -0.000100929507   0.102192011357  -0.122762303297
685  0.097702271956  0.097702271956  0.004587037082  -0.000105720513   0.102183588525  -0.121942897692
686  0.097702330889  0.097702330889  0.004543948035  -0.000138951554   0.102107327370  -0.119866121240
687  0.097703520768  0.097703520768  0.004315754425  -0.000085760964   0.101933514229  -0.115104044071
688  0.097704130190  0.097704130190  0.004313848966  -0.000085931630   0.101932047526  -0.115047549798
689  0.097730548084  0.097730548084  0.004452731059  -0.000128856549   0.102054422594  -0.117658678864
690  0.097741012272  0.097741012272  0.003703345018  -0.000014623202   0.101429734088  -0.100375284822
691  0.097752926618  0.097752926618  0.004394070521  -0.000101144550   0.102045852589  -0.116816525758
692  0.097764441817  0.097764441817  0.003961602354  -0.000055633402   0.101670410769  -0.106286883532
693  0.097764615342  0.097764615342  0.003960722847  -0.000055387739   0.101669950450  -0.106269635760
694  0.097792349493  0.097792349493  0.004369981395  -0.000094709391   0.102067621498  -0.116336136614
695  0.097836870562  0.097836870562  0.003777807482  -0.000125988325   0.101488689719  -0.099371111808
696  0.097841237899  0.097841237899  0.004286388381  -0.000071630322   0.102055995958  -0.114689467454
697  0.097861792020  0.097861792020  0.004230300062  -0.000067483415   0.102024608667  -0.113276068905
698  0.097879063131  0.097879063131  0.004191672303  -0.000066080191   0.102004655244  -0.112263137210
699  0.097894246195  0.097894246195  0.004187828724  -0.000080769110   0.102001305808  -0.111758841967
700  0.097907541775  0.097907541775  0.004288067639  -0.000062016622   0.102133592792  -0.114996764644
701  0.097943651679  0.097943651679  0.004238642267  -0.000059801407   0.102122492539  -0.113712110173
702  0.097951167726  0.097951167726  0.004296595648  -0.000086450700   0.102161312674  -0.114563938229
703  0.097971638466  0.097971638466  0.004305098563  -0.000120678184   0.102156058845  -0.113863936700
704  0.098003649868  0.098003649868  0.003977626371  -0.000062439969   0.101918836270  -0.106537703252
705  0.098052977913  0.098052977913  0.004040256787  -0.000087307024   0.102005927676  -0.107565297188
706  0.098106579196  0.098106579196  0.004877745802  -0.000030402090   0.102953922908  -0.131903008687
707  0.098124026389  0.098124026389  0.004351864293  -0.000093347820   0.102382542862  -0.115880195143
708  0.098145911432  0.098145911432  0.004386204195  -0.000114842355   0.102417273272  -0.116229735573
709  0.098227827698  0.098227827698  0.004290001047  -0.000088559264   0.102429269482  -0.114327112941
710  0.098250046021  0.098250046021  0.004937706495  -0.000131789295   0.103055963221  -0.130775735305
711  0.098281774770  0.098281774770  0.004845410605  -0.000064827156   0.103062358219  -0.130086368456
712  0.098284410825  0.098284410825  0.004830498531  -0.000066135842   0.103048773514  -0.129644978877
713  0.098299901021  0.098299901021  0.004057280222  -0.000104819543   0.102252361700  -0.107551988529
714  0.098324215349  0.098324215349  0.004870464333  -0.000039965492   0.103154714190  -0.131444636180
715  0.098340587963  0.098340587963  0.003672772071  -0.000050142556   0.101963217478  -0.098576820793
716  0.098343988179  0.098343988179  0.004639649271  -0.000019203717   0.102964433734  -0.125728792162
717  0.098347087785  0.098347087785  0.004041677691  -0.000050261086   0.102338504390  -0.108612033791
718  0.098386265555  0.098386265555  0.004187424990  -0.000057081970   0.102516608576  -0.112392416066
719  0.098397926153  0.098397926153  0.004317776827  -0.000091192716   0.102624510264  -0.115011270880
720  0.098400530707  0.098400530707  0.004683097797  -0.000140246070   0.102943382435  -0.123617355493
721  0.098414563232  0.098414563232  0.004891760205  -0.000244690093   0.103061633344  -0.126453283647
722  0.098437224345  0.098437224345  0.004867541514  -0.000120097903   0.103184667955  -0.129184587057
723  0.098441764157  0.098441764157  0.003741535960  -0.000045904269   0.102137395847  -0.100563312180
724  0.098452578275  0.098452578275  0.004694816283  -0.000057515716   0.103089878843  -0.126187440666
725  0.098456297697  0.098456297697  0.003962594148  -0.000093585978   0.102325305868  -0.105281128931
726  0.098468728361  0.098468728361  0.003854609898  -0.000074620366   0.102248717892  -0.102858807136
727  0.098473201823  0.098473201823  0.004628343448  -0.000177704428   0.102923840843  -0.121108118633
728  0.098473731783  0.098473731783  0.003925581150  -0.000092267961   0.102307044973  -0.104309818524
729  0.098475937823  0.098475937823  0.004625000867  -0.000182666634   0.102918272056  -0.120882133747
730  0.098490742829  0.098490742829  0.003704856921  -0.000087927876   0.102107671875  -0.098421703026
731  0.098518112600  0.098518112600  0.004830692034  -0.000216590686   0.103132213947  -0.125556157409
732  0.098525030533  0.098525030533  0.004070183663  -0.000148987191   0.102446227006  -0.106701245680
733  0.098542511349  0.098542511349  0.004679881524  -0.000220080083   0.103002312790  -0.121357440930
734  0.098549597047  0.098549597047  0.004193906890  -0.000100375312   0.102643128626  -0.111390725203
735  0.098555871423  0.098555871423  0.004897518108  -0.000176849264   0.103276540267  -0.128456008192
736  0.098567674166  0.098567674166  0.004155020340  -0.000099526627   0.102623167879  -0.110355661623
737  0.098570710764  0.098570710764  0.004223977303  -0.000028568176   0.102766119891  -0.114162955924
738  0.098575283197  0.098575283197  0.003873337444  -0.000018113897   0.102430506744  -0.104906030018
739  0.098584045822  0.098584045822  0.004007175625  -0.000106389966   0.102484831481  -0.106145838885
740  0.098587470482  0.098587470482  0.004318853610  -0.000130305493   0.102776018600  -0.113976258256
741  0.098604441085  0.098604441085  0.004937998719  -0.000242089938   0.103300349866  -0.127782252190
742  0.098605865876  0.098605865876  0.004976707312  -0.000251957736   0.103330615452  -0.128567050622
743  0.098607639978  0.098607639978  0.004521052200  -0.000205358400   0.102923333778  -0.117436070259
744  0.098613557530  0.098613557530  0.004587972049  -0.000050777457   0.103150752123  -0.123463416934
745  0.098628968699  0.098628968699  0.004793945426  -0.000226880157   0.103196033968  -0.124276239864
746  0.098630702182  0.098630702182  0.004685079194  -0.000141254744   0.103174526632  -0.123643824628
747  0.098696032167  0.098696032167  0.004189740664  -0.000233831454   0.102651941376  -0.107645827872
748  0.098711857412  0.098711857412  0.004585708491  -0.000120514254   0.103177051649  -0.121504186456
749  0.098726834700  0.098726834700  0.004527376979  -0.000085685525   0.103168526154  -0.120864642818
750  0.098850648198  0.098850648198  0.003845482890  -0.000038080011   0.102658051077  -0.103604762704
751  0.098851903814  0.098851903814  0.003841865735  -0.000037659188   0.102656110360  -0.103517786025
752  0.098870389078  0.098870389078  0.003393135024  -0.000012233412   0.102251290690  -0.091999066117
753  0.098880726745  0.098880726745  0.003854701441  -0.000073670970   0.102661757216  -0.102887132562
754  0.098896682792  0.098896682792  0.003840637658  -0.000087689589   0.102649630861  -0.102122971075
755  0.098903895330  0.098903895330  0.003407909659  -0.000046613041   0.102265191949  -0.091465586813
756  0.098935817729  0.098935817729  0.004120557923  -0.000095269058   0.102961106594  -0.109533745404
757  0.098945308719  0.098945308719  0.004102097091  -0.000089451520   0.102957954291  -0.109189703710
758  0.098975820916  0.098975820916  0.003947388221  -0.000083587551   0.102839621587  -0.105139425554
759  0.098996807629  0.098996807629  0.003422822020  -0.000047440837   0.102372188812  -0.091848847519
760  0.099006838367  0.099006838367  0.003549839979  -0.000055145722   0.102501532624  -0.095095523295
761  0.099038745281  0.099038745281  0.004467197055  -0.000070186062   0.103435756273  -0.119648824915
762  0.099057388898  0.099057388898  0.004283497460  -0.000094200019   0.103246686339  -0.113996648399
763  0.099107414199  0.099107414199  0.004353191553  -0.000089564324   0.103371041427  -0.116019265963
764  0.099111454952  0.099111454952  0.004677647460  -0.000045364086   0.103743738326  -0.126050915788
765  0.099113276065  0.099113276065  0.005013581280  -0.000100957451   0.104025899894  -0.133679372067
766  0.099115831061  0.099115831061  0.004488516413  -0.000011788666   0.103592558808  -0.121818029414
767  0.099140463728  0.099140463728  0.004721068515  -0.000070423517   0.103791108726  -0.126550561307
768  0.099143157150  0.099143157150  0.004753569661  -0.000092127147   0.103804599664  -0.126844376805
769  0.099154781092  0.099154781092  0.004659067165  -0.000093741198   0.103720107060  -0.124228911021
770  0.099161015938  0.099161015938  0.004518153801  -0.000067318232   0.103611851506  -0.121113466989
771  0.099164517155  0.099164517155  0.003883669036  -0.000030735466   0.103017450725  -0.104843716546
772  0.099173887371  0.099173887371  0.003872701109  -0.000048173769   0.102998414711  -0.104070743257
773  0.099193421505  0.099193421505  0.004600474533  -0.000117254408   0.103676641629  -0.121994696099
774  0.099194915325  0.099194915325  0.004599212513  -0.000113245890   0.103680881948  -0.122069432158
775  0.099221848234  0.099221848234  0.004629940977  -0.000158481340   0.103693307871  -0.121674676772
776  0.099227462525  0.099227462525  0.004608618060  -0.000133250857   0.103702829728  -0.121781007115
777  0.099258753151  0.099258753151  0.004589531836  -0.000121959870   0.103726325118  -0.121568887808
778  0.099262566859  0.099262566859  0.004358304890  -0.000137223739   0.103483648010  -0.114861527635
779  0.099267023296  0.099267023296  0.004460922966  -0.000078527718   0.103649418544  -0.119251110049
780  0.099282005835  0.099282005835  0.003976019341  -0.000160868898   0.103097156277  -0.103815584752
781  0.099289768124  0.099289768124  0.004290700061  -0.000068909859   0.103511558327  -0.114880821916
782  0.099307383313  0.099307383313  0.004394050664  -0.000094272608   0.103607161370  -0.117002980601
783  0.099377950117  0.099377950117  0.003930585465  -0.000046634492   0.103261901090  -0.105687743514
784  0.099394194894  0.099394194894  0.003948498265  -0.000059365921   0.103283327239  -0.105828735878
785  0.099484554708  0.099484554708  0.004789588273  -0.000249843296   0.104024299685  -0.123532816459
786  0.099495035721  0.099495035721  0.003936331102  -0.000065221537   0.103366145285  -0.105338310804
787  0.099517809053  0.099517809053  0.004493842806  -0.000052659418   0.103958992441  -0.120850817626
788  0.099538533841  0.099538533841  0.003951300416  -0.000126781724   0.103363052534  -0.104070507943
789  0.099581838369  0.099581838369  0.004710931318  -0.000107453192   0.104185316495  -0.125267084670
790  0.099611201928  0.099611201928  0.004761494244  -0.000130617382   0.104242078790  -0.126012642647
791  0.099634774339  0.099634774339  0.004713162697  -0.000126732523   0.104221204513  -0.124803186033
792  0.099673094412  0.099673094412  0.004043901343  -0.000070292785   0.103646702971  -0.108127451930
793  0.099714330107  0.099714330107  0.004027085676  -0.000095689569   0.103645726214  -0.106978792029
794  0.099715480558  0.099715480558  0.004244982937  -0.000246614616   0.103713848879  -0.108801199724
795  0.099716145292  0.099716145292  0.004248847242  -0.000246017780   0.103718974754  -0.108922593628
796  0.099745658184  0.099745658184  0.003853201495  -0.000008111102   0.103590748578  -0.104630292736
797  0.099747743251  0.099747743251  0.003850271478  -0.000008815756   0.103589198973  -0.104531388247
798  0.099753462315  0.099753462315  0.003831246367  -0.000001377734   0.103583330947  -0.104216087304
799  0.099761352324  0.099761352324  0.004528885080  -0.000158759622   0.104131477783  -0.118917231902
800  0.099763597270  0.099763597270  0.003863826205  -0.000033137734   0.103594285740  -0.104238396252
801  0.099788987589  0.099788987589  0.004805535754  -0.000148777506   0.104445745837  -0.126716911380
802  0.099789481180  0.099789481180  0.003958253071  -0.000059872631   0.103687861619  -0.106080389488
803  0.099804011959  0.099804011959  0.003935999235  -0.000064040894   0.103675970300  -0.105361407207
804  0.100008075921  0.100008075921  0.004262681061  -0.000168858911   0.104101898071  -0.111398632065
805  0.100010784037  0.100010784037  0.004000218383  -0.000036150164   0.103974852257  -0.107867845941
806  0.100020603985  0.100020603985  0.004124487244  -0.000060727300   0.104084363929  -0.110580597345
807  0.100035217535  0.100035217535  0.004004877839  -0.000052730993   0.103987364381  -0.107543448689
808  0.100047121805  0.100047121805  0.004293328225  -0.000243849424   0.104096600605  -0.110191987431
809  0.100072374513  0.100072374513  0.004171291082  -0.000146700543   0.104096965052  -0.109514742986
810  0.100121256968  0.100121256968  0.004193647615  -0.000030302218   0.104284602365  -0.113290456942
811  0.100121355762  0.100121355762  0.004194660532  -0.000030490636   0.104285525658  -0.113312892706
812  0.100155945463  0.100155945463  0.004360830824  -0.000062685548   0.104454090740  -0.116958550367
813  0.100192329716  0.100192329716  0.003712875988  -0.000020022233   0.103885183470  -0.100487720657
814  0.100197320754  0.100197320754  0.003750196971  -0.000029494181   0.103918023544  -0.101245531897
815  0.100203675152  0.100203675152  0.004229767400  -0.000125822346   0.104307620206  -0.111674090446
816  0.100205957345  0.100205957345  0.003638953985  -0.000040951125   0.103803960205  -0.097906695013
817  0.100206400696  0.100206400696  0.003645830216  -0.000039604040   0.103812626872  -0.098130462978
818  0.100214572786  0.100214572786  0.004283149462  -0.000155603747   0.104342118500  -0.112316297463
819  0.100238538505  0.100238538505  0.004078609916  -0.000078555897   0.104238592525  -0.108847069945
820  0.100245628550  0.100245628550  0.004054076983  -0.000067323325   0.104232382208  -0.108485148481
821  0.100263371534  0.100263371534  0.004202075322  -0.000128156386   0.104337290470  -0.110857037728
822  0.100304310279  0.100304310279  0.004079314827  -0.000119490519   0.104264134588  -0.107752363180
823  0.100361909640  0.100361909640  0.004337538714  -0.000043821433   0.104655626921  -0.116838058415
824  0.100388420775  0.100388420775  0.004448723217  -0.000086454470   0.104750689522  -0.118703439781
825  0.100397087494  0.100397087494  0.004360448019  -0.000080043895   0.104677491618  -0.116475788772
826  0.100412720902  0.100412720902  0.004394840741  -0.000085604626   0.104721957017  -0.117260347621
827  0.100438465632  0.100438465632  0.004373399250  -0.000126956479   0.104684908403  -0.115551652834
828  0.100439188125  0.100439188125  0.004266444576  -0.000046776699   0.104658856002  -0.114823070468
829  0.100461324813  0.100461324813  0.004140434888  -0.000108754043   0.104493005658  -0.109707680153
830  0.100530737922  0.100530737922  0.004249380847  -0.000045157976   0.104734960793  -0.114402790237
831  0.100535558477  0.100535558477  0.004285117630  -0.000099921976   0.104720754131  -0.113885033021
832  0.100564736752  0.100564736752  0.004431736232  -0.000120657690   0.104875815294  -0.117310482634
833  0.100566714524  0.100566714524  0.004266726484  -0.000082138363   0.104751302645  -0.113868501187
834  0.100575545038  0.100575545038  0.004327503329  -0.000130818925   0.104772229442  -0.114197657997
835  0.100584603351  0.100584603351  0.004342541715  -0.000219234184   0.104707910883  -0.112200970560
836  0.100656590162  0.100656590162  0.004207478162  -0.000131117046   0.104732951279  -0.110923492882
837  0.100671227635  0.100671227635  0.004085490359  -0.000091640760   0.104665077234  -0.108678238994
838  0.100693535829  0.100693535829  0.004285209481  -0.000045667807   0.104933077503  -0.115363864327
839  0.100695565786  0.100695565786  0.004204508929  -0.000053938524   0.104846136191  -0.112942831520
840  0.100710211831  0.100710211831  0.004765042812  -0.000106165328   0.105369089316  -0.126774578780
841  0.100739965045  0.100739965045  0.004223202950  -0.000024806088   0.104938361908  -0.114244256380
842  0.100779938091  0.100779938091  0.004279539649  -0.000104501252   0.104954976489  -0.113608639851
843  0.100786911593  0.100786911593  0.004296975690  -0.000119416505   0.104964470777  -0.113677234002
844  0.100797594416  0.100797594416  0.004243074905  -0.000094855833   0.104945813489  -0.112878848466
845  0.100838636380  0.100838636380  0.004357753304  -0.000293427105   0.104902962579  -0.110596005928
846  0.100880676279  0.100880676279  0.004156660585  -0.000062287885   0.104975048979  -0.111413613286
847  0.100901986824  0.100901986824  0.003600851613  -0.000021076025   0.104481762413  -0.097410705453
848  0.100905490909  0.100905490909  0.003961616756  -0.000053890058   0.104813217608  -0.106334714288
849  0.100910590041  0.100910590041  0.004197118357  -0.000113025236   0.104994683161  -0.111133891527
850  0.100921411858  0.100921411858  0.003621007874  -0.000044885675   0.104497534057  -0.097311291598
851  0.100985207530  0.100985207530  0.004216746745  -0.000071413782   0.105130540492  -0.112800313369
852  0.100989731658  0.100989731658  0.004218896147  -0.000075167061   0.105133460744  -0.112756669652
853  0.101004004324  0.101004004324  0.004017378077  -0.000077117243   0.104944265158  -0.107220013648
854  0.101038795703  0.101038795703  0.003586800760  -0.000017448671   0.104608147792  -0.097127067424
855  0.101047678961  0.101047678961  0.003575636350  -0.000024832812   0.104598482499  -0.096622335396
856  0.101055589545  0.101055589545  0.004245976001  -0.000093975232   0.105207590314  -0.112981753720
857  0.101064152523  0.101064152523  0.004258793517  -0.000102577752   0.105220368288  -0.113096449675
858  0.101138812573  0.101138812573  0.004415510815  -0.000054607323   0.105499716066  -0.118666289301
859  0.101146045248  0.101146045248  0.003318893859  -0.000011798705   0.104453140402  -0.089990689082
860  0.101155024529  0.101155024529  0.003333107218  -0.000021437473   0.104466694274  -0.090115170087
861  0.101159323153  0.101159323153  0.004179933486  -0.000050649311   0.105288607327  -0.112363603395
862  0.101190011727  0.101190011727  0.004290098628  -0.000087736600   0.105392373755  -0.114352154081
863  0.101200183141  0.101200183141  0.004170813081  -0.000094035010   0.105276961213  -0.110934838803
864  0.101203259817  0.101203259817  0.004200162057  -0.000112640002   0.105290781872  -0.111227197644
865  0.101204041899  0.101204041899  0.004226749828  -0.000186117871   0.105244673856  -0.109951252438
866  0.101216439114  0.101216439114  0.004332912895  -0.000129868077   0.105419483932  -0.114370733745
867  0.101265275318  0.101265275318  0.004023927880  -0.000065889983   0.105223313215  -0.107703752422
868  0.101272711821  0.101272711821  0.003351978743  -0.000021967049   0.104602723516  -0.090614280230
869  0.101276180855  0.101276180855  0.003349779839  -0.000016650843   0.104609309851  -0.090699106364
870  0.101300432320  0.101300432320  0.004125477163  -0.000023760242   0.105402149242  -0.111613459839
871  0.101301956124  0.101301956124  0.004138382596  -0.000021754436   0.105418584284  -0.112019215506
872  0.101315208600  0.101315208600  0.003992118438  -0.000036690699   0.105270636339  -0.107632726395
873  0.101326160745  0.101326160745  0.004239610049  -0.000051838099   0.105513932694  -0.113955137636
874  0.101360007899  0.101360007899  0.004281386215  -0.000073339843   0.105568054271  -0.114506833055
875  0.101364494659  0.101364494659  0.004033842028  -0.000056909942   0.105341426745  -0.108217889775
876  0.101376881798  0.101376881798  0.004310340199  -0.000113454755   0.105573767242  -0.114203128569
877  0.101385944793  0.101385944793  0.004127620364  -0.000195755950   0.105317809207  -0.106991535316
878  0.101481522351  0.101481522351  0.004107696445  -0.000085192037   0.105504026759  -0.109457976446
879  0.101521215325  0.101521215325  0.003816790821  -0.000034528420   0.105303477726  -0.102920655097
880  0.101523889179  0.101523889179  0.003958298092  -0.000072024660   0.105410162611  -0.105750940856
881  0.101546373278  0.101546373278  0.004010928391  -0.000087890606   0.105469411064  -0.106751350392
882  0.101575163646  0.101575163646  0.003848980744  -0.000099472041   0.105324672348  -0.102029381104
883  0.101588346086  0.101588346086  0.004154509091  -0.000189898227   0.105552956951  -0.107882612071
884  0.101615657496  0.101615657496  0.004027092571  -0.000048423268   0.105594326799  -0.108265161860
885  0.101657805448  0.101657805448  0.004035301636  -0.000113299821   0.105579807264  -0.106723160201
886  0.101752560016  0.101752560016  0.004128820341  -0.000099516238   0.105781864119  -0.109643005653
887  0.101761414300  0.101761414300  0.004117546769  -0.000103171830   0.105775789239  -0.109236762204
888  0.101868865297  0.101868865297  0.004089519419  -0.000043447788   0.105914936929  -0.110099273605
889  0.101906763254  0.101906763254  0.004072315729  -0.000067426451   0.105911652532  -0.108978644107
890  0.102050501372  0.102050501372  0.004414333444  -0.000160033385   0.106304801432  -0.115765460631
891  0.102056871341  0.102056871341  0.004271764958  -0.000036756214   0.106291880085  -0.115240516937
892  0.102058754315  0.102058754315  0.004310257828  -0.000069781216   0.106299230927  -0.115389305292
893  0.102064172865  0.102064172865  0.004273373490  -0.000047789100   0.106289757255  -0.114984067065
894  0.102095647671  0.102095647671  0.003995103369  -0.000005462781   0.106085288260  -0.108563705905
895  0.102130336510  0.102130336510  0.004021177020  -0.000045808307   0.106105705224  -0.108175348201
896  0.102135102085  0.102135102085  0.004333919771  -0.000074123332   0.106394898523  -0.115915024818
897  0.102151983600  0.102151983600  0.004353659553  -0.000179879649   0.106325763503  -0.113574394457
898  0.102172308910  0.102172308910  0.004073055787  -0.000079731509   0.106165633188  -0.108663944256
899  0.102174150718  0.102174150718  0.004016464155  -0.000085953206   0.106104661668  -0.106954705644
900  0.102175986947  0.102175986947  0.004250261837  -0.000086958480   0.106339290303  -0.113289312960
901  0.102231097232  0.102231097232  0.004392666507  -0.000122597190   0.106501166549  -0.116194564222
902  0.102288680972  0.102288680972  0.004247949384  -0.000050290128   0.106486340228  -0.114224185068
903  0.102359854437  0.102359854437  0.004265742832  -0.000074466132   0.106551131136  -0.114050506786
904  0.102360171165  0.102360171165  0.004265953837  -0.000075004119   0.106551120883  -0.114041609150
905  0.102396105019  0.102396105019  0.004299281784  -0.000119513023   0.106575873779  -0.113737359649
906  0.102398318026  0.102398318026  0.004309375911  -0.000131479139   0.106576214797  -0.113686420203
907  0.102460657227  0.102460657227  0.004515259322  -0.000499760946   0.106476155603  -0.109267332505
908  0.102555821539  0.102555821539  0.004562410496  -0.000003694491   0.107114537543  -0.124049044674
909  0.102645230939  0.102645230939  0.004564128772  -0.000088919674   0.107120440038  -0.121776704861
910  0.102676935411  0.102676935411  0.003467615547  -0.000069500812   0.106075050146  -0.092467459313
911  0.102741731008  0.102741731008  0.004144399305  -0.000039010479   0.106847119834  -0.111713377516
912  0.102775342230  0.102775342230  0.004161679549  -0.000079725194   0.106857296585  -0.111075692724
913  0.102830557454  0.102830557454  0.004627500989  -0.000308641348   0.107149417095  -0.117522217229
914  0.102835105728  0.102835105728  0.004634096840  -0.000321125977   0.107148076592  -0.117361975361
915  0.102843434043  0.102843434043  0.003369538241  -0.000011315281   0.106201657003  -0.091381948260
916  0.102880708193  0.102880708193  0.004007062921  -0.000078590464   0.106809180649  -0.106899235406
917  0.102927587208  0.102927587208  0.004003081849  -0.000119361261   0.106811307797  -0.105681474430
918  0.103008048905  0.103008048905  0.004140481006  -0.000044290935   0.107104238976  -0.111463066491
919  0.103022816943  0.103022816943  0.003995853879  -0.000074909991   0.106943760831  -0.106694372512
920  0.103026242394  0.103026242394  0.003987573054  -0.000075948344   0.106937867104  -0.106440784635
921  0.103052899873  0.103052899873  0.004152411923  -0.000083152658   0.107122159138  -0.110730241583
922  0.103406988450  0.103406988450  0.004336763994  -0.000058078443   0.107685674001  -0.116429024000
923  0.103503098460  0.103503098460  0.004347454853  -0.000154261375   0.107696291938  -0.114102665022
924  0.103699643230  0.103699643230  0.004260031473  -0.000040249207   0.107919425495  -0.114826183132
925  0.103756840950  0.103756840950  0.004283923599  -0.000103497594   0.107937266955  -0.113755244206
926  0.103895060997  0.103895060997  0.004244602630  -0.000053497926   0.108086165701  -0.114045826558
927  0.103930902491  0.103930902491  0.004246822840  -0.000088890200   0.108088835130  -0.113143168232
928  0.104344351818  0.104344351818  0.004211954994  -0.000161590793   0.108394716019  -0.110216080414
929  0.104599511628  0.104599511628  0.004062066559  -0.000074556716   0.108587021471  -0.108505725325
