0	0.00464   	0.00059   	0.01298   	1.96304   	 (0.00000   )
1	-0.00651  	0.00335   	-0.01289  	1.29878   	 (-0.00000  )
2	0.00173   	-0.00241  	0.32124   	1.37109   	 (-0.00000  )
3	0.00010   	-0.00149  	-0.32128  	1.37110   	 (0.00000   )
4	0.02431   	0.00916   	0.00940   	1.96030   	 (-0.00000  )
5	-0.01424  	-0.00374  	0.30363   	1.35327   	 (0.00000   )
6	-0.01294  	-0.00388  	-0.30360  	1.35318   	 (-0.00000  )
7	0.00266   	-0.00158  	-0.00964  	1.33015   	 (-0.00000  )
8	0.01405   	0.00263   	0.01165   	1.95556   	 (-0.00000  )
9	0.00101   	0.00072   	-0.40386  	1.83787   	 (0.00000   )
10	0.00091   	0.00064   	0.40393   	1.83748   	 (0.00000   )
11	0.04793   	0.01485   	0.20406   	1.39577   	 (-0.00000  )
12	0.04911   	0.01462   	-0.20526  	1.39565   	 (0.00000   )
13	-0.11473  	-0.02817  	0.03010   	1.95117   	 (-0.00000  )
14	0.01752   	-0.00111  	-0.03030  	1.35003   	 (0.00000   )
15	-0.00178  	-0.00099  	0.00034   	1.33508   	 (-0.00000  )
16	-0.01248  	-0.00038  	0.28593   	1.33961   	 (-0.00000  )
17	-0.00466  	-0.00050  	-0.28619  	1.33974   	 (0.00000   )
18	0.00007   	0.00157   	-0.30726  	1.34531   	 (-0.00000  )
19	0.00004   	0.00153   	0.30835   	1.34546   	 (-0.00000  )
20	0.00006   	-0.00298  	0.00004   	1.35555   	 (0.00000   )
21	0.00288   	-0.00162  	-0.01128  	1.37137   	 (0.00000   )
22	0.00011   	-0.00070  	-0.00006  	1.40030   	 (-0.00000  )
23	-0.00014  	-0.00002  	0.00017   	1.44529   	 (0.00000   )
24	0.00193   	0.00369   	-0.25263  	1.91435   	 (-0.00000  )
25	0.00188   	0.00363   	0.25230   	1.91453   	 (-0.00000  )
26	0.00169   	0.00115   	0.56551   	1.61740   	 (0.00000   )
27	0.00173   	0.00112   	-0.56551  	1.61776   	 (0.00000   )
28	0.00027   	-0.00084  	0.14582   	1.32983   	 (-0.00000  )
29	0.00185   	-0.00094  	-0.14581  	1.47196   	 (0.00000   )
30	-0.00192  	0.00843   	0.03018   	1.31712   	 (0.00000   )
31	0.00249   	-0.00734  	-0.03015  	1.51206   	 (-0.00000  )
32	-0.00008  	-0.00330  	0.00403   	1.65514   	 (0.00000   )
33	-0.00314  	-0.00071  	0.56354   	1.57469   	 (0.00000   )
34	-0.00318  	-0.00070  	-0.56355  	1.57504   	 (-0.00000  )
35	0.00442   	0.00084   	0.01885   	1.61861   	 (0.00000   )
36	-0.00463  	0.00272   	-0.02251  	1.33388   	 (-0.00000  )
37	-0.00127  	-0.00280  	0.25997   	1.36720   	 (-0.00000  )
38	-0.00094  	-0.00194  	-0.25999  	1.36698   	 (0.00000   )
39	-0.00129  	0.00369   	0.00150   	1.33671   	 (-0.00000  )
40	0.00097   	-0.00389  	-0.18742  	1.33368   	 (0.00000   )
41	0.00097   	-0.00386  	0.18809   	1.33382   	 (0.00000   )
42	-0.00083  	0.00163   	-0.00158  	1.39261   	 (0.00000   )
43	0.01226   	0.00268   	0.00785   	1.94850   	 (-0.00000  )
44	0.00087   	0.00069   	0.00947   	1.94489   	 (-0.00000  )
45	-0.00297  	0.00090   	0.00172   	1.46622   	 (0.00000   )
46	0.05071   	-0.00218  	-0.01150  	1.43145   	 (0.00000   )
47	-0.02592  	0.00011   	0.21373   	1.30521   	 (0.00000   )
48	-0.02332  	0.00002   	-0.21443  	1.30487   	 (-0.00000  )
49	-0.00730  	-0.00083  	0.25983   	1.32699   	 (0.00000   )
50	-0.00719  	-0.00089  	-0.26011  	1.32736   	 (0.00000   )
51	0.00217   	-0.00079  	-0.00742  	1.41341   	 (0.00000   )
52	0.00978   	0.00519   	0.55374   	1.64368   	 (-0.00000  )
53	0.01080   	0.00563   	-0.55323  	1.64670   	 (-0.00000  )
54	-0.00216  	-0.00543  	0.28143   	1.42917   	 (0.00000   )
55	-0.00060  	-0.00459  	-0.28135  	1.35448   	 (-0.00000  )
56	-0.00151  	0.00467   	0.33061   	1.43131   	 (0.00000   )
57	-0.00195  	0.00604   	-0.33061  	1.36858   	 (-0.00000  )
58	-0.00730  	-0.00643  	0.56454   	1.55433   	 (0.00000   )
59	-0.00736  	-0.00554  	-0.56523  	1.55723   	 (-0.00000  )
60	0.00172   	0.00298   	-0.25172  	1.90607   	 (0.00000   )
61	0.00161   	0.00284   	0.25220   	1.90640   	 (-0.00000  )
62	0.00593   	-0.01574  	-0.01072  	1.87866   	 (-0.00000  )
63	0.00060   	0.00105   	0.00690   	1.33187   	 (0.00000   )
64	0.00025   	0.00200   	-0.49101  	1.65923   	 (0.00000   )
65	-0.00058  	0.00017   	0.49105   	1.65925   	 (0.00000   )
66	-0.00113  	-0.00030  	-0.00135  	1.38079   	 (-0.00000  )
67	-0.00446  	0.01869   	0.00519   	1.39869   	 (0.00000   )
68	-0.00182  	-0.00312  	-0.00023  	1.31420   	 (0.00000   )
69	0.00009   	0.00247   	0.08565   	1.34694   	 (0.00000   )
70	0.00037   	0.00265   	-0.08251  	1.37611   	 (-0.00000  )
71	0.00028   	-0.00236  	-0.60669  	1.63873   	 (0.00000   )
72	0.00035   	-0.00235  	0.60655   	1.63872   	 (-0.00000  )
73	-0.00037  	0.00061   	0.00166   	1.32225   	 (0.00000   )
74	0.21495   	0.00423   	0.06597   	1.90420   	 (0.00000   )
75	-0.01221  	0.05489   	-0.00204  	1.39084   	 (0.00000   )
76	0.00871   	-0.02861  	-0.07379  	1.34827   	 (0.00000   )
77	0.00803   	-0.02574  	0.07977   	1.34875   	 (-0.00000  )
78	-0.09238  	-0.00353  	-0.07765  	1.40849   	 (-0.00000  )
79	-0.08875  	0.00671   	0.12059   	1.40471   	 (-0.00000  )
80	0.00464   	0.00094   	0.25218   	1.92986   	 (-0.00000  )
81	-0.00648  	0.00178   	-0.24983  	1.47788   	 (0.00000   )
82	0.00070   	-0.00426  	0.06340   	1.33384   	 (0.00000   )
83	-0.00044  	-0.00397  	-0.06835  	1.33283   	 (-0.00000  )
84	-0.05155  	0.02008   	-0.31167  	1.60976   	 (-0.00000  )
85	0.00609   	0.00762   	0.31111   	1.61072   	 (0.00000   )
86	0.05255   	-0.01796  	0.06827   	1.41015   	 (-0.00000  )
87	-0.00309  	0.00080   	0.01842   	1.38995   	 (0.00000   )
88	-0.00663  	-0.00124  	-0.09910  	1.27888   	 (0.00000   )
89	-0.01330  	0.06363   	-0.00954  	1.79193   	 (0.00000   )
90	-0.07444  	0.02340   	0.06841   	1.42261   	 (-0.00000  )
91	-0.06331  	0.01963   	-0.09537  	1.42857   	 (0.00000   )
92	0.01058   	0.00426   	-0.02531  	1.93351   	 (-0.00000  )
93	0.11159   	-0.03937  	-0.04031  	1.31436   	 (-0.00000  )
94	0.00927   	-0.04773  	0.00499   	1.42747   	 (0.00000   )
95	-0.00507  	-0.00249  	0.27839   	1.36790   	 (0.00000   )
96	-0.00469  	-0.00253  	-0.27860  	1.36784   	 (-0.00000  )
97	-0.00961  	0.07034   	-0.00099  	1.28155   	 (-0.00000  )
98	-0.01335  	0.01152   	-0.51383  	1.59310   	 (-0.00000  )
99	-0.00051  	-0.01969  	0.50133   	1.58670   	 (-0.00000  )
100	0.02813   	-0.15088  	0.00520   	1.35479   	 (-0.00000  )
101	0.01609   	-0.07132  	-0.07050  	1.44378   	 (0.00000   )
102	-0.01797  	0.12019   	0.08188   	1.42670   	 (-0.00000  )
103	-0.00062  	0.00005   	0.00344   	1.35497   	 (-0.00000  )
104	0.00304   	0.00081   	0.01203   	1.93881   	 (-0.00000  )
105	0.02011   	-0.04837  	-0.00246  	1.85117   	 (-0.00000  )
106	-0.00071  	-0.00016  	0.21873   	1.30657   	 (-0.00000  )
107	-0.00161  	-0.00052  	-0.21722  	1.30688   	 (0.00000   )
108	0.02558   	0.00909   	0.00402   	1.87980   	 (-0.00000  )
109	0.00654   	-0.01365  	-0.01306  	1.85039   	 (-0.00000  )
110	-0.00573  	0.00253   	0.50737   	1.62582   	 (-0.00000  )
111	-0.00493  	0.00465   	-0.50410  	1.62630   	 (-0.00000  )
112	-0.00296  	0.00719   	0.01311   	1.34664   	 (0.00000   )
113	0.08244   	0.00854   	0.15455   	1.83945   	 (0.00000   )
114	0.00804   	0.00760   	0.03633   	1.54028   	 (0.00000   )
115	-0.01277  	0.03979   	0.14625   	1.31686   	 (-0.00000  )
116	0.00515   	-0.00260  	-0.20606  	1.45474   	 (-0.00000  )
117	0.00191   	0.00559   	-0.14726  	1.31986   	 (0.00000   )
118	0.00850   	0.00519   	0.23252   	1.45254   	 (0.00000   )
119	-0.00807  	0.00423   	-0.15894  	1.56751   	 (0.00000   )
120	-0.00122  	-0.03123  	0.00627   	1.35369   	 (0.00000   )
121	-0.00829  	-0.01116  	0.06893   	1.39973   	 (0.00000   )
122	-0.00011  	-0.00399  	-0.10435  	1.45549   	 (0.00000   )
123	-0.04541  	0.02943   	0.41114   	1.63971   	 (0.00000   )
124	0.04680   	0.01840   	-0.35657  	1.40572   	 (-0.00000  )
125	-0.00123  	-0.00488  	-0.51992  	1.63775   	 (-0.00000  )
126	0.00666   	-0.00210  	0.52077   	1.63837   	 (0.00000   )
127	-0.03019  	-0.02235  	0.18450   	1.38439   	 (-0.00000  )
128	-0.03586  	-0.01486  	-0.23000  	1.38992   	 (-0.00000  )
129	0.00571   	-0.02499  	-0.00145  	1.47880   	 (0.00000   )
130	-0.01849  	0.08947   	0.00059   	1.36933   	 (0.00000   )
131	-0.00717  	0.01088   	0.55244   	1.55214   	 (0.00000   )
132	-0.00744  	0.01336   	-0.55507  	1.55489   	 (0.00000   )
133	0.00447   	-0.03550  	0.00612   	1.32785   	 (0.00000   )
134	0.00024   	-0.00309  	-0.00535  	1.39902   	 (0.00000   )
135	-0.10925  	0.02340   	0.15740   	1.42985   	 (-0.00000  )
136	0.03684   	-0.01118  	0.03915   	1.42955   	 (0.00000   )
137	0.05523   	-0.02608  	-0.25488  	1.44628   	 (-0.00000  )
138	0.25060   	0.04568   	0.00457   	1.52887   	 (0.00000   )
139	0.00787   	0.00131   	0.00069   	1.35153   	 (0.00000   )
140	-0.00588  	0.00375   	0.41290   	1.59762   	 (-0.00000  )
141	0.00040   	0.00141   	-0.45107  	1.61411   	 (0.00000   )
142	0.01761   	-0.01053  	0.17683   	1.43219   	 (-0.00000  )
143	0.24879   	0.06716   	0.43103   	1.51423   	 (-0.00000  )
144	-0.17431  	0.12240   	0.39506   	1.46738   	 (0.00000   )
145	0.00787   	-0.00306  	0.08796   	1.65236   	 (-0.00000  )
146	0.10738   	-0.06486  	-0.32255  	1.48639   	 (0.00000   )
147	-0.10188  	0.20899   	-0.26995  	1.73253   	 (0.00000   )
148	0.04903   	-0.13617  	0.11336   	1.33255   	 (0.00000   )
149	-0.17158  	-0.06479  	-0.31683  	1.42968   	 (-0.00000  )
150	0.01964   	-0.11691  	0.19325   	1.47591   	 (-0.00000  )
151	-0.01442  	0.07081   	-0.21188  	1.40770   	 (0.00000   )
152	-0.00059  	0.00003   	0.00038   	1.38823   	 (-0.00000  )
153	-0.00815  	0.05524   	-0.06597  	1.38376   	 (-0.00000  )
154	0.05127   	-0.27866  	0.05502   	1.54087   	 (0.00000   )
155	-0.01582  	0.08691   	-0.42538  	1.59643   	 (0.00000   )
156	-0.00889  	0.03681   	0.42793   	1.45921   	 (-0.00000  )
157	-0.14158  	0.00150   	0.21886   	1.43179   	 (0.00000   )
158	-0.12881  	-0.00622  	-0.39644  	1.52833   	 (-0.00000  )
159	0.00565   	-0.03228  	-0.00173  	1.34512   	 (-0.00000  )
160	-0.01434  	0.05321   	-0.02537  	1.58689   	 (0.00000   )
161	0.01405   	0.02179   	0.04232   	1.56907   	 (-0.00000  )
162	-0.00271  	0.02553   	0.55077   	1.68954   	 (-0.00000  )
163	-0.00687  	0.02706   	0.00290   	1.43021   	 (-0.00000  )
164	-0.00734  	-0.05334  	-0.45126  	1.58775   	 (-0.00000  )
165	0.00128   	0.00589   	0.06033   	1.33237   	 (-0.00000  )
166	-0.00351  	0.00044   	-0.07793  	1.50352   	 (0.00000   )
167	-0.04548  	0.24750   	-0.00182  	1.66350   	 (0.00000   )
168	0.00071   	0.00438   	-0.28391  	1.88629   	 (0.00000   )
169	0.00068   	0.00431   	0.28380   	1.88684   	 (-0.00000  )
170	-0.01056  	0.05432   	-0.08186  	1.63256   	 (-0.00000  )
171	0.00019   	0.00048   	0.42147   	1.47528   	 (-0.00000  )
172	0.00085   	-0.00251  	-0.42152  	1.47525   	 (0.00000   )
173	-0.00834  	0.12032   	0.06054   	1.59126   	 (-0.00000  )
174	0.02508   	-0.19269  	0.00936   	1.31632   	 (-0.00000  )
175	-0.00302  	0.01240   	-0.00563  	1.83944   	 (-0.00000  )
176	0.00105   	-0.00528  	0.00565   	1.21465   	 (0.00000   )
177	-0.00957  	0.01178   	-0.11352  	1.37463   	 (-0.00000  )
178	0.00510   	-0.09261  	-0.01017  	1.52155   	 (0.00000   )
179	-0.03246  	0.00191   	0.14124   	1.30606   	 (0.00000   )
180	-0.00319  	0.02258   	-0.39903  	1.63774   	 (-0.00000  )
181	0.01906   	-0.00323  	0.39500   	1.63775   	 (-0.00000  )
182	0.04165   	-0.18859  	0.01280   	1.40830   	 (-0.00000  )
183	0.00029   	-0.00124  	0.00420   	1.50036   	 (-0.00000  )
184	0.05449   	-0.26829  	-0.00016  	1.47817   	 (0.00000   )
185	-0.00029  	0.00003   	0.00314   	1.30140   	 (0.00000   )
186	-0.00168  	0.00010   	0.00508   	1.45075   	 (0.00000   )
187	-0.03944  	0.18068   	0.05447   	1.33669   	 (-0.00000  )
188	0.01229   	0.01438   	-0.05670  	1.36905   	 (0.00000   )
189	-0.00323  	0.00127   	-0.00340  	1.37490   	 (-0.00000  )
190	0.01207   	-0.00628  	0.15024   	1.30901   	 (0.00000   )
191	0.01305   	-0.00730  	-0.14932  	1.30928   	 (-0.00000  )
192	-0.02055  	0.00631   	-0.00901  	1.76912   	 (-0.00000  )
193	-0.00155  	0.00170   	0.14805   	1.49284   	 (0.00000   )
194	0.00514   	0.00303   	-0.14766  	1.90636   	 (-0.00000  )
195	0.04946   	-0.05756  	0.00587   	1.84598   	 (-0.00000  )
196	-0.00145  	-0.00098  	0.03717   	1.35647   	 (0.00000   )
197	-0.00142  	-0.00087  	-0.03018  	1.35884   	 (-0.00000  )
198	-0.03537  	0.02065   	0.02549   	1.45409   	 (0.00000   )
199	0.07394   	0.09127   	-0.00562  	1.32751   	 (0.00000   )
200	-0.08499  	-0.05220  	0.06597   	1.42919   	 (-0.00000  )
201	0.10716   	0.03217   	0.30124   	1.39016   	 (0.00000   )
202	-0.00011  	-0.00254  	-0.06008  	1.36912   	 (0.00000   )
203	-0.00023  	-0.00249  	0.05261   	1.36645   	 (-0.00000  )
204	0.01177   	-0.00898  	-0.33372  	1.82764   	 (-0.00000  )
205	0.16092   	0.06639   	0.05122   	1.44662   	 (0.00000   )
206	-0.01133  	-0.02167  	0.00554   	1.42692   	 (-0.00000  )
207	0.02010   	0.00767   	-0.20379  	1.44066   	 (0.00000   )
208	-0.00076  	-0.00009  	-0.00074  	1.43048   	 (-0.00000  )
209	-0.03921  	-0.01632  	0.30063   	1.46515   	 (-0.00000  )
210	-0.00116  	-0.00949  	-0.50967  	1.68319   	 (0.00000   )
211	0.02042   	0.06543   	0.46923   	1.60544   	 (-0.00000  )
212	0.00922   	-0.00266  	0.00032   	1.92947   	 (0.00000   )
213	0.08914   	0.00031   	0.32598   	1.44279   	 (-0.00000  )
214	-0.00269  	0.02306   	0.06146   	1.82908   	 (-0.00000  )
215	0.02031   	-0.05023  	-0.33405  	1.41618   	 (0.00000   )
216	-0.00617  	0.00143   	0.25491   	1.34914   	 (-0.00000  )
217	0.00692   	-0.01480  	0.02914   	1.38667   	 (0.00000   )
218	-0.00100  	0.00135   	-0.25435  	1.34866   	 (0.00000   )
219	-0.00487  	-0.00574  	0.26917   	1.35498   	 (0.00000   )
220	-0.00329  	0.00036   	-0.27569  	1.35497   	 (-0.00000  )
221	-0.00197  	-0.00062  	-0.00215  	1.35099   	 (-0.00000  )
222	0.10218   	0.10032   	0.38267   	1.49962   	 (-0.00000  )
223	-0.10061  	0.19502   	0.08330   	1.48559   	 (-0.00000  )
224	0.03139   	-0.05772  	-0.29537  	1.41548   	 (0.00000   )
225	-0.01119  	-0.14345  	0.15340   	1.39879   	 (0.00000   )
226	-0.05953  	0.21898   	0.46087   	1.57146   	 (0.00000   )
227	0.03738   	-0.11074  	-0.46716  	1.55396   	 (0.00000   )
228	0.01700   	-0.04348  	-0.01297  	1.83935   	 (-0.00000  )
229	-0.10012  	0.15360   	0.33889   	1.48460   	 (0.00000   )
230	0.06161   	-0.07981  	-0.37009  	1.47212   	 (-0.00000  )
231	-0.48814  	0.03194   	0.02355   	1.62481   	 (-0.00000  )
232	0.21808   	-0.00610  	0.04822   	1.28376   	 (0.00000   )
233	0.02333   	-0.00814  	-0.00771  	1.91472   	 (0.00000   )
234	-0.00433  	0.04189   	0.00811   	1.36213   	 (0.00000   )
235	0.00798   	-0.00589  	0.47084   	1.65781   	 (0.00000   )
236	-0.00129  	-0.00728  	-0.47126  	1.65741   	 (0.00000   )
237	-0.02069  	0.00769   	0.02494   	1.90459   	 (-0.00000  )
238	0.00652   	0.00834   	0.37872   	1.47329   	 (-0.00000  )
239	-0.00159  	0.02613   	-0.36876  	1.46863   	 (0.00000   )
240	-0.01306  	-0.02044  	0.02625   	1.62289   	 (-0.00000  )
241	0.00064   	0.02421   	0.00072   	1.33145   	 (-0.00000  )
242	-0.00764  	-0.01508  	0.35738   	1.49671   	 (-0.00000  )
243	-0.00239  	-0.00565  	-0.36644  	1.50342   	 (0.00000   )
244	0.07136   	-0.35114  	0.12703   	1.48751   	 (0.00000   )
245	0.02203   	-0.12171  	-0.38451  	1.43789   	 (0.00000   )
246	-0.02984  	0.17357   	-0.04612  	1.39254   	 (-0.00000  )
247	0.00294   	-0.00281  	0.00387   	1.32567   	 (0.00000   )
248	-0.04912  	-0.06262  	0.24980   	1.39328   	 (0.00000   )
249	-0.00235  	-0.00195  	-0.01647  	1.47353   	 (-0.00000  )
250	0.02736   	0.03151   	-0.48696  	1.61051   	 (0.00000   )
251	-0.03937  	0.20146   	-0.06843  	1.72435   	 (-0.00000  )
252	0.00039   	-0.01111  	0.01773   	1.35424   	 (0.00000   )
253	0.02766   	-0.12775  	0.05801   	1.49878   	 (-0.00000  )
254	0.00177   	-0.02305  	-0.01379  	1.47225   	 (0.00000   )
255	0.03132   	-0.16074  	0.21436   	1.41832   	 (0.00000   )
256	-0.01023  	0.05739   	-0.23646  	1.39310   	 (-0.00000  )
257	-0.04842  	0.22226   	0.01630   	1.35859   	 (0.00000   )
258	-0.01772  	0.00052   	0.17533   	1.28396   	 (-0.00000  )
259	-0.01511  	-0.00318  	-0.15172  	1.29042   	 (0.00000   )
260	0.01499   	0.01263   	0.08762   	1.55613   	 (0.00000   )
261	0.01675   	-0.14194  	-0.07764  	1.52542   	 (-0.00000  )
262	-0.01419  	0.02161   	0.35672   	1.60306   	 (-0.00000  )
263	-0.03537  	-0.05536  	0.01557   	1.48593   	 (-0.00000  )
264	0.19894   	0.01827   	-0.05531  	1.46754   	 (0.00000   )
265	-0.00476  	0.02186   	-0.01756  	1.70159   	 (0.00000   )
266	0.00581   	-0.01192  	0.01795   	1.55276   	 (-0.00000  )
267	0.02403   	-0.00464  	-0.39288  	1.71416   	 (-0.00000  )
268	0.01013   	-0.02072  	0.28570   	1.65391   	 (-0.00000  )
269	0.03466   	-0.01191  	0.12464   	1.40528   	 (-0.00000  )
270	-0.06775  	-0.00459  	0.05456   	1.34594   	 (0.00000   )
271	0.07507   	-0.00127  	-0.07564  	1.46979   	 (0.00000   )
272	-0.04941  	-0.00695  	-0.37046  	1.62699   	 (0.00000   )
273	0.02741   	0.00526   	0.41956   	1.60399   	 (-0.00000  )
274	-0.00359  	-0.00997  	-0.47784  	1.56535   	 (-0.00000  )
275	0.00142   	0.00258   	-0.28474  	1.43836   	 (-0.00000  )
276	0.00113   	0.00175   	0.29017   	1.44002   	 (-0.00000  )
277	0.04343   	-0.00632  	0.04913   	1.60626   	 (-0.00000  )
278	0.00484   	-0.00169  	-0.04646  	1.53305   	 (0.00000   )
279	0.00922   	-0.00586  	0.53047   	1.51702   	 (0.00000   )
280	0.01717   	-0.02304  	-0.52687  	1.69480   	 (-0.00000  )
281	0.08515   	0.07440   	0.29663   	1.34555   	 (0.00000   )
282	0.11069   	-0.17095  	-0.27712  	1.70960   	 (-0.00000  )
283	-0.04783  	0.06943   	0.34183   	1.48125   	 (-0.00000  )
284	-0.15512  	0.07485   	-0.36047  	1.48197   	 (-0.00000  )
285	-0.13676  	0.00260   	0.15677   	1.38680   	 (0.00000   )
286	0.00230   	-0.00554  	0.30468   	1.37013   	 (-0.00000  )
287	0.00194   	-0.00600  	-0.30462  	1.37023   	 (0.00000   )
288	-0.00017  	0.03601   	0.31078   	1.41332   	 (0.00000   )
289	-0.17225  	0.00754   	-0.22766  	1.38974   	 (-0.00000  )
290	0.02331   	-0.00390  	-0.19799  	1.45567   	 (-0.00000  )
291	0.00266   	0.00590   	-0.02741  	1.46279   	 (-0.00000  )
292	-0.00439  	0.05307   	0.23861   	1.43646   	 (0.00000   )
293	-0.01583  	0.03420   	-0.26918  	1.41786   	 (0.00000   )
294	0.07896   	0.03181   	0.29733   	1.53752   	 (-0.00000  )
295	-0.02636  	-0.01513  	0.20693   	1.52443   	 (-0.00000  )
296	-0.00380  	0.00216   	-0.00115  	1.59488   	 (-0.00000  )
297	0.00483   	0.00250   	0.00391   	1.61124   	 (0.00000   )
298	-0.02836  	0.05207   	0.30484   	1.38191   	 (0.00000   )
299	-0.06289  	0.31137   	-0.01537  	1.72271   	 (0.00000   )
300	0.02931   	-0.14384  	-0.02739  	1.48106   	 (-0.00000  )
301	0.16280   	-0.09653  	-0.44904  	1.49491   	 (0.00000   )
302	-0.02788  	0.00670   	-0.01186  	1.35041   	 (-0.00000  )
303	0.23041   	0.06824   	0.43176   	1.50501   	 (-0.00000  )
304	0.02998   	-0.16172  	0.04703   	1.58781   	 (0.00000   )
305	0.04299   	-0.00646  	0.00797   	1.27704   	 (-0.00000  )
306	-0.03238  	-0.01096  	0.00898   	1.55348   	 (-0.00000  )
307	0.01645   	-0.00301  	-0.00687  	1.50879   	 (0.00000   )
308	0.10172   	-0.09556  	-0.05400  	1.46789   	 (0.00000   )
309	0.04256   	-0.23693  	-0.30114  	1.43632   	 (0.00000   )
310	-0.07993  	0.43326   	0.28709   	1.56255   	 (0.00000   )
311	-0.08640  	-0.08586  	-0.04531  	1.49254   	 (0.00000   )
312	-0.00199  	0.13223   	0.02053   	1.49905   	 (-0.00000  )
313	-0.01167  	0.00200   	-0.00824  	1.34992   	 (0.00000   )
314	0.04064   	-0.00762  	0.05247   	1.63025   	 (0.00000   )
315	-0.00243  	0.00963   	-0.01815  	1.62671   	 (-0.00000  )
316	-0.02635  	0.02552   	0.03253   	1.27346   	 (0.00000   )
317	-0.00766  	-0.01964  	-0.03316  	1.49072   	 (-0.00000  )
318	0.01168   	-0.00187  	0.09654   	1.66714   	 (-0.00000  )
319	0.00777   	-0.00706  	-0.13614  	1.67521   	 (0.00000   )
320	-0.00392  	0.00897   	-0.00208  	1.25372   	 (0.00000   )
321	0.13300   	0.28135   	0.20228   	1.49959   	 (0.00000   )
322	0.14723   	0.25647   	-0.15992  	1.71170   	 (0.00000   )
323	0.24850   	0.00319   	0.05812   	1.33447   	 (-0.00000  )
324	-0.01284  	0.01530   	0.01904   	1.59955   	 (-0.00000  )
325	-0.09248  	-0.04507  	0.38360   	1.57919   	 (-0.00000  )
326	-0.08247  	-0.01872  	-0.40198  	1.59518   	 (0.00000   )
327	-0.08125  	-0.27798  	0.11412   	1.62083   	 (-0.00000  )
328	0.00037   	0.01141   	-0.02010  	1.60289   	 (0.00000   )
329	-0.17336  	-0.27741  	-0.13178  	1.66502   	 (0.00000   )
330	0.01645   	0.09408   	-0.17228  	1.45981   	 (0.00000   )
331	0.03905   	0.14567   	0.09091   	1.48651   	 (-0.00000  )
332	-0.07171  	-0.17207  	0.06920   	1.43923   	 (0.00000   )
333	-0.04387  	-0.00900  	0.28932   	1.37502   	 (0.00000   )
334	0.01646   	-0.00068  	-0.00399  	1.32660   	 (0.00000   )
335	0.04885   	-0.01277  	-0.23406  	1.72361   	 (-0.00000  )
336	0.01478   	-0.03630  	-0.02022  	1.39646   	 (-0.00000  )
337	0.04623   	0.07942   	0.00127   	1.38588   	 (-0.00000  )
338	-0.02727  	0.01442   	-0.10511  	1.55024   	 (0.00000   )
339	-0.00307  	0.01466   	0.11500   	1.52516   	 (-0.00000  )
340	0.02497   	-0.05189  	0.12735   	1.56464   	 (0.00000   )
341	-0.10187  	-0.05282  	-0.12964  	1.37759   	 (-0.00000  )
342	-0.00236  	0.02937   	0.12210   	1.71681   	 (-0.00000  )
343	0.01848   	0.02235   	-0.12753  	1.70804   	 (-0.00000  )
344	0.00513   	-0.03750  	0.02759   	1.24476   	 (0.00000   )
345	-0.02171  	0.09013   	-0.02968  	1.48614   	 (-0.00000  )
346	0.00485   	-0.03106  	-0.40974  	1.54213   	 (0.00000   )
347	0.01022   	-0.01201  	0.43842   	1.58066   	 (-0.00000  )
348	-0.02456  	-0.00048  	-0.02347  	1.28886   	 (0.00000   )
349	0.01574   	0.00789   	0.18172   	1.89949   	 (-0.00000  )
350	-0.00964  	0.01133   	-0.18214  	1.51727   	 (0.00000   )
351	0.00087   	-0.00051  	-0.36081  	1.58770   	 (0.00000   )
352	0.00049   	0.00581   	0.31180   	1.57103   	 (-0.00000  )
353	-0.00340  	-0.00891  	0.21288   	1.30363   	 (-0.00000  )
354	-0.00250  	-0.00597  	-0.20950  	1.29995   	 (0.00000   )
355	0.03618   	0.00469   	0.19517   	1.35469   	 (0.00000   )
356	-0.00328  	0.00123   	0.00340   	1.38350   	 (0.00000   )
357	0.30639   	0.05342   	0.04359   	1.55703   	 (-0.00000  )
358	0.02159   	-0.01452  	0.00122   	1.45450   	 (0.00000   )
359	-0.08748  	-0.00672  	0.22275   	1.39345   	 (-0.00000  )
360	0.00396   	0.12085   	0.03804   	1.50528   	 (-0.00000  )
361	0.05567   	-0.00190  	-0.02368  	1.48021   	 (-0.00000  )
362	-0.06931  	-0.07829  	-0.00714  	1.31476   	 (-0.00000  )
363	-0.00131  	-0.00963  	-0.01759  	1.43006   	 (-0.00000  )
364	0.03422   	0.02897   	0.28095   	1.62076   	 (0.00000   )
365	0.05364   	-0.01284  	-0.21099  	1.65112   	 (-0.00000  )
366	-0.02053  	-0.00602  	0.03732   	1.57493   	 (0.00000   )
367	0.16409   	0.03545   	0.27824   	1.54554   	 (0.00000   )
368	0.31774   	-0.00958  	0.33344   	1.54750   	 (-0.00000  )
369	-0.09606  	-0.03959  	0.17494   	1.53938   	 (-0.00000  )
370	-0.09060  	-0.00931  	-0.08671  	1.89898   	 (-0.00000  )
371	-0.09397  	0.03258   	-0.11592  	1.43274   	 (0.00000   )
372	0.00718   	-0.01041  	-0.46660  	1.62095   	 (-0.00000  )
373	-0.00083  	0.01012   	0.46789   	1.61656   	 (0.00000   )
374	0.02802   	0.02658   	-0.20817  	1.46309   	 (0.00000   )
375	0.15262   	0.10016   	-0.01894  	1.37846   	 (0.00000   )
376	0.02188   	0.00743   	0.03226   	1.34651   	 (-0.00000  )
377	-0.20311  	-0.13365  	-0.18678  	1.43965   	 (-0.00000  )
378	-0.01202  	0.01327   	-0.01893  	1.32951   	 (-0.00000  )
379	-0.11915  	0.01707   	-0.22342  	1.47900   	 (-0.00000  )
380	-0.06985  	0.01133   	0.23858   	1.41812   	 (0.00000   )
381	-0.00214  	0.00321   	0.21778   	1.43072   	 (-0.00000  )
382	0.00270   	0.00211   	-0.19727  	1.44629   	 (0.00000   )
383	0.02229   	-0.00228  	-0.00898  	1.52380   	 (0.00000   )
384	-0.18222  	0.01971   	0.24796   	1.59897   	 (-0.00000  )
385	0.12561   	-0.00400  	0.09571   	1.72081   	 (-0.00000  )
386	0.01827   	0.01767   	-0.35583  	1.47220   	 (0.00000   )
387	0.12370   	-0.04920  	0.00550   	1.79648   	 (-0.00000  )
388	-0.00073  	0.01822   	0.19628   	1.35003   	 (-0.00000  )
389	0.05150   	-0.00440  	0.29644   	1.60524   	 (-0.00000  )
390	0.06161   	0.03099   	-0.26911  	1.61812   	 (-0.00000  )
391	0.00649   	0.47694   	-0.01904  	1.59137   	 (-0.00000  )
392	-0.00914  	-0.02292  	0.28405   	1.44036   	 (-0.00000  )
393	0.01282   	0.01124   	-0.03064  	1.47404   	 (0.00000   )
394	0.00624   	-0.30143  	0.00517   	1.41163   	 (-0.00000  )
395	0.00118   	-0.00445  	0.10092   	1.39720   	 (-0.00000  )
396	0.00056   	0.01544   	0.03039   	1.32594   	 (-0.00000  )
397	0.09177   	0.19243   	0.32449   	1.45119   	 (0.00000   )
398	-0.08781  	-0.17255  	-0.12970  	1.50482   	 (0.00000   )
399	-0.00275  	-0.01483  	-0.29510  	1.43981   	 (0.00000   )
400	-0.02361  	-0.02810  	-0.43941  	1.47637   	 (-0.00000  )
401	-0.00255  	0.00066   	-0.16230  	1.42702   	 (-0.00000  )
402	-0.00231  	0.00423   	0.15710   	1.41974   	 (0.00000   )
403	0.04508   	0.01383   	0.36766   	1.62067   	 (0.00000   )
404	-0.03271  	0.00125   	0.05596   	1.50786   	 (0.00000   )
405	-0.02733  	-0.01093  	0.05405   	1.49140   	 (-0.00000  )
406	-0.03456  	0.01642   	-0.05570  	1.85198   	 (-0.00000  )
407	-0.01203  	0.00988   	-0.40234  	1.55479   	 (0.00000   )
408	-0.02188  	-0.00157  	-0.07857  	1.38977   	 (-0.00000  )
409	0.03148   	-0.01051  	-0.00972  	1.41606   	 (0.00000   )
410	0.05567   	-0.03994  	0.01232   	1.42059   	 (-0.00000  )
411	0.00349   	-0.05300  	-0.11214  	1.41065   	 (0.00000   )
412	0.06347   	-0.03812  	0.15066   	1.42273   	 (-0.00000  )
413	-0.00361  	-0.00122  	-0.00983  	1.41039   	 (-0.00000  )
414	0.00375   	-0.02159  	0.31152   	1.39558   	 (-0.00000  )
415	-0.25605  	0.02025   	-0.04140  	1.49365   	 (0.00000   )
416	-0.04069  	0.00083   	0.08569   	1.69248   	 (0.00000   )
417	0.00477   	-0.01661  	-0.28631  	1.46656   	 (-0.00000  )
418	-0.00597  	-0.00582  	0.46904   	1.52399   	 (0.00000   )
419	-0.17582  	0.05986   	-0.03501  	1.48802   	 (-0.00000  )
420	-0.17460  	0.05028   	0.06352   	1.50469   	 (0.00000   )
421	-0.00293  	-0.00239  	-0.50636  	1.54295   	 (-0.00000  )
422	0.18560   	-0.01403  	-0.03201  	1.51181   	 (-0.00000  )
423	0.09235   	0.00545   	-0.04270  	1.52048   	 (0.00000   )
424	-0.00144  	-0.00009  	0.01137   	1.33856   	 (-0.00000  )
425	-0.01408  	0.02579   	0.13663   	1.52773   	 (0.00000   )
426	0.00570   	0.10563   	-0.06378  	1.44349   	 (0.00000   )
427	0.08529   	-0.01649  	0.04495   	1.47420   	 (0.00000   )
428	-0.11271  	0.03482   	0.03704   	1.43445   	 (0.00000   )
429	-0.07197  	0.00340   	-0.16727  	1.43442   	 (0.00000   )
430	-0.07104  	-0.08660  	0.28118   	1.45892   	 (0.00000   )
431	-0.01336  	-0.30392  	0.02304   	1.50487   	 (-0.00000  )
432	0.15399   	0.03678   	-0.15292  	1.43292   	 (0.00000   )
433	-0.00467  	-0.00649  	0.14800   	1.41150   	 (-0.00000  )
434	-0.00321  	-0.00055  	-0.01046  	1.51989   	 (0.00000   )
435	-0.10870  	0.04432   	-0.10407  	1.38554   	 (-0.00000  )
436	-0.00042  	0.00010   	-0.52359  	1.70983   	 (-0.00000  )
437	-0.00069  	0.00046   	0.52401   	1.71001   	 (-0.00000  )
438	-0.00414  	-0.00691  	-0.14534  	1.49481   	 (0.00000   )
439	0.00382   	-0.00001  	-0.00148  	1.25565   	 (0.00000   )
440	0.59135   	-0.01905  	-0.13750  	1.65173   	 (0.00000   )
441	-0.16568  	-0.02374  	0.11308   	1.34365   	 (0.00000   )
442	0.00446   	-0.00013  	0.00030   	1.38491   	 (-0.00000  )
443	-0.00156  	-0.00048  	0.50795   	1.53869   	 (-0.00000  )
444	-0.00135  	-0.00029  	-0.50804  	1.53871   	 (-0.00000  )
445	-0.04988  	0.00809   	-0.05441  	1.33774   	 (0.00000   )
446	-0.00178  	0.00843   	-0.00022  	1.45694   	 (-0.00000  )
447	0.00059   	-0.00386  	0.00025   	1.25624   	 (-0.00000  )
448	-0.10569  	0.45739   	-0.27785  	1.57167   	 (0.00000   )
449	0.00036   	-0.00448  	-0.16814  	1.64088   	 (0.00000   )
450	0.00055   	-0.00339  	0.14918   	1.64388   	 (0.00000   )
451	0.05261   	-0.17538  	0.26685   	1.40909   	 (-0.00000  )
452	0.00032   	-0.00114  	0.31582   	1.66064   	 (-0.00000  )
453	0.00068   	0.00035   	-0.29586  	1.65771   	 (0.00000   )
454	-0.00034  	0.00107   	-0.00027  	1.27263   	 (0.00000   )
455	-0.11259  	-0.20307  	-0.23625  	1.41827   	 (-0.00000  )
456	0.07692   	0.01747   	-0.44670  	1.64721   	 (0.00000   )
457	0.00002   	-0.00019  	-0.00021  	1.28860   	 (-0.00000  )
458	0.13438   	0.10529   	-0.19651  	1.48710   	 (-0.00000  )
459	0.04181   	0.08637   	0.34268   	1.48020   	 (0.00000   )
460	-0.14771  	-0.00081  	0.23323   	1.55838   	 (0.00000   )
461	-0.09675  	-0.03594  	0.11314   	1.66968   	 (0.00000   )
462	-0.00281  	-0.00519  	-0.12929  	1.77875   	 (0.00000   )
463	0.11426   	0.07258   	0.18658   	1.48850   	 (-0.00000  )
464	0.00084   	-0.00290  	-0.00595  	1.26475   	 (-0.00000  )
465	0.01114   	0.06384   	-0.03418  	1.83269   	 (0.00000   )
466	0.06554   	0.01452   	0.11347   	1.36832   	 (0.00000   )
467	0.04578   	0.01282   	-0.16597  	1.31238   	 (0.00000   )
468	0.03664   	0.00816   	-0.00145  	1.54446   	 (0.00000   )
469	0.18005   	0.25627   	0.04674   	1.59942   	 (0.00000   )
470	0.00677   	-0.03260  	-0.01312  	1.82773   	 (-0.00000  )
471	0.22329   	0.10677   	0.04625   	1.58562   	 (-0.00000  )
472	0.02119   	-0.16178  	0.07067   	1.51130   	 (-0.00000  )
473	-0.05020  	-0.11277  	0.07074   	1.49504   	 (-0.00000  )
474	0.00861   	0.01490   	-0.00280  	1.26501   	 (0.00000   )
475	-0.00674  	-0.00757  	-0.67764  	1.71495   	 (0.00000   )
476	-0.00268  	-0.00333  	0.68245   	1.71859   	 (0.00000   )
477	0.06758   	0.00092   	-0.18251  	1.35849   	 (0.00000   )
478	-0.05237  	-0.02301  	0.26846   	1.65190   	 (-0.00000  )
479	-0.05522  	-0.00712  	-0.19936  	1.64012   	 (0.00000   )
480	0.01035   	0.04312   	0.03032   	1.57276   	 (0.00000   )
481	-0.00177  	-0.07892  	0.07964   	1.34114   	 (-0.00000  )
482	-0.01410  	0.06851   	0.01448   	1.52618   	 (0.00000   )
483	-0.14366  	0.04732   	0.16493   	1.55443   	 (0.00000   )
484	-0.13514  	-0.11932  	0.09712   	1.47853   	 (-0.00000  )
485	-0.04837  	0.04498   	-0.14513  	1.33953   	 (-0.00000  )
486	0.00140   	0.00156   	0.00680   	1.27165   	 (-0.00000  )
487	-0.05651  	-0.18861  	0.05869   	1.58048   	 (0.00000   )
488	-0.01314  	0.11246   	0.02765   	1.55687   	 (-0.00000  )
489	0.12678   	0.01917   	-0.09145  	1.38261   	 (0.00000   )
490	0.11417   	-0.00202  	-0.01199  	1.40032   	 (0.00000   )
491	-0.00791  	0.02947   	0.21254   	1.36507   	 (0.00000   )
492	0.00906   	-0.02440  	0.13913   	1.33582   	 (-0.00000  )
493	0.03327   	0.02197   	-0.22448  	1.40949   	 (-0.00000  )
494	0.08364   	-0.01954  	-0.13168  	1.36820   	 (-0.00000  )
495	0.30324   	-0.00329  	0.04230   	1.69096   	 (0.00000   )
496	0.01196   	-0.00591  	-0.02555  	1.74810   	 (0.00000   )
497	0.00053   	-0.02084  	0.07208   	1.45071   	 (0.00000   )
498	-0.08063  	-0.00586  	0.08490   	1.38960   	 (0.00000   )
499	-0.03409  	0.01934   	0.11659   	1.55854   	 (-0.00000  )
500	-0.07982  	0.03379   	0.15296   	1.50824   	 (-0.00000  )
501	-0.11603  	0.12526   	-0.18707  	1.54492   	 (0.00000   )
502	-0.37640  	0.01228   	-0.11624  	1.47489   	 (-0.00000  )
503	-0.02238  	-0.00454  	0.25851   	1.45916   	 (0.00000   )
504	0.03197   	0.04758   	0.07832   	1.41279   	 (0.00000   )
505	0.01103   	-0.01519  	-0.00601  	1.43101   	 (-0.00000  )
506	-0.00230  	0.00758   	-0.27619  	1.67269   	 (-0.00000  )
507	0.01267   	-0.00446  	0.27724   	1.67264   	 (0.00000   )
508	0.01945   	0.02521   	0.08125   	1.46343   	 (-0.00000  )
509	-0.01076  	0.00128   	0.00079   	1.23031   	 (0.00000   )
510	0.04842   	0.03462   	0.01672   	1.38341   	 (0.00000   )
511	0.04231   	0.00147   	0.21860   	1.45131   	 (-0.00000  )
512	0.01659   	-0.02027  	0.12812   	1.39907   	 (-0.00000  )
513	-0.03726  	0.18695   	-0.03800  	1.58655   	 (0.00000   )
514	0.11539   	0.01735   	0.11436   	1.47373   	 (0.00000   )
515	0.00866   	-0.00034  	-0.00378  	1.49892   	 (-0.00000  )
516	0.03325   	-0.06474  	0.21380   	1.49156   	 (0.00000   )
517	0.00222   	0.03760   	-0.04741  	1.51474   	 (0.00000   )
518	0.02784   	-0.13725  	-0.01091  	1.47970   	 (-0.00000  )
519	-0.00256  	0.01399   	0.34808   	1.80508   	 (0.00000   )
520	-0.00939  	0.05350   	-0.31468  	1.72735   	 (-0.00000  )
521	-0.00272  	-0.03141  	0.46152   	1.61691   	 (0.00000   )
522	-0.00845  	0.02575   	-0.09953  	1.54822   	 (-0.00000  )
523	-0.00914  	0.04905   	-0.00153  	1.28722   	 (0.00000   )
524	0.01792   	-0.08635  	-0.00461  	1.44951   	 (-0.00000  )
525	0.00672   	-0.02627  	-0.05657  	1.63549   	 (-0.00000  )
526	-0.00297  	0.01389   	0.05233   	1.58858   	 (0.00000   )
527	-0.05767  	0.00827   	-0.28597  	1.52523   	 (-0.00000  )
528	-0.03221  	0.01786   	-0.02084  	1.58896   	 (0.00000   )
529	0.10120   	-0.03324  	0.05275   	1.59020   	 (-0.00000  )
530	-0.01468  	0.02037   	0.35520   	1.58822   	 (0.00000   )
531	-0.09308  	0.01043   	0.00569   	1.26387   	 (-0.00000  )
532	-0.00244  	0.01082   	-0.00193  	1.25307   	 (0.00000   )
533	-0.20703  	0.01586   	-0.27533  	1.57058   	 (-0.00000  )
534	0.11858   	-0.06350  	-0.25692  	1.46993   	 (-0.00000  )
535	0.01720   	-0.01975  	0.18511   	1.39681   	 (0.00000   )
536	0.00017   	-0.01349  	0.00015   	1.50609   	 (0.00000   )
537	-0.08575  	0.02982   	0.31119   	1.47090   	 (-0.00000  )
538	0.05493   	-0.01267  	-0.02013  	1.46921   	 (0.00000   )
539	0.12573   	-0.14090  	-0.04629  	1.45884   	 (0.00000   )
540	0.00494   	-0.05078  	-0.10030  	1.49277   	 (0.00000   )
541	-0.05675  	0.07764   	0.04976   	1.46262   	 (-0.00000  )
542	-0.00934  	-0.06088  	0.10971   	1.52318   	 (-0.00000  )
543	-0.06876  	-0.05566  	-0.03272  	1.45814   	 (-0.00000  )
544	-0.00722  	0.03262   	0.34234   	1.43968   	 (-0.00000  )
545	-0.00525  	0.03023   	-0.34839  	1.44584   	 (0.00000   )
546	-0.02908  	-0.02107  	-0.33385  	1.43680   	 (0.00000   )
547	-0.00274  	0.00546   	-0.13211  	1.49257   	 (-0.00000  )
548	-0.00200  	0.00534   	0.12591   	1.37137   	 (0.00000   )
549	0.01016   	0.00321   	0.00409   	1.21978   	 (0.00000   )
550	-0.02061  	-0.00512  	-0.26477  	1.55540   	 (-0.00000  )
551	0.00108   	-0.00186  	0.74028   	1.77914   	 (-0.00000  )
552	-0.00635  	-0.00217  	-0.72361  	1.77576   	 (-0.00000  )
553	0.03444   	0.01295   	-0.40352  	1.54072   	 (0.00000   )
554	-0.02318  	-0.01101  	0.50547   	1.60430   	 (0.00000   )
555	0.01647   	-0.03404  	0.42676   	1.53415   	 (-0.00000  )
556	-0.01206  	-0.00880  	0.16691   	1.56099   	 (-0.00000  )
557	-0.03639  	0.06711   	-0.00449  	1.27735   	 (0.00000   )
558	-0.00087  	-0.02789  	0.00675   	1.50488   	 (-0.00000  )
559	-0.00055  	0.00274   	0.08118   	1.24952   	 (0.00000   )
560	0.00276   	0.00320   	-0.16779  	1.48922   	 (-0.00000  )
561	-0.00382  	-0.00242  	0.17417   	1.38287   	 (0.00000   )
562	-0.01069  	-0.00043  	0.10444   	1.32761   	 (-0.00000  )
563	0.09837   	-0.01138  	-0.15434  	1.81734   	 (0.00000   )
564	-0.00201  	0.00074   	0.02412   	1.48133   	 (-0.00000  )
565	0.00061   	-0.00480  	-0.02283  	1.62204   	 (0.00000   )
566	0.00350   	0.01241   	-0.45585  	1.45422   	 (0.00000   )
567	0.12081   	-0.00066  	0.13702   	1.42652   	 (0.00000   )
568	0.00552   	0.01873   	0.45760   	1.45089   	 (0.00000   )
569	-0.06207  	0.00352   	-0.14411  	1.38909   	 (-0.00000  )
570	0.00522   	0.01767   	-0.36833  	1.48352   	 (0.00000   )
571	0.31152   	-0.00318  	0.00925   	1.59024   	 (-0.00000  )
572	0.01252   	0.03405   	0.36106   	1.46315   	 (0.00000   )
573	-0.01360  	0.02950   	-0.11531  	1.92117   	 (0.00000   )
574	0.01011   	-0.04877  	0.07973   	1.60745   	 (-0.00000  )
575	0.00057   	0.03341   	0.03094   	1.30876   	 (0.00000   )
576	-0.10558  	0.00845   	0.28493   	1.42391   	 (0.00000   )
577	0.00217   	-0.00459  	-0.07705  	1.26964   	 (-0.00000  )
578	0.14233   	-0.02965  	-0.48504  	1.54000   	 (0.00000   )
579	-0.00797  	0.02839   	-0.30427  	1.44246   	 (-0.00000  )
580	0.17284   	0.17363   	0.27102   	1.45956   	 (-0.00000  )
581	0.21767   	-0.03525  	0.41448   	1.50849   	 (-0.00000  )
582	-0.06286  	-0.06569  	0.18518   	1.42371   	 (0.00000   )
583	-0.04377  	-0.10940  	-0.37371  	1.53073   	 (0.00000   )
584	0.01850   	0.04005   	0.37624   	1.57216   	 (0.00000   )
585	-0.04625  	-0.00951  	-0.46925  	1.57292   	 (-0.00000  )
586	0.01060   	-0.02709  	-0.04173  	1.50090   	 (-0.00000  )
587	0.01676   	-0.05321  	-0.07742  	1.89318   	 (-0.00000  )
588	0.00141   	0.02760   	0.14588   	1.53148   	 (0.00000   )
589	-0.08459  	0.49337   	-0.07885  	1.59271   	 (0.00000   )
590	0.01407   	-0.02319  	0.07331   	1.37298   	 (0.00000   )
591	0.02063   	0.07118   	0.28804   	1.49022   	 (0.00000   )
592	0.04745   	-0.30534  	0.06848   	1.40995   	 (-0.00000  )
593	-0.03425  	0.08301   	-0.31460  	1.51477   	 (-0.00000  )
594	-0.00238  	0.01040   	0.56176   	1.78920   	 (-0.00000  )
595	-0.00197  	0.00006   	-0.64519  	1.79453   	 (0.00000   )
596	-0.01101  	-0.02758  	-0.22218  	1.33894   	 (0.00000   )
597	0.00175   	-0.00273  	0.10212   	1.33051   	 (-0.00000  )
598	0.01326   	-0.00588  	-0.09201  	1.34848   	 (0.00000   )
599	0.06410   	-0.00117  	-0.36291  	1.59625   	 (-0.00000  )
600	0.10008   	-0.02462  	0.41614   	1.66536   	 (-0.00000  )
601	-0.00340  	-0.00561  	-0.04411  	1.22684   	 (0.00000   )
602	-0.05658  	-0.03174  	0.12846   	1.52738   	 (-0.00000  )
603	0.02245   	0.02091   	0.14106   	1.65201   	 (0.00000   )
604	0.06171   	-0.05494  	-0.13800  	1.61286   	 (-0.00000  )
605	-0.07736  	-0.09743  	-0.46783  	1.65382   	 (-0.00000  )
606	-0.00660  	0.03732   	0.25307   	1.39074   	 (0.00000   )
607	-0.01562  	-0.01409  	-0.09294  	1.30809   	 (0.00000   )
608	-0.01246  	-0.02642  	-0.15678  	1.30464   	 (0.00000   )
609	0.02915   	0.03717   	-0.23474  	1.46095   	 (-0.00000  )
610	0.02681   	0.06095   	-0.42743  	1.80101   	 (-0.00000  )
611	0.06855   	-0.04440  	0.41495   	1.51875   	 (0.00000   )
612	0.11103   	-0.02313  	-0.46848  	1.52894   	 (-0.00000  )
613	0.12400   	-0.01435  	-0.03198  	1.46620   	 (-0.00000  )
614	-0.03835  	0.01438   	0.06483   	1.50251   	 (-0.00000  )
615	0.06946   	-0.01710  	-0.01351  	1.47377   	 (0.00000   )
616	-0.04208  	0.01815   	0.41327   	1.56888   	 (0.00000   )
617	0.00207   	0.09660   	0.45979   	1.50957   	 (-0.00000  )
618	0.10301   	-0.01749  	0.02391   	1.41361   	 (0.00000   )
619	-0.03514  	0.00610   	-0.02586  	1.38944   	 (-0.00000  )
620	-0.02964  	0.08150   	-0.42189  	1.49515   	 (-0.00000  )
621	0.00376   	0.00485   	0.01867   	1.25170   	 (0.00000   )
622	-0.16301  	0.00048   	-0.03899  	1.50895   	 (0.00000   )
623	-0.47200  	0.05970   	-0.00212  	1.64161   	 (-0.00000  )
624	0.04138   	0.08657   	0.28568   	1.39630   	 (-0.00000  )
625	0.15030   	-0.02678  	0.03996   	1.75758   	 (-0.00000  )
626	0.02038   	0.10187   	0.48815   	1.56355   	 (0.00000   )
627	-0.00478  	0.00291   	-0.03905  	1.61585   	 (0.00000   )
628	-0.00055  	0.00064   	0.61139   	1.69065   	 (-0.00000  )
629	-0.00060  	0.00212   	-0.59247  	1.68973   	 (0.00000   )
630	-0.02855  	0.04604   	-0.08761  	1.28099   	 (0.00000   )
631	-0.04101  	-0.03999  	0.10296   	1.27286   	 (-0.00000  )
632	0.04702   	-0.01908  	0.07952   	1.32091   	 (-0.00000  )
633	0.05226   	-0.06240  	-0.11336  	1.37720   	 (0.00000   )
634	0.04548   	0.04272   	0.07293   	1.36354   	 (0.00000   )
635	0.37433   	-0.02998  	-0.01689  	1.84887   	 (-0.00000  )
636	0.04354   	0.01538   	-0.12170  	1.47163   	 (0.00000   )
637	0.20146   	0.05883   	0.01148   	1.46958   	 (0.00000   )
638	-0.18651  	0.12260   	-0.01180  	1.61453   	 (-0.00000  )
639	-0.06644  	0.07895   	0.24832   	1.68584   	 (-0.00000  )
640	-0.09894  	-0.27631  	0.02652   	1.46619   	 (0.00000   )
641	0.16083   	-0.26391  	-0.11223  	1.50798   	 (0.00000   )
642	-0.12180  	0.14392   	-0.03958  	1.40730   	 (0.00000   )
643	0.02275   	-0.22662  	-0.10416  	1.49659   	 (0.00000   )
644	-0.05528  	0.16499   	0.17060   	1.50553   	 (0.00000   )
645	-0.08416  	0.14580   	-0.03109  	1.43022   	 (0.00000   )
646	-0.00648  	0.04617   	0.02167   	1.31122   	 (-0.00000  )
647	-0.00370  	0.09505   	0.46385   	1.53925   	 (-0.00000  )
648	0.07756   	0.05202   	0.35898   	1.44049   	 (0.00000   )
649	-0.01718  	0.01558   	0.26596   	1.64716   	 (-0.00000  )
650	-0.00561  	-0.01924  	-0.25908  	1.61410   	 (0.00000   )
651	-0.31179  	0.12880   	0.07463   	1.60714   	 (-0.00000  )
652	0.00835   	0.00426   	-0.24481  	1.33175   	 (0.00000   )
653	0.14245   	-0.16115  	0.00504   	1.51280   	 (0.00000   )
654	0.00845   	0.00596   	0.24733   	1.33530   	 (-0.00000  )
655	-0.03603  	0.00970   	-0.03310  	1.29932   	 (0.00000   )
656	0.00221   	0.12191   	0.15180   	1.38725   	 (-0.00000  )
657	-0.02797  	-0.14667  	-0.22155  	1.39873   	 (0.00000   )
658	0.61608   	-0.05527  	-0.04723  	1.65466   	 (-0.00000  )
659	-0.19004  	0.01553   	0.04137   	1.31326   	 (0.00000   )
660	-0.28113  	0.02095   	-0.07642  	1.52015   	 (0.00000   )
661	0.32964   	0.27591   	0.07848   	1.53578   	 (-0.00000  )
662	0.25179   	0.11139   	-0.00275  	1.51550   	 (0.00000   )
663	0.13815   	0.06527   	0.16068   	1.52121   	 (0.00000   )
664	-0.00933  	-0.00258  	-0.29511  	1.78953   	 (-0.00000  )
665	-0.00427  	-0.00129  	0.29503   	1.79121   	 (-0.00000  )
666	-0.00375  	-0.08259  	0.17641   	1.50627   	 (0.00000   )
667	0.01001   	0.00007   	-0.00741  	1.21161   	 (0.00000   )
668	0.00485   	0.00380   	0.00866   	1.22370   	 (0.00000   )
669	-0.00115  	0.06384   	-0.37301  	1.53242   	 (0.00000   )
670	0.03170   	-0.02335  	0.02554   	1.64687   	 (-0.00000  )
671	-0.00179  	0.00193   	-0.49775  	1.74881   	 (-0.00000  )
672	0.00039   	0.00055   	0.49713   	1.74967   	 (-0.00000  )
673	0.00292   	-0.00070  	0.00200   	1.23845   	 (0.00000   )
674	0.00142   	-0.00061  	-0.00273  	1.46183   	 (-0.00000  )
675	-0.03005  	0.02405   	0.01831   	1.71260   	 (-0.00000  )
676	0.01964   	0.11036   	-0.01800  	1.29123   	 (0.00000   )
677	0.00246   	-0.05342  	0.27063   	1.48083   	 (0.00000   )
678	-0.00616  	-0.09469  	-0.27164  	1.47290   	 (-0.00000  )
679	-0.05993  	-0.00061  	0.39312   	1.46857   	 (-0.00000  )
680	-0.08403  	-0.03190  	-0.03371  	1.57209   	 (0.00000   )
681	0.00180   	-0.00252  	-0.39773  	1.47055   	 (0.00000   )
682	-0.15789  	-0.08604  	0.10013   	1.53932   	 (0.00000   )
683	0.02122   	-0.00710  	-0.01882  	1.34937   	 (0.00000   )
684	-0.00322  	0.00992   	-0.00048  	1.48427   	 (0.00000   )
685	0.01231   	-0.09866  	-0.00791  	1.26871   	 (-0.00000  )
686	0.01347   	0.00566   	0.06422   	1.49077   	 (0.00000   )
687	-0.00760  	0.03864   	-0.55578  	1.58308   	 (0.00000   )
688	-0.00336  	0.04959   	0.56520   	1.58482   	 (0.00000   )
689	-0.01629  	0.05033   	-0.21206  	1.48148   	 (-0.00000  )
690	-0.00782  	-0.00093  	0.00011   	1.23714   	 (-0.00000  )
691	-0.05460  	-0.07787  	-0.58015  	1.73986   	 (-0.00000  )
692	0.00237   	0.00222   	-0.59963  	1.67635   	 (0.00000   )
693	0.00609   	0.00003   	0.59950   	1.67628   	 (0.00000   )
694	-0.02864  	-0.04027  	-0.15299  	1.27045   	 (0.00000   )
695	0.00097   	0.00031   	0.00463   	1.23636   	 (-0.00000  )
696	-0.04619  	0.03057   	0.19718   	1.49796   	 (-0.00000  )
697	-0.03579  	0.05567   	0.09842   	1.57688   	 (0.00000   )
698	-0.02115  	-0.06081  	-0.22460  	1.54383   	 (-0.00000  )
699	0.00215   	-0.12126  	-0.03555  	1.52628   	 (-0.00000  )
700	-0.02306  	-0.00521  	0.06424   	1.72838   	 (-0.00000  )
701	-0.01194  	-0.03147  	-0.12684  	1.26982   	 (0.00000   )
702	0.00251   	0.09609   	-0.01530  	1.59769   	 (-0.00000  )
703	0.00125   	-0.06897  	0.13459   	1.26010   	 (-0.00000  )
704	0.05545   	0.11820   	0.64708   	1.67929   	 (-0.00000  )
705	0.03130   	0.06360   	0.16851   	1.29140   	 (-0.00000  )
706	0.27198   	0.03349   	0.16814   	1.77384   	 (0.00000   )
707	0.05516   	0.04089   	0.44828   	1.53528   	 (0.00000   )
708	-0.00538  	0.09030   	0.27196   	1.42798   	 (0.00000   )
709	0.03953   	0.00924   	0.30706   	1.57174   	 (0.00000   )
710	-0.33770  	-0.01125  	0.18830   	1.59542   	 (0.00000   )
711	0.00408   	0.10345   	-0.01167  	1.78310   	 (0.00000   )
712	0.00271   	0.09729   	-0.06312  	1.78408   	 (-0.00000  )
713	0.07638   	0.00415   	-0.10907  	1.58388   	 (-0.00000  )
714	0.00238   	-0.15755  	-0.00075  	1.78732   	 (0.00000   )
715	0.15273   	-0.03290  	-0.20499  	1.50613   	 (0.00000   )
716	0.06227   	0.00994   	-0.01246  	1.77958   	 (0.00000   )
717	0.07289   	0.00654   	0.13334   	1.54750   	 (0.00000   )
718	-0.05813  	0.04903   	0.39857   	1.53454   	 (-0.00000  )
719	0.07861   	0.02990   	0.21847   	1.40629   	 (0.00000   )
720	-0.00182  	0.00838   	0.00195   	1.62509   	 (0.00000   )
721	0.10425   	-0.01145  	0.07383   	1.31160   	 (-0.00000  )
722	0.00744   	-0.02489  	-0.15808  	1.23986   	 (-0.00000  )
723	0.07833   	-0.06056  	-0.05126  	1.51966   	 (0.00000   )
724	-0.00464  	0.01297   	-0.14302  	1.71160   	 (0.00000   )
725	-0.01389  	-0.03363  	-0.14967  	1.57850   	 (0.00000   )
726	-0.06303  	-0.00331  	0.16434   	1.55837   	 (0.00000   )
727	0.00207   	-0.00327  	-0.12360  	1.24504   	 (-0.00000  )
728	0.02849   	0.06745   	-0.15238  	1.48294   	 (-0.00000  )
729	0.00176   	-0.00315  	0.12697   	1.24288   	 (0.00000   )
730	0.01583   	0.01456   	0.18059   	1.48600   	 (-0.00000  )
731	0.01247   	-0.05282  	0.23486   	1.36229   	 (-0.00000  )
732	0.04887   	0.02758   	0.08050   	1.46631   	 (-0.00000  )
733	-0.02765  	-0.00296  	-0.06435  	1.45908   	 (-0.00000  )
734	-0.11862  	0.01334   	-0.21451  	1.43007   	 (-0.00000  )
735	-0.02952  	0.00395   	0.01564   	1.59909   	 (-0.00000  )
736	-0.05967  	0.01153   	0.22352   	1.41465   	 (-0.00000  )
737	0.03138   	0.02169   	-0.14088  	1.58832   	 (-0.00000  )
738	0.00987   	-0.02334  	-0.00907  	1.25124   	 (0.00000   )
739	-0.04473  	0.00915   	0.45788   	1.61663   	 (0.00000   )
740	0.00204   	0.02651   	-0.15013  	1.53047   	 (-0.00000  )
741	-0.01545  	0.00299   	-0.00320  	1.26824   	 (-0.00000  )
742	-0.01685  	0.00392   	0.03962   	1.25526   	 (0.00000   )
743	0.01669   	-0.00842  	0.00263   	1.35037   	 (-0.00000  )
744	-0.05651  	0.28466   	-0.38117  	1.57758   	 (-0.00000  )
745	0.01371   	-0.00033  	0.16988   	1.49110   	 (0.00000   )
746	0.00117   	-0.22360  	-0.09934  	1.60613   	 (0.00000   )
747	-0.00069  	0.00121   	0.00470   	1.42398   	 (-0.00000  )
748	-0.00044  	-0.07671  	0.19584   	1.33132   	 (-0.00000  )
749	-0.00366  	-0.00068  	-0.27448  	1.35228   	 (-0.00000  )
750	-0.00395  	0.01524   	-0.57099  	1.62929   	 (0.00000   )
751	-0.00230  	0.00659   	0.57223   	1.63044   	 (0.00000   )
752	0.21075   	-0.01169  	-0.11007  	1.51753   	 (-0.00000  )
753	0.00771   	-0.03635  	-0.01312  	1.24504   	 (0.00000   )
754	-0.00357  	0.02253   	0.01239   	1.49453   	 (-0.00000  )
755	0.17745   	-0.01040  	0.09765   	1.44810   	 (-0.00000  )
756	0.00634   	0.02627   	-0.38742  	1.45660   	 (-0.00000  )
757	0.00622   	0.01428   	0.38369   	1.44825   	 (-0.00000  )
758	-0.01133  	-0.04052  	-0.08242  	1.46110   	 (-0.00000  )
759	-0.00811  	0.09643   	-0.23644  	1.48598   	 (0.00000   )
760	-0.04785  	0.13345   	0.20220   	1.49159   	 (0.00000   )
761	0.32038   	-0.02700  	0.02226   	1.61101   	 (-0.00000  )
762	0.20480   	-0.01966  	0.10796   	1.53781   	 (-0.00000  )
763	-0.21176  	0.06921   	-0.02422  	1.51467   	 (-0.00000  )
764	0.00341   	-0.00033  	0.00553   	1.75866   	 (0.00000   )
765	0.39547   	0.00350   	0.12798   	1.59570   	 (-0.00000  )
766	0.00847   	0.00394   	0.00449   	1.68301   	 (0.00000   )
767	0.06254   	0.00056   	0.02575   	1.26617   	 (-0.00000  )
768	0.18943   	-0.21923  	-0.05921  	1.45099   	 (0.00000   )
769	-0.21760  	0.27463   	0.04342   	1.52895   	 (-0.00000  )
770	-0.00239  	0.00406   	-0.00270  	1.33763   	 (-0.00000  )
771	0.36670   	-0.00243  	-0.15437  	1.60989   	 (-0.00000  )
772	-0.11079  	0.02744   	0.15731   	1.67029   	 (0.00000   )
773	-0.00184  	0.00580   	-0.05368  	1.45613   	 (0.00000   )
774	-0.00235  	-0.00677  	0.06939   	1.46374   	 (-0.00000  )
775	-0.01254  	-0.00420  	0.01777   	1.47137   	 (0.00000   )
776	-0.00641  	0.00421   	-0.06678  	1.49609   	 (-0.00000  )
777	-0.04617  	-0.03765  	0.00055   	1.42914   	 (0.00000   )
778	-0.30163  	0.00459   	0.03309   	1.44950   	 (-0.00000  )
779	-0.04132  	0.18337   	-0.08509  	1.59914   	 (0.00000   )
780	0.17785   	-0.00836  	-0.02512  	1.25886   	 (0.00000   )
781	0.01602   	-0.07567  	0.12288   	1.69850   	 (0.00000   )
782	-0.33039  	0.01530   	-0.00759  	1.47148   	 (-0.00000  )
783	-0.05724  	0.38620   	-0.14926  	1.58414   	 (0.00000   )
784	0.02067   	-0.20974  	0.11683   	1.58328   	 (-0.00000  )
785	-0.00053  	0.00667   	-0.06863  	1.41966   	 (0.00000   )
786	0.07498   	-0.38953  	0.04622   	1.50942   	 (-0.00000  )
787	0.39882   	-0.04688  	-0.02593  	1.68758   	 (0.00000   )
788	-0.03971  	0.22629   	-0.01170  	1.32142   	 (0.00000   )
789	-0.03529  	0.14190   	0.00437   	1.53381   	 (-0.00000  )
790	-0.09127  	0.02554   	0.21004   	1.49733   	 (-0.00000  )
791	0.03917   	-0.03262  	-0.01631  	1.51927   	 (0.00000   )
792	-0.56311  	0.06633   	0.12956   	1.62664   	 (0.00000   )
793	0.14424   	-0.03427  	-0.12529  	1.34785   	 (0.00000   )
794	0.00001   	-0.00292  	0.03816   	1.34195   	 (-0.00000  )
795	-0.00012  	0.00869   	-0.03655  	1.34312   	 (0.00000   )
796	-0.00959  	-0.06544  	-0.10524  	1.25630   	 (-0.00000  )
797	-0.11242  	-0.05320  	0.10684   	1.26924   	 (0.00000   )
798	0.16230   	0.12562   	-0.10408  	1.88465   	 (-0.00000  )
799	0.03513   	0.08491   	0.40583   	1.63011   	 (0.00000   )
800	-0.03597  	0.01837   	0.11160   	1.61321   	 (0.00000   )
801	0.05683   	0.01801   	0.11907   	1.31153   	 (-0.00000  )
802	0.08184   	0.23316   	0.20933   	1.46875   	 (0.00000   )
803	-0.05772  	-0.36023  	-0.21680  	1.52647   	 (-0.00000  )
804	0.00924   	-0.02053  	-0.01782  	1.43285   	 (0.00000   )
805	0.00422   	-0.02309  	-0.09314  	1.44101   	 (-0.00000  )
806	-0.00383  	0.01617   	0.02394   	1.66152   	 (-0.00000  )
807	-0.01565  	0.02110   	0.13288   	1.82404   	 (-0.00000  )
808	0.02257   	-0.13444  	-0.01489  	1.34016   	 (-0.00000  )
809	-0.02492  	0.13724   	-0.01028  	1.58368   	 (0.00000   )
810	0.00145   	-0.00097  	-0.52790  	1.81388   	 (0.00000   )
811	0.00114   	-0.00031  	0.52769   	1.81416   	 (0.00000   )
812	0.22731   	0.00618   	0.05265   	1.57691   	 (-0.00000  )
813	-0.02480  	0.12963   	-0.01003  	1.63380   	 (0.00000   )
814	-0.00889  	0.05470   	0.00875   	1.86446   	 (-0.00000  )
815	0.00039   	-0.00120  	0.00127   	1.19760   	 (-0.00000  )
816	0.01177   	-0.05790  	-0.05643  	1.21746   	 (0.00000   )
817	0.01573   	-0.09947  	0.05698   	1.23903   	 (-0.00000  )
818	0.00038   	-0.00039  	-0.00054  	1.21580   	 (0.00000   )
819	-0.00970  	-0.00030  	-0.18119  	1.32473   	 (0.00000   )
820	0.00212   	0.00136   	0.18283   	1.31584   	 (-0.00000  )
821	-0.21154  	-0.03639  	0.35668   	1.50834   	 (0.00000   )
822	-0.02561  	-0.01882  	-0.39886  	1.48340   	 (-0.00000  )
823	-0.61050  	0.03901   	-0.01050  	1.67372   	 (-0.00000  )
824	-0.03407  	-0.03691  	-0.57282  	1.67637   	 (-0.00000  )
825	0.01863   	-0.00700  	-0.23741  	1.30797   	 (0.00000   )
826	-0.00777  	-0.01367  	0.58111   	1.72982   	 (-0.00000  )
827	0.19023   	-0.00557  	0.02052   	1.30202   	 (0.00000   )
828	-0.06643  	-0.12210  	-0.52954  	1.65783   	 (0.00000   )
829	0.04667   	0.07892   	0.16620   	1.36990   	 (0.00000   )
830	0.10999   	-0.54478  	0.01043   	1.62513   	 (0.00000   )
831	0.00031   	-0.00345  	0.02292   	1.44023   	 (0.00000   )
832	0.17304   	-0.03206  	0.21514   	1.42803   	 (-0.00000  )
833	-0.05990  	0.29487   	-0.00427  	1.41009   	 (-0.00000  )
834	0.00034   	0.01781   	-0.04006  	1.19597   	 (-0.00000  )
835	-0.07702  	0.05505   	0.12727   	1.45175   	 (0.00000   )
836	0.18393   	0.07308   	0.27986   	1.66403   	 (-0.00000  )
837	0.02684   	0.03728   	0.12150   	1.31303   	 (0.00000   )
838	0.01175   	0.00916   	0.52963   	1.75680   	 (-0.00000  )
839	0.01386   	-0.00504  	-0.44431  	1.69957   	 (0.00000   )
840	0.03180   	0.08868   	0.43899   	1.54178   	 (-0.00000  )
841	-0.03322  	-0.05478  	-0.32410  	1.71722   	 (0.00000   )
842	-0.04736  	-0.08176  	-0.35578  	1.47937   	 (-0.00000  )
843	-0.00446  	0.08597   	-0.33882  	1.47202   	 (0.00000   )
844	-0.01402  	0.00269   	0.28991   	1.51493   	 (-0.00000  )
845	0.00908   	0.01809   	0.04360   	1.27294   	 (0.00000   )
846	0.00164   	0.00631   	-0.02062  	1.20750   	 (0.00000   )
847	0.62694   	-0.04306  	-0.02258  	1.66534   	 (-0.00000  )
848	0.04764   	0.06436   	0.48245   	1.52308   	 (0.00000   )
849	0.00035   	0.00693   	0.04292   	1.41586   	 (-0.00000  )
850	-0.20235  	0.00936   	0.00844   	1.30772   	 (0.00000   )
851	0.27931   	-0.07320  	0.06057   	1.56230   	 (0.00000   )
852	0.27615   	-0.02023  	-0.06024  	1.53349   	 (-0.00000  )
853	0.03954   	0.07007   	0.36027   	1.41129   	 (-0.00000  )
854	-0.08919  	0.55122   	-0.05667  	1.63726   	 (-0.00000  )
855	0.04989   	-0.31020  	0.04819   	1.44808   	 (0.00000   )
856	-0.00572  	0.03996   	-0.19983  	1.51934   	 (0.00000   )
857	-0.10967  	0.14134   	0.16125   	1.56370   	 (0.00000   )
858	-0.04478  	-0.08037  	-0.74523  	1.80820   	 (0.00000   )
859	0.57531   	-0.05782  	-0.13314  	1.66115   	 (-0.00000  )
860	-0.16674  	0.03163   	0.12003   	1.35100   	 (0.00000   )
861	0.01241   	0.02295   	0.00557   	1.68406   	 (-0.00000  )
862	-0.03529  	-0.03050  	0.17742   	1.35097   	 (-0.00000  )
863	-0.05905  	0.12873   	-0.08320  	1.30698   	 (-0.00000  )
864	0.06703   	-0.10021  	-0.31672  	1.43649   	 (0.00000   )
865	-0.16195  	0.05429   	0.36777   	1.48601   	 (0.00000   )
866	-0.01912  	-0.07390  	0.14344   	1.32918   	 (-0.00000  )
867	-0.06710  	0.02894   	0.01809   	1.43527   	 (-0.00000  )
868	-0.01740  	0.17664   	-0.43051  	1.52211   	 (0.00000   )
869	-0.02298  	0.03926   	0.43404   	1.47724   	 (-0.00000  )
870	-0.03067  	0.06407   	0.29885   	1.75495   	 (-0.00000  )
871	0.00224   	-0.00055  	0.10849   	1.76506   	 (-0.00000  )
872	0.06642   	0.02274   	-0.39896  	1.64706   	 (0.00000   )
873	-0.00051  	-0.00096  	-0.00240  	1.60183   	 (-0.00000  )
874	0.01805   	0.00347   	-0.08337  	1.22287   	 (-0.00000  )
875	0.06060   	-0.02523  	0.42114   	1.48175   	 (0.00000   )
876	0.02210   	-0.00770  	0.05918   	1.22338   	 (-0.00000  )
877	-0.00364  	-0.00693  	-0.01212  	1.29646   	 (0.00000   )
878	0.10010   	-0.02829  	0.03171   	1.48782   	 (-0.00000  )
879	0.02202   	0.06465   	0.67163   	1.71297   	 (0.00000   )
880	-0.05548  	0.02991   	0.51675   	1.57234   	 (0.00000   )
881	-0.07660  	0.03139   	-0.50690  	1.56465   	 (0.00000   )
882	0.03177   	0.06102   	0.14672   	1.25315   	 (0.00000   )
883	-0.06195  	0.00136   	-0.03407  	1.33909   	 (0.00000   )
884	0.21483   	-0.00868  	-0.03338  	1.52379   	 (-0.00000  )
885	0.12382   	-0.01525  	0.03628   	1.33743   	 (0.00000   )
886	0.02953   	0.03075   	0.19573   	1.49027   	 (-0.00000  )
887	0.00720   	0.09888   	-0.21065  	1.50152   	 (-0.00000  )
888	0.04198   	0.08992   	0.43723   	1.51472   	 (-0.00000  )
889	0.03994   	0.05823   	0.40311   	1.48405   	 (0.00000   )
890	0.24485   	-0.04834  	-0.34721  	1.54991   	 (0.00000   )
891	-0.00236  	-0.00008  	0.57523   	1.74659   	 (-0.00000  )
892	-0.16201  	0.01411   	-0.46973  	1.67022   	 (0.00000   )
893	0.05599   	-0.02183  	-0.05743  	1.20448   	 (0.00000   )
894	0.00007   	-0.00146  	-0.01201  	1.90819   	 (-0.00000  )
895	0.02600   	0.00186   	0.00877   	1.68560   	 (0.00000   )
896	0.36879   	0.02274   	-0.28265  	1.61882   	 (0.00000   )
897	0.03973   	0.03051   	-0.00725  	1.48599   	 (0.00000   )
898	-0.02494  	0.02199   	-0.01022  	1.26578   	 (0.00000   )
899	-0.00570  	-0.00023  	0.06827   	1.20829   	 (-0.00000  )
900	-0.06566  	-0.00854  	0.16512   	1.40443   	 (-0.00000  )
901	-0.07890  	0.30225   	-0.01950  	1.47187   	 (-0.00000  )
902	-0.02112  	0.01678   	-0.43493  	1.49138   	 (-0.00000  )
903	-0.00730  	-0.00085  	-0.28994  	1.59008   	 (0.00000   )
904	-0.02640  	0.00250   	0.28949   	1.58863   	 (-0.00000  )
905	0.00698   	-0.00132  	0.09495   	1.21484   	 (0.00000   )
906	0.01893   	0.00171   	-0.09838  	1.45791   	 (-0.00000  )
907	0.07882   	-0.24741  	-0.01332  	1.42312   	 (0.00000   )
908	0.00040   	0.00019   	0.00462   	1.91733   	 (0.00000   )
909	0.00039   	-0.00011  	-0.00581  	1.66440   	 (-0.00000  )
910	0.18543   	0.08448   	0.41013   	1.47820   	 (-0.00000  )
911	0.03604   	0.06846   	0.61527   	1.66033   	 (0.00000   )
912	0.04757   	0.09770   	0.22688   	1.33373   	 (-0.00000  )
913	0.01093   	-0.00197  	-0.05972  	1.22207   	 (-0.00000  )
914	0.00583   	0.00074   	0.07122   	1.22297   	 (0.00000   )
915	0.02472   	0.18220   	0.42811   	1.50688   	 (0.00000   )
916	0.55823   	-0.05128  	-0.02877  	1.64848   	 (-0.00000  )
917	-0.19519  	0.03915   	0.01047   	1.38009   	 (0.00000   )
918	0.04065   	0.08744   	0.54385   	1.65275   	 (0.00000   )
919	0.01012   	0.40976   	-0.08420  	1.54569   	 (-0.00000  )
920	-0.03370  	-0.24138  	0.14957   	1.41973   	 (0.00000   )
921	0.03869   	0.06966   	0.22738   	1.32889   	 (-0.00000  )
922	0.08875   	0.08174   	0.72406   	1.78221   	 (-0.00000  )
923	0.02858   	0.07192   	0.09589   	1.21803   	 (-0.00000  )
924	0.56754   	-0.05414  	-0.05725  	1.65801   	 (-0.00000  )
925	-0.20838  	0.03009   	0.07097   	1.32780   	 (-0.00000  )
926	-0.10607  	0.51588   	0.00677   	1.58942   	 (0.00000   )
927	0.06725   	-0.32414  	-0.02133  	1.42377   	 (-0.00000  )
928	0.23549   	0.06711   	0.41830   	1.50771   	 (-0.00000  )
929	0.02448   	0.17370   	0.41739   	1.50702   	 (0.00000   )
