345 
I -22.8118 29.6793 -5.36121
I -22.8133 22.7695 -12.1296
Cs -28.3846 28.4158 0
Cs -28.3811 17.3788 0
I -29.6974 22.8406 -5.33821
I -29.6974 22.8406 5.33821
I -22.8118 29.6793 5.36121
I -22.8133 22.7695 12.1296
Cs -17.3899 28.3351 0
Cs -28.3767 5.87709 -10.9161
Cs -28.3909 17.5785 -10.8583
I -23.2319 5.87367 -5.62275
I -29.6774 11.6325 -5.84141
I -23.3984 0.0355193 -12.0501
Cs -28.468 5.91122 0
Cs -28.3767 5.87709 10.9161
Cs -28.4595 -5.86392 0
Cs -28.3909 17.5785 10.8583
I -29.715 0.0312806 -5.90668
I -29.715 0.0312806 5.90668
I -23.2319 5.87367 5.62275
I -29.6774 11.6325 5.84141
I -23.4152 11.6677 0
I -23.3984 0.0355193 12.0501
Cs -17.3794 17.3209 -10.7884
Cs -17.5701 28.3062 -10.905
I -11.7166 17.563 -5.65557
I -17.595 23.149 -5.6494
I -11.81 11.631 -12.032
I -23.367 11.6688 -12.0465
Cs -17.54 17.4723 0
Cs -17.3794 17.3209 10.7884
Cs -17.5205 5.86823 0
Cs -17.5701 28.3062 10.905
Pb -23.608 11.742 -5.98227
Pb -23.6664 23.6543 -6.07689
Pb -23.608 11.742 5.98227
Pb -23.6664 23.6543 6.07689
I -23.1983 17.5843 -5.63326
I -17.6529 11.6808 -5.66274
I -23.1983 17.5843 5.63326
I -17.6529 11.6808 5.66274
I -11.7166 17.563 5.65557
I -17.595 23.149 5.6494
I -23.2094 23.2034 0
I -11.7554 23.3156 0
I -11.81 11.631 12.032
I -23.367 11.6688 12.0465
Cs -5.84423 27.9714 -11.0814
I 0.0177974 29.5398 -6.41319
I 0.011773 22.8315 -11.9079
I -11.7337 23.1569 -12.0495
Cs -6.16886 28.4899 0
Cs -5.84423 27.9714 11.0814
Cs -6.13317 17.308 0
Pb -11.7366 23.5122 -5.98637
Pb -11.7366 23.5122 5.98637
I -11.5889 29.5648 -5.94644
I -5.85963 23.0883 -5.52396
I -11.5889 29.5648 5.94644
I -5.85963 23.0883 5.52396
I 0.0177974 29.5398 6.41319
I 0.011773 22.8315 11.9079
I -11.7337 23.1569 12.0495
Cs 6.20257 28.4788 0
Cs -28.3937 -17.5297 -10.8589
Cs -28.3818 -5.8166 -10.9237
I -23.1989 -17.5238 -5.63505
I -29.6776 -11.5758 -5.83491
I -22.8164 -22.7395 -12.117
Cs -28.3801 -17.305 0
Cs -28.3937 -17.5297 10.8589
Cs -28.4119 -28.347 0
Cs -28.3818 -5.8166 10.9237
I -29.7103 -22.7712 -5.33523
I -29.7103 -22.7712 5.33523
I -23.1989 -17.5238 5.63505
I -29.6776 -11.5758 5.83491
I -23.3863 -11.6082 0
I -22.8164 -22.7395 12.117
Cs -17.3961 -5.77516 -10.7907
Cs -17.4311 5.85615 -10.7597
I -11.7616 -5.81048 -5.62056
I -17.6869 0.0121793 -5.65465
I -11.7916 -11.608 -12.0396
I -23.388 -11.6235 -12.0553
Cs -17.4897 -5.81991 0
Cs -17.3961 -5.77516 10.7907
Cs -17.5491 -17.4043 0
Cs -17.4311 5.85615 10.7597
Pb -23.6102 -11.6817 -5.98679
Pb -23.6365 0.0286993 -5.98121
Pb -23.6102 -11.6817 5.98679
Pb -23.6365 0.0286993 5.98121
I -23.2401 -5.81546 -5.63511
I -17.6562 -11.5918 -5.7008
I -23.2401 -5.81546 5.63511
I -17.6562 -11.5918 5.7008
I -11.7616 -5.81048 5.62056
I -17.6869 0.0121793 5.65465
I -23.5571 0.0260196 0
I -11.9029 -0.0407652 0
I -11.7916 -11.608 12.0396
I -23.388 -11.6235 12.0553
Cs -6.38994 5.79222 -10.8604
Cs -5.82002 17.3319 -10.5773
I -0.00348655 5.84207 -6.94989
I -5.89769 11.5915 -5.52775
I -0.0095828 -0.945725 -11.8933
I -11.9432 0.112135 -12.033
Cs -6.20216 5.85468 0
Cs -6.38994 5.79222 10.8604
Cs -6.23967 -5.75667 0
Cs -5.82002 17.3319 10.5773
Pb -11.7901 0.0311181 -6.02443
Pb -11.7684 11.707 -6.01772
Pb -11.7901 0.0311181 6.02443
Pb -11.7684 11.707 6.01772
I -11.8695 5.86668 -5.49795
I -5.91736 0.0684346 -5.52203
I -11.8695 5.86668 5.49795
I -5.91736 0.0684346 5.52203
I -0.00348655 5.84207 6.94989
I -5.89769 11.5915 5.52775
I -11.869 11.8004 0
I 0.000678412 10.4789 0
I -0.0095828 -0.945725 11.8933
I -11.9432 0.112135 12.033
Cs 5.83368 17.3214 -10.5773
Cs 5.87699 27.9608 -11.0814
I 11.7306 17.542 -5.65557
I 5.88363 23.0777 -5.52396
I 11.8134 11.6098 -12.032
I 0.0025757 12.5908 -11.9701
Cs 6.14677 17.297 0
Cs 5.83368 17.3214 10.5773
Cs 6.19521 5.84353 0
Cs 5.87699 27.9608 11.0814
Pb 0.00171209 11.6305 -5.9457
Pb 0.0122927 23.4103 -5.87431
Pb 0.00171209 11.6305 5.9457
Pb 0.0122927 23.4103 5.87431
I 0.00696175 17.4758 -4.82391
I 5.90103 11.5809 -5.52775
I 0.00696175 17.4758 4.82391
I 5.90103 11.5809 5.52775
I 11.7306 17.542 5.65557
I 5.88363 23.0777 5.52396
I 0.0130051 24.2036 0
I 11.7798 23.2947 0
I 11.8134 11.6098 12.032
I 0.0025757 12.5908 11.9701
Cs 17.6034 28.2745 -10.905
I 22.8477 29.6383 -5.36121
I 22.8368 22.7285 -12.1296
I 11.7578 23.1359 -12.0495
Cs 17.4233 28.3038 0
Cs 17.6034 28.2745 10.905
Cs 17.5539 17.4408 0
Pb 11.7614 23.491 -5.98637
Pb 11.7614 23.491 5.98637
I 11.6245 29.5438 -5.94644
I 17.6191 23.1172 -5.6494
I 11.6245 29.5438 5.94644
I 17.6191 23.1172 5.6494
I 22.8477 29.6383 5.36121
I 22.8368 22.7285 12.1296
I 11.7578 23.1359 12.0495
Cs 28.4183 28.3648 0
Cs -17.5855 -28.2992 -10.8421
Cs -17.4073 -17.2756 -10.7917
I -11.6637 -29.5355 -5.75297
I -17.6076 -23.0972 -5.62987
Cs -17.3614 -28.2711 0
Cs -17.5855 -28.2992 10.8421
Cs -17.4073 -17.2756 10.7917
Pb -23.6792 -23.6006 -6.06689
Pb -23.6792 -23.6006 6.06689
I -22.8338 -29.6273 -5.33001
I -22.8338 -29.6273 5.33001
I -11.6637 -29.5355 5.75297
I -17.6076 -23.0972 5.62987
I -23.2281 -23.1395 0
I -11.6588 -23.2658 0
Cs -6.15917 -17.0992 -10.8825
Cs -5.78083 -5.82317 -10.5033
I -0.0243888 -17.4312 -6.50918
I -5.91156 -11.6002 -5.46677
I -0.0300353 -23.717 -12.1254
I -11.7021 -23.2654 -12.0352
Cs -6.09577 -17.3548 0
Cs -6.15917 -17.0992 10.8825
Cs -5.72321 -28.0868 0
Cs -5.78083 -5.82317 10.5033
Pb -11.7563 -23.4683 -5.97775
Pb -11.7757 -11.6557 -6.01872
Pb -11.7563 -23.4683 5.97775
Pb -11.7757 -11.6557 6.01872
I -11.7838 -17.5083 -5.63989
I -5.88622 -22.9604 -5.66791
I -11.7838 -17.5083 5.63989
I -5.88622 -22.9604 5.66791
I -0.0243888 -17.4312 6.50918
I -5.91156 -11.6002 5.46677
I -11.9241 -11.667 0
I -0.0201615 -12.7246 0
I -0.0300353 -23.717 12.1254
I -11.7021 -23.2654 12.0352
Cs 5.75288 -5.83353 -10.5033
Cs 6.38287 5.78075 -10.8604
I 11.7337 -5.83156 -5.62056
I 5.90001 0.05782 -5.52203
I 11.7533 -11.6292 -12.0396
I -0.0186195 -11.0063 -11.899
Cs 6.21185 -5.76786 0
Cs 5.75288 -5.83353 10.5033
Cs 6.04713 -17.3657 0
Cs 6.38287 5.78075 10.8604
Pb -0.0190976 -11.5393 -5.88272
Pb -0.00868896 0.0489685 -5.89081
Pb -0.0190976 -11.5393 5.88272
Pb -0.00868896 0.0489685 5.89081
I -0.0138971 -5.74883 -4.59576
I 5.87323 -11.6108 -5.46677
I -0.0138971 -5.74883 4.59576
I 5.87323 -11.6108 5.46677
I 11.7337 -5.83156 5.62056
I 5.90001 0.05782 5.52203
I -0.00747576 1.40034 0
I 11.8854 -0.0621304 0
I 11.7533 -11.6292 12.0396
I -0.0186195 -11.0063 11.899
Cs 17.4242 5.82484 -10.7597
Cs 17.393 17.2897 -10.7884
I 23.2251 5.83194 -5.62275
I 17.6564 11.6491 -5.66274
I 23.381 -0.00649499 -12.0501
I 11.9259 0.0906956 -12.033
Cs 17.5136 5.83676 0
Cs 17.4242 5.82484 10.7597
Cs 17.4618 -5.85129 0
Cs 17.393 17.2897 10.7884
Pb 11.7727 0.00995508 -6.02443
Pb 11.7719 11.6859 -6.01772
Pb 11.7727 0.00995508 6.02443
Pb 11.7719 11.6859 6.01772
I 11.8625 5.84536 -5.49795
I 17.6694 -0.0195757 -5.65465
I 11.8625 5.84536 5.49795
I 17.6694 -0.0195757 5.65465
I 23.2251 5.83194 5.62275
I 17.6564 11.6491 5.66274
I 11.8727 11.7791 0
I 23.4188 11.6256 0
I 23.381 -0.00649499 12.0501
I 11.9259 0.0906956 12.033
Cs 28.4049 17.5274 -10.8583
I 29.7209 22.7873 -5.33821
I 23.3704 11.6269 -12.0465
Cs 28.3947 17.3278 0
Cs 28.4049 17.5274 10.8583
Cs 28.4612 5.8601 0
Pb 23.6116 11.6996 -5.98227
Pb 23.6915 23.6118 -6.07689
Pb 23.6116 11.6996 5.98227
Pb 23.6915 23.6118 6.07689
I 23.2123 17.5426 -5.63326
I 29.6806 11.5791 -5.84141
I 23.2123 17.5426 5.63326
I 29.6806 11.5791 5.84141
I 29.7209 22.7873 5.33821
I 23.2336 23.1616 0
I 23.3704 11.6269 12.0465
Cs -5.91862 -28.348 -10.7319
Cs -5.91862 -28.348 10.7319
Cs 5.85022 -28.3586 -10.7319
Cs 6.11098 -17.1102 -10.8825
I 11.5932 -29.5563 -5.75297
I 5.82748 -22.971 -5.66791
Cs 5.65527 -28.097 0
Cs 5.85022 -28.3586 10.7319
Cs 6.11098 -17.1102 10.8825
Pb -0.0296819 -23.324 -6.01874
Pb -0.0296819 -23.324 6.01874
I -0.0351338 -29.3947 -5.53716
I -0.0351338 -29.3947 5.53716
I 11.5932 -29.5563 5.75297
I 5.82748 -22.971 5.66791
I -0.0290999 -22.6762 0
I 11.5995 -23.2867 0
Cs 17.3587 -17.3068 -10.7917
Cs 17.3682 -5.80637 -10.7907
I 23.1499 -17.5654 -5.63505
I 17.6179 -11.6235 -5.7008
I 22.758 -22.7803 -12.117
I 11.6428 -23.2863 -12.0352
Cs 17.5004 -17.4357 0
Cs 17.3587 -17.3068 10.7917
Cs 17.2932 -28.3023 0
Cs 17.3682 -5.80637 10.7907
Pb 11.6967 -23.4893 -5.97775
Pb 11.7373 -11.6768 -6.01872
Pb 11.6967 -23.4893 5.97775
Pb 11.7373 -11.6768 6.01872
I 11.7349 -17.5294 -5.63989
I 17.5486 -23.1287 -5.62987
I 11.7349 -17.5294 5.63989
I 17.5486 -23.1287 5.62987
I 23.1499 -17.5654 5.63505
I 17.6179 -11.6235 5.7008
I 11.8857 -11.6884 0
I 23.348 -11.6502 0
I 22.758 -22.7803 12.117
I 11.6428 -23.2863 12.0352
Cs 28.3538 -5.86756 -10.9237
Cs 28.3699 5.8261 -10.9161
I 29.6976 -0.0220815 -5.90668
I 23.3497 -11.6654 -12.0553
Cs 28.4315 -5.91502 0
Cs 28.3538 -5.86756 10.9237
Cs 28.3315 -17.356 0
Cs 28.3699 5.8261 10.9161
Pb 23.5719 -11.7241 -5.98679
Pb 23.6189 -0.0137421 -5.98121
Pb 23.5719 -11.7241 5.98679
Pb 23.6189 -0.0137421 5.98121
I 23.2121 -5.85719 -5.63511
I 29.6394 -11.6291 -5.83491
I 23.2121 -5.85719 5.63511
I 29.6394 -11.6291 5.83491
I 29.6976 -0.0220815 5.90668
I 23.5398 -0.01628 0
I 23.3497 -11.6654 12.0553
Cs 17.5172 -28.3306 -10.8421
Cs 17.5172 -28.3306 10.8421
Cs 28.3448 -17.5806 -10.8589
I 29.6519 -22.8245 -5.33523
Cs 28.3434 -28.3979 0
Cs 28.3448 -17.5806 10.8589
Pb 23.6193 -23.6431 -6.06689
Pb 23.6193 -23.6431 6.06689
I 22.7629 -29.6683 -5.33001
I 22.7629 -29.6683 5.33001
I 29.6519 -22.8245 5.33523
I 23.169 -23.1811 0
