615 
Cs -22.5125 22.3156 -23.5125
Cs -22.8185 21.9671 -0.0482712
Cs -22.611 22.2702 23.5356
Cs -22.5788 11.7088 -34.3705
I -17.2849 11.7031 -29.2367
I -23.7633 16.8236 -28.7048
I -17.5216 5.87724 -35.7198
Cs -22.1083 11.5433 -23.2128
Cs -22.2153 11.454 -11.8947
Cs -22.535 0.00953745 -23.8111
Cs -22.7141 22.13 -11.7368
I -23.7193 5.72623 -29.4484
I -17.3932 11.6663 -5.90368
I -23.7359 17.1552 -5.94695
I -23.5239 6.52485 -17.6388
I -16.45 11.6413 -17.7062
I -23.5201 17.0348 -17.6306
I -17.0796 17.3107 -23.5796
I -17.0948 5.7966 -11.8277
Cs -22.1909 11.4307 0.132944
Cs -21.856 11.5068 11.8057
Cs -22.4855 0.00954123 -0.501639
Cs -22.6669 21.8925 11.7447
I -23.6943 5.76083 -5.94775
I -16.5242 11.6519 17.7576
I -23.484 16.9432 17.6099
I -23.456 6.67304 6.06134
I -16.3539 11.6359 5.84385
I -23.4474 16.8052 5.90109
I -17.1531 17.2162 -0.0264033
I -16.8866 5.72421 11.8147
Cs -22.186 11.508 23.1996
Cs -22.5915 11.6758 34.3942
Cs -22.5446 0.00956013 23.814
I -23.5203 6.4513 17.4921
I -23.7378 5.70741 29.461
I -17.3108 11.6943 29.2428
I -23.8145 16.7728 28.7305
I -17.1543 17.3037 23.5968
I -17.5156 5.86184 35.7296
Cs -11.7615 22.5579 -34.4862
I -5.80169 23.6985 -29.4147
I -5.81322 17.5906 -35.7472
I -17.0319 16.9607 -35.7134
Cs -11.2171 22.5367 -23.7028
Cs -11.4028 22.5675 -11.4951
Cs -11.5871 11.5095 -23.8844
Pb -17.7705 17.7713 -29.6526
Pb -17.4863 17.6055 -17.693
I -16.9422 23.7843 -28.8357
I -11.6958 17.2785 -29.3703
I -5.89285 23.7414 -5.97666
I -18.0014 23.7219 -17.4986
I -11.6215 18.3124 -17.6064
I -5.09998 23.4303 -17.7604
I -5.77298 17.1399 -11.8278
I -17.1843 17.2225 -11.7941
Cs -11.4679 22.5862 -0.478416
Cs -10.7602 22.7058 11.859
Cs -11.5843 11.5226 -0.408255
Pb -17.6763 17.6033 -5.91016
Pb -17.42 17.5878 5.88682
I -17.6908 23.6237 -5.86632
I -11.6975 17.3058 -5.95882
I -5.1013 23.4234 17.5736
I -18.2597 23.6586 5.75792
I -11.5806 18.4853 5.76958
I -4.90577 23.3799 6.21911
I -5.75165 16.7625 11.828
I -16.8798 17.2489 11.78
Cs -11.3424 22.5662 23.7612
Cs -11.8095 22.5335 34.5215
Cs -11.6054 11.5261 23.8965
Pb -17.468 17.6273 17.6836
Pb -17.8162 17.7471 29.6719
I -18.0169 23.7038 17.6002
I -11.5897 18.1974 17.7537
I -17.0371 23.7618 28.8934
I -11.7241 17.2803 29.3758
I -5.8638 23.7369 29.4809
I -5.8135 17.5841 35.7587
I -17.0527 16.9273 35.7308
Cs -0.00246231 22.0346 -23.3325
Cs -0.00234704 22.1416 0.256833
Cs -0.00224877 22.1399 23.2778
Cs -22.5819 -11.6897 -34.3705
Cs -22.5178 0.00952989 -34.5907
I -17.2879 -11.6854 -29.2367
I -23.7206 -5.70686 -29.4484
I -17.0362 -16.9431 -35.7134
Cs -22.1113 -11.5244 -23.2128
Cs -22.2183 -11.435 -11.8947
Cs -22.5184 -22.2965 -23.5125
Cs -22.5055 0.00953934 -11.4141
I -23.7675 -16.8042 -28.7048
I -17.3962 -11.6486 -5.90368
I -23.6959 -5.74144 -5.94775
I -23.5245 -17.0154 -17.6306
I -16.453 -11.6238 -17.7062
I -23.5254 -6.5055 -17.6388
I -17.2103 -5.70408 -23.6522
I -17.1887 -17.2048 -11.7941
Cs -22.1937 -11.4117 0.132956
Cs -21.859 -11.4878 11.8057
Cs -22.8241 -21.948 -0.0482523
Cs -22.702 0.00957525 11.8562
I -23.7404 -17.1358 -5.94693
I -16.5272 -11.6343 17.7576
I -23.522 -6.43193 17.4921
I -23.4515 -16.7859 5.90111
I -16.3569 -11.6184 5.84387
I -23.4577 -6.65371 6.06134
I -17.149 -5.74124 -0.0316756
I -16.8843 -17.2312 11.78
Cs -22.1888 -11.4889 23.1996
Cs -22.5945 -11.6566 34.3942
Cs -22.6168 -22.2512 23.5356
Cs -22.5142 0.00956013 34.6056
I -23.4884 -16.9239 17.6099
I -23.8189 -16.7533 28.7305
I -17.3138 -11.6765 29.2428
I -23.7393 -5.68796 29.461
I -17.2806 -5.72315 23.6633
I -17.057 -16.9096 35.7308
Cs -11.4748 0.00811071 -34.5958
Cs -11.5781 11.5011 -34.5663
I -5.80662 0.00738316 -29.4174
I -11.7034 5.81153 -29.4986
I -5.84419 -5.74978 -35.8708
I -17.5231 -5.85948 -35.7198
Cs -11.5116 0.00812016 -23.9888
Cs -11.5617 0.00813149 -11.539
Cs -11.5901 -11.4932 -23.8844
Cs -11.5857 11.559 -11.5038
Pb -17.6831 -5.84802 -29.6324
Pb -17.6816 5.86584 -29.6324
Pb -17.4276 -5.77516 -17.7325
Pb -17.4262 5.79292 -17.7325
I -17.2547 0.00885526 -29.435
I -11.7049 -5.79526 -29.4986
I -5.87924 0.00740395 -5.98288
I -11.6789 5.93089 -5.92953
I -18.4144 0.00901022 -17.6312
I -11.5391 -4.38281 -17.8079
I -4.18325 0.00717907 -17.8686
I -11.5379 4.39906 -17.8079
I -17.2089 5.72179 -23.6522
I -5.79046 5.90373 -23.7741
I -5.80118 -5.74426 -11.8852
I -17.0963 -5.77892 -11.8277
Cs -11.5192 0.00813149 -0.432001
Cs -11.5029 0.00813527 11.927
Cs -11.5872 -11.5063 -0.408243
Cs -11.5507 11.4245 11.8984
Pb -17.707 -5.81042 -5.93285
Pb -17.7056 5.82828 -5.93285
Pb -17.4159 -5.77313 5.89916
Pb -17.4144 5.79092 5.89914
I -17.1327 0.00884959 -5.9633
I -11.6804 -5.9146 -5.92951
I -4.3761 0.00722065 18.0367
I -11.5512 4.63728 17.9341
I -18.451 0.00902534 5.78493
I -11.5235 -4.39335 5.78334
I -4.22951 0.00719608 5.75537
I -11.5223 4.40962 5.78334
I -17.1475 5.75894 -0.0316813
I -5.75101 5.78011 -0.0732817
I -5.70781 -5.69603 11.8723
I -16.888 -5.70654 11.8147
Cs -11.5108 0.00814094 23.9816
Cs -11.5113 0.00814661 34.6124
Cs -11.6084 -11.5098 23.8965
Cs -11.5741 11.5028 34.5546
Pb -17.4741 -5.79897 17.7234
Pb -17.4726 5.81677 17.7234
Pb -17.6965 -5.84379 29.6449
Pb -17.695 5.86167 29.6449
I -18.2016 0.00899888 17.76
I -11.5524 -4.62099 17.9341
I -17.2644 0.00888361 29.4276
I -11.7176 -5.79715 29.4926
I -5.80868 0.00740962 29.5105
I -11.7161 5.81348 29.4926
I -17.2792 5.74091 23.6633
I -5.79712 5.85078 23.8346
I -5.87913 -5.81344 35.9073
I -17.5171 -5.844 35.7296
Cs -0.0038626 11.5178 -34.6582
Cs -0.00243586 22.5985 -34.4654
I 5.79598 11.6952 -29.6139
I -0.00309915 17.2712 -29.3586
I 5.83349 5.76304 -35.8708
I -5.84271 5.76456 -35.8708
Cs -0.00381536 11.5303 -24.0523
Cs -0.00375111 11.605 -11.4286
Cs -0.0052969 0.0066405 -24.1594
Cs -0.00239239 22.1863 -11.9523
Pb -5.85577 5.84974 -29.8284
Pb -5.85915 17.6611 -29.6589
Pb -5.72219 5.76414 -17.8264
Pb -5.80477 17.3611 -17.7424
I -5.80362 11.6967 -29.6137
I -0.00457314 5.81425 -29.5128
I 5.77965 11.709 -5.9376
I -0.00298577 17.3752 -5.88529
I -7.28252 11.522 -17.7069
I -0.00430858 7.47971 -17.7401
I 7.27494 11.5201 -17.7069
I -0.00319364 16.1515 -17.7699
I -5.81682 17.0656 -23.6692
I 5.81061 17.0641 -23.6692
I 5.79069 5.75754 -11.8852
I -5.7997 5.75904 -11.8852
Cs -0.00370764 11.5806 -0.506936
Cs -0.00366418 11.5055 11.8988
Cs -0.00519675 0.00664995 -0.556526
Cs -0.00234704 21.7496 11.9188
Pb -5.84965 5.86203 -5.97894
Pb -5.84583 17.7456 -5.93163
Pb -5.73007 5.76308 5.88784
Pb -5.79383 17.3625 5.90271
I -5.78708 11.7105 -5.93754
I -0.00447487 5.79271 -6.0144
I 7.02816 11.5278 17.916
I -0.00303301 16.2245 17.892
I -7.26345 11.5184 5.7545
I -0.00422165 7.3829 5.74449
I 7.25608 11.5165 5.75445
I -0.00309915 16.1018 5.77967
I -5.84659 17.197 -0.0324258
I 5.84062 17.1955 -0.032475
I 5.69751 5.70936 11.8722
I -5.70633 5.71081 11.8723
Cs -0.00360749 11.5424 24.0789
Cs -0.00355836 11.5748 34.6447
Cs -0.00509092 0.00666129 24.2142
Cs -0.00213917 22.6191 34.4828
Pb -5.73906 5.75758 17.8617
Pb -5.78196 17.3924 17.7518
Pb -5.86333 5.86375 29.8728
Pb -5.87393 17.6918 29.6808
I -7.03543 11.5296 17.916
I -0.00419141 7.20632 17.9575
I -5.80176 11.7217 29.5703
I -0.00431992 5.82601 29.5708
I 5.79464 11.7203 29.5701
I -0.00284026 17.3307 29.3458
I -5.82508 17.2212 23.6974
I 5.81932 17.2197 23.6974
I 5.86906 5.82678 35.9073
I -5.87764 5.8283 35.9073
Cs 11.7567 22.5548 -34.4864
I 16.9376 23.7799 -28.8359
I 17.0256 16.9563 -35.7136
I 5.80706 17.5891 -35.7474
Cs 11.2123 22.5337 -23.7028
Cs 11.3981 22.5647 -11.4952
Cs 11.5795 11.5065 -23.8844
Pb 5.85305 17.6596 -29.6589
Pb 5.79868 17.3596 -17.7424
I 5.79713 23.697 -29.4147
I 11.6896 17.2755 -29.3703
I 17.6864 23.6191 -5.86647
I 5.09546 23.429 -17.7604
I 11.6156 18.3094 -17.6065
I 17.9969 23.7172 -17.4988
I 17.1782 17.2181 -11.7943
I 5.7669 17.1384 -11.8279
Cs 11.4633 22.5832 -0.478515
Cs 10.7557 22.703 11.8589
Cs 11.5768 11.5196 -0.408353
Pb 5.83996 17.7441 -5.93168
Pb 5.78795 17.3611 5.90268
I 5.88852 23.7399 -5.97671
I 11.6916 17.3028 -5.95893
I 18.0128 23.6991 17.6
I 4.90144 23.3788 6.21907
I 11.575 18.4823 5.76949
I 18.2555 23.6539 5.75777
I 16.874 17.2445 11.7798
I 5.74568 16.761 11.828
Cs 11.338 22.5631 23.7612
Cs 11.8051 22.5305 34.5215
Cs 11.5982 11.5231 23.8965
Pb 5.7762 17.3909 17.7518
Pb 5.86836 17.6903 29.6808
I 5.09708 23.422 17.5736
I 11.5842 18.1945 17.7536
I 5.85978 23.7353 29.4809
I 11.7184 17.2773 29.3756
I 17.0331 23.7575 28.8934
I 17.0469 16.923 35.7306
I 5.80794 17.5826 35.7587
Cs 22.5078 22.3097 -23.5127
Cs 22.8137 21.9613 -0.0484658
Cs 22.6066 22.2644 23.5354
Cs -22.7198 -22.1109 -11.7367
Cs -22.6726 -21.8734 11.7447
Cs -11.7673 -22.5416 -34.4862
Cs -11.581 -11.4848 -34.5661
I -5.80777 -23.6838 -29.4147
I -11.7002 -17.2622 -29.3703
Cs -11.2228 -22.5204 -23.7028
Cs -11.4086 -22.5512 -11.4951
Cs -11.5887 -11.5428 -11.5038
Pb -17.7751 -17.7535 -29.6526
Pb -17.4908 -17.5877 -17.693
I -16.9483 -23.7667 -28.8357
I -5.89895 -23.7267 -5.97664
I -11.702 -17.2895 -5.9588
I -18.0075 -23.704 -17.4986
I -5.10599 -23.4158 -17.7604
I -11.6262 -18.2961 -17.6064
I -17.084 -17.293 -23.5796
I -5.82121 -17.0508 -23.6692
Cs -11.4737 -22.57 -0.478396
Cs -10.766 -22.6898 11.859
Cs -11.5537 -11.4082 11.8984
Pb -17.6808 -17.5855 -5.91014
Pb -17.4245 -17.57 5.88684
I -17.6969 -23.6059 -5.8663
I -5.10733 -23.4086 17.5736
I -11.5944 -18.1812 17.7538
I -18.2658 -23.6407 5.75794
I -4.91178 -23.3653 6.21913
I -11.5853 -18.469 5.7696
I -17.1575 -17.1984 -0.0263881
I -5.85101 -17.1822 -0.0324088
Cs -11.3482 -22.5499 23.7612
Cs -11.8152 -22.517 34.5215
Cs -11.577 -11.4865 34.5546
Pb -17.4725 -17.6095 17.6836
Pb -17.8208 -17.7292 29.6719
I -18.023 -23.6858 17.6002
I -17.0432 -23.744 28.8934
I -5.86991 -23.7219 29.4809
I -11.7286 -17.2639 29.3758
I -17.1588 -17.286 23.5968
I -5.82951 -17.2064 23.6974
Cs -0.00682191 -11.5045 -34.6582
Cs -0.00534226 0.00663483 -34.6236
I 5.79296 -11.6834 -29.6137
I -0.00606791 -5.80097 -29.5128
I 5.80252 -17.5773 -35.7474
I -5.81773 -17.5758 -35.7472
Cs -0.00677845 -11.517 -24.0521
Cs -0.00673499 -11.5917 -11.4286
Cs -0.00812583 -22.0212 -23.3325
Cs -0.00524399 0.00664617 -11.4782
Pb -5.86369 -17.6463 -29.6589
Pb -5.85727 -5.83497 -29.8284
Pb -5.80923 -17.3463 -17.7424
Pb -5.72366 -5.74938 -17.8264
I -5.80662 -11.6819 -29.6137
I -0.00754001 -17.2579 -29.3586
I 5.77665 -11.6972 -5.93758
I -0.00596398 -5.77941 -6.0144
I -7.28548 -11.5068 -17.7069
I -0.00734537 -16.1382 -17.7699
I 7.27197 -11.5087 -17.7069
I -0.00623043 -7.46642 -17.7401
I -5.79198 -5.88897 -23.7741
I 5.77986 -5.89045 -23.7741
I 5.7625 -17.1266 -11.8278
I -5.77739 -17.1251 -11.8278
Cs -0.00668396 -11.5673 -0.506925
Cs -0.0066216 -11.4922 11.8988
Cs -0.0080389 -22.1281 0.256852
Cs -0.00514384 0.00665562 11.9372
Pb -5.85041 -17.7308 -5.93161
Pb -5.85116 -5.84723 -5.97894
Pb -5.79829 -17.3477 5.90273
Pb -5.73154 -5.7483 5.88786
I -5.79009 -11.6957 -5.93754
I -0.00745308 -17.3619 -5.88527
I 7.02519 -11.5163 17.916
I -0.00604335 -7.193 17.9575
I -7.26642 -11.5032 5.75452
I -0.00723954 -16.0885 5.77969
I 7.25311 -11.5051 5.75445
I -0.00611705 -7.36959 5.74451
I -5.75248 -5.76533 -0.073276
I 5.74061 -5.7668 -0.0733252
I 5.74137 -16.7491 11.828
I -5.75596 -16.7477 11.828
Cs -0.00657436 -11.5291 24.0789
Cs -0.00653279 -11.5614 34.6447
Cs -0.00794063 -22.1264 23.2778
Cs -0.00504557 0.00666696 34.6765
Pb -5.78644 -17.3776 17.7519
Pb -5.74056 -5.74279 17.8617
Pb -5.87849 -17.6769 29.6808
Pb -5.86482 -5.84891 29.8728
I -7.03838 -11.5145 17.916
I -0.00720364 -16.2112 17.892
I -5.80477 -11.7069 29.5703
I -0.00729624 -17.3173 29.3458
I 5.79162 -11.7084 29.5701
I -0.00581658 -5.81269 29.5708
I -5.79861 -5.83599 23.8347
I 5.78693 -5.83746 23.8346
I 5.80343 -17.5708 35.7587
I -5.81802 -17.5693 35.7587
Cs 11.4641 0.00516084 -34.596
Cs 11.5703 11.4981 -34.5663
I 17.244 0.00442007 -29.4351
I 11.6942 5.80853 -29.4986
I 17.5109 -5.86397 -35.72
I 5.83202 -5.75127 -35.8708
Cs 11.5011 0.00516084 -23.9889
Cs 11.5512 0.00515895 -11.5391
Cs 11.5765 -11.4962 -23.8844
Cs 11.5782 11.556 -11.5039
Pb 5.84513 -5.83648 -29.8284
Pb 5.84663 5.84825 -29.8284
Pb 5.71164 -5.75085 -17.8264
Pb 5.71314 5.76267 -17.8264
I 5.79598 0.00589217 -29.4176
I 11.6927 -5.79827 -29.4986
I 17.1222 0.00444653 -5.96345
I 11.67 5.9279 -5.92962
I 4.17271 0.00610571 -17.8686
I 11.5274 -4.38577 -17.808
I 18.4039 0.00427645 -17.6313
I 11.5285 4.39609 -17.808
I 5.78137 5.90224 -23.7741
I 17.1997 5.71737 -23.6524
I 17.0843 -5.78332 -11.8278
I 5.78922 -5.74575 -11.8852
Cs 11.5088 0.00517029 -0.432099
Cs 11.4927 0.00517785 11.9269
Cs 11.5739 -11.5093 -0.408344
Cs 11.5434 11.4215 11.8983
Pb 5.83922 -5.84874 -5.97898
Pb 5.84071 5.86053 -5.979
Pb 5.71973 -5.74978 5.8878
Pb 5.7212 5.76161 5.8878
I 5.86881 0.00589217 -5.98293
I 11.6685 -5.9176 -5.92962
I 18.1913 0.00431803 17.7598
I 11.5421 4.63431 17.934
I 4.21917 0.00610949 5.75533
I 11.512 -4.39632 5.78324
I 18.4406 0.00428212 5.78478
I 11.5131 4.40665 5.78324
I 5.74209 5.77863 -0.073329
I 17.1386 5.75454 -0.0318287
I 16.8763 -5.71089 11.8145
I 5.69605 -5.69751 11.8722
Cs 11.5007 0.00518163 23.9816
Cs 11.5012 0.0051873 34.6122
Cs 11.5953 -11.5128 23.8965
Cs 11.5669 11.4999 34.5546
Pb 5.72884 -5.74426 17.8616
Pb 5.73031 5.75611 17.8616
Pb 5.8532 -5.85042 29.8728
Pb 5.8547 5.86224 29.8728
I 4.36587 0.00609626 18.0366
I 11.5409 -4.62397 17.934
I 5.79853 0.00591862 29.5104
I 11.7059 -5.80016 29.4924
I 17.2542 0.00444464 29.4276
I 11.7074 5.81048 29.4924
I 5.78842 5.84931 23.8346
I 17.2705 5.73647 23.6633
I 17.5055 -5.84852 35.7296
I 5.86755 -5.81495 35.9073
Cs 22.5713 11.703 -34.3707
I 23.7569 16.8175 -28.705
I 17.5124 5.87274 -35.72
Cs 22.1007 11.5377 -23.213
Cs 22.2079 11.4483 -11.8949
Cs 22.5244 0.00374355 -23.8113
Cs 22.7094 22.1242 -11.7369
Pb 17.6724 5.86131 -29.6324
Pb 17.7645 17.7667 -29.6528
Pb 17.4171 5.78844 -17.7326
Pb 17.4803 17.601 -17.6932
I 17.2773 11.6986 -29.2369
I 23.71 5.72015 -29.4486
I 23.7299 17.1491 -5.94716
I 16.4424 11.6371 -17.7064
I 23.515 6.51878 -17.639
I 23.5139 17.0287 -17.6308
I 17.0734 17.3063 -23.5796
I 17.0858 5.79222 -11.8278
Cs 22.1833 11.425 0.132755
Cs 21.8488 11.5011 11.8055
Cs 22.4751 0.00376056 -0.501832
Cs 22.6624 21.8866 11.7445
Pb 17.6966 5.82372 -5.93301
Pb 17.6704 17.5988 -5.91031
Pb 17.4055 5.78644 5.89899
Pb 17.4142 17.5833 5.88667
I 17.3857 11.6619 -5.90383
I 23.6855 5.75475 -5.94795
I 23.4782 16.9372 17.6097
I 16.3466 11.6317 5.84372
I 23.4474 6.66701 6.06115
I 23.4413 16.7992 5.90088
I 17.1471 17.2117 -0.0265507
I 16.8778 5.71986 11.8145
Cs 22.1786 11.5023 23.1994
Cs 22.5843 11.67 34.394
Cs 22.5346 0.00376245 23.8138
Pb 17.4638 5.81227 17.7233
Pb 17.4623 17.6228 17.6835
Pb 17.6864 5.85711 29.6447
Pb 17.8106 17.7426 29.6717
I 16.5169 11.6476 17.7575
I 23.5116 6.44525 17.4919
I 17.3037 11.6898 29.2426
I 23.7291 5.70131 29.4608
I 23.8087 16.7667 28.7303
I 17.1486 17.2993 23.5966
I 17.507 5.85734 35.7296
Cs -0.00824677 -22.5851 -34.4654
Cs -0.00809748 -22.1731 -11.9523
Cs -0.00793874 -21.7364 11.9188
Cs -0.00795386 -22.6059 34.483
Cs 11.7509 -22.5446 -34.4862
Cs 11.5674 -11.4878 -34.5663
I 16.9315 -23.7711 -28.8359
I 11.6851 -17.2652 -29.3703
Cs 11.2065 -22.5233 -23.7028
Cs 11.3923 -22.5543 -11.4952
Cs 11.5752 -11.5457 -11.5039
Pb 5.84852 -17.6478 -29.6589
Pb 5.79422 -17.3478 -17.7424
I 5.79105 -23.6853 -29.4147
I 17.6804 -23.6104 -5.86645
I 11.6871 -17.2925 -5.95891
I 5.08943 -23.4171 -17.7604
I 17.9909 -23.7085 -17.4988
I 11.6109 -18.2991 -17.6065
I 5.80622 -17.0523 -23.6692
I 17.069 -17.2974 -23.5796
Cs 11.4575 -22.5728 -0.478494
Cs 10.7499 -22.6924 11.859
Cs 11.5404 -11.4112 11.8983
Pb 5.8354 -17.7323 -5.93166
Pb 5.78349 -17.3492 5.90269
I 5.88242 -23.7282 -5.97668
I 18.0067 -23.6904 17.6
I 11.5795 -18.1841 17.7537
I 4.89543 -23.3667 6.21909
I 18.2494 -23.6454 5.75779
I 11.5702 -18.472 5.76951
I 5.83619 -17.1837 -0.0324598
I 17.1427 -17.2029 -0.0265355
Cs 11.3322 -22.5528 23.7612
Cs 11.7994 -22.5201 34.5215
Cs 11.564 -11.4895 34.5546
Pb 5.77172 -17.3791 17.7518
Pb 5.8638 -17.6785 29.6808
I 5.09106 -23.4099 17.5736
I 5.85367 -23.7234 29.4809
I 17.0269 -23.7486 28.8934
I 11.714 -17.267 29.3756
I 5.8149 -17.2079 23.6974
I 17.1441 -17.2904 23.5966
Cs 22.5683 -11.6955 -34.3707
Cs 22.507 0.00373977 -34.5909
I 23.7085 -5.71297 -29.4486
I 17.0212 -16.9475 -35.7136
Cs 22.0977 -11.5301 -23.213
Cs 22.2049 -11.4407 -11.8949
Cs 22.5019 -22.3024 -23.5127
Cs 22.4951 0.003753 -11.4143
Pb 17.7599 -17.758 -29.6526
Pb 17.6709 -5.85258 -29.6324
Pb 17.4758 -17.5922 -17.6932
Pb 17.4156 -5.77964 -17.7326
I 17.2743 -11.6898 -29.2369
I 23.7525 -16.8103 -28.705
I 23.6839 -5.74753 -5.94795
I 16.4394 -11.6281 -17.7063
I 23.5095 -17.0215 -17.6308
I 23.5133 -6.51155 -17.639
I 17.1983 -5.70851 -23.6524
I 17.1738 -17.2092 -11.7943
Cs 22.1805 -11.4174 0.132765
Cs 21.8458 -11.4935 11.8056
Cs 22.8081 -21.9539 -0.0484469
Cs 22.6918 0.00373788 11.856
Pb 17.6658 -17.59 -5.91029
Pb 17.6951 -5.81497 -5.93301
Pb 17.4096 -17.5745 5.88669
Pb 17.404 -5.77761 5.89901
I 17.3827 -11.653 -5.90383
I 23.7255 -17.1419 -5.94714
I 23.5101 -6.43798 17.4919
I 16.3436 -11.6226 5.84372
I 23.437 -16.7919 5.9009
I 23.4457 -6.65974 6.06115
I 17.1371 -5.74564 -0.031823
I 16.8696 -17.2355 11.7799
Cs 22.1758 -11.4946 23.1994
Cs 22.5813 -11.6624 34.394
Cs 22.6008 -22.257 23.5354
Cs 22.5042 0.00377189 34.6054
Pb 17.4577 -17.614 17.6835
Pb 17.4623 -5.80345 17.7233
Pb 17.8061 -17.7338 29.6717
Pb 17.6849 -5.84833 29.6447
I 16.5139 -11.6386 17.7575
I 23.4738 -16.9299 17.6097
I 17.3007 -11.6809 29.2426
I 23.8043 -16.7594 28.7303
I 23.7278 -5.69407 29.4608
I 17.269 -5.72759 23.6633
I 17.0426 -16.914 35.7306
Cs 22.7037 -22.1168 -11.7369
Cs 22.6567 -21.8793 11.7445
