491 
I -22.6127 29.6022 -11.0963
I -22.7289 22.8073 -18.0598
Cs -28.1564 28.3453 -5.91997
Cs -28.1668 28.3652 5.77336
Cs -28.3211 17.1481 -5.96606
I -29.5757 22.7746 -11.2088
I -22.6323 29.6396 10.9553
I -29.5361 23.567 -0.0663804
I -22.9502 29.3815 -0.0704093
I -23.097 23.0033 5.82359
Cs -28.354 17.6151 16.693
I -29.5956 22.8126 11.0786
Cs -17.3075 27.9912 -5.58809
Cs -17.5079 28.4147 16.603
Cs -28.3865 5.83672 -16.7206
Cs -28.3242 17.5582 -16.8033
I -23.0777 5.8334 -11.6005
I -29.5028 11.6464 -11.692
I -23.3655 0.0486038 -18.0269
Cs -27.8716 5.84973 -5.58169
Cs -27.8814 5.86858 5.51213
Cs -28.3327 -5.78557 -6.11051
Cs -28.3317 17.1682 5.85727
I -29.5124 -0.0718474 -11.7607
I -23.0983 5.87276 11.5395
I -29.5236 11.6861 11.5998
I -29.2677 0.737052 -0.0273028
I -22.0025 5.81034 -0.0294665
I -29.2377 11.1202 -0.0449396
I -22.9262 11.6335 -5.95387
I -22.9961 -0.0131412 5.91073
Cs -28.4162 5.89349 16.6501
Cs -28.3202 -5.78967 16.8336
I -29.5334 -0.0319213 11.7083
I -23.3893 11.6751 17.9378
Cs -17.2897 17.3413 -16.8378
Cs -17.4782 28.358 -16.7307
I -11.6149 17.505 -11.7641
I -17.4904 23.0995 -11.5688
I -11.5964 11.63 -18.0981
I -23.3574 11.6139 -18.019
Cs -17.3355 17.4064 -6.11807
Cs -17.3463 17.427 6.02795
Cs -17.3134 5.81288 -6.26346
Cs -17.3173 28.0101 5.46201
Pb -23.4576 11.6882 -11.9372
Pb -23.5541 23.5974 -12.0096
Pb -23.1495 11.6155 -0.0403646
Pb -23.409 23.3515 -0.0605601
I -23.076 17.5226 -11.6542
I -17.4929 11.6176 -11.8164
I -11.6358 17.5449 11.6838
I -17.5109 23.1386 11.459
I -23.8321 17.4582 -0.0509111
I -17.2886 12.907 -0.0373448
I -10.3261 17.372 -0.0387432
I -17.4173 22.4192 -0.0536418
I -23.0866 22.9834 -5.94295
I -11.5272 23.0343 -5.96413
I -11.6476 11.6508 5.93174
I -22.9367 11.6536 5.87342
Cs -17.3196 17.3984 16.7479
Cs -17.3105 5.87236 16.8258
Pb -23.4787 11.7287 11.8556
Pb -23.5755 23.638 11.8873
I -23.0968 17.5621 11.5534
I -17.5139 11.6576 11.7457
I -22.7608 22.8685 17.9416
I -11.6849 23.3555 17.9316
Cs -5.80329 28.2766 -16.9022
I -0.0413964 29.503 -11.7847
I 0.095297 23.351 -18.0456
I -11.6529 23.2943 -18.0318
Cs -5.76973 28.3278 -6.14847
Cs -5.7806 28.3485 6.04178
Cs -5.8125 17.3089 -6.20838
Pb -11.657 23.4749 -11.9445
Pb -11.5661 23.2835 -0.0499039
I -11.5066 29.5194 -11.7748
I -5.80414 23.0297 -11.7241
I -0.0622835 29.5429 11.6842
I -12.1425 29.4042 -0.0608303
I -5.77028 24.1226 -0.0461736
I 0.737097 29.2677 -0.0491348
I -0.0284763 23.001 5.89202
I -11.5378 23.0543 5.8652
Cs -5.83328 28.334 16.7955
Cs -5.84339 17.2768 16.8056
Pb -11.6782 23.5154 11.8438
I -11.5275 29.5593 11.6538
I -5.82493 23.0696 11.6353
Cs 5.86414 27.867 -5.58911
Cs 5.85031 28.4298 16.6422
Cs -28.3716 -17.5214 -16.6624
Cs -28.2903 -5.84699 -16.8641
I -23.1087 -17.5202 -11.5047
I -29.5289 -11.537 -11.721
I -22.822 -22.7756 -17.9823
Cs -27.9957 -17.3218 -5.52053
Cs -28.0056 -17.303 5.52959
Cs -28.3501 -28.1717 -5.82399
Cs -28.3436 -5.76484 6.07972
I -29.6111 -22.6414 -11.0136
I -23.1293 -17.4811 11.5231
I -29.5498 -11.4972 11.7076
I -29.3815 -22.9502 0.0128936
I -22.4192 -17.4173 0.00967729
I -29.4042 -12.1425 -0.00551422
I -23.039 -11.5426 -5.91556
I -22.9987 -23.0819 5.90209
Cs -28.4013 -17.4647 16.6713
I -29.6307 -22.6038 11.0379
I -23.341 -11.6384 17.9808
Cs -17.2332 -5.85708 -16.8456
Cs -17.2806 5.81503 -16.8765
I -11.6173 -5.83831 -11.6427
I -17.5033 0.00796898 -11.8329
I -11.6447 -11.6433 -18.0585
I -23.309 -11.6995 -17.9826
Cs -17.3139 -5.8285 -6.17926
Cs -17.3249 -5.80751 6.16822
Cs -17.4113 -17.3512 -6.05899
Cs -17.3245 5.8341 6.21282
Pb -23.4846 -11.6878 -11.8952
Pb -23.4651 -0.00174989 -11.9336
Pb -23.2835 -11.5661 -0.00104691
Pb -23.1679 0.0119166 -0.0206396
I -23.0394 -5.83444 -11.6903
I -17.5146 -11.6453 -11.7197
I -11.6381 -5.7987 11.6418
I -17.5243 0.0481767 11.8017
I -24.1227 -5.77032 -0.0116539
I -17.3721 -10.3261 0.00210516
I -10.0528 -5.7511 0.000837149
I -17.3107 -1.41647 -0.0129975
I -22.9855 -0.0333216 -5.95158
I -11.6547 0.0212783 -5.97447
I -11.646 -11.6322 5.97135
I -23.0496 -11.5225 5.91377
Cs -17.2632 -5.79978 16.8347
Cs -17.3848 -17.2761 16.8068
Pb -23.5057 -11.6474 11.8931
Pb -23.4865 0.038781 11.8917
I -23.0601 -5.7947 11.6691
I -17.5354 -11.6055 11.7281
I -23.3977 0.109867 17.985
I -11.6683 0.0235195 18.0626
Cs -5.77196 5.78213 -16.8424
Cs -5.8134 17.2195 -16.8747
I 0.0218774 5.81048 -11.6933
I -5.80813 11.6079 -11.6672
I 0.016074 -0.0307251 -18.0612
I -11.6361 -0.0379722 -18.0833
Cs -5.77279 5.79834 -6.31919
Cs -5.78402 5.81979 6.28914
Cs -5.80346 -5.78914 -6.2995
Cs -5.82348 17.3299 6.1391
Pb -11.6551 -0.0096206 -12.0412
Pb -11.6465 11.6617 -12.0487
Pb -11.5085 0.038575 -0.0103085
Pb -11.5016 11.5132 -0.0298237
I -11.6072 5.82274 -11.7042
I -5.81994 -0.00840551 -11.6887
I 0.00108092 5.85022 11.6735
I -5.82886 11.6475 11.6172
I -13.1561 5.78326 -0.0215467
I -5.76609 1.64152 -0.00792362
I 1.64153 5.76609 -0.00834881
I -5.7511 10.0527 -0.0222194
I -11.637 11.6305 -5.99206
I 0.0367495 11.6498 -5.98384
I -0.00530257 0.0101346 5.95733
I -11.6653 0.0415702 5.9536
Cs -5.80192 5.83939 16.8123
Cs -5.82576 -5.75832 16.832
Pb -11.6765 0.0313128 12.0204
Pb -11.6679 11.7026 11.9882
I -11.628 5.8625 11.6636
I -5.84075 0.0313468 11.6782
I -11.6286 11.6915 18.0377
I -0.0232947 11.6829 18.0531
Cs 5.85872 17.2669 -16.8754
Cs 5.88002 28.3729 -16.7284
I 11.6481 17.4833 -11.8004
I 5.86343 23.0685 -11.604
I 11.6769 11.5818 -18.0773
I 0.00887605 11.6214 -18.0928
Cs 5.82907 17.3083 -6.26242
Cs 5.81796 17.3296 6.21386
Cs 5.81469 5.76769 -6.30882
Cs 5.85426 27.8859 5.5047
Pb 0.0215712 11.6453 -12.0507
Pb 0.0291547 23.4555 -11.9526
Pb 0.038592 11.5085 -0.0195436
Pb 0.0119506 23.1677 -0.0394027
I 0.0386166 17.4937 -11.8471
I 5.85305 11.5977 -11.6984
I 11.6272 17.5234 11.7616
I 5.84283 23.1078 11.5359
I -1.41645 17.3107 -0.03071
I 5.78328 13.1561 -0.0172343
I 12.907 17.2886 -0.0179241
I 5.81038 22.0025 -0.0322595
I -0.0179184 22.9808 -5.97029
I 11.6489 22.9214 -5.94228
I 11.6354 11.6525 5.95245
I 0.0261349 11.6701 5.94423
Cs 5.82873 17.3242 16.827
Cs 5.79579 5.81558 16.8227
Pb 0.000156847 11.6863 12.011
Pb 0.00794819 23.4961 11.8727
I 0.017582 17.5339 11.7875
I 5.83225 11.6375 11.6693
I 0.0632454 23.4122 17.9662
I 11.6285 23.4039 17.949
Cs 17.6016 28.3106 -16.7807
I 22.8037 29.5667 -11.1737
I 22.8542 22.7141 -18.019
I 11.6605 23.3429 -18.0078
Cs 17.1634 28.3164 -5.94459
Cs 17.1529 28.3365 5.87875
Cs 17.4221 17.3306 -6.087
Pb 11.7191 23.4479 -11.9259
Pb 11.6156 23.1495 -0.0290432
I 11.6767 29.4933 -11.6857
I 17.5528 23.0668 -11.6274
I 22.7839 29.6045 11.1136
I 11.1203 29.2377 -0.0398411
I 17.4582 23.8321 -0.0250049
I 23.567 29.5361 -0.0292719
I 22.9881 23.1019 5.86445
I 11.6384 22.9415 5.88499
Cs 17.5718 28.3676 16.7156
Cs 17.355 17.3332 16.7788
Pb 11.6979 23.4884 11.8669
I 11.6559 29.533 11.6061
I 17.5321 23.1063 11.5801
Cs 28.3605 28.1516 -5.86934
Cs -28.3605 -28.1516 5.86934
Cs -17.5718 -28.3676 -16.7156
Cs -17.355 -17.3332 -16.7788
I -11.6559 -29.533 -11.6061
I -17.5321 -23.1063 -11.5801
Cs -17.1529 -28.3365 -5.87875
Cs -17.1634 -28.3164 5.94459
Cs -17.4221 -17.3306 6.087
Pb -23.6072 -23.5851 -11.9294
Pb -23.3515 -23.409 0.0190409
I -22.7839 -29.6045 -11.1136
I -11.6767 -29.4933 11.6857
I -17.5528 -23.0668 11.6274
I -23.567 -29.5361 0.0292719
I -11.1203 -29.2377 0.0398411
I -17.4582 -23.8321 0.0250049
I -22.9881 -23.1019 -5.86445
I -11.6384 -22.9415 -5.88499
Cs -17.6016 -28.3106 16.7807
Pb -23.6284 -23.5445 11.9675
I -22.8037 -29.5667 11.1737
I -22.8542 -22.7141 18.019
I -11.6605 -23.3429 18.0078
Cs -5.82873 -17.3242 -16.827
Cs -5.79579 -5.81558 -16.8227
I -0.017582 -17.5339 -11.7875
I -5.83225 -11.6375 -11.6693
I -0.0632454 -23.4122 -17.9662
I -11.6285 -23.4039 -17.949
Cs -5.81796 -17.3296 -6.21386
Cs -5.82907 -17.3083 6.26242
Cs -5.85426 -27.8859 -5.5047
Cs -5.81469 -5.76769 6.30882
Pb -11.6979 -23.4884 -11.8669
Pb -11.6714 -11.6777 -12.009
Pb -11.6156 -23.1495 0.0290432
Pb -11.5132 -11.5016 0.00932013
I -11.6272 -17.5234 -11.7616
I -5.84283 -23.1078 -11.5359
I -0.0386166 -17.4937 11.8471
I -5.85305 -11.5977 11.6984
I -12.907 -17.2886 0.0179241
I -5.81038 -22.0025 0.0322595
I 1.41645 -17.3107 0.03071
I -5.78328 -13.1561 0.0172343
I -11.6354 -11.6525 -5.95245
I -0.0261349 -11.6701 -5.94423
I 0.0179184 -22.9808 5.97029
I -11.6489 -22.9214 5.94228
Cs -5.85872 -17.2669 16.8754
Cs -5.88002 -28.3729 16.7284
Pb -11.7191 -23.4479 11.9259
Pb -11.6929 -11.6368 12.0278
I -11.6481 -17.4833 11.8004
I -5.86343 -23.0685 11.604
I -11.6769 -11.5818 18.0773
I -0.00887605 -11.6214 18.0928
Cs 5.80192 -5.83939 -16.8123
Cs 5.82576 5.75832 -16.832
I 11.628 -5.8625 -11.6636
I 5.84075 -0.0313468 -11.6782
I 11.6286 -11.6915 -18.0377
I 0.0232947 -11.6829 -18.0531
Cs 5.78402 -5.81979 -6.28914
Cs 5.77279 -5.79834 6.31919
Cs 5.82348 -17.3299 -6.1391
Cs 5.80346 5.78914 6.2995
Pb -0.000156847 -11.6863 -12.011
Pb 0.0107091 -0.0204676 -12.0316
Pb -0.038592 -11.5085 0.0195436
Pb 0 0 0
I -0.00108092 -5.85022 -11.6735
I 5.82886 -11.6475 -11.6172
I 11.6072 -5.82274 11.7042
I 5.81994 0.00840551 11.6887
I -1.64153 -5.76609 0.00834881
I 5.7511 -10.0527 0.0222194
I 13.1561 -5.78326 0.0215467
I 5.76609 -1.64152 0.00792362
I 0.00530257 -0.0101346 -5.95733
I 11.6653 -0.0415702 -5.9536
I 11.637 -11.6305 5.99206
I -0.0367495 -11.6498 5.98384
Cs 5.77196 -5.78213 16.8424
Cs 5.8134 -17.2195 16.8747
Pb -0.0215712 -11.6453 12.0507
Pb -0.0107091 0.0204676 12.0316
I -0.0218774 -5.81048 11.6933
I 5.80813 -11.6079 11.6672
I -0.016074 0.0307251 18.0612
I 11.6361 0.0379722 18.0833
Cs 17.2632 5.79978 -16.8347
Cs 17.3848 17.2761 -16.8068
I 23.0601 5.7947 -11.6691
I 17.5354 11.6055 -11.7281
I 23.3977 -0.109867 -17.985
I 11.6683 -0.0235195 -18.0626
Cs 17.3249 5.80751 -6.16822
Cs 17.3139 5.8285 6.17926
Cs 17.3245 -5.8341 -6.21282
Cs 17.4113 17.3512 6.05899
Pb 11.6765 -0.0313128 -12.0204
Pb 11.6929 11.6368 -12.0278
Pb 11.5085 -0.038575 0.0103085
Pb 11.5132 11.5016 -0.00932013
I 11.6381 5.7987 -11.6418
I 17.5243 -0.0481767 -11.8017
I 23.0394 5.83444 11.6903
I 17.5146 11.6453 11.7197
I 10.0528 5.7511 -0.000837149
I 17.3107 1.41647 0.0129975
I 24.1227 5.77032 0.0116539
I 17.3721 10.3261 -0.00210516
I 11.646 11.6322 -5.97135
I 23.0496 11.5225 -5.91377
I 22.9855 0.0333216 5.95158
I 11.6547 -0.0212783 5.97447
Cs 17.2332 5.85708 16.8456
Cs 17.2806 -5.81503 16.8765
Pb 11.6551 0.0096206 12.0412
Pb 11.6714 11.6777 12.009
I 11.6173 5.83831 11.6427
I 17.5033 -0.00796898 11.8329
I 11.6447 11.6433 18.0585
I 23.309 11.6995 17.9826
Cs 28.4013 17.4647 -16.6713
I 29.6307 22.6038 -11.0379
I 23.341 11.6384 -17.9808
Cs 28.0056 17.303 -5.52959
Cs 27.9957 17.3218 5.52053
Cs 28.3436 5.76484 -6.07972
Cs 28.3501 28.1717 5.82399
Pb 23.5057 11.6474 -11.8931
Pb 23.6284 23.5445 -11.9675
Pb 23.2835 11.5661 0.00104691
Pb 23.3515 23.409 -0.0190409
I 23.1293 17.4811 -11.5231
I 29.5498 11.4972 -11.7076
I 29.6111 22.6414 11.0136
I 22.4192 17.4173 -0.00967729
I 29.4042 12.1425 0.00551422
I 29.3815 22.9502 -0.0128936
I 22.9987 23.0819 -5.90209
I 23.039 11.5426 5.91556
Cs 28.3716 17.5214 16.6624
Cs 28.2903 5.84699 16.8641
Pb 23.4846 11.6878 11.8952
Pb 23.6072 23.5851 11.9294
I 23.1087 17.5202 11.5047
I 29.5289 11.537 11.721
I 22.822 22.7756 17.9823
Cs -5.85031 -28.4298 -16.6422
Cs -5.86414 -27.867 5.58911
Cs 5.83328 -28.334 -16.7955
Cs 5.84339 -17.2768 -16.8056
I 11.5275 -29.5593 -11.6538
I 5.82493 -23.0696 -11.6353
Cs 5.7806 -28.3485 -6.04178
Cs 5.76973 -28.3278 6.14847
Cs 5.8125 -17.3089 6.20838
Pb -0.00794819 -23.4961 -11.8727
Pb -0.0119506 -23.1677 0.0394027
I 0.0622835 -29.5429 -11.6842
I 11.5066 -29.5194 11.7748
I 5.80414 -23.0297 11.7241
I -0.737097 -29.2677 0.0491348
I 12.1425 -29.4042 0.0608303
I 5.77028 -24.1226 0.0461736
I 0.0284763 -23.001 -5.89202
I 11.5378 -23.0543 -5.8652
Cs 5.80329 -28.2766 16.9022
Pb -0.0291547 -23.4555 11.9526
I 0.0413964 -29.503 11.7847
I -0.095297 -23.351 18.0456
I 11.6529 -23.2943 18.0318
Cs 17.3196 -17.3984 -16.7479
Cs 17.3105 -5.87236 -16.8258
I 23.0968 -17.5621 -11.5534
I 17.5139 -11.6576 -11.7457
I 22.7608 -22.8685 -17.9416
I 11.6849 -23.3555 -17.9316
Cs 17.3463 -17.427 -6.02795
Cs 17.3355 -17.4064 6.11807
Cs 17.3173 -28.0101 -5.46201
Cs 17.3134 -5.81288 6.26346
Pb 11.6782 -23.5154 -11.8438
Pb 11.6679 -11.7026 -11.9882
Pb 11.5661 -23.2835 0.0499039
Pb 11.5016 -11.5132 0.0298237
I 11.6358 -17.5449 -11.6838
I 17.5109 -23.1386 -11.459
I 23.076 -17.5226 11.6542
I 17.4929 -11.6176 11.8164
I 10.3261 -17.372 0.0387432
I 17.4173 -22.4192 0.0536418
I 23.8321 -17.4582 0.0509111
I 17.2886 -12.907 0.0373448
I 11.6476 -11.6508 -5.93174
I 22.9367 -11.6536 -5.87342
I 23.0866 -22.9834 5.94295
I 11.5272 -23.0343 5.96413
Cs 17.2897 -17.3413 16.8378
Cs 17.4782 -28.358 16.7307
Pb 11.657 -23.4749 11.9445
Pb 11.6465 -11.6617 12.0487
I 11.6149 -17.505 11.7641
I 17.4904 -23.0995 11.5688
I 11.5964 -11.63 18.0981
I 23.3574 -11.6139 18.019
Cs 28.4162 -5.89349 -16.6501
Cs 28.3202 5.78967 -16.8336
I 29.5334 0.0319213 -11.7083
I 23.3893 -11.6751 -17.9378
Cs 27.8814 -5.86858 -5.51213
Cs 27.8716 -5.84973 5.58169
Cs 28.3317 -17.1682 -5.85727
Cs 28.3327 5.78557 6.11051
Pb 23.4787 -11.7287 -11.8556
Pb 23.4865 -0.038781 -11.8917
Pb 23.1495 -11.6155 0.0403646
Pb 23.1679 -0.0119166 0.0206396
I 23.0983 -5.87276 -11.5395
I 29.5236 -11.6861 -11.5998
I 29.5124 0.0718474 11.7607
I 22.0025 -5.81034 0.0294665
I 29.2377 -11.1202 0.0449396
I 29.2677 -0.737052 0.0273028
I 22.9961 0.0131412 -5.91073
I 22.9262 -11.6335 5.95387
Cs 28.3865 -5.83672 16.7206
Cs 28.3242 -17.5582 16.8033
Pb 23.4576 -11.6882 11.9372
Pb 23.4651 0.00174989 11.9336
I 23.0777 -5.8334 11.6005
I 29.5028 -11.6464 11.692
I 23.3655 -0.0486038 18.0269
Cs 17.5079 -28.4147 -16.603
Cs 17.3075 -27.9912 5.58809
Cs 28.354 -17.6151 -16.693
I 29.5956 -22.8126 -11.0786
Cs 28.1668 -28.3652 -5.77336
Cs 28.1564 -28.3453 5.91997
Cs 28.3211 -17.1481 5.96606
Pb 23.5755 -23.638 -11.8873
Pb 23.409 -23.3515 0.0605601
I 22.6323 -29.6396 -10.9553
I 29.5757 -22.7746 11.2088
I 22.9502 -29.3815 0.0704093
I 29.5361 -23.567 0.0663804
I 23.097 -23.0033 -5.82359
Pb 23.5541 -23.5974 12.0096
I 22.6127 -29.6022 11.0963
I 22.7289 -22.8073 18.0598
