324 
I -11.0377 23.7775 -16.9534
I -11.1082 16.9811 -23.9294
Cs -16.5745 22.5558 -11.797
Cs -16.4205 22.5947 0
Cs -16.809 11.334 -11.9465
I -17.9865 16.9753 -17.1412
I -11.3405 23.4938 5.81382
I -18.046 17.9126 -5.88593
I -11.3405 23.4938 -5.81382
I -11.6065 16.9726 0
Cs -16.5745 22.5558 11.797
Cs -16.809 11.334 11.9465
I -18.046 17.9126 5.88593
I -17.9865 16.9753 17.1412
I -11.0377 23.7775 16.9534
I -11.1082 16.9811 23.9294
Cs -5.80443 22.2045 -11.3874
Cs -5.80443 22.2045 11.3874
Cs -16.7371 -0.0594395 -22.6506
Cs -16.6906 11.7271 -22.7368
I -11.506 -0.0369895 -17.4525
I -17.9276 5.81664 -17.6845
I -11.6471 -5.8224 -23.9026
Cs -16.3734 -0.0578786 -11.4066
Cs -16.1374 -0.0568657 0
Cs -16.7112 -11.4531 -11.9465
Cs -16.982 10.8957 0
I -17.8772 -5.94552 -17.6845
I -10.5047 -0.0326923 6.01218
I -17.7421 5.06785 5.69556
I -17.698 -5.19516 -5.69556
I -10.5047 -0.0326923 -6.01218
I -17.7421 5.06785 -5.69556
I -11.4968 5.79921 -11.8418
I -11.1075 -5.7625 0
Cs -16.3734 -0.0578786 11.4066
Cs -16.7371 -0.0594395 22.6506
Cs -16.7112 -11.4531 11.9465
Cs -16.6906 11.7271 22.7368
I -17.698 -5.19516 5.69556
I -17.8772 -5.94552 17.6845
I -11.506 -0.0369895 17.4525
I -17.9276 5.81664 17.6845
I -11.4968 5.79921 11.8418
I -11.6471 -5.8224 23.9026
Cs -5.67476 11.529 -22.6686
Cs -5.87909 22.5444 -22.586
I -0.0404402 11.7187 -17.5523
I -5.91356 17.2927 -17.4077
I -0.0149137 5.80076 -23.9606
I -11.6967 5.74698 -23.9026
Cs -5.78589 11.5939 -11.9936
Cs -5.83043 11.5408 0
Cs -5.75452 -0.0123078 -12.1243
Cs -5.87733 21.9826 0
Pb -11.8774 5.83119 -17.8283
Pb -11.9635 17.7705 -17.8816
Pb -11.7225 5.7452 -5.91137
Pb -11.9635 17.4668 -5.90109
I -11.4873 11.6831 -17.5386
I -5.90589 5.78461 -17.6372
I 0.930717 11.6065 5.98981
I -5.98363 16.5952 5.90014
I -12.4519 11.5726 -5.90638
I -5.8447 6.94677 -6.02481
I 0.930717 11.6065 -5.98981
I -5.98363 16.5952 -5.90014
I -11.5663 17.1367 -11.7978
I -0.0617733 17.2719 -11.79
I -0.029236 5.73037 0
I -11.1567 5.69173 0
Cs -5.78589 11.5939 11.9936
Cs -5.67476 11.529 22.6686
Cs -5.75452 -0.0123078 12.1243
Cs -5.87909 22.5444 22.586
Pb -11.7225 5.7452 5.91137
Pb -11.9635 17.4668 5.90109
Pb -11.8774 5.83119 17.8283
Pb -11.9635 17.7705 17.8816
I -12.4519 11.5726 5.90638
I -5.8447 6.94677 6.02481
I -11.4873 11.6831 17.5386
I -5.90589 5.78461 17.6372
I -0.0404402 11.7187 17.5523
I -5.91356 17.2927 17.4077
I -11.5663 17.1367 11.7978
I -0.0617733 17.2719 11.79
I -0.0149137 5.80076 23.9606
I -11.6967 5.74698 23.9026
Cs 5.83916 22.5563 -22.6474
I 11.0847 23.8293 -17.0426
I 11.097 16.9706 -23.8807
I -0.0439739 17.4838 -23.8461
Cs 5.46297 22.5964 -11.8217
Cs 5.20525 22.71 0
Cs 5.70314 11.5764 -11.9305
Pb -0.0567428 17.6986 -17.7757
Pb -0.147408 17.5224 -5.88697
I -0.0294136 23.7444 -17.5543
I 5.80322 17.329 -17.4759
I 11.9102 23.7884 5.81255
I -0.673104 23.5704 -5.66126
I 5.69789 18.0938 -5.87414
I 11.9102 23.7884 -5.81255
I 11.1404 17.3182 0
I -0.144524 16.9758 0
Cs 5.46297 22.5964 11.8217
Cs 5.83916 22.5563 22.6474
Cs 5.70314 11.5764 11.9305
Pb -0.147408 17.5224 5.88697
Pb -0.0567428 17.6986 17.7757
I -0.673104 23.5704 5.66126
I 5.69789 18.0938 5.87414
I -0.0294136 23.7444 17.5543
I 5.80322 17.329 17.4759
I 11.0847 23.8293 17.0426
I 11.097 16.9706 23.8807
I -0.0439739 17.4838 23.8461
Cs 16.6458 22.4063 -11.7143
Cs 16.6458 22.4063 11.7143
Cs -16.5894 -11.8451 -22.7368
I -10.8333 -23.8467 -16.9534
I -17.8402 -17.1043 -17.1412
Cs -16.3804 -22.6726 -11.797
Cs -16.2261 -22.71 0
Cs -16.888 -11.0163 0
I -11.1386 -23.5655 5.81382
I -17.8917 -18.0421 5.88593
I -11.1386 -23.5655 -5.81382
I -17.8917 -18.0421 -5.88593
I -11.4189 -17.2105 -11.7978
Cs -16.3804 -22.6726 11.797
Cs -16.5894 -11.8451 22.7368
I -10.8333 -23.8467 16.9534
I -17.8402 -17.1043 17.1412
I -11.4189 -17.2105 11.7978
Cs -5.57571 -11.5525 -22.6686
Cs -5.71537 -0.0121396 -22.702
I 0.0600328 -11.6938 -17.5523
I -5.85613 -5.81031 -17.6372
I 0.10598 -17.4587 -23.8461
I -10.9622 -17.051 -23.9294
Cs -5.68626 -11.6183 -11.9936
Cs -5.73128 -11.5656 0
Cs -5.61375 -22.2287 -11.3874
Cs -5.72512 -0.0121812 0
Pb -11.8106 -17.8478 -17.8816
Pb -11.827 -5.90814 -17.8283
Pb -11.8133 -17.5441 -5.90109
Pb -11.6729 -5.82083 -5.91137
I -11.3867 -11.7565 -17.5386
I -5.76503 -17.318 -17.4077
I 1.03019 -11.5733 5.98981
I -5.78496 -6.9719 6.02481
I -12.3522 -11.6543 -5.90638
I -5.84107 -16.6212 -5.90014
I 1.03019 -11.5733 -5.98981
I -5.78496 -6.9719 -6.02481
I -11.4467 -5.87289 -11.8418
I -0.0139141 -5.81957 -11.8983
I 0.00107336 -16.9516 0
I -11.4605 -17.0468 0
Cs -5.68626 -11.6183 11.9936
Cs -5.57571 -11.5525 22.6686
Cs -5.61375 -22.2287 11.3874
Cs -5.71537 -0.0121396 22.702
Pb -11.8133 -17.5441 5.90109
Pb -11.6729 -5.82083 5.91137
Pb -11.8106 -17.8478 17.8816
Pb -11.827 -5.90814 17.8283
I -12.3522 -11.6543 5.90638
I -5.84107 -16.6212 5.90014
I -11.3867 -11.7565 17.5386
I -5.76503 -17.318 17.4077
I 0.0600328 -11.6938 17.5523
I -5.85613 -5.81031 17.6372
I -11.4467 -5.87289 11.8418
I -0.0139141 -5.81957 11.8983
I 0.10598 -17.4587 23.8461
I -10.9622 -17.051 23.9294
Cs 5.64832 0.0366267 -22.6873
Cs 5.64494 11.5356 -22.634
I 11.4219 0.0614048 -17.5469
I 5.83306 5.83578 -17.5718
I 11.6465 -5.78423 -23.8665
I 0.0347672 -5.77591 -23.9606
Cs 5.71038 0.0368931 -12.0413
Cs 5.8132 0.0373353 0
Cs 5.80218 -11.5023 -11.9305
Cs 5.65686 11.5894 0
Pb 0.0165049 -5.84279 -17.9236
Pb -0.0337486 5.86749 -17.9236
Pb -0.00646476 -5.75677 -5.95081
Pb -0.0559813 5.78128 -5.95081
I -0.0216525 0.0122946 -17.5351
I 5.88283 -5.76074 -17.5718
I 12.348 0.0653789 5.87382
I 5.75936 4.77808 6.05293
I -1.2799 0.00689561 -6.05771
I 5.80004 -4.7037 -6.05293
I 12.348 0.0653789 -5.87382
I 5.75936 4.77808 -6.05293
I -0.0639673 5.844 -11.8983
I 11.4596 5.79766 -11.8081
I 11.1611 -5.72946 0
I 0.0198402 -5.70563 0
Cs 5.71038 0.0368931 12.0413
Cs 5.64832 0.0366267 22.6873
Cs 5.80218 -11.5023 11.9305
Cs 5.64494 11.5356 22.634
Pb -0.00646476 -5.75677 5.95081
Pb -0.0559813 5.78128 5.95081
Pb 0.0165049 -5.84279 17.9236
Pb -0.0337486 5.86749 17.9236
I -1.2799 0.00689561 6.05771
I 5.80004 -4.7037 6.05293
I -0.0216525 0.0122946 17.5351
I 5.88283 -5.76074 17.5718
I 11.4219 0.0614048 17.5469
I 5.83306 5.83578 17.5718
I -0.0639673 5.844 11.8983
I 11.4596 5.79766 11.8081
I 11.6465 -5.78423 23.8665
I 0.0347672 -5.77591 23.9606
Cs 16.6565 11.7518 -22.5492
I 17.891 16.8849 -16.9059
I 11.5963 5.90874 -23.8665
Cs 16.3375 11.5989 -11.3729
Cs 16.1363 11.5851 0
Cs 16.7194 0.0841382 -11.9383
Cs 16.7029 22.2015 0
Pb 11.8111 5.91908 -17.7877
Pb 11.8817 17.8096 -17.8335
Pb 11.6949 5.88355 -5.88875
Pb 11.602 17.6905 -5.88172
I 11.4016 11.7503 -17.373
I 17.8613 5.79298 -17.6279
I 17.6292 17.1491 5.8093
I 10.734 11.7111 -5.90139
I 17.7404 6.48917 -5.68787
I 17.6292 17.1491 -5.8093
I 11.2672 17.3626 -11.7611
I 11.1115 5.84982 0
Cs 16.3375 11.5989 11.3729
Cs 16.6565 11.7518 22.5492
Cs 16.7194 0.0841382 11.9383
Pb 11.6949 5.88355 5.88875
Pb 11.602 17.6905 5.88172
Pb 11.8111 5.91908 17.7877
Pb 11.8817 17.8096 17.8335
I 10.734 11.7111 5.90139
I 17.7404 6.48917 5.68787
I 11.4016 11.7503 17.373
I 17.8613 5.79298 17.6279
I 17.891 16.8849 16.9059
I 11.2672 17.3626 11.7611
I 11.5963 5.90874 23.8665
Cs -5.68547 -22.5694 -22.586
Cs -5.68857 -22.0074 0
Cs -5.68547 -22.5694 22.586
Cs 6.03244 -22.4806 -22.6474
Cs 5.74364 -11.4619 -22.634
I 11.2887 -23.7085 -17.0426
I 5.95164 -17.2538 -17.4759
Cs 5.6566 -22.5238 -11.8217
Cs 5.39986 -22.6397 0
Cs 5.75601 -11.5157 0
Pb 0.0950552 -17.6737 -17.7757
Pb 0.00287994 -17.4982 -5.88697
I 0.174273 -23.7189 -17.5543
I 12.1138 -23.6605 5.81255
I 5.85286 -18.0194 5.87414
I -0.47089 -23.5503 -5.66126
I 12.1138 -23.6605 -5.81255
I 5.85286 -18.0194 -5.87414
I 0.0863624 -17.247 -11.79
I 11.4157 -17.2405 -11.7611
Cs 5.6566 -22.5238 11.8217
Cs 6.03244 -22.4806 22.6474
Cs 5.74364 -11.4619 22.634
Pb 0.00287994 -17.4982 5.88697
Pb 0.0950552 -17.6737 17.7757
I -0.47089 -23.5503 5.66126
I 0.174273 -23.7189 17.5543
I 11.2887 -23.7085 17.0426
I 5.95164 -17.2538 17.4759
I 0.0863624 -17.247 11.79
I 11.4157 -17.2405 11.7611
Cs 16.7567 -11.5836 -22.5492
Cs 16.634 0.0837716 -22.7597
I 17.9102 -5.61468 -17.6279
I 11.2421 -16.85 -23.8807
Cs 16.4364 -11.4334 -11.3729
Cs 16.235 -11.4214 0
Cs 16.8374 -22.2379 -11.7143
Cs 16.9101 0.0849565 0
Pb 12.034 -17.6822 -17.8335
Pb 11.8614 -5.79271 -17.7877
Pb 11.7533 -17.5655 -5.88172
Pb 11.7449 -5.75819 -5.88875
I 11.5019 -11.6272 -17.373
I 18.0351 -16.7059 -16.9059
I 17.7953 -6.3119 5.68787
I 10.834 -11.5937 -5.90139
I 17.7757 -16.9724 -5.8093
I 17.7953 -6.3119 -5.68787
I 11.5089 -5.67432 -11.8081
I 11.2885 -17.1972 0
Cs 16.4364 -11.4334 11.3729
Cs 16.7567 -11.5836 22.5492
Cs 16.8374 -22.2379 11.7143
Cs 16.634 0.0837716 22.7597
Pb 11.7533 -17.5655 5.88172
Pb 11.7449 -5.75819 5.88875
Pb 12.034 -17.6822 17.8335
Pb 11.8614 -5.79271 17.7877
I 10.834 -11.5937 5.90139
I 17.7757 -16.9724 5.8093
I 11.5019 -11.6272 17.373
I 18.0351 -16.7059 16.9059
I 17.9102 -5.61468 17.6279
I 11.5089 -5.67432 11.8081
I 11.2421 -16.85 23.8807
Cs 16.8927 -22.0325 0
