133 
I -5.40571 17.9005 -11.1433
I -5.35348 11.0311 -17.9847
Cs -10.9538 16.569 -5.91564
Cs -10.9785 16.5929 5.8025
Cs -10.7939 5.56678 -5.66997
I -12.1647 10.9763 -11.112
I -5.45249 17.9457 11.048
I -12.1057 11.4873 -0.0485754
I -5.92972 17.8518 -0.0485414
I -5.72755 11.427 5.82625
Cs -10.9418 5.83455 16.6051
I -12.2113 11.0214 11.0165
Cs -0.0798391 16.6104 -5.66398
Cs -0.127065 16.7006 16.6314
Cs -10.8071 -5.95132 -16.65
Cs -10.8717 5.76667 -16.674
I -5.59567 -5.91405 -11.4442
I -12.0176 -0.0883958 -11.5772
I -5.23112 -11.1599 -17.9392
Cs -10.7318 -5.70546 -5.64686
Cs -10.7555 -5.68247 5.62553
Cs -10.7703 -16.7097 -5.84738
Cs -10.8177 5.58977 5.60242
I -12.0426 -11.152 -11.0667
I -5.64391 -5.86738 11.4453
I -12.0663 -0.0412716 11.5274
I -11.9783 -11.617 -0.00118297
I -5.59839 -5.89283 0.000585815
I -12.0367 -0.0648044 -0.0248688
I -5.61837 -0.0414171 -5.87488
I -5.60136 -11.4622 5.87321
Cs -10.8772 -5.88346 16.6292
I -12.0893 -11.1069 11.0619
I -5.86881 0.00590918 17.8708
Cs 0.00391362 5.59788 -16.6316
Cs -0.0568316 16.6326 -16.699
I 5.64378 5.87059 -11.4446
I -0.0391287 11.4459 -11.491
I 5.86868 -0.00268719 -17.87
I -5.79345 -0.0670362 -17.8945
Cs -0.0197155 5.75813 -5.77982
Cs -0.044025 5.78166 5.75688
Cs 0.0438927 -5.77843 -5.75616
Cs -0.103566 16.6333 5.59652
Pb -5.95479 -0.0555032 -11.8383
Pb -6.11414 11.8733 -11.9665
Pb -5.99495 -0.0314677 -0.0122057
Pb -6.04492 11.7946 -0.0364302
I -5.6603 5.80823 -11.4682
I 0.0243302 -0.0220021 -11.5777
I 5.59554 5.91728 11.4449
I -0.0874584 11.4927 11.4446
I -5.66306 5.83391 -0.0234685
I -6.61404e-05 0.00161194 0.000359048
I 5.59826 5.89604 0.000134171
I -0.0639011 11.5795 -0.0233891
I -5.70286 11.4031 -5.89617
I 5.60123 11.4654 -5.87248
I 5.61823 0.0446391 5.8756
I -5.64308 -0.0174989 5.85199
Cs -0.066131 5.66568 16.6093
Cs -0.00404591 -5.59467 16.6324
Pb -6.00463 -0.00726222 11.8139
Pb -6.16442 11.922 11.8928
I -5.70854 5.8549 11.4212
I -0.0244625 0.025226 11.5784
I -5.42913 11.1043 17.9176
I 5.23099 11.1632 17.9399
I 5.30666 11.0899 -17.9623
Cs 10.7949 16.689 -5.87006
Cs 10.7702 16.7129 5.8481
Cs 10.7554 5.6857 -5.62481
Pb 6.03275 11.9403 -11.9411
Pb 5.91437 11.8606 -0.0113648
I 5.2544 17.9593 -11.121
I 12.0891 11.1101 -11.0612
I 5.73239 17.9162 -0.0240997
I 11.9782 11.6202 0.00190295
I 5.57653 11.4894 5.84995
Cs 10.8069 5.95455 16.6507
Pb 5.98246 11.989 11.9183
I 5.20765 18.0045 11.0704
I 12.0425 11.1552 11.0674
Cs -10.795 -16.6858 5.87078
Cs 0.126933 -16.6974 -16.6307
Cs 0.0659987 -5.66245 -16.6085
I 5.45235 -17.9425 -11.0473
I 0.0873262 -11.4894 -11.4439
Cs 0.103434 -16.6301 -5.5958
Cs 0.0797068 -16.6071 5.6647
Cs 0.0195832 -5.7549 5.78054
Pb -5.98259 -11.9858 -11.9176
Pb -5.9145 -11.8573 0.0120848
I -5.20778 -18.0013 -11.0697
I 5.40558 -17.8972 11.144
I 0.0389964 -11.4427 11.4917
I -5.73252 -17.9129 0.0248178
I 5.92958 -17.8486 0.0492614
I 0.0637688 -11.5763 0.0241091
I -5.57666 -11.4861 -5.84923
I 5.72742 -11.4237 -5.82554
Cs 0.0566994 -16.6294 16.6997
Pb -6.03288 -11.9371 11.9418
I -5.25454 -17.9561 11.1217
I -5.30679 -11.0867 17.9631
I 5.35335 -11.0279 17.9854
Cs 10.9417 -5.83132 -16.6044
Cs 10.8771 5.88667 -16.6284
I 12.0662 0.0444955 -11.5267
I 5.429 -11.1011 -17.9168
Cs 10.8176 -5.58654 -5.6017
Cs 10.7938 -5.56356 5.67069
Cs 10.9784 -16.5897 -5.80178
Cs 10.7316 5.70868 5.64758
Pb 6.16429 -11.9187 -11.8921
Pb 6.00449 0.0104861 -11.8132
Pb 6.04478 -11.7913 0.0371501
Pb 5.99482 0.0346897 0.0129238
I 5.70841 -5.85169 -11.4205
I 12.2112 -11.0182 -11.0158
I 12.0175 0.0916177 11.5779
I 5.66293 -5.83068 0.0241885
I 12.1056 -11.4841 0.0492954
I 12.0366 0.0680283 0.0255869
I 5.64295 0.0207209 -5.85127
I 5.70272 -11.3998 5.89689
Cs 10.8715 -5.76344 16.6748
Pb 6.114 -11.8701 11.9672
Pb 5.95466 0.058727 11.839
I 5.66017 -5.805 11.469
I 12.1645 -10.9731 11.1128
I 5.79332 0.07026 17.8952
Cs 10.9537 -16.5658 5.91636
