0 -0.26159307345593 1.26239e-06
1 -0.26159307345591 1.36511e-06
2 -0.261082071526152 6.93174e-07
3 -0.261082071526136 2.96155e-07
4 -0.260937866880671 4.76444e-07
5 -0.260937866880634 3.78131e-07
6 -0.25977475766934 1.63319e-07
7 -0.259774757669322 1.08865e-07
8 -0.259609757453303 3.62905e-07
9 -0.259609757453257 1.30012e-07
10 -0.259514156676717 7.99854e-08
11 -0.259514156676678 2.27761e-07
12 -0.259218690890045 5.05212e-06
13 -0.259218690890034 3.69043e-06
14 -0.259057468026381 2.78127e-07
15 -0.259057468026363 1.78114e-07
16 -0.25896090603256 1.05433e-07
17 -0.258960906032548 1.8151e-07
18 -0.258268702288369 7.47847e-08
19 -0.258268702288332 1.0079e-07
20 -0.257910876180937 1.48218e-07
21 -0.257910876180922 1.48311e-07
22 -0.257578557609166 1.04905e-07
23 -0.257578557609145 8.9407e-08
24 -0.25749075859312 1.42635e-07
25 -0.2574907585931 1.36825e-07
26 -0.257106570134914 5.68641e-08
27 -0.257106570134887 1.0622e-07
28 -0.256683693553837 1.17686e-07
29 -0.256683693553814 8.19564e-08
30 -0.255979139195752 1.06024e-07
31 -0.255979139195737 1.02902e-07
32 -0.255702930037834 1.22822e-07
33 -0.255702930037782 7.51549e-08
34 -0.254581800925418 1.08207e-06
35 -0.254581800925355 1.67099e-07
36 -0.25439567093613 5.9837e-08
37 -0.254395670936114 1.02902e-07
38 -0.253663218547986 1.05367e-08
39 -0.253663218547936 5.66195e-08
40 -0.253074702771319 7.45989e-08
41 -0.253074702771293 9.7429e-08
42 -0.252938970702358 1.22028e-07
43 -0.252938970702301 2.14002e-08
44 -0.25269847920889 4.02952e-08
45 -0.252698479208862 8.64877e-08
46 -0.252380181115012 1.38388e-07
47 -0.252380181114973 6.87919e-08
48 -0.251642929316635 4.50129e-08
49 -0.251642929316615 6.53786e-08
50 -0.251491413629294 5.26836e-08
51 -0.251491413629274 1.4346e-07
52 -0.251091011952451 6.664e-08
53 -0.251091011952435 6.32203e-08
54 -0.250812951286339 6.08717e-08
55 -0.250812951286278 9.01028e-08
56 -0.249842973009487 6.06433e-08
57 -0.24984297300946 6.2113e-08
58 -0.24845679532375 8.65679e-08
59 -0.248456795323698 1.29048e-08
60 -0.246944046817954 7.08295e-08
61 -0.246944046817924 5.5568e-08
62 -0.246668795400362 5.51293e-08
63 -0.246668795400347 3.41428e-08
64 -0.246405050095467 6.68998e-08
65 -0.246405050095406 8.62869e-08
66 -0.245968866485092 1.028e-07
67 -0.245968866484998 1.06774e-07
68 -0.244912102562468 1.04673e-07
69 -0.244912102562365 6.47922e-08
70 -0.244210758974341 7.6027e-08
71 -0.244210758974278 8.58839e-08
72 -0.24029498467784 9.32812e-08
73 -0.240294984677804 8.6648e-08
74 -0.239852397171439 9.21586e-08
75 -0.239852397171372 7.52011e-08
76 -0.239366389303374 7.57068e-08
77 -0.239366389303347 5.03948e-08
78 -0.233496940593494 8.53978e-08
79 -0.233496940593418 6.00685e-08
80 -0.154254439491405 3.65952e-08
81 -0.154254439491285 4.77797e-08
82 -0.148643429383811 3.63096e-08
83 -0.148643429383746 3.82183e-08
84 -0.147701859992441 3.99058e-08
85 -0.147701859992383 3.02644e-08
86 -0.146310508301656 2.35608e-08
87 -0.146310508301614 1.6131e-08
88 -0.143217518000301 1.90864e-08
89 -0.143217518000283 1.73736e-08
90 -0.142483600146691 2.40707e-08
91 -0.142483600146664 2.04043e-08
92 -0.141029607390458 3.77617e-08
93 -0.141029607390451 3.13899e-08
94 -0.140805114079087 2.12374e-08
95 -0.140805114079076 4.20232e-08
96 -0.138784347364456 3.53903e-08
97 -0.138784347364453 3.53903e-08
98 -0.138690899664356 3.21542e-08
99 -0.138690899664352 1.36876e-08
100 -0.137978769249149 3.89823e-08
101 -0.137978769249137 5.18538e-08
102 -0.137884259862767 3.52921e-08
103 -0.13788425986276 3.70193e-08
104 -0.137568748826826 4.89985e-08
105 -0.137568748826818 4.75248e-08
106 -0.135977390790476 5.90491e-08
107 -0.135977390790468 1.72735e-08
108 -0.135073484497317 3.65952e-08
109 -0.135073484497306 4.17748e-08
110 -0.134961969516112 1.00307e-08
111 -0.134961969516098 2.6077e-08
112 -0.134331662833641 7.21399e-09
113 -0.134331662833638 3.42443e-08
114 -0.133476524613619 2.53347e-08
115 -0.133476524613615 2.27365e-08
116 -0.132362657336668 3.40411e-08
117 -0.13236265733666 4.05099e-08
118 -0.131584805189932 6.45239e-08
119 -0.131584805189926 4.74152e-08
120 -0.131100024190969 4.93513e-08
121 -0.131100024190965 3.94687e-08
122 -0.13081954948506 2.18017e-08
123 -0.130819549485056 3.63096e-08
124 -0.130597238157904 1.99746e-08
125 -0.130597238157899 2.95686e-08
126 -0.129299412927959 1.59144e-08
127 -0.129299412927955 2.74385e-08
128 -0.128948731059689 2.66039e-08
129 -0.128948731059684 2.40707e-08
130 -0.128685993577999 2.76902e-08
131 -0.128685993577994 1.35603e-08
132 -0.128255928228976 5.86068e-08
133 -0.12825592822897 6.96938e-09
134 -0.127807652088573 3.77157e-08
135 -0.127807652088568 5.20875e-08
136 -0.127437409974044 3.08323e-08
137 -0.127437409974043 3.71129e-08
138 -0.126739991656356 1.11759e-08
139 -0.126739991656352 2.55393e-08
