637 
I -16.8263 29.5689 -22.8372
I -16.9559 22.8258 -29.8573
Cs -22.3279 28.3368 -17.6603
Cs -22.0132 28.4092 -5.90177
Cs -22.5926 17.0985 -17.8847
I -23.8011 22.782 -23.0299
I -16.9251 29.1846 -0.0425226
I -23.7637 23.7197 -11.7468
I -17.0228 29.219 -11.7422
I -17.3077 22.6909 -5.93236
Cs -22.0234 28.4204 5.80925
Cs -22.3589 28.3703 17.5673
Cs -22.7478 16.5905 5.85953
I -23.7414 23.7915 -0.043373
I -16.8662 29.6124 22.7516
I -23.7843 23.742 11.6601
I -17.0433 29.2411 11.6568
I -17.3808 22.9203 17.651
Cs -22.6028 17.6258 28.5929
I -23.8414 22.8256 22.9451
Cs -11.5668 27.929 -17.303
Cs -11.561 27.697 5.80921
Cs -11.7717 28.4256 28.4207
Cs -22.6578 5.77304 -28.5498
Cs -22.5528 17.5714 -28.6658
I -17.3461 5.76888 -23.4283
I -23.7612 11.6534 -23.6127
I -17.5865 0.0306495 -29.9197
Cs -22.0907 5.70883 -17.3046
Cs -21.908 5.65576 -5.80037
Cs -22.4929 -5.9149 -18.0204
Cs -22.7374 16.5793 -5.93085
I -23.7166 -0.223296 -23.6768
I -16.2869 5.70044 -0.0196664
I -23.4443 10.8126 -0.0307912
I -23.4086 0.710318 -11.5976
I -16.1638 5.69569 -12.0438
I -23.4508 10.7677 -11.5837
I -17.2385 11.5907 -17.8143
I -16.8843 -0.0768987 -5.9606
Cs -21.918 5.66672 5.75125
Cs -22.121 5.74165 17.2551
Cs -22.668 -5.62054 5.80736
Cs -22.6238 17.1324 17.8126
I -23.3905 0.527646 -0.0209779
I -17.3871 5.81333 23.3869
I -23.8026 11.6982 23.549
I -23.429 0.732301 11.5552
I -16.1848 5.71852 12.0047
I -23.471 10.7897 11.5221
I -16.9263 11.4281 5.90834
I -17.254 -0.140435 17.8154
Cs -22.7077 5.82722 28.499
Cs -22.4913 -5.89406 28.7709
I -23.758 -0.178375 23.6356
I -17.6707 11.6098 29.8254
Cs -11.5199 17.3575 -28.677
Cs -11.7219 28.3716 -28.4952
I -5.84273 17.4988 -23.6029
I -11.7359 23.077 -23.3574
I -5.83037 11.7075 -30.0408
I -17.6184 11.5531 -29.8783
Cs -11.5576 17.3454 -18.0001
Cs -11.5154 17.2824 -5.95757
Cs -11.5187 5.74832 -18.2257
Cs -11.5507 27.6858 -5.882
Pb -17.7138 11.6355 -23.7966
Pb -17.7866 23.5715 -23.7973
Pb -17.4239 11.4723 -11.8731
Pb -17.6813 23.189 -11.8239
I -17.3075 17.4824 -23.5142
I -11.7426 11.5685 -23.7149
I -4.76092 17.2828 -0.020564
I -11.7159 22.2727 -0.0313959
I -18.2525 17.3018 -11.8505
I -11.5665 12.7889 -11.9945
I -4.6694 17.2927 -12.035
I -11.7083 22.2589 -11.869
I -17.3498 22.8867 -17.7249
I -5.78803 23.0378 -17.7728
I -5.71346 11.4625 -6.02146
I -16.9159 11.4168 -5.95965
Cs -11.5257 17.2937 5.90458
Cs -11.5891 17.3795 17.9469
Cs -11.5443 5.68078 5.94816
Cs -11.597 27.9617 17.2297
Pb -17.4293 11.4717 -0.0261463
Pb -17.6849 23.165 -0.0374733
Pb -17.4447 11.4948 11.8208
Pb -17.7019 23.2113 11.7489
I -18.2136 17.2785 -0.0323465
I -11.5518 12.667 -0.0221306
I -5.88406 17.5436 23.5594
I -11.7768 23.1212 23.293
I -18.2732 17.3242 11.7857
I -11.5875 12.8116 11.95
I -4.69045 17.3155 11.994
I -11.729 22.2814 11.8062
I -17.3181 22.702 5.85897
I -5.82637 22.7177 5.89234
I -5.94162 11.5751 17.9342
I -17.2697 11.6245 17.7621
Cs -11.5702 17.4119 28.6239
Cs -11.6516 5.8471 28.7675
Pb -17.7554 11.6807 23.7435
Pb -17.8283 23.6167 23.7214
I -17.3486 17.527 23.4506
I -11.7841 11.6135 23.6724
I -17.0081 22.8823 29.7842
I -5.95154 23.3693 29.7804
Cs -0.0682966 28.328 -28.6889
I 5.61789 29.5574 -23.536
I 5.79764 23.3514 -29.8248
I -5.89931 23.3128 -29.835
Cs -0.0777075 28.3219 -17.8872
Cs -0.0885337 28.4347 -5.91381
Cs -0.0411318 17.2708 -18.0743
Pb -5.90604 23.4763 -23.7497
Pb -5.87563 23.2108 -11.8455
I -5.77145 29.5198 -23.5458
I -0.0554578 23.0634 -23.5269
I 6.36619 29.2834 -0.02221
I -6.50964 29.2736 -11.607
I -0.0686292 23.9653 -11.8445
I 6.33682 29.3159 -11.5958
I 5.67661 22.7444 -5.93559
I -5.81599 22.7064 -5.94563
Cs -0.0988478 28.4461 5.85967
Cs -0.109005 28.3559 17.8333
Cs -0.0622759 17.3215 5.95289
Pb -5.88877 23.2159 -0.0271856
Pb -5.89634 23.2332 11.7911
I -6.55898 29.2409 -0.0334935
I -0.0787109 23.893 -0.0227372
I 5.5767 29.602 23.4895
I -6.52991 29.2957 11.54
I -0.0893444 23.9878 11.7989
I 6.31654 29.338 11.5513
I 5.636 23.1093 17.7289
I -5.81913 23.0715 17.7189
Cs -0.118522 28.3824 28.6348
Cs -0.0823071 17.3779 28.6849
Pb -5.94759 23.5212 23.6947
I -5.81265 29.5646 23.4797
I -0.0966463 23.108 23.4829
Cs 11.4127 28.0046 -17.283
Cs 11.3681 27.7726 5.82922
Cs 11.5345 28.5024 28.4411
Cs -22.4896 -17.6281 -28.5128
Cs -22.4409 -5.94871 -28.7989
I -17.2182 -17.601 -23.3525
I -23.6618 -11.6193 -23.6386
I -16.9324 -22.8657 -29.8195
Cs -22.0879 -17.4214 -17.3286
Cs -21.938 -17.3264 -5.86652
Cs -22.4813 -28.1762 -17.6041
Cs -22.6578 -5.63159 -5.83635
I -23.7011 -22.7126 -22.8353
I -16.5571 -17.4889 0.0021146
I -23.5065 -12.3256 -0.00887605
I -23.4234 -22.8472 -11.7302
I -16.4431 -17.4934 -11.8474
I -23.5035 -12.4197 -11.6827
I -17.2144 -11.6063 -17.7975
I -16.9264 -23.0739 -5.89047
Cs -21.9482 -17.3153 5.86099
Cs -22.1181 -17.3885 17.323
Cs -22.6361 -27.7888 5.8577
Cs -22.5244 -5.88072 17.9922
I -23.4292 -22.7243 0.00106392
I -17.2591 -17.5567 23.3555
I -23.7032 -11.5745 23.6191
I -23.444 -22.8251 11.7325
I -16.4638 -17.4708 11.8518
I -23.5239 -12.3976 11.6651
I -16.9749 -11.5764 5.92953
I -17.077 -23.1516 17.7007
Cs -22.5395 -17.574 28.5067
I -23.7412 -22.6694 22.8368
I -17.483 -11.7458 29.8618
Cs -11.419 -5.93444 -28.7824
Cs -11.6012 5.79243 -28.7989
I -5.76471 -5.88648 -23.6369
I -11.7028 -0.0335729 -23.7752
I -5.79587 -11.7294 -30.0136
I -17.4306 -11.8025 -29.87
Cs -11.4441 -5.88756 -18.1565
Cs -11.5332 -5.89336 -5.93467
Cs -11.52 -17.3833 -17.9633
Cs -11.5338 5.66945 -5.97911
Pb -17.6199 -11.7716 -23.7798
Pb -17.6716 -0.0745781 -23.8249
Pb -17.4505 -11.6617 -11.8519
Pb -17.3721 -0.0881576 -11.8862
I -17.1902 -5.91407 -23.6233
I -11.6445 -11.7118 -23.6233
I -4.41408 -5.75118 0.00161005
I -11.4574 -1.23213 -0.00885148
I -18.3247 -5.8711 -11.8594
I -11.5324 -10.4218 -12.0327
I -4.2791 -5.79481 -12.202
I -11.4945 -1.4504 -12.0364
I -17.2227 -0.174293 -17.8453
I -5.83678 0.0180185 -18.0132
I -5.69728 -11.4534 -5.99306
I -16.9645 -11.5877 -5.93724
Cs -11.5436 -5.8821 5.92565
Cs -11.4759 -5.85309 18.1476
Cs -11.5205 -17.2605 5.88414
Cs -11.5507 5.7829 18.1946
Pb -17.4949 -11.6761 -0.00422543
Pb -17.3711 -0.0728565 -0.0151348
Pb -17.4713 -11.6392 11.8435
Pb -17.3929 -0.0656151 11.8559
I -18.0425 -5.86904 -0.0102196
I -11.5288 -10.659 3.59048e-05
I -5.80613 -5.8416 23.6378
I -11.7445 0.0115557 23.7548
I -18.3454 -5.84859 11.8384
I -11.5535 -10.399 12.0323
I -4.30049 -5.77162 12.2055
I -11.5155 -1.42756 12.019
I -16.8947 -0.0656075 5.93115
I -5.67228 -0.0420956 6.02413
I -5.78011 -11.6935 17.9472
I -17.2456 -11.5725 17.7894
Cs -11.4694 -5.87979 28.7737
Cs -11.5242 -17.3662 28.6692
Pb -17.6615 -11.7265 23.7711
Pb -17.7133 -0.0293664 23.7941
I -17.2316 -5.86923 23.6044
I -11.6859 -11.6669 23.625
I -17.6389 0.0874339 29.8887
I -5.91456 -0.050108 30.085
Cs 0.00595264 5.83627 -28.8516
Cs -0.032012 17.3234 -28.7178
I 5.82357 5.83788 -23.7508
I -0.0176444 11.6122 -23.6216
I 5.91494 -0.068444 -30.0848
I -5.86184 -0.107248 -30.0952
Cs -0.00297443 5.7764 -18.4
Cs -0.0138498 5.81235 -6.07721
Cs 0.0351281 -5.79396 -18.3746
Cs -0.0518144 17.3101 -5.98584
Pb -5.84026 -0.0461604 -24.0636
Pb -5.87862 11.654 -24.0039
Pb -5.72491 -0.0340056 -12.0265
Pb -5.7923 11.4584 -11.9955
I -5.82045 5.79952 -23.761
I 0.0207813 -0.0142126 -23.7554
I 7.06992 5.7792 0.000723765
I -0.0337392 10.2408 -0.00973587
I -7.2571 5.70981 -12.0541
I 0.00563328 1.5206 -12.1963
I 7.24034 5.75756 -12.0415
I -0.022775 10.1509 -12.2291
I -5.91018 11.541 -17.9665
I 5.86535 11.5798 -17.9562
I 5.67247 -0.0161987 -6.02403
I -5.66172 -0.0535454 -6.03394
Cs -0.0244909 5.82387 6.06616
Cs -0.0352075 5.81133 18.389
Cs 0.0137175 -5.77002 6.05964
Cs -0.0727753 17.3051 18.0414
Pb -5.70174 0.00179146 -0.00498132
Pb -5.78442 11.4767 -0.0159474
Pb -5.74598 -0.0111777 12.0165
Pb -5.81329 11.4811 11.9635
I -7.10785 5.73249 -0.0116539
I -0.0048377 1.46731 -0.00138139
I 5.78196 5.88298 23.7499
I -0.0590181 11.6571 23.5995
I -7.27821 5.73268 12.0306
I -0.0157358 1.54375 12.1934
I 7.21925 5.78045 12.0432
I -0.0441875 10.1741 12.2097
I -5.72398 11.4739 5.9897
I 5.63777 11.5113 5.99962
I 5.8364 0.0907806 18.0131
I -5.86832 0.052215 18.0029
Cs -0.0445938 5.89105 28.8404
Cs -0.00600555 -5.81641 28.8249
Pb -5.88242 -0.000474321 24.0534
Pb -5.92067 11.6996 23.9714
I -5.86207 5.84462 23.7397
I -0.0208456 0.030897 23.7554
I -5.88298 11.7645 30.0083
I 5.75291 11.8029 30.0185
Cs 11.4554 17.4332 -28.657
Cs 11.5844 28.4483 -28.4748
I 17.2329 17.5963 -23.484
I 11.6243 23.1539 -23.337
I 17.594 11.6692 -29.8475
I 5.80552 11.7459 -30.0306
Cs 11.4744 17.4213 -17.98
Cs 11.4116 17.3579 -5.93756
Cs 11.5124 5.82419 -18.2056
Cs 11.3783 27.7614 -5.86199
Pb 5.84358 11.6926 -23.9937
Pb 5.79266 23.5148 -23.7395
Pb 5.73759 11.4964 -11.9854
Pb 5.7432 23.2489 -11.8353
I 5.76849 17.5371 -23.5927
I 11.7074 11.6458 -23.6945
I 18.0994 17.3981 -0.000644397
I 11.5689 22.3494 -0.0110662
I 4.57633 17.3231 -12.027
I 11.5029 12.8649 -11.9744
I 18.1588 17.4217 -11.8187
I 11.582 22.3356 -11.8486
I 5.6671 23.0756 -17.7628
I 17.2295 23.0006 -17.6947
I 16.8506 11.5281 -5.93017
I 5.6483 11.5 -6.01154
Cs 11.4012 17.3692 5.9246
Cs 11.4429 17.4554 17.967
Cs 11.4962 5.75669 5.96827
Cs 11.3824 28.0375 17.2498
Pb 5.70866 11.5146 -0.00591485
Pb 5.73568 23.2542 -0.0170378
Pb 5.71659 11.5191 11.9736
Pb 5.72251 23.2714 11.8012
I 4.64695 17.3138 -0.0123513
I 11.4681 12.7428 -0.00203524
I 17.1918 17.6409 23.4808
I 11.5834 23.1983 23.3134
I 4.55528 17.3459 12.0021
I 11.482 12.8876 11.9701
I 18.1381 17.4442 11.8175
I 11.5613 22.3581 11.8265
I 5.66623 22.7555 5.90237
I 17.1578 22.8156 5.88907
I 17.1617 11.7379 17.7921
I 5.83389 11.6139 17.9444
Cs 11.4052 17.4876 28.6439
Cs 11.5626 5.92358 28.7877
Pb 5.80156 11.7382 23.9816
Pb 5.75108 23.5598 23.7051
I 5.72716 17.5818 23.5694
I 11.6659 11.6908 23.6928
I 5.74541 23.4079 29.7906
I 16.8049 22.9938 29.8138
I 16.8572 22.9371 -29.8278
Cs 22.1716 28.4835 -17.6214
Cs 21.8358 28.5538 -5.86348
Cs 22.5106 17.2471 -17.8453
Pb 17.6724 23.6883 -23.7663
Pb 17.5487 23.3051 -11.7931
I 16.6709 29.6795 -22.8079
I 23.6906 22.9386 -22.9885
I 16.8503 29.3305 -11.7126
I 23.6274 23.8758 -11.7054
I 17.1681 22.8045 -5.90228
Cs 21.8256 28.5649 5.84753
Cs 22.1406 28.5169 17.6062
Cs 22.6276 16.74 5.89914
Pb 17.5318 23.2811 -0.00672743
Pb 17.528 23.3274 11.7796
I 16.7324 29.2955 -0.0131374
I 23.584 23.9474 -0.00205791
I 16.8298 29.3527 11.6864
I 23.6068 23.8981 11.7015
I 17.1985 23.0343 17.6812
Cs 22.4362 17.7742 28.6322
Pb 17.6308 23.7335 23.7524
I 16.631 29.7228 22.7808
I 23.6503 22.9823 22.9864
Cs -22.6259 -27.8 -5.84455
Cs -22.5123 -28.1428 17.6182
Cs -11.6748 -28.4508 -28.5698
Cs -11.474 -17.4206 -28.6564
I -5.75057 -29.6101 -23.4946
I -11.6161 -23.1703 -23.4525
Cs -11.2278 -28.4187 -17.7959
Cs -10.8901 -28.4986 -5.85347
Cs -11.5102 -17.2717 -5.87149
Pb -17.7001 -23.6601 -23.7588
Pb -17.3977 -23.4623 -11.7838
I -16.9005 -29.67 -22.9439
I -5.0731 -29.2318 0.0233268
I -11.5148 -23.903 0.0126234
I -17.8911 -29.5568 -11.6426
I -4.99595 -29.2443 -11.5515
I -11.5141 -24.04 -11.7986
I -17.046 -23.1852 -17.6866
I -5.7436 -23.0365 -17.7476
Cs -10.9004 -28.4874 5.88852
Cs -11.259 -28.3848 17.8301
Cs -11.5515 -17.3492 17.9761
Pb -17.4117 -23.4491 0.00702411
Pb -17.4183 -23.44 11.7978
I -17.957 -29.5062 0.0122983
I -5.79177 -29.5655 23.5407
I -11.6572 -23.1257 23.4761
I -17.9115 -29.5345 11.6674
I -5.01624 -29.2224 11.5983
I -11.5348 -24.0175 11.8241
I -16.9367 -23.0628 5.90464
I -5.67663 -22.709 5.93886
Cs -11.7249 -28.3965 28.6033
Pb -17.7417 -23.615 23.7726
I -16.9407 -29.6264 22.9706
I -16.9846 -22.8092 29.8333
I -5.74352 -23.4388 29.8448
Cs 0.0825811 -17.4542 -28.7223
Cs 0.0444955 -5.87114 -28.8138
I 5.86773 -17.5597 -23.656
I 0.0591201 -11.6726 -23.669
I 5.89799 -23.4574 -29.8
I -5.69125 -23.4955 -29.8103
Cs 0.0730209 -17.3557 -18.1424
Cs 0.0621626 -17.3029 -5.90445
Cs 0.107079 -27.929 -17.2487
Cs 0.0243265 -5.78151 -6.04862
Pb -5.76781 -23.5666 -23.7287
Pb -5.79381 -11.7437 -23.9752
Pb -5.69957 -23.2034 -11.8138
Pb -5.69789 -11.5464 -11.9673
I -5.71058 -17.5978 -23.666
I 0.0968183 -23.1924 -23.3737
I 6.88675 -17.2638 0.0224424
I 0.0420993 -12.7818 0.0121887
I -7.00645 -17.3393 -11.916
I 0.0829326 -22.0089 -11.9335
I 7.14133 -17.2927 -11.9037
I 0.0534264 -13.0347 -12.0078
I -5.74868 -11.7275 -17.935
I 5.85713 -11.6893 -17.9249
I 5.82614 -22.6824 -5.89561
I -5.66625 -22.7204 -5.90564
Cs 0.051788 -17.2917 5.93743
Cs 0.0411998 -17.3212 18.1754
Cs 0.0861508 -27.6922 5.8292
Cs 0.00291963 -5.75906 18.3856
Pb -5.70446 -23.2159 0.0170605
Pb -5.70354 -11.5003 0.00593752
Pb -5.7203 -23.1811 11.8479
Pb -5.71886 -11.5237 11.9793
I -6.77288 -17.3089 0.0105163
I 0.0729227 -22.1385 0.0211007
I 5.82625 -17.5147 23.6994
I 0.0176255 -11.6276 23.6913
I -7.02735 -17.3167 11.9367
I 0.0619849 -21.9862 11.9754
I 7.12045 -17.2701 11.949
I 0.0323635 -13.0118 12.0326
I -5.70781 -11.4421 6.00483
I 5.77257 -11.4042 6.01485
I 5.89512 -22.9643 17.7914
I -5.77472 -23.0029 17.7812
Cs 0.0322217 -17.3997 28.7556
Cs 0.0688352 -28.4542 28.539
Pb -5.80942 -23.5214 23.7633
Pb -5.83584 -11.6982 23.9872
I -5.75208 -17.5529 23.6894
I 0.0558225 -23.1478 23.4177
I -5.84848 -11.6724 30.0257
I 5.87282 -11.6338 30.0359
Cs 11.5081 -5.85889 -28.7624
Cs 11.613 5.86892 -28.7787
I 17.27 -5.80052 -23.5932
I 11.7443 0.0436848 -23.7548
I 17.5601 -11.6872 -29.8394
I 5.92543 -11.6908 -30.0034
Cs 11.5143 -5.81191 -18.1365
Cs 11.5821 -5.8172 -5.91449
Cs 11.6657 -17.3069 -17.9431
Cs 11.5066 5.74537 -5.95901
Pb 5.91292 -11.7051 -23.9649
Pb 5.88244 -0.00753434 -24.0534
Pb 5.79473 -11.5085 -11.9573
Pb 5.74598 0.00379079 -12.0165
I 5.84464 -5.84823 -23.6267
I 11.7627 -11.6347 -23.6029
I 18.0808 -5.75002 0.021318
I 11.4653 -1.15661 0.0111607
I 4.33849 -5.76641 -12.1944
I 11.6218 -10.3455 -12.0125
I 18.3836 -5.75014 -11.8273
I 11.5248 -1.37455 -12.0163
I 5.86796 0.056586 -18.003
I 17.2546 -0.0606924 -17.8152
I 17.0508 -11.4756 -5.90755
I 5.78309 -11.4156 -5.98303
Cs 11.5717 -5.80594 5.94584
Cs 11.4825 -5.77744 18.1676
Cs 11.6237 -17.1842 5.90436
Cs 11.4805 5.85878 18.2147
Pb 5.77918 -11.4624 0.0159625
Pb 5.70159 0.0393649 0.00497376
Pb 5.77374 -11.4858 11.9893
Pb 5.72493 0.0266187 12.0266
I 4.45186 -5.72196 0.00935037
I 11.5988 -10.5828 0.0202257
I 17.2287 -5.75567 23.6344
I 11.7026 0.0888134 23.7752
I 4.3171 -5.74324 12.213
I 11.6007 -10.3227 12.0525
I 18.3629 -5.72763 11.8705
I 11.5037 -1.35171 12.0391
I 5.66191 -0.00475077 6.03403
I 16.8844 0.0456936 5.96065
I 17.2903 -11.4587 17.8195
I 5.82569 -11.6552 17.9573
Cs 11.4576 -5.80426 28.7936
Cs 11.5883 -17.29 28.6895
Pb 5.87089 -11.6596 23.9975
Pb 5.84028 0.0381517 24.0638
I 5.80322 -5.80335 23.648
I 11.7213 -11.5898 23.6454
I 5.86222 -0.0113043 30.0954
I 17.5857 0.203499 29.9195
Cs 22.669 5.9224 -28.5103
Cs 22.4864 17.7199 -28.6265
I 23.7251 11.8099 -23.5713
I 17.6381 0.146713 -29.8889
Cs 22.0828 5.85437 -17.2661
Cs 21.8802 5.80004 -5.76214
Cs 22.5628 -5.76644 -17.981
Cs 22.638 16.7288 -5.89124
Pb 17.7133 0.0420143 -23.7941
Pb 17.6782 11.7521 -23.7658
Pb 17.393 0.0263919 -11.8558
Pb 17.3686 11.5869 -11.8427
I 17.3486 5.88319 -23.3978
I 23.7588 -0.0668661 -23.6352
I 23.3727 10.9669 0.0100817
I 16.1469 5.80214 -12.0156
I 23.4237 0.864629 -11.5567
I 23.3995 10.9221 -11.5428
I 17.1928 11.7041 -17.7843
I 16.8948 0.0344025 -5.9311
Cs 21.8702 5.811 5.78948
Cs 22.0525 5.8872 17.2936
Cs 22.6943 -5.47108 5.84697
Cs 22.4792 17.281 17.852
Pb 17.3712 0.0416175 0.0151972
Pb 17.3533 11.5863 0.00421976
Pb 17.3722 0.0489345 11.8863
Pb 17.3479 11.6094 11.8511
I 16.249 5.80764 0.0087381
I 23.3865 0.681774 0.0198591
I 23.6839 11.8547 23.5904
I 16.1258 5.82499 12.0329
I 23.4033 0.886613 11.5961
I 23.3793 10.944 11.563
I 16.8402 11.5394 5.93782
I 17.2234 -0.0268341 17.8455
Cs 22.6191 5.97656 28.5387
Cs 22.4794 -5.74587 28.8102
Pb 17.6715 0.087226 23.8249
Pb 17.6366 11.7973 23.7743
I 17.3076 5.92764 23.4171
I 23.7174 -0.0219454 23.677
I 17.5417 11.7258 29.8562
Cs 0.118798 -28.5084 -28.4848
Cs 0.0963194 -27.7034 -5.77642
Cs 0.0768079 -27.8961 17.3019
Cs 11.9119 -28.3731 -28.5492
Cs 11.6386 -17.3444 -28.6362
I 17.1357 -29.5578 -22.9141
I 11.8094 -23.093 -23.432
Cs 11.4459 -28.344 -17.7761
Cs 11.0879 -28.4262 -5.83429
Cs 11.634 -17.1954 -5.85129
Pb 5.96439 -23.5279 -23.7185
Pb 5.87295 -23.1654 -11.8037
I 5.98658 -29.5714 -23.4844
I 18.151 -29.3871 0.0438209
I 11.672 -23.8266 0.0328661
I 5.20871 -29.2106 -11.5426
I 18.1058 -29.4382 -11.6112
I 11.6928 -23.9634 -11.7784
I 5.92624 -22.9982 -17.7374
I 17.2292 -23.0724 -17.6566
Cs 11.0776 -28.4151 5.9077
Cs 11.4147 -28.3102 17.8499
Cs 11.6342 -17.2728 17.9963
Pb 5.85728 -23.1777 0.0271554
Pb 5.85222 -23.1429 11.858
I 5.26557 -29.1978 0.0323521
I 17.0955 -29.5143 23.0002
I 11.7683 -23.0486 23.4965
I 5.18843 -29.1887 11.6072
I 18.0853 -29.4161 11.6988
I 11.6721 -23.9409 11.8444
I 5.81577 -22.6712 5.9489
I 17.078 -22.9507 5.93433
Cs 11.8618 -28.3187 28.6239
Pb 5.92278 -23.4829 23.7735
I 5.94536 -29.5268 23.5509
I 5.84572 -23.4007 29.8549
I 17.0824 -22.6969 29.863
Cs 22.655 -17.4794 -28.4735
Cs 22.5299 -5.80054 -28.7598
I 23.7792 -11.463 -23.5972
I 17.1347 -22.7534 -29.7898
Cs 22.2324 -17.2754 -17.2899
Cs 22.062 -17.1814 -5.82811
Cs 22.6973 -28.0273 -17.5647
Cs 22.7045 -5.48214 -5.79676
Pb 17.8971 -23.5428 -23.7276
Pb 17.7385 -11.6551 -23.7488
Pb 17.5724 -23.347 -11.7533
Pb 17.5477 -11.5464 -11.8214
I 17.3746 -17.4871 -23.3223
I 23.8903 -22.5558 -22.7937
I 23.5872 -12.1705 0.0322369
I 16.5786 -17.3845 -11.8186
I 23.5938 -22.6924 -11.6891
I 23.6051 -12.2645 -11.6416
I 17.3215 -11.4925 -17.7674
I 17.0883 -22.9619 -5.86076
Cs 22.0516 -17.1703 5.89941
Cs 22.202 -17.2425 17.3617
Cs 22.8084 -27.6391 5.89738
Cs 22.5312 -5.73226 18.0315
Pb 17.5658 -23.3338 0.0375621
Pb 17.5714 -11.5605 0.0263881
Pb 17.5518 -23.3247 11.8284
Pb 17.5269 -11.5239 11.874
I 16.672 -17.3794 0.0311238
I 23.5783 -22.5696 0.0421031
I 23.7378 -11.4181 23.6607
I 16.5579 -17.362 11.8806
I 23.5734 -22.6701 11.7736
I 23.5847 -12.2423 11.7062
I 17.0404 -11.4643 5.95923
I 17.1983 -23.0388 17.7306
Cs 22.6051 -17.4252 28.5462
Pb 17.8554 -23.4978 23.8036
Pb 17.6969 -11.61 23.8021
I 17.3336 -17.4427 23.3857
I 23.8502 -22.5125 22.8784
I 17.5078 -11.6305 29.8923
Cs 22.8186 -27.6503 -5.80488
Cs 22.6665 -27.9938 17.6576
