0	-0.00240  	0.00015   	-0.00459  	1187.61509	 (0.00000   )
1	-0.01847  	-0.01923  	0.06753   	1205.43542	 (0.00000   )
2	0.00134   	-0.00085  	-0.06708  	1207.28573	 (0.00000   )
3	0.01780   	0.01862   	0.00505   	1236.00509	 (0.00000   )
4	-0.06457  	0.04056   	-0.00387  	1601.07907	 (-0.00000  )
5	0.04215   	-0.04062  	-0.02802  	1390.28581	 (-0.00000  )
6	-0.00801  	-0.00479  	-0.00278  	1367.75760	 (0.00000   )
7	-0.02274  	0.02850   	-0.00184  	1468.44133	 (-0.00000  )
8	0.00622   	-0.05270  	0.00398   	1352.60670	 (0.00000   )
9	0.03266   	0.02841   	0.02051   	1500.42263	 (-0.00000  )
10	-0.02353  	0.02803   	-0.00169  	1469.46667	 (-0.00000  )
11	-0.07057  	-0.08007  	-0.00707  	1414.48567	 (-0.00000  )
12	0.07880   	0.05068   	0.01489   	1476.86146	 (0.00000   )
13	0.00705   	0.00238   	0.04173   	1438.14177	 (-0.00000  )
14	0.00239   	0.00046   	-0.03176  	1372.77841	 (-0.00000  )
15	0.00145   	-0.00056  	0.00151   	1473.69179	 (0.00000   )
16	-0.01658  	-0.00317  	-0.00030  	1541.19023	 (0.00000   )
17	-0.00904  	-0.03753  	-0.02092  	1555.40033	 (0.00000   )
18	0.03793   	0.01147   	-0.00045  	1568.98234	 (-0.00000  )
19	0.00338   	0.02443   	0.01728   	1574.59420	 (0.00000   )
20	-0.00693  	0.00572   	0.04487   	1413.81047	 (0.00000   )
21	-0.00162  	0.00349   	-0.00773  	1405.07284	 (0.00000   )
22	0.00575   	-0.00028  	0.00175   	1434.59605	 (0.00000   )
23	0.00189   	-0.00397  	-0.01152  	1414.29150	 (0.00000   )
24	0.01206   	-0.01829  	-0.56366  	1413.05417	 (0.00000   )
25	-0.00297  	-0.00247  	0.56399   	1416.71220	 (-0.00000  )
26	0.01368   	0.01199   	-0.10578  	1421.55977	 (0.00000   )
27	-0.01925  	0.00870   	0.06897   	1431.51606	 (-0.00000  )
28	-0.38384  	0.39828   	-0.01823  	1917.11685	 (0.00000   )
29	0.36263   	-0.40135  	-0.01376  	1826.88328	 (-0.00000  )
30	-0.00146  	-0.00081  	0.00288   	1791.93381	 (-0.00000  )
31	-0.00549  	0.00886   	-0.01259  	1729.14709	 (-0.00000  )
32	-0.02291  	0.02581   	-0.11057  	1874.47378	 (-0.00000  )
33	0.02203   	-0.00827  	0.11208   	1847.74195	 (0.00000   )
34	0.02236   	-0.01791  	-0.01047  	1789.63562	 (0.00000   )
35	-0.00349  	0.00227   	0.01298   	1624.69809	 (-0.00000  )
36	-0.00816  	0.00828   	0.00893   	1750.71629	 (-0.00000  )
37	-0.01646  	-0.00070  	0.00381   	1705.42932	 (0.00000   )
38	0.00124   	0.02301   	-0.03265  	1555.28729	 (-0.00000  )
39	-0.00155  	-0.04367  	-0.00827  	1577.88431	 (-0.00000  )
40	0.01397   	0.00751   	-0.03221  	1750.38745	 (0.00000   )
41	-0.05968  	0.02123   	0.02553   	1633.15858	 (-0.00000  )
42	0.00285   	-0.00457  	-0.00002  	1679.03084	 (0.00000   )
43	0.01402   	0.00462   	0.02483   	1667.33508	 (-0.00000  )
44	0.00733   	0.00589   	0.00023   	1751.90112	 (-0.00000  )
45	0.01148   	-0.00281  	-0.01064  	1534.17487	 (-0.00000  )
46	0.00525   	0.05580   	-0.01877  	1637.30004	 (0.00000   )
47	-0.02294  	-0.03742  	0.01185   	1573.29298	 (-0.00000  )
48	-0.02991  	-0.02055  	0.01825   	1646.31412	 (-0.00000  )
49	-0.06779  	0.06032   	-0.00158  	1531.77611	 (-0.00000  )
50	0.10660   	-0.05676  	-0.00982  	1581.87115	 (0.00000   )
51	-0.04046  	-0.03103  	-0.03283  	1555.68687	 (0.00000   )
52	0.01480   	-0.02031  	0.00646   	1735.41359	 (-0.00000  )
53	0.00506   	0.14099   	-0.04284  	1767.45579	 (-0.00000  )
54	-0.31059  	0.19827   	-0.03993  	1785.69121	 (0.00000   )
55	0.18748   	-0.30219  	-0.00729  	1796.86862	 (0.00000   )
56	0.02133   	0.04487   	0.04003   	1779.76297	 (-0.00000  )
57	0.08283   	-0.04827  	0.04109   	1803.90455	 (0.00000   )
58	0.01559   	-0.02849  	-0.02461  	1757.88695	 (0.00000   )
59	-0.00415  	-0.00670  	0.01344   	1764.24223	 (-0.00000  )
60	0.00861   	-0.00879  	-0.02483  	1756.21792	 (-0.00000  )
61	0.03027   	-0.01217  	-0.12716  	1775.16327	 (0.00000   )
62	-0.03502  	-0.02402  	0.18391   	1772.23494	 (-0.00000  )
63	-0.01957  	0.01365   	0.04640   	1770.47796	 (0.00000   )
64	0.01540   	0.02601   	-0.03965  	1796.63109	 (0.00000   )
65	-0.02503  	-0.00095  	-0.01111  	1774.40479	 (-0.00000  )
66	0.05262   	0.02784   	0.01385   	1831.51395	 (-0.00000  )
67	-0.00465  	0.00284   	-0.02746  	1801.74230	 (-0.00000  )
68	-0.02543  	0.03004   	-0.01118  	1606.58667	 (0.00000   )
69	-0.00307  	-0.03820  	0.09724   	1644.78492	 (0.00000   )
70	0.07114   	0.05686   	-0.05208  	1581.82425	 (0.00000   )
71	-0.07417  	-0.05295  	-0.09440  	1640.31644	 (-0.00000  )
72	-0.11803  	0.12857   	0.08527   	1623.38763	 (-0.00000  )
73	0.10463   	-0.12884  	-0.09771  	1641.06851	 (-0.00000  )
74	0.14483   	-0.15640  	0.01655   	1621.16054	 (-0.00000  )
75	-0.19116  	0.10305   	0.08798   	1632.69869	 (-0.00000  )
76	0.08187   	0.01249   	-0.01585  	1657.18406	 (0.00000   )
77	0.01339   	-0.02695  	0.01873   	1720.13152	 (0.00000   )
78	-0.01239  	0.06703   	0.01427   	1690.63398	 (0.00000   )
79	0.00676   	-0.00484  	0.02370   	1720.56642	 (0.00000   )
80	0.01636   	0.00767   	-0.01916  	1618.30556	 (0.00000   )
81	0.04160   	0.07370   	-0.00901  	1612.22584	 (0.00000   )
82	-0.07647  	-0.05412  	-0.02487  	1622.67566	 (0.00000   )
83	-0.01958  	0.03495   	-0.01263  	1967.48822	 (-0.00000  )
84	-0.05186  	-0.01392  	0.01463   	1729.17817	 (0.00000   )
85	0.03723   	0.00424   	0.01603   	1593.39690	 (-0.00000  )
86	0.07795   	-0.09900  	-0.05127  	1574.84480	 (-0.00000  )
87	0.05027   	0.20458   	0.02760   	1529.67553	 (0.00000   )
88	-0.16770  	-0.09367  	0.05807   	1534.19049	 (0.00000   )
89	0.44345   	-0.47176  	-0.01537  	1541.04604	 (-0.00000  )
90	-0.40596  	0.43639   	-0.00709  	1537.48220	 (0.00000   )
91	0.08794   	-0.11829  	-0.02339  	1999.17353	 (0.00000   )
92	-0.07753  	0.07970   	-0.01300  	1572.06145	 (-0.00000  )
93	0.02021   	-0.03517  	0.00783   	1621.85809	 (0.00000   )
94	-0.11406  	0.05451   	-0.02138  	1867.99441	 (-0.00000  )
95	0.13039   	-0.05693  	0.04906   	1634.04978	 (0.00000   )
96	-0.06509  	0.08935   	0.02198   	1702.87242	 (0.00000   )
97	0.01038   	-0.08688  	0.09693   	1736.60095	 (0.00000   )
98	0.09009   	-0.03505  	-0.04658  	1750.72470	 (0.00000   )
99	-0.02625  	-0.09447  	-0.09147  	1685.81595	 (0.00000   )
100	-0.02071  	0.16435   	-0.02984  	1677.34709	 (0.00000   )
101	-0.09208  	-0.07096  	-0.04375  	1672.25386	 (0.00000   )
102	0.15070   	0.40368   	0.06263   	1624.56438	 (0.00000   )
103	-0.05088  	-0.40582  	-0.04777  	1577.04555	 (-0.00000  )
104	0.04856   	0.13471   	-0.02690  	1595.98168	 (-0.00000  )
105	0.02185   	-0.05957  	0.11325   	1657.30631	 (-0.00000  )
106	-0.03426  	0.05083   	-0.10049  	1588.10431	 (-0.00000  )
107	-0.04550  	0.03789   	-0.00855  	1568.68906	 (0.00000   )
108	0.02549   	-0.04825  	0.17865   	1563.05138	 (0.00000   )
109	0.07430   	-0.06328  	0.02952   	1606.90281	 (-0.00000  )
110	-0.07083  	0.05494   	-0.11096  	1599.57245	 (-0.00000  )
111	-0.02271  	0.01850   	-0.00634  	2081.46991	 (0.00000   )
112	0.01143   	-0.02131  	-0.01675  	1995.05788	 (0.00000   )
113	-0.04457  	0.04485   	-0.00033  	1958.75181	 (0.00000   )
114	0.03948   	-0.02791  	0.00124   	1995.37319	 (0.00000   )
115	0.01739   	-0.02627  	-0.93261  	1619.21721	 (0.00000   )
116	0.00970   	-0.00193  	0.03097   	1939.35265	 (0.00000   )
117	-0.06616  	0.07337   	0.01730   	1678.11706	 (0.00000   )
118	0.09737   	-0.13296  	0.82181   	1637.27987	 (-0.00000  )
119	-0.04759  	0.04121   	0.14742   	1786.50309	 (0.00000   )
120	-0.01053  	0.02877   	-0.06905  	1779.65603	 (-0.00000  )
121	-0.18674  	-0.20147  	-0.01422  	1967.41943	 (0.00000   )
122	0.17145   	0.18359   	-0.00612  	1918.68062	 (0.00000   )
123	0.05431   	0.22956   	0.01300   	1947.49840	 (-0.00000  )
124	-0.15393  	-0.29510  	-0.03958  	1910.41173	 (-0.00000  )
125	-0.24996  	0.36795   	-0.04246  	1903.44028	 (0.00000   )
126	0.62730   	-0.57397  	0.00026   	1866.55701	 (-0.00000  )
127	-0.07544  	0.03138   	0.02532   	1736.66987	 (0.00000   )
128	-0.02156  	0.07286   	0.01864   	1882.61981	 (-0.00000  )
129	0.03753   	-0.05489  	-0.00010  	1951.98866	 (0.00000   )
130	-0.07607  	-0.00309  	0.01201   	1806.40786	 (-0.00000  )
131	-0.20655  	0.15749   	-0.26425  	1916.50340	 (0.00000   )
132	-0.11442  	0.25207   	0.04843   	1913.19729	 (-0.00000  )
133	0.34440   	-0.33288  	-0.12796  	1901.49353	 (0.00000   )
134	0.12329   	-0.27182  	0.03039   	1929.43464	 (0.00000   )
135	0.02817   	0.09981   	0.08322   	1924.60359	 (0.00000   )
136	0.17573   	0.16485   	0.12546   	1921.82290	 (-0.00000  )
137	-0.26769  	0.11721   	0.07087   	1889.78059	 (0.00000   )
138	-0.20833  	-0.21107  	-0.06528  	1831.56891	 (-0.00000  )
139	0.01379   	0.16383   	-0.02388  	1804.71977	 (0.00000   )
140	-0.00153  	0.02928   	0.07601   	1846.57596	 (0.00000   )
141	-0.11352  	0.02960   	-0.12295  	1732.30472	 (-0.00000  )
142	-0.13548  	-0.07891  	0.02408   	1687.44268	 (0.00000   )
143	-0.14635  	0.08139   	0.02090   	1714.47630	 (0.00000   )
144	0.34311   	-0.01486  	-0.04410  	1660.31585	 (0.00000   )
145	-0.39864  	0.19405   	0.00732   	1852.88062	 (0.00000   )
146	-0.35742  	0.31363   	0.00742   	1770.82228	 (-0.00000  )
147	0.27644   	-0.21537  	0.08990   	1779.09725	 (-0.00000  )
148	0.09425   	0.00724   	-0.08152  	1674.06424	 (-0.00000  )
149	-0.10090  	0.19843   	-0.02378  	1998.80756	 (-0.00000  )
150	0.02905   	-0.20092  	0.00616   	2003.93823	 (0.00000   )
151	0.00892   	0.04400   	0.03241   	1937.98367	 (-0.00000  )
152	-0.15941  	-0.08264  	-0.05455  	1890.09231	 (0.00000   )
153	-0.26546  	0.30710   	-0.03165  	1764.00235	 (-0.00000  )
154	0.00274   	0.02674   	-0.03933  	1968.69433	 (0.00000   )
155	0.17931   	-0.09132  	0.07567   	1986.62169	 (0.00000   )
156	0.29970   	0.06598   	-0.04279  	1854.19537	 (-0.00000  )
157	-0.05721  	-0.30526  	-0.02768  	1830.28978	 (0.00000   )
158	-0.35758  	0.06164   	-0.10043  	1976.02132	 (-0.00000  )
159	0.84500   	-0.61849  	-0.01579  	2039.61761	 (0.00000   )
160	0.05531   	-0.62765  	0.07320   	1988.08187	 (-0.00000  )
161	-0.48187  	0.40364   	0.02629   	1959.97973	 (-0.00000  )
162	-0.13016  	0.53109   	-0.03251  	1987.79848	 (0.00000   )
163	-0.06746  	-0.25998  	0.01210   	1948.80147	 (0.00000   )
164	0.04123   	0.22158   	-0.23234  	1992.53247	 (0.00000   )
165	-0.24440  	0.23341   	0.04460   	1980.30527	 (0.00000   )
166	-0.14770  	-0.33626  	-0.10326  	2012.06939	 (-0.00000  )
167	0.41726   	0.17688   	0.10350   	2016.22219	 (0.00000   )
168	0.17385   	-0.19765  	-0.15802  	1975.56674	 (0.00000   )
169	-0.26104  	0.26746   	0.00949   	2017.86618	 (-0.00000  )
170	-0.11078  	0.20214   	0.00322   	1980.12553	 (-0.00000  )
171	0.07802   	-0.11384  	0.07764   	1948.08805	 (0.00000   )
172	-0.11630  	0.08768   	-0.10598  	1968.20891	 (-0.00000  )
173	-0.16965  	-0.02935  	0.02165   	1897.71028	 (0.00000   )
174	0.21666   	0.07382   	-0.02567  	1956.72261	 (-0.00000  )
175	-0.05379  	-0.17802  	-0.05114  	1907.56328	 (-0.00000  )
176	0.13065   	-0.12788  	-0.10517  	1952.59848	 (-0.00000  )
177	-0.34921  	0.28079   	0.63321   	1919.46278	 (0.00000   )
178	0.09725   	0.00555   	-0.52554  	1904.31920	 (0.00000   )
179	-0.00975  	0.03772   	-0.02555  	1961.10650	 (-0.00000  )
180	-0.05538  	-0.03966  	0.00936   	1965.84950	 (-0.00000  )
181	0.29072   	-0.13891  	0.22456   	1814.39887	 (-0.00000  )
182	-0.07717  	-0.02214  	-0.12995  	1860.38027	 (-0.00000  )
183	0.16752   	-0.08445  	-0.11968  	1907.97794	 (0.00000   )
184	-0.11311  	-0.10432  	-0.10782  	1905.02828	 (-0.00000  )
185	-0.09861  	0.24625   	0.00986   	1903.65995	 (-0.00000  )
186	-0.19591  	0.13929   	0.09814   	1880.58188	 (-0.00000  )
187	-0.33859  	0.20482   	-0.01645  	1886.85149	 (0.00000   )
188	-0.09236  	-0.02727  	-0.22239  	1917.43556	 (-0.00000  )
189	-0.08486  	0.01340   	0.20096   	1812.73657	 (-0.00000  )
190	0.24764   	-0.14532  	0.12919   	1840.31533	 (0.00000   )
191	0.02305   	0.04923   	0.15833   	1813.74998	 (-0.00000  )
192	0.06941   	-0.09032  	-0.17671  	1757.27540	 (0.00000   )
193	-0.21022  	0.18293   	-0.15121  	1873.62050	 (0.00000   )
194	-0.00081  	0.09415   	0.01093   	1820.99996	 (-0.00000  )
195	0.29942   	-0.30523  	0.21054   	1820.82533	 (-0.00000  )
196	-0.19746  	0.01741   	-0.20768  	1729.89702	 (0.00000   )
197	-0.13469  	-0.31778  	0.08386   	1747.95545	 (0.00000   )
198	0.19684   	0.15099   	-0.01167  	1764.67235	 (-0.00000  )
199	0.17160   	0.03244   	0.23392   	1796.68486	 (0.00000   )
200	-0.29692  	0.14736   	-0.04002  	1755.84252	 (-0.00000  )
201	0.12864   	-0.01750  	-0.08212  	1786.10665	 (-0.00000  )
202	0.40427   	-0.19028  	-0.03118  	1725.14090	 (-0.00000  )
203	-0.09164  	-0.01822  	-0.00424  	1761.03145	 (0.00000   )
204	-0.43384  	0.36862   	0.07346   	1767.46007	 (-0.00000  )
205	0.49921   	-0.29446  	-0.02539  	1882.76830	 (0.00000   )
206	-0.10004  	-0.36256  	-0.04459  	1758.06163	 (0.00000   )
207	-0.07575  	-0.10945  	-0.08981  	1747.26771	 (-0.00000  )
208	0.21715   	0.30223   	0.31079   	1864.89631	 (-0.00000  )
209	0.53711   	-0.42522  	0.06391   	1819.26346	 (0.00000   )
210	-0.06526  	-0.13323  	-0.15672  	1791.93322	 (-0.00000  )
211	-0.89126  	0.57293   	0.03784   	1837.21524	 (-0.00000  )
212	0.19082   	-0.09482  	0.07507   	1872.68288	 (-0.00000  )
213	0.14317   	0.30657   	0.20745   	1899.19790	 (0.00000   )
214	-0.24333  	0.09993   	0.02396   	1931.10702	 (0.00000   )
215	0.14278   	-0.41751  	-0.07489  	1864.73487	 (0.00000   )
216	0.26434   	0.01374   	0.23012   	1867.78815	 (-0.00000  )
217	-0.05546  	-0.08994  	-0.30158  	1832.42164	 (0.00000   )
218	-0.12567  	0.31895   	-0.27030  	1805.83311	 (-0.00000  )
219	0.01021   	-0.22612  	-0.16987  	1799.70165	 (0.00000   )
220	0.13890   	0.18060   	0.23642   	1827.48420	 (0.00000   )
221	0.29263   	-0.08928  	0.03838   	1870.78906	 (-0.00000  )
222	-0.20308  	0.16430   	0.00890   	1901.09079	 (0.00000   )
223	-0.08596  	0.16884   	0.09378   	1882.58133	 (0.00000   )
224	-0.14508  	-0.11760  	0.05744   	1884.48119	 (-0.00000  )
225	0.14656   	-0.12397  	0.16248   	1837.73108	 (0.00000   )
226	0.08030   	0.04335   	0.19448   	1860.75332	 (-0.00000  )
227	0.00731   	-0.05045  	-0.32985  	1865.56279	 (-0.00000  )
228	0.35068   	0.26469   	-0.05588  	1869.24312	 (-0.00000  )
229	-0.06041  	0.12862   	0.80360   	1860.33237	 (-0.00000  )
230	-0.13252  	0.01863   	0.15377   	1860.94195	 (-0.00000  )
231	0.25111   	-0.15276  	0.08169   	1863.03730	 (0.00000   )
232	0.11957   	-0.19511  	-0.12839  	1904.29384	 (-0.00000  )
233	-0.33831  	-0.58979  	-0.25609  	1890.10879	 (0.00000   )
234	0.04574   	0.16367   	-0.25507  	1848.54056	 (-0.00000  )
235	-0.07107  	0.05507   	-0.21516  	1912.47630	 (-0.00000  )
236	0.06715   	-0.25866  	0.28082   	1865.87824	 (0.00000   )
237	0.11512   	-0.21846  	-0.04970  	1852.41860	 (-0.00000  )
238	-0.02178  	0.16431   	-0.07838  	1870.32555	 (0.00000   )
239	-0.07082  	0.12904   	0.00200   	1853.10152	 (-0.00000  )
240	-0.05773  	0.14022   	0.02138   	1909.37414	 (0.00000   )
241	-0.11376  	0.09655   	0.01292   	1844.11076	 (0.00000   )
242	0.20873   	0.15308   	0.07607   	1825.59443	 (0.00000   )
243	-0.29012  	-0.11134  	-0.68312  	1839.79087	 (-0.00000  )
244	0.31694   	0.35890   	0.03515   	1819.45394	 (0.00000   )
245	0.15783   	0.29042   	0.06422   	1855.01487	 (0.00000   )
246	-0.19610  	-0.11713  	0.14685   	1844.22452	 (-0.00000  )
247	0.05521   	0.02372   	-0.02866  	1841.22760	 (-0.00000  )
248	0.04267   	-0.05024  	-0.05612  	1862.12933	 (0.00000   )
249	-0.37449  	0.32531   	0.23540   	1811.55226	 (0.00000   )
250	-0.17328  	-0.04960  	0.42194   	1801.65324	 (-0.00000  )
251	0.06639   	-0.33818  	0.09102   	1810.10376	 (0.00000   )
252	-0.08493  	-0.02554  	-0.05043  	1809.84460	 (0.00000   )
253	0.09447   	-0.54938  	-0.07905  	1822.38571	 (0.00000   )
254	-0.24403  	-0.04559  	-0.13116  	1822.65795	 (-0.00000  )
255	-0.18226  	0.20128   	-0.01210  	1784.70448	 (0.00000   )
256	0.37042   	-0.30808  	0.04264   	1805.20146	 (0.00000   )
257	0.12418   	-0.16016  	0.00055   	1813.89621	 (0.00000   )
258	-0.35994  	0.22652   	-0.17540  	1772.73435	 (-0.00000  )
259	0.07527   	0.17828   	-0.24154  	1777.59708	 (0.00000   )
260	0.00722   	0.03534   	0.45206   	1810.35810	 (0.00000   )
261	-0.32461  	0.15269   	-0.39618  	1772.35732	 (-0.00000  )
262	-0.76335  	0.98963   	0.01065   	1803.94738	 (0.00000   )
263	0.70163   	-0.50894  	0.13562   	1804.49578	 (0.00000   )
264	0.17564   	-0.07630  	0.24996   	1743.73698	 (-0.00000  )
265	0.07961   	-0.05847  	0.11297   	1832.01643	 (0.00000   )
266	-0.16507  	0.06697   	-0.07650  	1827.65670	 (-0.00000  )
267	0.06730   	-0.02223  	-0.20934  	1835.00840	 (0.00000   )
268	0.04305   	-0.11621  	0.46437   	1815.35268	 (0.00000   )
269	-0.03848  	-0.42780  	-0.35245  	1798.14160	 (0.00000   )
270	0.15573   	0.42384   	0.03727   	1855.06808	 (-0.00000  )
271	0.20534   	-0.14360  	0.14788   	1716.63831	 (0.00000   )
272	-0.26104  	-0.18625  	0.15811   	1749.08680	 (0.00000   )
273	0.20119   	0.03124   	-0.06055  	1713.39012	 (-0.00000  )
274	-0.10718  	-0.00401  	-0.50537  	1695.80698	 (0.00000   )
275	-0.09165  	0.06413   	0.54221   	1757.45740	 (-0.00000  )
276	-0.42844  	-0.23572  	0.02513   	1745.57240	 (0.00000   )
277	0.23692   	0.40461   	-0.15880  	1799.65338	 (-0.00000  )
278	-0.32454  	0.01592   	0.20985   	1737.02152	 (-0.00000  )
279	0.27516   	-0.21880  	0.28666   	1772.33475	 (0.00000   )
280	-0.35178  	0.20852   	-0.46100  	1706.80581	 (0.00000   )
281	-0.04077  	0.01668   	-0.57723  	1850.61584	 (0.00000   )
282	-0.20029  	0.18686   	0.04786   	1882.87765	 (0.00000   )
283	-0.18041  	-0.06512  	0.11617   	1940.61807	 (0.00000   )
284	-0.02227  	-0.05732  	-0.15656  	1769.21362	 (0.00000   )
285	-0.19892  	0.04094   	0.20544   	1842.04154	 (-0.00000  )
286	-0.44531  	0.19952   	-0.50837  	1826.28744	 (0.00000   )
287	0.02033   	-0.16748  	-0.12961  	1772.81075	 (-0.00000  )
288	-0.02999  	0.40947   	-0.02050  	1732.99088	 (-0.00000  )
289	-0.29918  	-0.19640  	-0.27192  	1780.37619	 (-0.00000  )
290	-0.16164  	-0.20214  	-0.22813  	1822.17500	 (-0.00000  )
291	-0.07996  	0.05427   	-0.24632  	1935.16032	 (-0.00000  )
292	0.02383   	-0.04779  	0.44068   	1655.53946	 (-0.00000  )
293	0.00987   	-0.18073  	0.00411   	1708.18050	 (0.00000   )
294	0.06617   	-0.42124  	0.06873   	1687.46092	 (0.00000   )
295	-0.10249  	0.01964   	-0.15180  	1682.16267	 (0.00000   )
296	0.30323   	-0.07601  	-0.28405  	1669.65788	 (0.00000   )
297	0.02783   	0.01876   	-0.04656  	1690.37806	 (-0.00000  )
298	-0.04547  	-0.01539  	0.11122   	1758.02387	 (-0.00000  )
299	-0.17186  	-0.02091  	-0.16255  	1704.94199	 (0.00000   )
300	0.35722   	-0.24431  	0.13554   	1725.99297	 (0.00000   )
301	0.25039   	-0.04711  	0.09371   	1731.98865	 (-0.00000  )
302	-0.15420  	-0.06591  	0.20838   	1681.18353	 (-0.00000  )
303	-0.01919  	0.37350   	0.05365   	1753.61022	 (0.00000   )
304	0.32911   	-0.20814  	0.14140   	1798.87202	 (-0.00000  )
305	0.03389   	-0.04924  	0.01519   	1967.37635	 (-0.00000  )
306	0.21041   	-0.22028  	-0.40579  	1818.58719	 (-0.00000  )
307	-0.03634  	-0.01490  	0.41679   	1973.72663	 (0.00000   )
308	0.00209   	0.05108   	-0.12267  	1834.88410	 (0.00000   )
309	0.24292   	-0.01846  	0.22915   	1828.50697	 (-0.00000  )
310	0.10878   	-0.04862  	0.55392   	1853.01471	 (0.00000   )
311	0.01712   	-0.24256  	-0.13468  	1811.34826	 (-0.00000  )
312	0.12296   	-0.00847  	-0.13397  	1816.87446	 (0.00000   )
313	0.35679   	-0.23943  	0.09591   	1777.70089	 (0.00000   )
314	-0.10203  	-0.26856  	0.51789   	1738.09947	 (0.00000   )
315	-0.06607  	0.03665   	-0.30008  	1719.99771	 (0.00000   )
316	0.27134   	-0.14958  	0.17184   	1789.75363	 (0.00000   )
317	0.38957   	-0.27396  	0.06539   	1764.78098	 (-0.00000  )
318	-0.12281  	0.14421   	-0.13535  	1758.45811	 (0.00000   )
319	-0.12897  	0.13250   	-0.28002  	1772.27922	 (0.00000   )
320	-0.21667  	-0.18292  	0.09390   	1753.95269	 (-0.00000  )
321	-0.36412  	-0.01036  	0.03041   	1752.13169	 (-0.00000  )
322	0.18849   	0.06819   	-0.17001  	1785.44443	 (-0.00000  )
323	-0.18003  	0.15575   	-0.03492  	1873.40908	 (0.00000   )
324	-0.44833  	0.35838   	-0.12349  	1974.13169	 (-0.00000  )
325	-1.07126  	0.64431   	-0.23302  	1674.51598	 (0.00000   )
326	-0.64619  	0.51804   	-0.13971  	1712.78112	 (-0.00000  )
327	-0.18742  	0.25535   	-0.05345  	2060.07673	 (-0.00000  )
328	-0.02949  	0.04723   	0.06401   	2115.55407	 (-0.00000  )
329	0.14798   	-0.06165  	-0.34517  	1816.69930	 (-0.00000  )
330	0.07636   	-0.31957  	-0.03560  	1900.64902	 (0.00000   )
331	-0.02050  	-0.05665  	-0.12950  	2004.69233	 (0.00000   )
332	0.06696   	0.15702   	0.16205   	1836.90682	 (0.00000   )
333	0.11764   	0.28900   	0.00311   	1818.71714	 (-0.00000  )
334	-0.07099  	0.03667   	-0.02086  	2060.25846	 (-0.00000  )
335	0.65579   	-0.04400  	-0.24685  	1867.04199	 (-0.00000  )
336	0.38733   	0.14503   	0.26465   	1869.54774	 (-0.00000  )
337	-0.62520  	-0.26465  	0.03899   	1857.75950	 (0.00000   )
338	-0.11298  	0.03486   	0.14630   	1853.56262	 (-0.00000  )
339	-0.22877  	0.33135   	-0.05685  	2036.90629	 (-0.00000  )
340	-0.11021  	-0.23645  	-0.04187  	2080.55451	 (0.00000   )
341	0.64972   	-0.51612  	0.07657   	2095.86407	 (0.00000   )
342	-0.16024  	0.05603   	0.06438   	2046.31450	 (-0.00000  )
343	-0.08431  	0.06156   	0.02791   	2152.58967	 (-0.00000  )
344	-0.00045  	-0.01430  	-0.03137  	2177.90194	 (0.00000   )
345	0.02965   	0.11107   	0.01755   	2094.17601	 (-0.00000  )
346	0.04044   	-0.06200  	0.05755   	1703.34777	 (0.00000   )
347	-0.27859  	-0.41202  	0.01746   	1705.37390	 (-0.00000  )
348	0.28356   	0.37901   	0.60344   	1707.50026	 (0.00000   )
349	-0.05161  	0.05911   	-0.34190  	1751.47938	 (-0.00000  )
350	-0.03873  	-0.13416  	-0.03497  	2019.28076	 (0.00000   )
351	0.67849   	-0.46069  	-0.02600  	2083.05067	 (-0.00000  )
352	-0.70667  	0.42908   	-0.04613  	2036.19939	 (0.00000   )
353	-0.08962  	-0.21917  	-0.12085  	2156.47654	 (-0.00000  )
354	-0.01054  	-0.16058  	0.17151   	2168.89695	 (0.00000   )
355	0.33024   	0.56907   	-0.01573  	2151.24734	 (0.00000   )
356	0.02037   	0.16430   	0.01444   	2115.34940	 (0.00000   )
357	-0.13424  	0.17759   	-0.76625  	1888.72621	 (0.00000   )
358	-0.14050  	0.18515   	-0.40834  	1972.44972	 (0.00000   )
359	-0.02891  	-0.02256  	-0.29055  	1762.26067	 (0.00000   )
360	-0.00969  	0.16369   	-0.04145  	2067.77651	 (-0.00000  )
361	-0.03054  	0.15029   	-0.08184  	2148.46089	 (-0.00000  )
362	-0.02084  	-0.28558  	-0.08332  	2093.09920	 (0.00000   )
363	0.14645   	0.12177   	0.00512   	2206.05108	 (-0.00000  )
364	0.38804   	-0.75505  	-0.05402  	2176.89390	 (0.00000   )
365	0.10210   	-0.04527  	0.01897   	2116.43129	 (-0.00000  )
366	-0.13031  	0.70788   	0.03729   	2139.99666	 (-0.00000  )
367	-0.06843  	-0.73484  	0.03123   	2150.85752	 (0.00000   )
368	0.07274   	0.06895   	0.00789   	2097.26694	 (0.00000   )
369	-0.09486  	-0.10657  	-0.00802  	2039.81014	 (0.00000   )
370	-0.00516  	0.01902   	-0.02332  	1902.28781	 (0.00000   )
371	0.13733   	0.31640   	-0.00620  	2001.86711	 (0.00000   )
372	-0.09159  	0.14465   	-0.03553  	2019.46441	 (-0.00000  )
373	0.07986   	-0.21343  	0.04426   	2028.64297	 (-0.00000  )
374	0.02627   	-0.47500  	-0.00978  	1978.01798	 (0.00000   )
375	0.02268   	-0.13410  	-0.01260  	1984.46182	 (0.00000   )
376	-0.08602  	0.42935   	0.02845   	2008.18183	 (-0.00000  )
377	0.03110   	-0.09212  	0.18888   	2083.44950	 (-0.00000  )
378	-0.11705  	-0.05959  	-0.26165  	2044.53765	 (0.00000   )
379	0.06580   	-0.01453  	-0.02469  	1976.91961	 (-0.00000  )
380	0.19391   	0.25248   	-0.02658  	2010.63631	 (0.00000   )
381	-0.20897  	-0.08538  	0.04678   	1970.81456	 (-0.00000  )
382	-0.11149  	0.21197   	-0.01606  	1928.57806	 (-0.00000  )
383	0.02862   	-0.03071  	0.01096   	1979.70429	 (0.00000   )
384	-0.05349  	-0.06784  	-0.09353  	1930.36463	 (-0.00000  )
385	-0.02874  	-0.26331  	-0.01389  	1985.20752	 (0.00000   )
386	0.06869   	0.03038   	-0.01195  	2062.74860	 (-0.00000  )
387	-0.22255  	-0.00827  	-0.07979  	1997.49002	 (0.00000   )
388	-0.29158  	0.29586   	-0.18791  	1884.98493	 (0.00000   )
389	-0.03165  	0.09474   	-0.04739  	2005.65778	 (0.00000   )
390	0.36982   	-0.14624  	0.15313   	1958.03352	 (-0.00000  )
391	-0.06502  	-0.16805  	0.03977   	2065.72035	 (0.00000   )
392	0.04017   	-0.05866  	-0.24705  	2029.69319	 (0.00000   )
393	-0.00228  	0.01051   	0.12437   	2065.61831	 (-0.00000  )
394	-0.16699  	0.06764   	-0.12913  	2078.80791	 (0.00000   )
395	0.23956   	0.05398   	-0.08985  	2127.11526	 (0.00000   )
396	0.04614   	0.45311   	0.12873   	2125.12640	 (-0.00000  )
397	-0.42858  	0.44218   	0.02392   	2194.80674	 (-0.00000  )
398	0.12084   	-0.01493  	-0.07429  	2133.03308	 (0.00000   )
399	0.06503   	-0.29081  	-0.09492  	2117.76753	 (0.00000   )
400	0.03963   	0.48594   	-0.06137  	2063.22661	 (-0.00000  )
401	0.29099   	-0.41874  	-0.17273  	2025.47618	 (-0.00000  )
402	-0.33166  	0.36091   	-0.00872  	2010.26370	 (0.00000   )
403	-0.02137  	-0.22804  	0.31629   	2065.14386	 (0.00000   )
404	0.43240   	-0.07306  	-0.13739  	2039.22359	 (-0.00000  )
405	-0.61803  	-0.05819  	0.02092   	2015.60008	 (0.00000   )
406	0.16696   	-0.03583  	-0.18487  	2019.08117	 (0.00000   )
407	0.02724   	-0.01266  	-0.03491  	2078.93846	 (0.00000   )
408	-0.07446  	-0.02760  	0.01748   	2006.43582	 (0.00000   )
409	-0.48366  	0.30717   	0.19561   	1998.28463	 (-0.00000  )
410	0.09524   	-0.09439  	0.11394   	1894.81056	 (0.00000   )
411	-0.04637  	0.07894   	-0.14189  	2042.24184	 (0.00000   )
412	-0.00389  	-0.04349  	0.10330   	2069.86409	 (0.00000   )
413	-0.16569  	0.09170   	0.28975   	2037.23225	 (-0.00000  )
414	0.07682   	0.43459   	0.34982   	2063.50113	 (0.00000   )
415	0.17902   	-0.38256  	-0.37202  	2084.84472	 (0.00000   )
416	0.12291   	-0.40794  	-0.10706  	1928.73473	 (0.00000   )
417	-0.03488  	0.09028   	-0.00052  	2104.72955	 (0.00000   )
418	-0.13315  	0.13726   	-0.21346  	1859.36609	 (0.00000   )
419	-0.11437  	0.09244   	-0.23699  	2022.13758	 (-0.00000  )
420	-0.19407  	-0.03327  	-0.00377  	2011.58863	 (0.00000   )
421	-0.13257  	-0.16265  	0.00528   	2006.85091	 (-0.00000  )
422	0.02817   	-0.22176  	-0.10977  	2039.74406	 (-0.00000  )
423	0.03782   	-0.05055  	-0.16599  	2056.28555	 (0.00000   )
424	-0.04786  	0.51148   	-0.04905  	2040.60133	 (0.00000   )
425	0.52189   	-0.30560  	-0.03402  	2048.08317	 (0.00000   )
426	0.09353   	-0.24540  	0.08591   	2014.40099	 (-0.00000  )
427	-0.67046  	0.04250   	0.11333   	2045.97267	 (0.00000   )
428	0.20851   	-0.32245  	0.05064   	2061.61457	 (0.00000   )
429	-0.15613  	0.09509   	-0.22570  	1906.85184	 (0.00000   )
430	0.22323   	-0.12143  	0.06078   	2018.29893	 (0.00000   )
431	0.03142   	-0.23866  	-0.11329  	2008.63271	 (0.00000   )
432	-0.47720  	-0.33849  	-0.07610  	2039.20824	 (-0.00000  )
433	0.49795   	-0.38335  	0.11692   	1990.76260	 (-0.00000  )
434	-0.49378  	1.03320   	-0.06825  	2077.26710	 (0.00000   )
435	-0.14866  	0.08445   	0.04481   	2032.94286	 (0.00000   )
436	-0.00062  	0.05742   	0.04062   	2040.92069	 (0.00000   )
437	-0.24627  	0.46924   	0.07062   	2129.68967	 (-0.00000  )
438	0.06557   	-0.28209  	-0.22639  	2004.00495	 (0.00000   )
439	0.45131   	-0.33828  	0.09920   	1985.35995	 (0.00000   )
440	-0.11674  	0.21606   	0.16286   	2091.21842	 (0.00000   )
441	0.00736   	0.25523   	-0.02828  	1988.66213	 (-0.00000  )
442	0.21084   	-0.19504  	-0.03385  	2052.41348	 (-0.00000  )
443	-0.14872  	0.22155   	-0.08567  	1990.53068	 (-0.00000  )
444	-0.28136  	0.20178   	0.14607   	2064.08210	 (-0.00000  )
445	-0.09824  	-0.07025  	0.20319   	2024.67132	 (-0.00000  )
446	0.07912   	-0.01801  	-0.02856  	2075.46491	 (0.00000   )
447	0.11546   	-0.03442  	0.32660   	1989.34832	 (-0.00000  )
448	0.00968   	0.35406   	-0.14535  	2052.25424	 (-0.00000  )
449	-0.09621  	0.02320   	-0.06920  	1965.90989	 (-0.00000  )
450	-0.22970  	-0.14963  	-0.11438  	1960.42636	 (-0.00000  )
451	0.41592   	-0.37188  	-0.27987  	2076.76014	 (-0.00000  )
452	0.12061   	0.02505   	0.10612   	1909.95804	 (0.00000   )
453	0.05799   	-0.07812  	0.02749   	2063.83434	 (0.00000   )
454	0.12749   	-0.03014  	0.03826   	2072.28240	 (-0.00000  )
455	0.06554   	0.01346   	-0.00963  	2054.52559	 (-0.00000  )
456	0.38263   	-0.86407  	0.04233   	2094.34744	 (0.00000   )
457	0.15027   	0.08444   	0.08478   	2103.99178	 (-0.00000  )
458	-0.12166  	0.42676   	-0.32036  	2111.65682	 (-0.00000  )
459	0.59668   	-0.26763  	-0.06639  	2102.01220	 (0.00000   )
460	-0.17948  	0.21616   	0.08358   	2077.27876	 (-0.00000  )
461	-0.13207  	0.06697   	0.20335   	2145.47676	 (-0.00000  )
462	-0.13215  	-0.11102  	0.23371   	2088.47165	 (0.00000   )
463	-0.03267  	0.01025   	-0.04886  	1995.06391	 (-0.00000  )
464	0.07014   	0.11655   	0.10952   	2046.43734	 (0.00000   )
465	0.05301   	-0.34137  	0.11096   	2046.22778	 (0.00000   )
466	-0.37015  	0.30771   	-0.06069  	2102.38695	 (0.00000   )
467	0.27187   	-0.35297  	-0.06057  	2062.37628	 (-0.00000  )
468	0.30311   	-0.10601  	-0.21174  	2068.14294	 (-0.00000  )
469	-0.32697  	0.12694   	-0.07283  	2041.17780	 (-0.00000  )
470	-0.04300  	-0.04914  	0.18302   	2021.99118	 (0.00000   )
471	0.01356   	-0.07356  	0.15783   	2024.06915	 (-0.00000  )
472	-0.12838  	0.15500   	-0.10620  	2078.49494	 (0.00000   )
473	-0.15128  	0.37301   	0.22768   	2070.31191	 (0.00000   )
474	0.10951   	-0.26756  	0.23163   	2049.14255	 (-0.00000  )
475	0.14939   	0.22240   	-0.33607  	1977.81979	 (0.00000   )
476	-0.22768  	0.19259   	-0.25341  	1958.90815	 (0.00000   )
477	-0.29764  	0.29309   	0.31268   	1977.67081	 (-0.00000  )
478	0.30257   	-0.59395  	-0.07611  	1892.44535	 (0.00000   )
479	-0.01984  	0.10600   	-0.06626  	1912.60020	 (-0.00000  )
480	-0.16597  	-0.24809  	0.15210   	2017.51477	 (-0.00000  )
481	-0.15509  	-0.00310  	0.01290   	2022.42993	 (0.00000   )
482	-0.01194  	0.01621   	0.19651   	2012.15568	 (-0.00000  )
483	0.03467   	-0.25347  	-0.06890  	1995.33671	 (0.00000   )
484	-0.40415  	0.04325   	0.13931   	1973.80059	 (0.00000   )
485	-0.33695  	-0.04620  	-0.06064  	1999.78718	 (-0.00000  )
486	-0.05564  	-0.09643  	0.01559   	2019.66171	 (0.00000   )
487	-0.00762  	-0.11341  	-0.13058  	2000.28686	 (-0.00000  )
488	0.77971   	0.07052   	0.04837   	1963.78690	 (-0.00000  )
489	0.27028   	0.73586   	-0.08667  	2070.52276	 (0.00000   )
490	0.19921   	-0.13990  	-0.12147  	2063.81331	 (0.00000   )
491	-0.05665  	-0.20180  	0.14249   	2056.16144	 (-0.00000  )
492	0.14390   	-0.19501  	-0.05459  	2038.52372	 (0.00000   )
493	-0.16663  	0.11630   	0.15986   	1994.53140	 (-0.00000  )
494	-0.27057  	-0.24600  	-0.00436  	1981.15690	 (0.00000   )
495	0.09485   	0.12988   	0.01521   	1995.17797	 (0.00000   )
496	-0.00899  	-0.12217  	-0.05386  	2026.43465	 (-0.00000  )
497	0.03571   	-0.28980  	0.05858   	1975.22225	 (-0.00000  )
498	-0.30556  	-0.11605  	-0.04767  	1986.22202	 (-0.00000  )
499	0.02901   	0.05878   	0.13026   	1972.33901	 (-0.00000  )
500	-0.04917  	0.12574   	-0.17909  	1968.91885	 (0.00000   )
501	-0.06324  	-0.04288  	0.08257   	1924.97666	 (0.00000   )
502	-0.22784  	0.21975   	-0.09891  	1943.41665	 (-0.00000  )
503	0.12597   	-0.02990  	0.12753   	1960.80496	 (-0.00000  )
504	-0.32844  	0.08534   	-0.35518  	1962.59613	 (-0.00000  )
505	-0.20614  	0.00570   	-0.15569  	1913.08168	 (-0.00000  )
506	0.18304   	0.06622   	0.06564   	1918.78836	 (0.00000   )
507	0.15394   	0.13163   	0.39393   	1966.55701	 (0.00000   )
508	-0.18122  	-0.03312  	0.28755   	1940.00623	 (-0.00000  )
509	0.24068   	-0.09441  	0.15370   	1940.53862	 (0.00000   )
510	-0.09612  	0.02326   	-0.00606  	1951.67345	 (0.00000   )
511	0.06039   	-0.33975  	-0.05194  	1918.17423	 (-0.00000  )
512	-0.01411  	-0.01922  	0.07106   	1892.81342	 (0.00000   )
513	0.20065   	0.13523   	-0.09085  	1948.96399	 (-0.00000  )
514	-0.00112  	0.07525   	-0.19911  	1974.56956	 (-0.00000  )
515	-0.17414  	-0.37211  	-0.11095  	1994.85099	 (0.00000   )
516	0.30342   	0.26540   	0.01306   	1989.19555	 (-0.00000  )
517	0.02080   	-0.19968  	-0.18103  	2010.05682	 (0.00000   )
518	-0.00795  	0.50983   	-0.19822  	2015.44937	 (0.00000   )
519	-0.21022  	-0.28684  	0.60134   	1973.51445	 (0.00000   )
520	0.05717   	0.47303   	0.04916   	1993.84787	 (-0.00000  )
521	-0.15626  	0.34970   	0.26125   	1927.05134	 (0.00000   )
522	-0.26087  	0.26565   	-0.02276  	2022.86693	 (-0.00000  )
523	0.14299   	-0.15346  	-0.24972  	1906.68378	 (-0.00000  )
524	-0.19655  	0.06820   	-0.02768  	1934.37875	 (-0.00000  )
525	-0.17058  	-0.02868  	0.18548   	1996.88654	 (0.00000   )
526	-0.19611  	0.10317   	0.01068   	1960.21914	 (0.00000   )
527	-0.26979  	-0.14508  	-1.02309  	1993.01203	 (0.00000   )
528	0.17580   	-0.10476  	0.05336   	1981.01866	 (0.00000   )
529	0.18611   	-0.03152  	0.14174   	1987.88309	 (-0.00000  )
530	-0.14836  	-0.00477  	0.07560   	2022.78549	 (0.00000   )
531	0.12965   	0.04278   	-0.55513  	1995.16787	 (0.00000   )
532	-0.15448  	0.09769   	-0.34497  	1996.53756	 (-0.00000  )
533	0.17991   	-0.02134  	0.39382   	2003.81664	 (-0.00000  )
534	-0.19775  	-0.00214  	0.42509   	1993.87467	 (-0.00000  )
535	0.07314   	-0.21526  	-0.14836  	1995.08638	 (-0.00000  )
536	0.06201   	0.04254   	0.25459   	2022.08578	 (-0.00000  )
537	-0.06091  	-0.02603  	-0.09599  	2030.26893	 (-0.00000  )
538	0.09343   	-0.13923  	0.21756   	2006.66992	 (-0.00000  )
539	-0.27586  	0.29199   	-0.09218  	2031.38072	 (-0.00000  )
540	-0.46882  	0.36957   	-0.04658  	2056.96276	 (-0.00000  )
541	-0.16105  	-0.02763  	0.35419   	2003.36632	 (-0.00000  )
542	0.00162   	0.18711   	-0.11400  	2013.27161	 (-0.00000  )
543	-0.21918  	0.21841   	0.05041   	2002.08424	 (-0.00000  )
544	0.05562   	0.23426   	-0.07215  	1994.61436	 (0.00000   )
545	-0.27581  	0.26732   	-0.05144  	2025.13567	 (0.00000   )
546	0.19529   	0.03123   	-0.64492  	2051.20586	 (-0.00000  )
547	-0.06807  	0.03418   	0.32862   	2017.27874	 (0.00000   )
548	0.02738   	-0.23781  	-0.51094  	2037.02257	 (-0.00000  )
549	-0.20699  	0.16126   	0.05419   	2028.35935	 (0.00000   )
550	0.08044   	-0.25440  	-0.38546  	2004.68975	 (0.00000   )
551	0.10940   	0.02019   	0.22658   	2019.78687	 (0.00000   )
552	-0.20353  	-0.02548  	0.18520   	2013.07598	 (0.00000   )
553	0.09822   	-0.00883  	-0.01979  	2015.58976	 (-0.00000  )
554	0.19254   	-0.04591  	-0.24154  	1992.53586	 (0.00000   )
555	-0.06637  	-0.38982  	0.03814   	2003.97022	 (-0.00000  )
556	0.02878   	0.14818   	0.36227   	1975.46283	 (-0.00000  )
557	0.16212   	-0.30301  	0.32229   	1993.78165	 (-0.00000  )
558	-0.21970  	-0.10762  	0.62186   	1985.32943	 (0.00000   )
559	-0.22490  	0.11861   	0.15428   	1988.17748	 (-0.00000  )
560	0.28841   	0.08306   	-0.07351  	1963.86512	 (0.00000   )
561	-0.10393  	-0.40990  	-0.18316  	1959.08544	 (0.00000   )
562	0.12915   	-0.06437  	-0.55918  	1992.76488	 (-0.00000  )
563	0.07372   	0.19097   	-0.08074  	1990.24862	 (-0.00000  )
564	-0.11767  	-0.04874  	0.33997   	1973.46502	 (-0.00000  )
565	0.07372   	0.10092   	-0.06115  	1972.00050	 (-0.00000  )
566	-0.20439  	0.08251   	-0.36376  	1991.35970	 (-0.00000  )
567	0.07176   	-0.00916  	-0.05888  	1970.00844	 (-0.00000  )
568	-0.06161  	0.10818   	-0.31846  	1946.16733	 (0.00000   )
569	0.28849   	-0.00009  	0.55506   	1972.48309	 (0.00000   )
570	0.11144   	0.09494   	-0.23357  	1986.50999	 (-0.00000  )
571	0.19213   	-0.16193  	0.02286   	2000.57069	 (-0.00000  )
572	0.17749   	-0.06254  	0.21825   	1999.46434	 (-0.00000  )
573	0.18974   	0.08250   	-0.20496  	1960.41713	 (-0.00000  )
574	0.00405   	-0.05369  	0.11760   	1965.13445	 (0.00000   )
575	0.12227   	-0.11171  	-0.54793  	1990.75897	 (0.00000   )
576	0.09304   	-0.12831  	-0.23882  	1953.80248	 (-0.00000  )
577	-0.26395  	-0.05025  	-0.23111  	1959.16800	 (0.00000   )
578	-0.13571  	0.00303   	0.54716   	1957.45374	 (0.00000   )
579	-0.25956  	0.34737   	0.01671   	1967.45592	 (0.00000   )
580	-0.13299  	-0.56812  	0.04302   	1950.00551	 (-0.00000  )
581	-0.23563  	0.13868   	0.12838   	1965.15942	 (0.00000   )
582	-0.10496  	-0.00862  	0.26411   	1972.99448	 (0.00000   )
583	-0.03738  	0.21823   	0.14782   	1960.64763	 (0.00000   )
584	-0.20399  	-0.24717  	-0.26137  	1929.93169	 (0.00000   )
585	-0.30166  	-0.04626  	-0.60221  	1933.59015	 (0.00000   )
586	-0.24376  	0.26504   	0.18431   	1944.21130	 (0.00000   )
587	-0.02098  	-0.10685  	0.35670   	1958.02501	 (0.00000   )
588	-0.15691  	0.13138   	-0.14717  	1931.09891	 (0.00000   )
589	-0.04633  	0.03076   	0.00177   	1910.79794	 (0.00000   )
590	-0.39504  	-0.28987  	-0.11011  	1948.53911	 (0.00000   )
591	0.30696   	0.11525   	-0.17083  	1965.47957	 (-0.00000  )
592	-0.02583  	-0.15326  	-0.34732  	1918.67588	 (-0.00000  )
593	-0.07232  	0.17246   	-0.19573  	1948.21973	 (-0.00000  )
594	-0.24227  	0.34209   	0.00643   	1959.41241	 (0.00000   )
595	0.02051   	0.18632   	0.24180   	1923.42763	 (-0.00000  )
596	-0.29815  	0.13716   	0.40175   	1887.20749	 (-0.00000  )
597	-0.04622  	-0.02779  	0.02616   	1916.56444	 (-0.00000  )
598	-0.08187  	-0.03837  	-0.11991  	1912.44738	 (0.00000   )
599	0.02741   	-0.17088  	-0.09401  	1939.39351	 (0.00000   )
600	-0.07219  	0.16530   	-0.09006  	1930.81286	 (-0.00000  )
601	-0.02338  	0.01252   	0.32664   	1907.35317	 (-0.00000  )
602	-0.18258  	-0.08613  	0.21631   	1921.16048	 (-0.00000  )
603	-0.06277  	-0.37905  	-0.16756  	1959.19704	 (0.00000   )
604	-0.36192  	0.12089   	-0.08733  	1934.67337	 (-0.00000  )
605	-0.08160  	-0.12829  	0.03404   	1944.30365	 (-0.00000  )
606	0.00899   	0.07140   	-0.41306  	1985.56884	 (0.00000   )
607	-0.09252  	0.02455   	-0.13360  	1964.49821	 (0.00000   )
608	-0.20727  	-0.07255  	-0.48821  	1929.42366	 (-0.00000  )
609	-0.08008  	-0.09613  	0.06067   	1973.02289	 (-0.00000  )
610	0.54993   	0.05521   	0.00714   	1912.67728	 (-0.00000  )
611	-0.16387  	-0.06632  	0.38317   	1936.27370	 (-0.00000  )
612	0.00989   	0.20109   	0.43624   	1980.96453	 (0.00000   )
613	-0.30118  	-0.03890  	-0.58284  	1942.10537	 (-0.00000  )
614	-0.01876  	0.18992   	-0.56894  	1955.71217	 (-0.00000  )
615	-0.02142  	-0.20628  	-0.32751  	1965.68816	 (-0.00000  )
616	0.08675   	0.36140   	-0.14941  	1960.54675	 (0.00000   )
617	-0.24465  	0.33078   	0.09707   	1959.39176	 (-0.00000  )
618	0.00711   	-0.11728  	-0.58939  	1941.81596	 (0.00000   )
619	-0.16108  	-0.04541  	0.12482   	1948.26484	 (0.00000   )
620	0.04054   	-0.24297  	-0.17245  	1937.24733	 (-0.00000  )
621	-0.06107  	-0.13210  	-0.07298  	1949.65690	 (-0.00000  )
622	0.01333   	0.05438   	0.38729   	1922.42864	 (-0.00000  )
623	-0.56123  	0.62647   	-0.45187  	1962.48435	 (0.00000   )
624	0.03587   	0.20309   	-0.14285  	1958.32309	 (-0.00000  )
625	0.18947   	-0.26745  	0.17570   	1951.86162	 (-0.00000  )
626	-0.00368  	-0.18318  	-0.50650  	1961.66717	 (0.00000   )
627	-0.37630  	0.15149   	0.52289   	1941.41613	 (-0.00000  )
628	-0.11552  	-0.12689  	0.37447   	1934.50597	 (0.00000   )
629	0.15128   	-0.03023  	0.00326   	1917.86922	 (-0.00000  )
630	0.10096   	-0.05129  	-0.28501  	1917.27555	 (-0.00000  )
631	0.29955   	-0.09823  	-0.35118  	1886.59439	 (0.00000   )
632	0.02404   	0.23041   	-0.20728  	1891.45765	 (0.00000   )
633	-0.02406  	-0.16289  	0.03998   	1869.01257	 (0.00000   )
634	-0.03279  	0.08446   	-0.15028  	1896.19882	 (-0.00000  )
635	-0.24076  	-0.10496  	0.56534   	1900.60362	 (-0.00000  )
636	-0.18903  	0.00436   	0.11703   	1884.67563	 (-0.00000  )
637	-0.07197  	0.20830   	-0.38132  	1879.73888	 (-0.00000  )
638	0.07135   	-0.10352  	-0.00580  	1980.86049	 (0.00000   )
639	0.05928   	0.03530   	0.20567   	1911.56486	 (0.00000   )
640	-0.04402  	-0.26963  	0.20491   	1864.48614	 (-0.00000  )
641	-0.07130  	-0.35176  	-1.07776  	1916.00112	 (-0.00000  )
642	0.09385   	-0.12287  	0.03500   	1922.01694	 (-0.00000  )
643	-0.21577  	0.11156   	0.12165   	1997.09878	 (0.00000   )
644	-0.24972  	0.26034   	-0.35382  	1904.34705	 (-0.00000  )
645	-0.19862  	-0.09803  	-0.40888  	2033.18894	 (-0.00000  )
646	-0.01861  	0.08292   	0.21247   	1906.10778	 (0.00000   )
647	-0.49173  	0.20549   	0.17144   	1968.03520	 (0.00000   )
648	-0.01962  	-0.37650  	0.25278   	1876.59566	 (0.00000   )
649	0.19092   	-0.26092  	0.47567   	2107.72883	 (-0.00000  )
650	-0.41482  	0.51174   	0.24105   	1965.36813	 (0.00000   )
651	0.26064   	-0.13867  	-0.06186  	1867.14620	 (-0.00000  )
652	0.21986   	0.20817   	0.96912   	1918.49283	 (0.00000   )
653	0.13800   	0.01661   	-0.30855  	1899.37562	 (0.00000   )
654	0.00489   	0.02713   	-0.13850  	1927.22721	 (0.00000   )
655	0.30487   	-0.37899  	0.41509   	2021.04840	 (-0.00000  )
656	0.15306   	-0.19382  	0.51554   	1957.01306	 (0.00000   )
657	-0.18253  	-0.00529  	0.43093   	1931.33486	 (0.00000   )
658	0.30381   	-0.35410  	0.14815   	2213.76338	 (-0.00000  )
659	0.31778   	-0.33145  	1.22879   	2019.27713	 (-0.00000  )
660	0.51054   	-0.15324  	-0.02060  	2058.63710	 (0.00000   )
661	0.25505   	-0.30543  	0.18752   	2115.50202	 (0.00000   )
662	-0.28389  	0.41910   	-0.57059  	2256.33832	 (0.00000   )
663	-0.39297  	0.70006   	-0.42889  	2174.65051	 (-0.00000  )
664	-0.43463  	0.46502   	-0.43615  	2081.25584	 (-0.00000  )
665	-0.35851  	0.12046   	0.69162   	1997.84301	 (0.00000   )
666	0.09868   	-0.13824  	0.01492   	1932.96973	 (-0.00000  )
667	0.26464   	-0.12689  	0.12933   	1900.53367	 (-0.00000  )
668	-0.11802  	0.00020   	-0.24192  	1845.08164	 (0.00000   )
669	-0.34275  	-0.22404  	0.17168   	1868.25368	 (-0.00000  )
670	-0.37273  	-0.19139  	-0.02368  	1919.73387	 (-0.00000  )
671	-0.11093  	0.44011   	0.20498   	1896.69274	 (0.00000   )
672	-0.10636  	-0.36665  	0.34611   	1877.84812	 (0.00000   )
673	0.22125   	-0.28911  	0.18127   	1909.59516	 (0.00000   )
674	-0.07442  	-0.15453  	-0.64332  	1908.06117	 (0.00000   )
675	-0.04154  	-0.23780  	-1.01275  	1949.17999	 (0.00000   )
676	-0.55569  	-0.06329  	-0.78940  	1876.92671	 (0.00000   )
677	0.13905   	-0.41781  	-0.04426  	1894.85126	 (-0.00000  )
678	0.61379   	-0.43295  	-0.23655  	1830.20493	 (-0.00000  )
679	0.19425   	-0.22640  	-0.23206  	1853.22126	 (0.00000   )
680	-0.02011  	-0.33846  	0.22148   	1857.71253	 (-0.00000  )
681	-0.29065  	-0.57482  	0.30692   	1857.09059	 (0.00000   )
682	-0.11419  	0.27793   	-0.07252  	1881.07316	 (0.00000   )
683	-0.59465  	-0.15555  	-0.03110  	1839.76541	 (-0.00000  )
684	-0.18046  	-0.20509  	-0.54332  	1831.54891	 (0.00000   )
685	-0.42192  	-0.53802  	-0.61157  	1862.86090	 (-0.00000  )
686	0.32008   	-0.13698  	-0.29170  	1905.52603	 (0.00000   )
687	-0.39633  	-0.14014  	0.05542   	1832.70101	 (-0.00000  )
688	0.00450   	0.23341   	0.02521   	1904.26178	 (0.00000   )
689	-0.08008  	0.30892   	-0.36752  	1900.39016	 (0.00000   )
690	0.16230   	0.12817   	-0.09163  	1887.49196	 (0.00000   )
691	1.04081   	-0.36213  	0.34154   	1912.50644	 (0.00000   )
692	0.20136   	0.21534   	-0.33765  	1902.50318	 (-0.00000  )
693	0.16215   	0.10929   	0.01588   	1952.58156	 (-0.00000  )
694	0.23599   	-0.02507  	0.36015   	1956.40022	 (-0.00000  )
695	0.35236   	0.02405   	0.06825   	1865.52016	 (-0.00000  )
696	-0.24073  	0.12559   	0.17677   	1936.29449	 (0.00000   )
697	0.15236   	0.33200   	0.06899   	1985.62467	 (-0.00000  )
698	0.25795   	-0.59512  	0.21229   	1922.06521	 (0.00000   )
699	-0.12207  	-0.00850  	-0.07734  	2012.56144	 (0.00000   )
700	0.16505   	-0.37588  	0.04515   	1894.35804	 (-0.00000  )
701	-0.22622  	0.19848   	0.07608   	1874.61922	 (-0.00000  )
702	0.06129   	0.29260   	-0.16984  	1963.15306	 (-0.00000  )
703	-0.22749  	0.02113   	-0.09749  	1986.89461	 (0.00000   )
704	-0.30433  	0.44414   	-0.75555  	1921.58172	 (0.00000   )
705	-0.18295  	0.26333   	-0.67268  	1960.25337	 (-0.00000  )
706	0.17533   	0.10185   	0.10134   	1971.57844	 (-0.00000  )
707	-0.18529  	0.74437   	0.33762   	1944.45783	 (-0.00000  )
708	-0.25503  	0.30830   	-0.37947  	1919.40692	 (0.00000   )
709	-0.19133  	0.01935   	-0.27308  	2054.59735	 (0.00000   )
710	0.02015   	0.22065   	-0.20277  	2015.29225	 (-0.00000  )
711	-0.40224  	0.26304   	0.38786   	2091.23736	 (-0.00000  )
712	-0.10804  	-0.00592  	-0.16780  	2024.08834	 (0.00000   )
713	-0.08161  	-0.00437  	-0.22119  	2097.28208	 (-0.00000  )
714	0.22224   	-0.03767  	0.76889   	1978.47190	 (-0.00000  )
715	0.11389   	-0.43691  	0.10168   	1995.39630	 (-0.00000  )
716	-0.27760  	0.02495   	0.23862   	1962.39714	 (0.00000   )
717	-0.13992  	-0.19941  	0.41660   	1984.72104	 (-0.00000  )
718	-0.14611  	0.11044   	-0.44057  	1945.56766	 (-0.00000  )
719	0.22928   	0.04599   	0.57584   	1966.86334	 (0.00000   )
720	-0.14306  	0.00525   	0.04240   	2191.48043	 (-0.00000  )
721	-0.13543  	0.24705   	0.17804   	2048.81864	 (-0.00000  )
722	0.01502   	0.38620   	-0.04184  	1967.06194	 (0.00000   )
723	0.04745   	0.20461   	-0.65017  	1887.07129	 (0.00000   )
724	-0.00609  	0.01516   	-0.15449  	2208.46247	 (0.00000   )
725	-0.05302  	-0.07236  	0.12180   	2214.06045	 (-0.00000  )
726	0.05355   	0.00182   	-0.58402  	2164.40101	 (0.00000   )
727	-0.31359  	0.07166   	-0.42066  	2024.59872	 (0.00000   )
728	0.12176   	-0.29965  	-0.94136  	2002.18635	 (0.00000   )
729	-0.06398  	0.09636   	-0.05672  	2169.59159	 (0.00000   )
730	-0.15369  	0.15596   	-0.04991  	2190.72943	 (-0.00000  )
731	-0.04277  	-0.12361  	0.03454   	2235.22335	 (-0.00000  )
732	0.17553   	-0.20771  	-0.04322  	2211.29716	 (-0.00000  )
733	0.03867   	0.12492   	0.00218   	2228.12822	 (-0.00000  )
734	-0.12249  	-0.17699  	-0.01198  	2181.73234	 (-0.00000  )
735	0.15186   	0.21267   	0.05522   	2226.76811	 (0.00000   )
736	0.02150   	-0.03962  	0.41854   	2425.12813	 (-0.00000  )
737	0.07324   	-0.04888  	-0.41065  	2428.95685	 (0.00000   )
738	0.18550   	0.02218   	-0.07198  	2178.99662	 (0.00000   )
739	-0.28853  	0.23252   	0.01943   	2200.27337	 (0.00000   )
740	0.18755   	-0.18609  	-0.17025  	2174.87041	 (-0.00000  )
741	0.35423   	-0.00582  	0.04861   	2278.50798	 (0.00000   )
742	-0.52753  	0.21393   	0.00733   	2279.31404	 (0.00000   )
743	-0.09427  	-0.12232  	0.41397   	2229.36083	 (0.00000   )
744	-0.49513  	-0.06029  	-0.35391  	2224.38903	 (-0.00000  )
745	0.51118   	0.23565   	0.14748   	2296.68773	 (0.00000   )
746	-0.03240  	-0.04001  	-0.20393  	2321.16180	 (0.00000   )
747	0.16543   	-0.23060  	-0.10406  	2199.09680	 (-0.00000  )
748	0.13406   	0.08080   	-0.14260  	2209.56748	 (-0.00000  )
749	-0.11361  	0.03568   	-0.15177  	2203.42605	 (-0.00000  )
750	-0.52367  	0.85477   	-0.03236  	2186.35276	 (0.00000   )
751	0.34850   	-0.83346  	-0.18798  	2150.74909	 (-0.00000  )
752	0.37348   	-0.15289  	0.22290   	2254.76293	 (0.00000   )
753	0.04126   	0.09966   	0.23274   	2152.77322	 (0.00000   )
754	0.08318   	-0.22306  	0.03232   	2122.65627	 (-0.00000  )
755	-0.02460  	0.04047   	0.00727   	2231.55688	 (0.00000   )
756	0.14281   	0.07232   	-0.00402  	2169.86228	 (0.00000   )
757	0.25377   	0.21130   	-0.25555  	2168.73578	 (-0.00000  )
758	-0.38217  	-0.23366  	-0.06425  	2162.43441	 (0.00000   )
759	0.14796   	-0.05178  	0.01786   	2178.32876	 (-0.00000  )
760	-0.00219  	0.12612   	0.06569   	2183.63744	 (0.00000   )
761	-0.27256  	0.05930   	-0.02089  	2146.33722	 (0.00000   )
762	0.17932   	-0.18141  	-0.24344  	2173.03951	 (-0.00000  )
763	0.21035   	-0.13096  	0.29782   	2165.55926	 (-0.00000  )
764	-0.21769  	-0.16903  	-0.06786  	2155.39965	 (0.00000   )
765	0.22778   	-0.07042  	0.02829   	2187.47706	 (0.00000   )
766	0.09120   	0.13997   	-0.11648  	2186.40041	 (-0.00000  )
767	-0.12801  	0.09603   	0.04164   	2178.03642	 (0.00000   )
768	-0.16679  	0.16005   	0.00648   	2172.75191	 (-0.00000  )
769	0.03574   	0.19573   	-0.05204  	2159.87034	 (0.00000   )
770	-0.07531  	-0.01640  	0.09705   	2121.12886	 (-0.00000  )
771	-0.06421  	-0.09956  	-0.06220  	2107.84904	 (-0.00000  )
772	0.04640   	0.23834   	0.04620   	2079.80144	 (0.00000   )
773	0.32837   	-0.06198  	-0.05194  	2101.00575	 (0.00000   )
774	0.25179   	-0.05400  	-0.03264  	2125.12428	 (0.00000   )
775	-0.35862  	-0.21006  	-0.07623  	2154.83860	 (-0.00000  )
776	-0.85579  	0.03725   	0.05569   	2169.77866	 (0.00000   )
777	0.45352   	0.39566   	0.01706   	2202.47284	 (-0.00000  )
778	-0.57300  	0.06225   	-0.11304  	2167.32534	 (0.00000   )
779	0.23195   	-0.04109  	-0.00473  	2142.97666	 (-0.00000  )
780	-0.19248  	0.24893   	0.12828   	2165.54428	 (-0.00000  )
781	-0.28961  	0.15064   	0.05036   	2199.87722	 (0.00000   )
782	-0.09239  	0.04729   	-0.06167  	2167.06767	 (-0.00000  )
783	0.43004   	-0.29643  	0.01543   	2118.64574	 (0.00000   )
784	0.33497   	-0.29218  	0.10888   	2191.04713	 (0.00000   )
785	0.06583   	-0.19901  	0.10281   	2123.79811	 (-0.00000  )
786	-0.90915  	0.58172   	0.04162   	2144.50103	 (0.00000   )
787	0.05287   	-0.37003  	-0.11896  	2178.12008	 (-0.00000  )
788	-0.09724  	0.29351   	-0.07268  	2196.72793	 (0.00000   )
789	-0.31601  	-0.23724  	0.11494   	2258.58780	 (0.00000   )
790	0.72886   	-0.58595  	0.05433   	2261.49236	 (0.00000   )
791	0.00260   	0.54220   	-0.08105  	2257.73565	 (-0.00000  )
792	0.04505   	0.26851   	-0.09854  	2267.33263	 (0.00000   )
793	0.04602   	-0.09934  	-0.08892  	2179.82325	 (0.00000   )
794	0.19888   	0.03993   	-0.34068  	2220.49843	 (0.00000   )
795	-0.24010  	0.10583   	0.31207   	2221.29125	 (-0.00000  )
796	0.27724   	0.09301   	0.09698   	2225.74126	 (0.00000   )
797	0.21359   	-0.12099  	0.07430   	2210.68634	 (-0.00000  )
798	-0.26450  	0.08106   	-0.16858  	2268.07499	 (-0.00000  )
799	-0.16164  	0.06383   	0.00399   	2214.15758	 (0.00000   )
800	0.29203   	-0.28868  	0.05358   	2179.44438	 (0.00000   )
801	-0.20678  	-0.33712  	-0.04770  	2263.84623	 (0.00000   )
802	0.29579   	0.20588   	0.00128   	2209.98810	 (0.00000   )
803	0.15478   	0.13284   	0.17826   	2218.33511	 (0.00000   )
804	-0.21951  	-0.00657  	0.09140   	2213.26163	 (0.00000   )
805	-0.03460  	0.08205   	0.01434   	2180.18125	 (-0.00000  )
806	0.02613   	0.06111   	-0.09543  	2237.78276	 (-0.00000  )
807	-0.24404  	0.06642   	0.00854   	2149.06115	 (0.00000   )
808	-0.04905  	-0.33440  	-0.06648  	2153.21998	 (0.00000   )
809	-0.05254  	0.08053   	0.04798   	2154.68853	 (-0.00000  )
810	-0.15796  	-0.03738  	-0.01077  	2244.52737	 (0.00000   )
811	-0.22662  	0.06963   	0.04835   	2232.53268	 (0.00000   )
812	-0.02326  	0.20015   	-0.06047  	2208.52356	 (0.00000   )
813	-0.15036  	0.05961   	0.11749   	2253.54145	 (-0.00000  )
814	-0.02192  	-0.09893  	0.07291   	2189.27003	 (-0.00000  )
815	0.04310   	-0.38374  	-0.02461  	2173.85670	 (-0.00000  )
816	0.17435   	-0.01548  	-0.03537  	2184.19042	 (0.00000   )
817	-0.18641  	0.33781   	0.04954   	2156.87932	 (-0.00000  )
818	0.39332   	-0.35377  	0.08303   	2123.89184	 (-0.00000  )
819	0.12142   	0.20973   	-0.20746  	2202.19566	 (-0.00000  )
820	0.02768   	-0.26455  	0.13822   	2173.11213	 (0.00000   )
821	0.10250   	-0.05745  	0.08552   	2170.57263	 (0.00000   )
822	-0.01708  	0.05792   	0.35781   	2151.23709	 (-0.00000  )
823	-0.16053  	0.30978   	-0.32655  	2172.05078	 (-0.00000  )
824	-0.17538  	0.01603   	0.05463   	2122.08796	 (-0.00000  )
825	-0.18453  	0.24903   	-0.22794  	2175.09744	 (-0.00000  )
826	-0.08020  	0.23109   	-0.21141  	2128.68418	 (-0.00000  )
827	0.58622   	-0.50853  	-0.11793  	2155.16934	 (0.00000   )
828	-0.39081  	0.24192   	-0.01333  	2134.42356	 (0.00000   )
829	-0.12868  	-0.05752  	0.07694   	2145.74196	 (0.00000   )
830	0.46914   	-0.14514  	-0.25661  	2180.73571	 (-0.00000  )
831	-0.45083  	0.26011   	-0.12972  	2158.30046	 (-0.00000  )
832	0.17282   	-0.11322  	0.12144   	2202.29552	 (-0.00000  )
833	0.04386   	-0.14230  	0.45689   	2184.11190	 (0.00000   )
834	-0.09517  	0.25868   	0.15709   	2163.99803	 (0.00000   )
835	0.20306   	-0.11015  	0.03974   	2139.63861	 (0.00000   )
836	-0.03450  	-0.28883  	-0.12377  	2067.64822	 (-0.00000  )
837	0.00363   	-0.26226  	0.13858   	2200.85689	 (-0.00000  )
838	-0.30911  	0.03801   	-0.04600  	2179.56798	 (-0.00000  )
839	0.10902   	0.51347   	-0.17824  	2209.33199	 (0.00000   )
840	-0.24508  	-0.03999  	0.25771   	2153.59650	 (0.00000   )
841	-0.28309  	0.00325   	-0.13868  	2194.02277	 (0.00000   )
842	-0.10931  	-0.19829  	-0.11247  	2189.79502	 (0.00000   )
843	0.14141   	-0.17720  	0.14728   	2178.87330	 (-0.00000  )
844	0.11533   	-0.13716  	-0.11268  	2034.34913	 (-0.00000  )
845	-0.23181  	0.34197   	-0.07315  	2143.33316	 (0.00000   )
846	-0.01455  	0.30220   	-0.09383  	2153.64265	 (-0.00000  )
847	0.16949   	-0.26510  	-0.11816  	2058.68339	 (0.00000   )
848	-0.18275  	0.11868   	0.12323   	2156.49001	 (0.00000   )
849	0.26774   	-0.35917  	0.12725   	2080.90192	 (0.00000   )
850	-0.25887  	0.05465   	0.23770   	2075.48886	 (0.00000   )
851	0.50789   	-0.09030  	0.25649   	2131.79456	 (-0.00000  )
852	0.04820   	0.05784   	-0.55090  	2130.98718	 (0.00000   )
853	0.01312   	-0.07483  	-0.03822  	2124.98896	 (0.00000   )
854	0.06744   	-0.09676  	-0.09905  	2167.45882	 (-0.00000  )
855	0.44490   	-0.29512  	0.23122   	2133.03612	 (0.00000   )
856	-0.40779  	0.54501   	0.00711   	2172.25347	 (-0.00000  )
857	0.38188   	-0.26489  	-0.24046  	2154.80818	 (-0.00000  )
858	-0.22288  	0.24101   	-0.17831  	2140.86474	 (-0.00000  )
859	-0.15154  	-0.03374  	0.60515   	2112.74249	 (-0.00000  )
860	-0.33797  	0.08694   	-0.11791  	2237.37558	 (0.00000   )
861	0.67606   	0.04477   	-0.11734  	2256.03998	 (-0.00000  )
862	0.49138   	-0.22956  	0.32532   	2170.96656	 (0.00000   )
863	-0.16318  	-0.01461  	0.04323   	2184.83628	 (-0.00000  )
864	0.15878   	-0.23006  	-0.26476  	2188.88851	 (0.00000   )
865	-0.08248  	-0.27181  	-0.15438  	2148.70645	 (0.00000   )
866	0.10164   	0.02277   	0.42404   	2189.62803	 (-0.00000  )
867	0.30313   	-0.17136  	-0.53103  	2119.46008	 (0.00000   )
868	0.61704   	-0.74656  	-0.18869  	2193.53684	 (-0.00000  )
869	-0.33449  	0.07660   	0.06017   	2215.01265	 (-0.00000  )
870	-0.51652  	0.63668   	-0.23770  	2245.87365	 (-0.00000  )
871	-0.39876  	0.42184   	-0.06439  	2126.14433	 (0.00000   )
872	0.00025   	0.16573   	0.13155   	2120.56888	 (0.00000   )
873	-0.07852  	0.10915   	-0.19619  	2100.94266	 (0.00000   )
874	-0.19721  	-0.06294  	0.22333   	2129.93184	 (0.00000   )
875	0.05587   	0.28583   	-0.01605  	2117.16463	 (0.00000   )
876	-0.29672  	-0.01709  	0.22973   	2200.75997	 (-0.00000  )
877	0.24346   	-0.30838  	0.31677   	2139.81317	 (-0.00000  )
878	0.13601   	0.05605   	-0.38234  	2166.24062	 (-0.00000  )
879	0.31837   	-0.31020  	-0.03084  	2173.08447	 (-0.00000  )
880	-0.08492  	0.12105   	-0.17546  	2151.50304	 (0.00000   )
881	-0.61041  	0.10260   	0.07044   	2136.17177	 (-0.00000  )
882	-0.02397  	-0.13621  	-0.32957  	2213.47959	 (0.00000   )
883	0.16356   	-0.59757  	0.52333   	2203.78966	 (0.00000   )
884	-0.09466  	-0.03022  	-0.06600  	2143.09250	 (0.00000   )
885	0.29669   	-0.22002  	-0.27308  	2162.90409	 (-0.00000  )
886	0.00204   	-0.28015  	-0.06293  	2176.10317	 (-0.00000  )
887	0.56741   	-0.57882  	-0.32434  	2229.92903	 (0.00000   )
888	0.06674   	-0.10240  	0.34187   	2148.82769	 (-0.00000  )
889	0.07453   	-0.03724  	-0.00229  	2184.47651	 (-0.00000  )
890	-0.10135  	0.14886   	-0.42414  	2190.26453	 (-0.00000  )
891	0.01707   	0.31456   	0.41955   	2150.42623	 (-0.00000  )
892	-0.34639  	0.09616   	-0.17144  	2133.34463	 (-0.00000  )
893	-0.15416  	0.00950   	-0.31173  	2154.30247	 (0.00000   )
894	-0.18456  	-0.29187  	-0.08330  	2129.52769	 (0.00000   )
895	-0.16686  	0.25264   	-0.11406  	2152.29416	 (-0.00000  )
896	0.09341   	0.01493   	-0.00682  	2180.58561	 (0.00000   )
897	0.33652   	0.02494   	-0.22327  	2142.80451	 (0.00000   )
898	-0.06051  	-0.07102  	-0.03540  	2167.86177	 (0.00000   )
899	-0.08623  	-0.24784  	-0.25957  	2166.84815	 (0.00000   )
900	0.21001   	0.00179   	-0.07199  	2140.80771	 (0.00000   )
901	-0.32788  	0.08162   	0.00562   	2123.35156	 (0.00000   )
902	0.10081   	-0.20799  	0.02497   	2164.97550	 (0.00000   )
903	-0.02825  	-0.00862  	-0.35474  	2114.62911	 (0.00000   )
904	-0.18547  	0.33038   	-0.32321  	2061.15570	 (0.00000   )
905	0.01773   	0.22660   	0.07814   	2127.07500	 (0.00000   )
906	-0.24536  	0.01549   	-0.22644  	2129.39276	 (-0.00000  )
907	0.02490   	0.39655   	-0.05149  	2171.38856	 (-0.00000  )
908	-0.27526  	-0.02866  	0.10001   	2083.53901	 (-0.00000  )
909	-0.46349  	0.26348   	0.35278   	2097.99539	 (-0.00000  )
910	-0.44929  	-0.09915  	0.00660   	2101.94526	 (-0.00000  )
911	-0.23923  	0.21109   	0.16199   	2169.08406	 (-0.00000  )
912	-0.20233  	-0.07196  	-0.19998  	2158.15146	 (-0.00000  )
913	0.05773   	-0.10091  	-0.00078  	2195.98323	 (0.00000   )
914	-0.10505  	-0.44049  	0.03296   	2179.61815	 (-0.00000  )
915	-0.30186  	0.41690   	0.17732   	2162.27023	 (-0.00000  )
916	-0.04650  	-0.06839  	-0.18033  	2154.67821	 (0.00000   )
917	-0.34760  	-0.27412  	0.37479   	2124.79377	 (0.00000   )
918	0.02279   	0.32537   	-0.43808  	2090.95464	 (-0.00000  )
919	0.17431   	-0.06177  	-0.02121  	2062.99796	 (-0.00000  )
920	0.13190   	0.33894   	-0.01366  	2133.08070	 (0.00000   )
921	0.04489   	-0.01197  	0.31971   	2085.84025	 (-0.00000  )
922	-0.29238  	-0.03004  	-0.15737  	2100.25326	 (-0.00000  )
923	0.03400   	0.03410   	-0.57686  	2103.34774	 (-0.00000  )
924	-0.33468  	0.35474   	0.01017   	2084.97567	 (0.00000   )
925	0.22175   	0.03194   	0.60017   	2036.29762	 (-0.00000  )
926	0.09987   	-0.08332  	-0.19987  	2109.96644	 (-0.00000  )
927	-0.27723  	0.00349   	0.07006   	2062.13027	 (0.00000   )
928	-0.16338  	0.17423   	-0.32464  	2054.58242	 (-0.00000  )
929	-0.21342  	0.49630   	0.27011   	2047.66978	 (-0.00000  )
930	0.14869   	0.12065   	-0.03162  	2066.70613	 (0.00000   )
931	0.18131   	0.17233   	0.44768   	2074.83264	 (-0.00000  )
932	0.26093   	-0.08766  	-0.02994  	2088.97341	 (-0.00000  )
933	0.10998   	-0.11502  	0.16459   	2077.06951	 (-0.00000  )
934	0.08411   	-0.20774  	-0.15409  	2126.94184	 (0.00000   )
935	0.03289   	-0.03144  	0.19157   	2132.87721	 (-0.00000  )
936	-0.21748  	-0.14741  	-0.26958  	2128.11066	 (-0.00000  )
937	0.22851   	-0.45960  	-0.07698  	2127.53785	 (-0.00000  )
938	-0.10037  	0.05766   	-0.11425  	2053.43727	 (-0.00000  )
939	-0.31680  	0.28643   	-0.24190  	2073.03231	 (-0.00000  )
940	-0.23903  	0.19193   	-0.00225  	2088.80477	 (-0.00000  )
941	-0.24142  	0.48876   	0.18173   	2102.23264	 (0.00000   )
942	-0.17660  	-0.06807  	0.19944   	2119.79167	 (0.00000   )
943	0.07549   	0.29938   	-0.14471  	2137.21051	 (-0.00000  )
944	-0.12573  	-0.14509  	0.28659   	2049.55687	 (-0.00000  )
945	-0.13467  	0.09710   	0.25217   	2105.68359	 (-0.00000  )
946	-0.04601  	0.21145   	0.13635   	2089.11275	 (-0.00000  )
947	-0.14822  	0.08182   	-0.16268  	2013.24459	 (-0.00000  )
948	0.10398   	-0.08901  	-0.12782  	2021.40672	 (0.00000   )
949	0.09496   	0.04197   	-0.29730  	2095.74979	 (0.00000   )
950	-0.12957  	0.41066   	0.12024   	2099.92116	 (0.00000   )
951	-0.21167  	0.14143   	0.16802   	2048.35337	 (-0.00000  )
952	0.14625   	0.02792   	0.01875   	2065.41382	 (-0.00000  )
953	-0.57973  	-0.18200  	0.24531   	2086.02987	 (0.00000   )
954	-0.18985  	0.20633   	-0.09838  	2081.35526	 (0.00000   )
955	-0.30223  	-0.27192  	-0.21749  	2067.22222	 (0.00000   )
956	-0.28335  	0.02589   	0.02546   	2068.32398	 (0.00000   )
957	-0.03970  	0.05819   	-0.23440  	2012.64613	 (0.00000   )
958	-0.07847  	-0.00334  	0.07452   	2084.59376	 (0.00000   )
959	-0.03558  	-0.04440  	0.04795   	2065.51375	 (0.00000   )
960	-0.05582  	-0.08827  	-0.23345  	2082.22349	 (0.00000   )
961	-0.14248  	-0.15729  	0.07931   	2025.19495	 (0.00000   )
962	-0.50580  	-0.20322  	-0.17786  	2041.67300	 (0.00000   )
963	0.60653   	0.06296   	0.08872   	2042.92479	 (-0.00000  )
964	-0.02855  	-0.27895  	-0.08005  	2011.95762	 (0.00000   )
965	-0.00962  	-0.19868  	0.43515   	2036.53483	 (-0.00000  )
966	-0.15991  	0.15618   	-0.39522  	2049.46514	 (0.00000   )
967	-0.40470  	0.12481   	-0.15940  	2068.99759	 (0.00000   )
968	0.39061   	-0.44237  	-0.02216  	2010.79226	 (0.00000   )
969	-0.07325  	-0.24634  	-0.23727  	2037.33442	 (0.00000   )
970	0.23971   	0.00296   	0.12120   	2046.34756	 (-0.00000  )
971	-0.05748  	-0.11250  	0.58187   	2064.82248	 (0.00000   )
972	-0.05162  	0.10160   	-0.21608  	2080.94259	 (0.00000   )
973	0.08406   	-0.11403  	-0.45971  	2044.82104	 (-0.00000  )
974	-0.09495  	0.01149   	0.27885   	2067.99212	 (-0.00000  )
975	-0.01565  	-0.42052  	-0.11110  	2021.97769	 (-0.00000  )
976	-0.06192  	0.16836   	0.28483   	2075.94914	 (-0.00000  )
977	0.20212   	0.13798   	0.14462   	2019.82739	 (-0.00000  )
978	0.12769   	-0.29408  	0.34354   	2063.74991	 (-0.00000  )
979	0.25188   	-0.06920  	-0.10094  	2066.19024	 (0.00000   )
980	-0.35005  	-0.09186  	0.06342   	2055.38910	 (-0.00000  )
981	0.33645   	-0.09740  	-0.15834  	2081.82792	 (-0.00000  )
982	-0.42770  	-0.05908  	-0.27122  	2045.61499	 (0.00000   )
983	0.40910   	-0.23686  	0.38551   	2072.40553	 (0.00000   )
984	0.36618   	-0.03903  	0.12053   	2081.86990	 (0.00000   )
985	-0.06507  	0.06371   	0.05769   	2013.79285	 (0.00000   )
986	-0.09468  	0.51250   	0.11117   	2054.76709	 (0.00000   )
987	0.00143   	-0.11737  	0.30663   	2072.26047	 (-0.00000  )
988	-0.26523  	0.07733   	0.45621   	2079.17708	 (0.00000   )
989	0.28813   	0.08586   	-0.08460  	2069.26173	 (0.00000   )
990	-0.24577  	-0.20293  	-0.41266  	2026.07081	 (-0.00000  )
991	-0.21918  	-0.04218  	-0.24565  	2150.05013	 (-0.00000  )
992	-0.54996  	0.25294   	-0.12674  	2134.19873	 (-0.00000  )
993	-0.12872  	-0.24669  	0.21715   	2073.48330	 (-0.00000  )
994	-0.02456  	0.04960   	-0.13038  	2107.49498	 (0.00000   )
995	-0.23353  	0.14007   	0.00218   	2089.51307	 (0.00000   )
996	-0.12133  	-0.04285  	0.08440   	2046.04352	 (0.00000   )
997	-0.18447  	0.40504   	0.09718   	2112.67380	 (0.00000   )
998	-0.64023  	0.63647   	0.10208   	2103.28123	 (-0.00000  )
999	0.03560   	-0.26294  	0.19217   	2099.37746	 (-0.00000  )
1000	-0.01924  	0.04968   	-0.05671  	2073.18576	 (-0.00000  )
1001	0.18915   	0.33564   	-0.37718  	2033.94253	 (-0.00000  )
1002	-0.15424  	0.34536   	-0.41017  	2056.60615	 (0.00000   )
1003	0.24067   	-0.29487  	-0.41302  	2042.66489	 (0.00000   )
1004	-0.30433  	-0.08132  	-0.43187  	1997.18440	 (-0.00000  )
1005	0.38123   	-0.22990  	-0.68443  	2032.24278	 (-0.00000  )
1006	-0.26436  	0.28897   	-0.01426  	1960.28607	 (0.00000   )
1007	-0.34588  	0.20825   	-0.27036  	2121.00271	 (0.00000   )
1008	-0.15060  	0.12581   	0.01974   	2098.77873	 (0.00000   )
1009	0.12227   	-0.03579  	0.38974   	2038.30099	 (0.00000   )
1010	-0.01309  	-0.08156  	0.50346   	2041.56207	 (-0.00000  )
1011	0.58747   	0.19438   	0.26020   	2009.07351	 (-0.00000  )
1012	0.05537   	-0.12725  	0.12276   	2076.30517	 (0.00000   )
1013	-0.65070  	0.16983   	-0.93678  	2025.84221	 (-0.00000  )
1014	0.23595   	-0.25535  	-0.08078  	2023.71085	 (-0.00000  )
1015	-0.34709  	0.25862   	-0.14564  	2047.40977	 (-0.00000  )
1016	0.14913   	-0.47527  	-0.43164  	2015.87361	 (-0.00000  )
1017	-0.18665  	0.23690   	-0.34117  	2047.74537	 (-0.00000  )
1018	-0.08354  	0.01882   	0.01694   	2051.19021	 (-0.00000  )
1019	-0.32568  	0.36892   	-0.05166  	2000.17343	 (-0.00000  )
1020	-0.05507  	-0.25587  	0.53969   	1987.68543	 (-0.00000  )
1021	-0.12483  	-0.01913  	0.18171   	2010.97865	 (0.00000   )
1022	-0.22870  	-0.03201  	-0.07333  	2011.41843	 (0.00000   )
1023	0.16596   	-0.11204  	0.20114   	1977.30135	 (-0.00000  )
1024	-0.02764  	0.28722   	0.66501   	1973.38515	 (0.00000   )
1025	-0.36950  	0.20920   	-0.39467  	1988.54096	 (0.00000   )
1026	-0.05777  	-0.26565  	0.30675   	1985.29161	 (0.00000   )
1027	-0.23864  	-0.26289  	0.19379   	1937.12628	 (0.00000   )
1028	0.26757   	-0.40260  	-0.10488  	2037.61629	 (0.00000   )
1029	-0.05463  	-0.27716  	-0.11838  	2065.52244	 (0.00000   )
1030	-0.11292  	-0.09509  	0.34565   	2066.56832	 (0.00000   )
1031	-0.25110  	0.30865   	-0.64538  	2059.54437	 (0.00000   )
1032	-0.05740  	-0.32214  	0.08969   	2016.75942	 (-0.00000  )
1033	0.04922   	-0.21012  	0.40098   	2033.16979	 (-0.00000  )
1034	-0.07251  	-0.14407  	0.10726   	2022.85193	 (-0.00000  )
1035	-0.35803  	0.05196   	0.46048   	1971.72595	 (0.00000   )
1036	-0.26184  	0.19568   	0.09463   	2055.16133	 (0.00000   )
1037	0.14619   	-0.06368  	-0.23338  	2053.31422	 (-0.00000  )
1038	-0.01482  	-0.09116  	-0.21716  	2011.37466	 (0.00000   )
1039	-0.09984  	0.01365   	-0.07040  	2019.01886	 (-0.00000  )
1040	-0.05936  	-0.14785  	0.10783   	2042.25639	 (-0.00000  )
1041	0.24458   	0.08327   	0.10640   	2013.57944	 (0.00000   )
1042	-0.20340  	-0.06566  	-0.68853  	2066.80332	 (0.00000   )
1043	-0.12259  	0.10993   	-0.07042  	2052.48067	 (-0.00000  )
1044	-0.27615  	0.23258   	-0.16141  	2023.86948	 (-0.00000  )
1045	-0.20272  	0.03393   	0.04866   	2073.24067	 (-0.00000  )
1046	-0.11389  	-0.04329  	-0.54142  	2063.17442	 (-0.00000  )
1047	-0.28886  	-0.32938  	-0.10390  	2070.17319	 (0.00000   )
1048	-0.07346  	-0.35704  	-0.00181  	2052.12260	 (-0.00000  )
1049	-0.19724  	0.10429   	-0.48877  	2072.48045	 (0.00000   )
1050	0.04952   	-0.16464  	-0.53617  	2062.38551	 (0.00000   )
1051	0.02368   	0.08893   	-0.58633  	2067.13069	 (-0.00000  )
1052	-0.11404  	0.07166   	-0.10633  	2074.32264	 (-0.00000  )
1053	-0.01676  	-0.09094  	-0.07742  	2067.85450	 (-0.00000  )
1054	-0.02149  	0.08790   	0.19783   	2026.15110	 (0.00000   )
1055	-0.04255  	-0.24338  	-0.21124  	2061.24666	 (-0.00000  )
1056	-0.31024  	0.01621   	0.86930   	2094.00859	 (-0.00000  )
1057	-0.23524  	0.12333   	0.02472   	2093.32295	 (-0.00000  )
1058	-0.10620  	0.31017   	0.23963   	2067.59775	 (0.00000   )
1059	0.11800   	-0.15053  	0.48955   	2085.08430	 (0.00000   )
1060	0.09057   	-0.07358  	0.49228   	2055.75681	 (0.00000   )
1061	-0.04563  	0.02049   	-0.17262  	2041.69581	 (0.00000   )
1062	-0.02322  	0.16347   	0.58439   	2028.55405	 (0.00000   )
1063	-0.43857  	0.04840   	0.32023   	2056.56713	 (-0.00000  )
1064	-0.20009  	0.01942   	0.07012   	2012.81562	 (-0.00000  )
1065	0.06426   	0.25699   	0.48534   	2015.44389	 (-0.00000  )
1066	0.09492   	0.04595   	0.00764   	2046.90165	 (-0.00000  )
1067	-0.04939  	0.21384   	0.06710   	2044.93928	 (0.00000   )
1068	0.31499   	-0.00332  	0.40086   	2073.44457	 (-0.00000  )
1069	-0.08174  	-0.02328  	0.18827   	2043.38701	 (-0.00000  )
1070	-0.02376  	0.16665   	-0.13269  	1998.93069	 (-0.00000  )
1071	-0.42348  	0.02714   	-0.25344  	2041.26394	 (-0.00000  )
1072	-0.55405  	0.46996   	-0.19993  	2037.07258	 (0.00000   )
1073	-0.02328  	0.16586   	0.29249   	2031.66316	 (-0.00000  )
1074	-0.15237  	0.13588   	-0.87467  	2004.47813	 (-0.00000  )
1075	0.07497   	0.28168   	0.00040   	2022.30765	 (-0.00000  )
1076	0.07630   	0.03136   	0.36362   	2061.37169	 (-0.00000  )
1077	-0.47093  	0.30300   	0.06214   	2028.47682	 (0.00000   )
1078	-0.35471  	0.09474   	-0.50030  	1999.48902	 (-0.00000  )
1079	0.20248   	-0.31217  	-0.36707  	1947.67022	 (0.00000   )
1080	-0.03689  	-0.43513  	-0.04051  	1995.17993	 (0.00000   )
1081	0.24537   	-0.16951  	-0.34506  	2031.74294	 (0.00000   )
1082	-0.44069  	0.38328   	0.11434   	1978.44220	 (0.00000   )
1083	0.17168   	-0.36962  	-0.58208  	2052.67369	 (-0.00000  )
1084	-0.14126  	0.21630   	0.22028   	2076.68435	 (0.00000   )
1085	0.55558   	-0.46734  	-0.23552  	2141.33235	 (0.00000   )
1086	-0.29111  	0.12826   	-0.28939  	2117.30653	 (-0.00000  )
1087	0.33588   	-0.18768  	-0.06508  	2122.56752	 (0.00000   )
1088	-0.05242  	0.14367   	0.09044   	2046.83344	 (-0.00000  )
1089	-0.01548  	-0.02422  	-0.26691  	2013.64804	 (0.00000   )
1090	0.00058   	-0.16951  	0.10513   	2073.53763	 (0.00000   )
1091	-0.37635  	0.13844   	-0.35597  	2046.87081	 (-0.00000  )
1092	-0.22725  	0.15740   	-0.52324  	2036.17071	 (-0.00000  )
1093	0.03776   	-0.09953  	0.15226   	1987.40776	 (-0.00000  )
1094	-0.02736  	0.34163   	-0.39348  	2010.39850	 (0.00000   )
1095	0.11167   	-0.18076  	0.02039   	2065.32942	 (0.00000   )
1096	0.35992   	-0.42494  	-0.12085  	1973.09311	 (-0.00000  )
1097	-0.05199  	-0.22122  	0.43884   	2109.79441	 (-0.00000  )
1098	-0.21638  	0.21604   	-0.45423  	2107.51184	 (0.00000   )
1099	0.09988   	-0.12928  	-0.43542  	2085.40471	 (-0.00000  )
1100	0.11654   	-0.20286  	0.38073   	2077.91013	 (0.00000   )
1101	-0.02498  	0.14646   	-0.09104  	2117.22612	 (-0.00000  )
1102	0.09594   	-0.19895  	0.30364   	2119.29620	 (0.00000   )
1103	-0.29122  	0.39356   	-0.21646  	2212.17738	 (-0.00000  )
1104	0.15223   	0.11150   	-0.25301  	2131.21797	 (-0.00000  )
1105	0.12974   	0.04198   	0.93378   	2222.65317	 (0.00000   )
1106	0.21999   	-0.30591  	-0.12348  	2175.62395	 (0.00000   )
1107	0.09871   	-0.20080  	0.38680   	2166.90456	 (0.00000   )
1108	0.07703   	0.02080   	-0.40111  	2117.78093	 (0.00000   )
1109	0.07428   	0.01180   	0.09051   	2064.19247	 (-0.00000  )
1110	-0.23811  	0.21382   	-1.14291  	2210.68036	 (-0.00000  )
1111	0.06120   	0.04656   	-0.94499  	2076.74430	 (0.00000   )
1112	0.11266   	-0.22497  	0.25189   	2036.85705	 (0.00000   )
1113	-0.40824  	-0.12679  	-1.28669  	2093.30621	 (-0.00000  )
1114	-0.03866  	-0.10960  	-0.74264  	2060.33714	 (0.00000   )
1115	-0.28147  	0.34972   	-0.03265  	2194.17901	 (-0.00000  )
1116	-0.29004  	0.00919   	0.91428   	2069.71369	 (-0.00000  )
1117	-0.27701  	0.20985   	0.26661   	2253.02094	 (-0.00000  )
1118	-0.18231  	0.11272   	0.04734   	2057.21075	 (-0.00000  )
1119	-0.14080  	-0.06304  	-0.27587  	2073.50097	 (0.00000   )
1120	-0.25911  	0.23089   	-0.37324  	2036.35738	 (-0.00000  )
1121	-0.22847  	0.11136   	0.47181   	2028.55213	 (-0.00000  )
1122	-0.28174  	0.31678   	-0.19095  	2032.34824	 (-0.00000  )
1123	-0.05535  	0.01928   	0.33821   	2053.83179	 (0.00000   )
1124	-0.12512  	-0.09054  	0.73434   	2010.07454	 (-0.00000  )
1125	0.32528   	-0.06258  	-0.39466  	2026.78011	 (-0.00000  )
1126	0.05555   	0.00508   	-0.26123  	2012.04014	 (0.00000   )
1127	0.08039   	0.06476   	-0.32824  	2012.76651	 (-0.00000  )
1128	-0.49492  	0.14875   	-0.31959  	2065.35489	 (0.00000   )
1129	0.19287   	-0.39642  	-0.18762  	1995.62451	 (0.00000   )
1130	-0.22927  	-0.02289  	0.02098   	1996.45714	 (-0.00000  )
1131	-0.30263  	0.04519   	-0.13349  	2047.89761	 (-0.00000  )
1132	-0.16423  	0.26653   	-0.07421  	2006.96045	 (-0.00000  )
1133	0.18767   	-0.19275  	-0.23027  	2086.02701	 (0.00000   )
1134	0.12671   	-0.05085  	-0.27399  	2040.04860	 (-0.00000  )
1135	-0.19515  	0.05885   	-0.57073  	2041.04123	 (-0.00000  )
1136	-0.22911  	-0.00548  	-0.34014  	2010.59776	 (0.00000   )
1137	0.20945   	-0.06669  	-0.11158  	2068.85372	 (0.00000   )
1138	-0.25783  	-0.60265  	0.37929   	2036.24683	 (0.00000   )
1139	0.26457   	-0.25527  	0.16198   	2129.84416	 (-0.00000  )
1140	0.56805   	-0.15041  	0.06215   	2087.50588	 (-0.00000  )
1141	0.08634   	0.31575   	0.00134   	2101.81812	 (-0.00000  )
1142	0.00684   	0.19205   	-0.21706  	2036.51970	 (-0.00000  )
1143	0.27248   	-0.14352  	0.41338   	2012.46568	 (-0.00000  )
1144	0.22579   	-0.05988  	0.22629   	1988.03056	 (0.00000   )
1145	-0.16421  	0.03996   	0.20397   	2008.73964	 (-0.00000  )
1146	0.11043   	-0.26453  	0.58141   	2007.63621	 (0.00000   )
1147	-0.20896  	-0.16406  	0.24720   	1979.69548	 (0.00000   )
1148	-0.19822  	-0.27323  	0.03347   	2072.65089	 (0.00000   )
1149	0.01108   	-0.31414  	-0.50077  	2063.86327	 (-0.00000  )
1150	-0.14693  	0.01602   	0.15367   	2283.16561	 (-0.00000  )
1151	-0.15623  	-0.10493  	0.46748   	2230.24030	 (-0.00000  )
1152	0.11185   	-0.27544  	0.54716   	2116.11900	 (-0.00000  )
1153	0.00163   	-0.14803  	-0.01680  	2244.95203	 (0.00000   )
1154	0.09588   	-0.27186  	-0.00836  	2272.60634	 (-0.00000  )
1155	-0.42326  	-0.31173  	0.08104   	2037.35466	 (0.00000   )
1156	0.12605   	-0.40953  	0.27156   	1999.95512	 (0.00000   )
1157	-0.21946  	-0.16759  	-1.66809  	2006.19543	 (0.00000   )
1158	-0.53166  	0.04990   	0.57727   	2034.34617	 (-0.00000  )
1159	-0.56011  	0.12726   	-0.13653  	2110.10376	 (0.00000   )
1160	-0.26345  	-0.10915  	-0.02966  	2165.48818	 (0.00000   )
1161	0.21353   	-0.08998  	-0.25152  	2228.34632	 (0.00000   )
1162	0.10405   	-0.05736  	0.23287   	2196.94984	 (-0.00000  )
1163	-0.11196  	0.03731   	0.06808   	2002.30178	 (0.00000   )
1164	0.13058   	-0.06817  	-0.15341  	2037.01042	 (0.00000   )
1165	-0.26484  	0.27664   	0.13740   	2179.39026	 (0.00000   )
1166	0.26886   	-0.27698  	-0.59389  	2028.12727	 (0.00000   )
1167	0.27485   	-0.14981  	-1.00603  	2069.15841	 (-0.00000  )
1168	-0.01482  	-0.26104  	0.10333   	2109.30056	 (0.00000   )
1169	-0.27273  	-0.07980  	0.85899   	2106.88429	 (0.00000   )
1170	-0.09333  	-0.06908  	0.34683   	2084.49422	 (0.00000   )
1171	-0.23064  	-0.23946  	-0.21870  	2040.00134	 (0.00000   )
1172	-0.12632  	0.18421   	-1.02052  	2129.56127	 (-0.00000  )
1173	-0.00536  	0.19268   	-0.61903  	2035.41361	 (-0.00000  )
1174	-0.13429  	-0.25688  	0.32066   	2005.66108	 (0.00000   )
1175	0.10377   	-0.00553  	0.12942   	2097.06313	 (-0.00000  )
1176	0.08884   	-0.19409  	-0.51720  	2018.38942	 (-0.00000  )
1177	-0.12594  	0.13684   	-0.01714  	2256.47787	 (-0.00000  )
1178	-0.06529  	-0.11901  	0.23062   	2148.29906	 (-0.00000  )
1179	0.20427   	-0.46552  	-0.05761  	2150.65257	 (0.00000   )
1180	0.24330   	-0.08730  	-0.38775  	2124.70304	 (-0.00000  )
1181	-0.05722  	0.15640   	-0.29412  	2051.19786	 (-0.00000  )
1182	-0.70756  	0.57077   	-0.16103  	2296.50522	 (0.00000   )
1183	0.24604   	-0.05160  	-0.33324  	2067.18530	 (0.00000   )
1184	-0.01818  	0.25004   	-0.06394  	2020.46357	 (-0.00000  )
1185	0.03828   	-0.01744  	0.48966   	2018.15013	 (-0.00000  )
1186	-0.18294  	0.34958   	0.01968   	2027.71330	 (0.00000   )
1187	-0.00600  	0.02095   	0.04274   	2142.76787	 (0.00000   )
1188	0.16668   	-0.06300  	0.22350   	2125.67005	 (0.00000   )
1189	0.49736   	-0.17846  	0.06674   	2047.19811	 (-0.00000  )
1190	-0.10724  	-0.03411  	-0.37129  	1986.12716	 (0.00000   )
1191	-0.52016  	0.53712   	-0.04297  	2024.88557	 (-0.00000  )
1192	-0.43857  	0.33905   	-0.31276  	2116.62867	 (-0.00000  )
1193	-0.34173  	0.18829   	-0.80807  	1993.14511	 (-0.00000  )
1194	-0.54049  	0.37132   	-0.11593  	2173.57963	 (0.00000   )
1195	0.22728   	-0.13063  	-0.56048  	1965.81072	 (0.00000   )
1196	-0.20763  	0.50876   	-0.41513  	2140.74005	 (-0.00000  )
1197	0.21956   	0.16531   	0.83708   	2192.53775	 (0.00000   )
1198	-0.83457  	0.39404   	-0.20129  	1918.99418	 (0.00000   )
1199	-0.02395  	0.22339   	-1.24094  	2134.57939	 (0.00000   )
1200	-0.36805  	0.28441   	0.04104   	2245.72693	 (-0.00000  )
1201	0.46489   	-0.28182  	0.04074   	2171.29262	 (0.00000   )
1202	0.18902   	-0.01033  	-0.09859  	2162.56230	 (0.00000   )
1203	0.05991   	-0.04515  	0.08118   	2141.70734	 (-0.00000  )
1204	-0.03457  	0.09013   	0.00619   	2136.72611	 (0.00000   )
1205	0.21034   	-0.38625  	-0.39384  	2168.03621	 (-0.00000  )
1206	0.11101   	0.33141   	-0.39035  	2141.45367	 (-0.00000  )
1207	-0.01832  	-0.03316  	-0.13695  	2085.75967	 (0.00000   )
1208	0.08984   	0.03522   	-0.12998  	2092.08372	 (-0.00000  )
1209	-0.08421  	-0.01017  	0.19063   	2125.81767	 (0.00000   )
1210	0.05877   	-0.14182  	-0.05889  	2088.00099	 (-0.00000  )
1211	-0.14405  	0.10528   	1.03185   	2337.49330	 (0.00000   )
1212	0.49631   	-0.62562  	1.26293   	2328.03685	 (-0.00000  )
1213	-0.38010  	0.12628   	-0.25217  	2157.33567	 (-0.00000  )
1214	0.02662   	0.09978   	-0.08474  	2243.88922	 (0.00000   )
1215	0.17687   	-0.29611  	-0.02950  	2235.81626	 (-0.00000  )
1216	-0.19733  	0.06464   	-0.00509  	2201.01466	 (0.00000   )
1217	0.01226   	0.15570   	-0.43590  	2210.95072	 (-0.00000  )
1218	-0.60356  	0.18978   	0.18146   	2320.94822	 (-0.00000  )
1219	0.14355   	0.01019   	0.18141   	2318.80255	 (-0.00000  )
1220	0.58207   	-0.22450  	-0.23739  	2251.74509	 (0.00000   )
1221	0.08194   	-0.43674  	0.44136   	2405.49253	 (-0.00000  )
1222	-0.42307  	0.97594   	-0.19473  	2362.62403	 (0.00000   )
1223	0.48508   	-0.48353  	-0.29988  	2379.67290	 (0.00000   )
1224	-0.55484  	-0.55918  	0.02574   	2285.84414	 (-0.00000  )
1225	0.12620   	0.71895   	-0.08695  	2309.83854	 (-0.00000  )
1226	-0.09570  	0.20978   	-0.14431  	2250.70804	 (-0.00000  )
1227	0.17612   	-0.35086  	-0.09414  	2258.03135	 (0.00000   )
1228	-0.48828  	0.21581   	-0.12192  	2284.05965	 (0.00000   )
1229	-0.71387  	-0.28688  	0.01808   	2282.83648	 (-0.00000  )
1230	-0.02930  	0.10370   	-0.22379  	2249.19831	 (-0.00000  )
1231	-0.94250  	0.70267   	-0.42544  	2245.23925	 (0.00000   )
1232	-0.15401  	0.03874   	-0.04268  	2388.18807	 (-0.00000  )
1233	0.18896   	-0.29766  	-0.06862  	2334.13050	 (-0.00000  )
1234	-0.05726  	-0.17787  	-0.17280  	2239.03369	 (0.00000   )
1235	-0.06753  	-0.02457  	-0.01591  	2256.36624	 (0.00000   )
1236	-0.09658  	0.36530   	0.12946   	2199.76511	 (-0.00000  )
1237	0.12983   	-0.24699  	-0.00863  	2360.45434	 (-0.00000  )
1238	-0.26964  	-0.05709  	-0.01012  	2218.87226	 (-0.00000  )
1239	-0.03632  	0.11032   	0.16820   	2257.44448	 (-0.00000  )
1240	-0.11575  	-0.21433  	0.07789   	2223.51446	 (0.00000   )
1241	0.11172   	-0.08381  	0.36867   	2262.40625	 (-0.00000  )
1242	0.04505   	-0.06951  	-0.28819  	2295.73633	 (-0.00000  )
1243	0.17646   	-0.42926  	-0.11830  	2256.22180	 (-0.00000  )
1244	-0.05378  	0.38547   	-0.00028  	2282.71785	 (0.00000   )
1245	0.03487   	-0.05250  	-0.09833  	2197.25177	 (0.00000   )
1246	-0.20707  	0.15737   	0.16040   	2159.30489	 (0.00000   )
1247	-0.37287  	-0.10531  	0.07800   	2228.84577	 (0.00000   )
1248	0.26586   	0.05745   	0.02219   	2236.07964	 (-0.00000  )
1249	0.01767   	0.12118   	-0.04704  	2213.56332	 (-0.00000  )
1250	0.13717   	-0.04108  	0.05708   	2282.11028	 (-0.00000  )
1251	0.02358   	0.07131   	0.00811   	2282.07626	 (0.00000   )
1252	-0.08322  	0.16398   	0.03837   	2269.16736	 (-0.00000  )
1253	0.25372   	-0.33448  	0.00760   	2274.20938	 (0.00000   )
1254	0.04584   	0.38052   	0.19886   	2211.85784	 (-0.00000  )
1255	-0.11353  	-0.34067  	-0.02995  	2310.63664	 (-0.00000  )
1256	0.11515   	-0.14102  	-0.08461  	2357.84215	 (-0.00000  )
1257	0.02830   	-0.07963  	0.07175   	2230.17587	 (0.00000   )
1258	0.02164   	0.03948   	0.02474   	2338.95388	 (0.00000   )
1259	0.01378   	0.39912   	0.01043   	2296.32485	 (-0.00000  )
1260	-0.20459  	0.03938   	-0.05693  	2231.80040	 (0.00000   )
1261	0.00673   	0.25260   	-0.12772  	2301.66060	 (0.00000   )
1262	-0.12576  	-0.45788  	0.25972   	2265.93733	 (-0.00000  )
1263	-0.27565  	0.20986   	-0.03496  	2123.51736	 (0.00000   )
1264	0.09727   	0.09938   	-0.04547  	2294.05636	 (0.00000   )
1265	-0.03832  	0.28396   	0.17799   	2227.19472	 (0.00000   )
1266	0.22088   	-0.35984  	-0.05749  	2229.75668	 (-0.00000  )
1267	0.05197   	-0.16918  	0.02685   	2246.92380	 (0.00000   )
1268	0.20169   	-0.02826  	-0.11858  	2303.93663	 (0.00000   )
1269	-0.22266  	0.12248   	0.11279   	2176.37730	 (-0.00000  )
1270	-0.06058  	0.19489   	-0.09365  	2117.71109	 (0.00000   )
1271	-0.07334  	-0.37732  	-0.10232  	2090.68801	 (-0.00000  )
1272	-0.04899  	-0.68207  	-0.31903  	2227.69836	 (0.00000   )
1273	0.25244   	0.45280   	-0.23495  	2197.00735	 (-0.00000  )
1274	-0.18847  	-0.43502  	0.03062   	2156.97373	 (-0.00000  )
1275	-0.08324  	0.06188   	-0.44374  	2305.58500	 (-0.00000  )
1276	-0.21073  	0.21811   	-0.61219  	2279.00925	 (0.00000   )
1277	-0.29501  	0.22243   	-0.32633  	2180.16303	 (-0.00000  )
1278	0.12803   	-0.50904  	-0.10283  	2169.17763	 (0.00000   )
1279	-0.06325  	0.11890   	0.16768   	2204.94848	 (-0.00000  )
1280	0.13281   	-0.05813  	0.33186   	2173.68440	 (0.00000   )
1281	-0.08555  	0.10106   	-0.04969  	2064.09303	 (-0.00000  )
1282	0.22106   	-0.04128  	0.00249   	1984.72887	 (0.00000   )
1283	-0.00632  	0.12409   	0.15656   	2234.72148	 (-0.00000  )
1284	0.02421   	-0.70232  	0.00086   	2168.20646	 (0.00000   )
1285	0.00052   	0.58839   	0.25405   	2211.87962	 (-0.00000  )
1286	0.23021   	0.15953   	0.00285   	2161.06298	 (-0.00000  )
1287	-0.39755  	0.18943   	0.00406   	2190.83132	 (0.00000   )
1288	0.05469   	-0.27775  	-0.22151  	2176.69655	 (0.00000   )
1289	0.05754   	-0.04413  	0.19030   	2066.20103	 (0.00000   )
1290	0.06507   	-0.15059  	-0.47693  	2283.99736	 (0.00000   )
1291	0.03436   	-0.02604  	-0.16623  	2274.34626	 (-0.00000  )
1292	-0.03675  	-0.04591  	0.96816   	2293.99379	 (0.00000   )
1293	-0.17305  	0.13354   	-0.04065  	2214.22794	 (0.00000   )
1294	0.11077   	-0.07266  	-0.46847  	2305.59387	 (-0.00000  )
1295	-0.12749  	0.03036   	0.33645   	2153.62290	 (0.00000   )
1296	-0.10775  	0.25990   	-0.06189  	2236.55884	 (-0.00000  )
1297	0.10727   	-0.17040  	0.05146   	2172.63157	 (0.00000   )
1298	-0.01556  	0.02848   	-0.01410  	2267.37421	 (0.00000   )
1299	0.48304   	-0.32751  	-0.05046  	2135.63864	 (-0.00000  )
1300	-0.15732  	0.43940   	-0.15788  	2186.21327	 (0.00000   )
1301	-0.04975  	-0.01629  	-0.20475  	2218.40826	 (-0.00000  )
1302	-0.16106  	-0.07432  	-0.23673  	2169.25871	 (-0.00000  )
1303	-0.02724  	0.16007   	0.25338   	2211.44921	 (-0.00000  )
1304	0.03269   	0.05047   	-0.57185  	2160.91236	 (-0.00000  )
1305	-0.08276  	0.14230   	0.05755   	2088.33427	 (0.00000   )
1306	0.15193   	-0.28089  	0.22888   	2208.45179	 (-0.00000  )
1307	0.05887   	0.18974   	-0.03995  	2065.04212	 (0.00000   )
1308	0.05930   	-0.40567  	0.15920   	2069.22024	 (-0.00000  )
1309	-0.06740  	0.10365   	0.06287   	2189.32816	 (-0.00000  )
1310	0.00880   	-0.08192  	-0.27228  	2213.40094	 (-0.00000  )
1311	-0.02665  	0.15943   	-0.22404  	2264.85635	 (-0.00000  )
1312	-0.20196  	-0.04755  	0.34990   	2232.24679	 (0.00000   )
1313	-0.07829  	0.04854   	-0.10990  	2200.33111	 (0.00000   )
1314	0.03050   	0.40607   	-0.13878  	2212.35064	 (0.00000   )
1315	-0.03171  	-0.06718  	0.07910   	2168.94302	 (0.00000   )
1316	-0.02004  	-0.00253  	0.01546   	2198.25629	 (0.00000   )
1317	-0.07103  	0.03164   	0.74666   	2289.66596	 (0.00000   )
1318	-0.08600  	-0.03137  	-0.87069  	2219.33054	 (-0.00000  )
1319	-0.19289  	0.12893   	0.08849   	2217.81026	 (-0.00000  )
1320	-0.04130  	-0.01926  	-0.32561  	2307.88821	 (0.00000   )
1321	-0.09767  	0.01244   	-0.41370  	1962.02491	 (-0.00000  )
1322	-0.08118  	0.11649   	0.06834   	2227.12463	 (0.00000   )
1323	-0.00891  	0.06241   	-0.07433  	2172.07742	 (-0.00000  )
1324	0.09454   	-0.08663  	-0.23015  	2135.74718	 (-0.00000  )
1325	0.39786   	0.05898   	0.17864   	1989.95800	 (0.00000   )
1326	-0.74077  	0.46981   	0.05400   	1922.14768	 (-0.00000  )
1327	-0.20229  	-0.31542  	-0.17426  	2163.51932	 (-0.00000  )
1328	0.46069   	-0.20669  	0.02098   	1995.48291	 (-0.00000  )
1329	-0.17860  	-0.60287  	-0.13248  	2071.92550	 (0.00000   )
1330	0.24971   	0.22683   	-0.05430  	2099.99922	 (-0.00000  )
1331	0.03213   	-0.11878  	0.08034   	1869.80601	 (0.00000   )
1332	-0.40053  	0.33943   	0.20921   	2093.93276	 (0.00000   )
1333	0.01511   	-0.07862  	0.02279   	2094.02284	 (-0.00000  )
1334	-0.03867  	-0.02751  	-0.03446  	2283.61812	 (-0.00000  )
1335	-0.08162  	0.01112   	-0.53062  	2247.56717	 (0.00000   )
1336	-0.00226  	-0.27644  	-0.41212  	2302.70759	 (0.00000   )
1337	-0.05349  	-0.13631  	-0.33438  	2317.10152	 (0.00000   )
1338	0.01494   	-0.19600  	0.26329   	2285.95525	 (-0.00000  )
1339	0.10797   	-0.31990  	-0.16545  	2333.73391	 (0.00000   )
1340	-0.44568  	0.73507   	-0.09143  	2302.80836	 (-0.00000  )
1341	-0.47526  	0.38850   	-0.21367  	2287.86581	 (-0.00000  )
1342	-0.24521  	0.14729   	-0.02789  	2345.48439	 (0.00000   )
1343	-0.46177  	0.24146   	0.83969   	2352.16482	 (-0.00000  )
1344	0.01161   	0.16736   	0.06476   	2285.50246	 (0.00000   )
1345	0.04317   	-0.28657  	-0.03438  	2252.39349	 (-0.00000  )
1346	-0.08332  	-0.38021  	0.06043   	2245.75698	 (-0.00000  )
1347	-0.14474  	-0.12448  	-0.01265  	2242.84834	 (-0.00000  )
1348	-0.44847  	-0.03757  	0.09944   	2272.48490	 (0.00000   )
1349	-0.37626  	0.25462   	0.24043   	2139.05835	 (0.00000   )
1350	0.47452   	-0.40398  	-0.32292  	2170.52046	 (-0.00000  )
1351	-0.29611  	0.33388   	-0.39852  	2228.90218	 (-0.00000  )
1352	0.00134   	0.15463   	0.08522   	2169.23023	 (-0.00000  )
1353	0.24378   	-0.26710  	0.09096   	2111.66023	 (-0.00000  )
1354	-0.15954  	-0.01904  	0.21802   	2183.39210	 (-0.00000  )
1355	-0.17558  	0.07245   	0.05289   	2199.71654	 (-0.00000  )
1356	-0.08435  	0.05304   	0.07513   	2165.40902	 (-0.00000  )
1357	-0.19495  	0.12922   	-0.20646  	2115.09699	 (-0.00000  )
1358	-0.07814  	-0.14042  	0.32869   	2115.62474	 (0.00000   )
1359	-0.23490  	-0.07540  	-0.47653  	2139.43840	 (0.00000   )
1360	-0.06640  	-0.01097  	-0.39705  	2066.44297	 (0.00000   )
1361	-0.30579  	-0.02250  	-0.04233  	2138.72788	 (0.00000   )
1362	-0.49720  	-0.23205  	-0.60248  	2072.07125	 (-0.00000  )
1363	-0.64272  	0.20015   	-0.11257  	2098.20560	 (-0.00000  )
1364	-0.38341  	0.29789   	-0.20111  	2115.31350	 (0.00000   )
1365	-0.51810  	0.52653   	0.17479   	2153.98098	 (0.00000   )
1366	0.20565   	-0.42361  	0.03368   	2087.35470	 (0.00000   )
1367	0.10542   	0.27405   	0.23147   	2100.48918	 (-0.00000  )
1368	-0.34739  	0.30801   	0.05288   	2125.11786	 (0.00000   )
1369	-0.13591  	0.09842   	0.09542   	2098.38533	 (-0.00000  )
1370	0.07693   	0.15139   	0.61341   	2142.83629	 (-0.00000  )
1371	-0.35579  	0.26638   	0.09488   	2123.69976	 (0.00000   )
1372	0.13725   	0.09906   	0.41579   	2135.56023	 (-0.00000  )
1373	-0.18447  	0.19217   	-0.00976  	2157.99183	 (-0.00000  )
1374	0.14257   	-0.33665  	-0.44369  	2175.01160	 (-0.00000  )
1375	0.04742   	0.17208   	0.35634   	2184.85595	 (0.00000   )
1376	0.06717   	-0.50091  	-0.11858  	2159.75896	 (-0.00000  )
1377	0.16671   	-0.24300  	-0.21172  	2186.50310	 (0.00000   )
1378	-0.05873  	0.21598   	-0.02298  	2191.93731	 (-0.00000  )
1379	-0.41147  	0.32189   	0.06146   	2182.63516	 (-0.00000  )
1380	-0.44057  	0.10308   	0.39881   	2200.54944	 (-0.00000  )
1381	0.00087   	-0.31879  	0.30444   	2199.97816	 (0.00000   )
1382	0.03092   	-0.07250  	0.07488   	2225.17164	 (0.00000   )
1383	0.30905   	-0.03793  	-0.64440  	2220.64260	 (-0.00000  )
1384	-0.31886  	0.79645   	-0.34204  	2235.82466	 (-0.00000  )
1385	-0.25281  	-0.02745  	-0.50886  	2274.42620	 (0.00000   )
1386	0.30618   	-0.44059  	-0.57531  	2233.69913	 (-0.00000  )
1387	-0.02678  	-0.03597  	0.16803   	2155.66760	 (-0.00000  )
1388	-0.17718  	-0.22882  	0.66205   	2254.42094	 (0.00000   )
1389	0.10124   	-0.45897  	-0.90825  	2192.08458	 (-0.00000  )
1390	-0.03595  	0.04590   	-0.50417  	2216.80375	 (0.00000   )
1391	0.17363   	-0.06699  	0.29165   	2221.01762	 (0.00000   )
1392	0.13342   	0.10275   	0.61325   	2229.15697	 (-0.00000  )
1393	-0.00542  	-0.04418  	0.24568   	2249.46737	 (-0.00000  )
1394	0.02809   	-0.00432  	-0.28149  	2254.42072	 (0.00000   )
1395	0.11286   	0.37721   	0.06309   	2228.99248	 (-0.00000  )
1396	-0.14826  	-0.28201  	0.10780   	2170.50067	 (-0.00000  )
1397	-0.01771  	-0.33633  	-0.57503  	2194.75456	 (0.00000   )
1398	-0.02378  	0.04859   	-0.13005  	2052.02970	 (-0.00000  )
1399	-0.47213  	0.19841   	-0.26710  	2113.64878	 (-0.00000  )
1400	-0.76590  	0.14996   	-0.30146  	2105.49536	 (-0.00000  )
1401	-0.46601  	0.09755   	-0.45976  	2113.14961	 (0.00000   )
1402	-0.26196  	0.14212   	-0.36145  	2103.75065	 (-0.00000  )
1403	-0.30098  	0.36473   	-0.08427  	2047.84405	 (-0.00000  )
1404	-0.31453  	0.23787   	-0.08021  	2092.64136	 (-0.00000  )
1405	-0.23065  	0.20378   	-0.38689  	2065.98177	 (0.00000   )
1406	-0.12944  	-0.06571  	0.12644   	2102.97339	 (-0.00000  )
1407	0.00575   	-0.50376  	-0.28087  	2092.84260	 (-0.00000  )
1408	-0.06033  	-0.13805  	-0.44616  	2138.16468	 (-0.00000  )
1409	-0.02074  	-0.13164  	-0.09227  	2119.70410	 (0.00000   )
1410	-0.05520  	0.02706   	-0.06465  	2098.15079	 (0.00000   )
1411	0.00083   	-0.06259  	0.32149   	2155.39119	 (0.00000   )
1412	-0.02637  	0.04120   	-0.01200  	2090.61778	 (-0.00000  )
1413	0.31648   	-0.59120  	-0.31180  	2209.44349	 (-0.00000  )
1414	-0.51167  	-0.02954  	-0.34962  	2200.34212	 (0.00000   )
1415	0.08738   	0.60906   	0.43259   	2187.36553	 (-0.00000  )
1416	0.17421   	0.18268   	-0.26979  	2102.29198	 (0.00000   )
1417	0.00218   	0.10273   	1.07483   	2081.16473	 (0.00000   )
1418	0.19234   	-0.23386  	0.36842   	2080.63654	 (-0.00000  )
1419	0.06355   	-0.15045  	-0.55000  	2101.49216	 (0.00000   )
1420	-0.03985  	0.24676   	-0.44555  	2099.27514	 (-0.00000  )
1421	0.11977   	-0.01404  	-0.38582  	2069.81273	 (-0.00000  )
1422	-0.23400  	-0.22939  	-0.17982  	2090.83416	 (-0.00000  )
1423	-0.27588  	-0.06206  	-0.13269  	2168.22964	 (-0.00000  )
1424	-0.31772  	-0.42144  	0.16144   	2161.11561	 (0.00000   )
1425	-0.10338  	0.25634   	-0.03481  	2164.51959	 (0.00000   )
1426	-0.46924  	-0.32165  	0.19238   	2137.82716	 (0.00000   )
1427	-0.58856  	-0.03474  	-0.44293  	2121.49723	 (-0.00000  )
1428	-0.44272  	0.17059   	0.22446   	2061.58755	 (0.00000   )
1429	-0.07690  	-0.15531  	0.14613   	2055.61332	 (-0.00000  )
1430	0.05443   	0.16809   	-0.31947  	2048.10732	 (-0.00000  )
1431	-0.26161  	0.08031   	-0.72990  	2075.92771	 (-0.00000  )
1432	0.08578   	0.09982   	-0.61808  	2067.04934	 (-0.00000  )
1433	-0.27820  	-0.12644  	0.17959   	2116.48250	 (0.00000   )
1434	-0.43333  	0.20210   	-0.00564  	2156.65677	 (0.00000   )
1435	-0.58615  	-0.32843  	0.16603   	2086.85652	 (-0.00000  )
1436	-0.17791  	-0.13623  	-0.70056  	2132.78901	 (-0.00000  )
1437	-0.51937  	-0.43214  	-0.19878  	1992.21579	 (-0.00000  )
1438	-0.44490  	-0.17527  	-0.68308  	2107.53773	 (0.00000   )
1439	-0.28980  	0.55364   	0.32504   	2146.61502	 (-0.00000  )
1440	-0.47008  	-0.41207  	-0.14038  	2099.43748	 (0.00000   )
1441	-1.14365  	-0.32525  	-0.44157  	1943.02936	 (0.00000   )
1442	-0.19161  	-0.02842  	-0.12125  	2247.81382	 (0.00000   )
1443	-0.74327  	0.00663   	0.23394   	2201.05314	 (-0.00000  )
1444	-0.27477  	-0.18897  	0.11969   	2018.34973	 (0.00000   )
1445	0.78235   	-0.36912  	0.25051   	2255.47437	 (-0.00000  )
1446	-0.52718  	0.32197   	0.35285   	2062.82491	 (0.00000   )
1447	-0.10373  	0.23070   	0.02087   	2086.54768	 (0.00000   )
1448	-0.37025  	0.29417   	0.01303   	2009.34799	 (0.00000   )
1449	-0.34068  	-0.20789  	0.03056   	2175.49288	 (-0.00000  )
1450	-0.33894  	0.35004   	0.15973   	2069.87579	 (-0.00000  )
1451	-0.20307  	-0.13449  	0.63017   	2088.30442	 (0.00000   )
1452	-0.00954  	0.16747   	-0.54841  	2094.96177	 (-0.00000  )
1453	-0.11975  	-0.18280  	-0.88219  	2194.35184	 (-0.00000  )
1454	-0.27482  	0.18485   	-0.41035  	2109.98870	 (-0.00000  )
1455	-0.39036  	0.11042   	-0.36334  	2184.89295	 (0.00000   )
1456	-0.11583  	0.11233   	1.57752   	2189.70875	 (-0.00000  )
1457	-0.15152  	-0.08630  	-0.86324  	2159.67144	 (-0.00000  )
1458	-0.09647  	0.15641   	-0.39861  	2224.68035	 (0.00000   )
1459	0.17602   	-0.17054  	-0.18367  	2194.08772	 (0.00000   )
1460	0.19746   	-0.54701  	-0.60419  	2209.93567	 (-0.00000  )
1461	-0.01619  	-0.05045  	0.19968   	2218.69524	 (-0.00000  )
1462	-0.12251  	-0.16257  	-0.47164  	2094.07783	 (-0.00000  )
1463	-0.22522  	0.08921   	-1.13294  	2170.41480	 (-0.00000  )
1464	0.05257   	-0.01926  	-0.39256  	2194.31656	 (-0.00000  )
1465	-0.64792  	0.61260   	0.25677   	2165.28057	 (0.00000   )
1466	-0.19076  	0.14512   	-0.12411  	2209.10894	 (-0.00000  )
1467	-0.46792  	0.21718   	-0.08628  	2163.09051	 (0.00000   )
1468	-0.61421  	-0.15815  	0.36273   	1908.47277	 (-0.00000  )
1469	-0.16753  	0.18308   	0.62405   	1896.23713	 (0.00000   )
1470	0.38480   	-0.07256  	-0.21626  	1926.39041	 (0.00000   )
1471	-0.27440  	-0.23292  	-0.58304  	1910.60541	 (0.00000   )
1472	0.01652   	-0.33044  	-0.11663  	1922.91366	 (0.00000   )
1473	0.29426   	-0.01239  	-0.13513  	1954.29014	 (-0.00000  )
1474	-0.35988  	0.17481   	0.30416   	1907.55699	 (-0.00000  )
1475	-0.44293  	0.12410   	-0.10117  	2031.29816	 (-0.00000  )
1476	-0.04125  	-0.52008  	0.32562   	1898.31027	 (0.00000   )
1477	-0.05953  	-0.30048  	0.20278   	2049.02365	 (-0.00000  )
1478	0.01147   	-0.28883  	-0.80775  	1912.98873	 (0.00000   )
1479	-0.29084  	0.21370   	-0.39145  	1919.61860	 (-0.00000  )
1480	-0.10302  	-0.11701  	0.09755   	2078.66176	 (-0.00000  )
1481	-0.59777  	0.29319   	-0.37055  	2090.27917	 (0.00000   )
1482	-0.63274  	0.75384   	0.65212   	2123.92288	 (0.00000   )
1483	1.06004   	-0.83762  	-0.22808  	1993.14614	 (-0.00000  )
1484	0.27381   	0.07409   	-1.41818  	2048.93522	 (-0.00000  )
1485	-0.42242  	0.27781   	0.17676   	1769.18747	 (0.00000   )
1486	-0.28861  	0.53273   	0.04300   	1750.05430	 (0.00000   )
1487	0.21085   	-0.45778  	0.06970   	1724.07972	 (0.00000   )
1488	0.04775   	-0.20813  	-0.16049  	2206.35757	 (-0.00000  )
1489	-0.01400  	0.07147   	0.15578   	2211.57214	 (0.00000   )
1490	-0.66413  	-0.15820  	-0.41870  	2126.78518	 (0.00000   )
1491	-0.04172  	-0.13330  	0.28033   	2195.66280	 (0.00000   )
1492	-0.68201  	0.31914   	-0.25724  	2162.49562	 (-0.00000  )
1493	-0.44166  	0.28612   	-0.00447  	2178.12740	 (-0.00000  )
1494	0.15637   	-0.30098  	0.47618   	2152.75296	 (0.00000   )
1495	-0.01252  	-0.15710  	0.01916   	2150.04204	 (-0.00000  )
1496	0.14240   	-0.00815  	-0.38419  	2154.47477	 (0.00000   )
1497	0.02572   	-0.10685  	0.02151   	2146.54603	 (-0.00000  )
1498	0.27151   	-0.24882  	-2.21708  	2220.20171	 (0.00000   )
1499	-0.43589  	0.04079   	0.82665   	2216.72970	 (0.00000   )
1500	-0.97710  	-0.23683  	0.21860   	2053.78090	 (0.00000   )
1501	-0.63339  	0.21919   	0.05842   	2065.30235	 (0.00000   )
1502	-0.80574  	-0.19351  	-0.54120  	2055.62760	 (0.00000   )
1503	-0.26184  	0.12523   	-0.24772  	2056.83057	 (-0.00000  )
1504	-0.46173  	-0.24154  	-1.34557  	2073.04152	 (0.00000   )
1505	-0.10677  	-0.09978  	-0.07181  	1995.15164	 (-0.00000  )
1506	-0.33875  	0.14252   	-0.48083  	2051.20635	 (-0.00000  )
1507	-0.14181  	-0.19608  	-0.00009  	2007.09468	 (0.00000   )
1508	-0.08087  	-0.28749  	-0.06012  	2014.92733	 (-0.00000  )
1509	-0.36504  	0.15463   	1.11945   	2024.69117	 (0.00000   )
1510	-0.11941  	-0.25626  	0.07800   	2079.19249	 (-0.00000  )
1511	-0.03447  	-0.29974  	-2.05217  	2084.41371	 (0.00000   )
1512	-0.13810  	-0.06081  	1.12319   	2059.49430	 (-0.00000  )
1513	-0.15528  	-0.00394  	-2.48867  	2076.69184	 (-0.00000  )
1514	0.06194   	0.28354   	-0.70638  	1969.08598	 (-0.00000  )
1515	-0.08802  	0.32832   	0.75370   	1959.55589	 (0.00000   )
1516	-0.03579  	0.00425   	-0.54127  	1913.35055	 (0.00000   )
