#n 	 E_n 	 <H> 	 <H_dir> 	 <H_exc> 	 <H_0> 	 E_B (eV)
0  0.066406656611  0.066406656611  0.007480098254  -0.000024151573   0.073862603293  -0.202886747530
1  0.067312581275  0.067312581275  0.007051965650  -0.000795982154   0.073568564770  -0.170234069289
2  0.067327206301  0.067327206301  0.007040740929  -0.000804187054   0.073563760177  -0.169705362130
3  0.067371969692  0.067371969692  0.007032768222  -0.000839900513   0.073564837401  -0.168516600383
4  0.070823055403  0.070823055403  0.007629124753  -0.000037172735   0.078415007420  -0.206587643133
5  0.071337894090  0.071337894090  0.007528647295  -0.000324870471   0.078541670914  -0.196024852680
6  0.071471165970  0.071471165970  0.007427284821  -0.000439241991   0.078459208799  -0.190154428655
7  0.071735796492  0.071735796492  0.007579895430  -0.000211759054   0.079103932868  -0.200497306169
8  0.072050692015  0.072050692015  0.007631878102  -0.000178885140   0.079503684976  -0.202806372668
9  0.072168449895  0.072168449895  0.007587835248  -0.000216081434   0.079540203708  -0.200595741718
10  0.072318815930  0.072318815930  0.007146025676  -0.001212527108   0.078252314499  -0.161458802940
11  0.072387186558  0.072387186558  0.007354875465  -0.000899404153   0.078842657870  -0.175662412058
12  0.072828032083  0.072828032083  0.007335564302  -0.000889907616   0.079273688768  -0.175395342339
13  0.072954194873  0.072954194873  0.007093072558  -0.001010190871   0.079037076561  -0.165523726755
14  0.073125796088  0.073125796088  0.007024861461  -0.000982540809   0.079168116740  -0.164420004189
15  0.073583737361  0.073583737361  0.005833269984  -0.000788984828   0.078628022517  -0.137262061093
16  0.073683994605  0.073683994605  0.004674607732  -0.000069907796   0.078288694541  -0.125300331849
17  0.073691240850  0.073691240850  0.004748311717  -0.000100974647   0.078338577919  -0.126460547923
18  0.073776859989  0.073776859989  0.004576201452  -0.000034063109   0.078318998332  -0.123597943298
19  0.073905631154  0.073905631154  0.005604452266  -0.000583566572   0.078926516848  -0.136625328958
20  0.074164720997  0.074164720997  0.004951377461  -0.000025308337   0.079090790122  -0.134045237380
21  0.074225615862  0.074225615862  0.005004340773  -0.000131552821   0.079098403813  -0.132595382065
22  0.074237740559  0.074237740559  0.004897038260  -0.000043375213   0.079091403605  -0.132074966626
23  0.074260406547  0.074260406547  0.004935132235  -0.000050496256   0.079145042527  -0.132917783490
24  0.074555105838  0.074555105838  0.004949951628  -0.000017434408   0.079487623058  -0.134220699073
25  0.074559806963  0.074559806963  0.004938107651  -0.000014734747   0.079483179867  -0.133971869448
26  0.074588267960  0.074588267960  0.004925692317  -0.000041836493   0.079472123784  -0.132896554368
27  0.074603796982  0.074603796982  0.004951208045  -0.000085108196   0.079469896831  -0.132413389427
28  0.075468127431  0.075468127431  0.007578138602  -0.000043597475   0.083002668559  -0.205025412442
29  0.075859460885  0.075859460885  0.007561339410  -0.000260977219   0.083159823075  -0.198653075722
30  0.076130888613  0.076130888613  0.007386008327  -0.000418595752   0.083098301188  -0.189593050544
31  0.076362221305  0.076362221305  0.007523924889  -0.000644925329   0.083241220865  -0.187187208619
32  0.076472551450  0.076472551450  0.007532217472  -0.000326784465   0.083677984457  -0.196069919732
33  0.076506875293  0.076506875293  0.007619039367  -0.000238170871   0.083887743789  -0.200843764995
34  0.076656040303  0.076656040303  0.007687910090  -0.000225420595   0.084118529798  -0.203064786627
35  0.077117571503  0.077117571503  0.007448192188  -0.000492828677   0.084072935013  -0.189265178631
36  0.077154387883  0.077154387883  0.007473678596  -0.000375431765   0.084252634714  -0.193153233812
37  0.077305061062  0.077305061062  0.007177567628  -0.000767736295   0.083714892395  -0.174420484329
38  0.077330193834  0.077330193834  0.007272136187  -0.000622375953   0.083979954068  -0.180949285634
39  0.077513045859  0.077513045859  0.007411033385  -0.000494042912   0.084430036331  -0.188220994541
40  0.077562425682  0.077562425682  0.007154702959  -0.000784745351   0.083932383290  -0.173335464450
41  0.077675761386  0.077675761386  0.007170859964  -0.000579613914   0.084267007436  -0.179357032765
42  0.077721032123  0.077721032123  0.006860649211  -0.000563593791   0.084018087543  -0.171351693867
43  0.077845912584  0.077845912584  0.005926978043  -0.000248595853   0.083524294774  -0.154516729135
44  0.077902468309  0.077902468309  0.005876756902  -0.000265561266   0.083513663945  -0.152688488927
45  0.078004983863  0.078004983863  0.007060242173  -0.000749486077   0.084315739958  -0.171724508406
46  0.078027383195  0.078027383195  0.006415457687  -0.000402272800   0.084040568082  -0.163627179238
47  0.078071723593  0.078071723593  0.006552180437  -0.000320966359   0.084302937672  -0.169560058770
48  0.078108568713  0.078108568713  0.005252516919  -0.000240640309   0.083120445323  -0.136380179193
49  0.078130345098  0.078130345098  0.005598160277  -0.000165029571   0.083563475804  -0.147843092895
50  0.078148086312  0.078148086312  0.006405727465  -0.000346981973   0.084206831804  -0.164866947087
51  0.078220591043  0.078220591043  0.005597604120  -0.000175528719   0.083642666444  -0.147542262567
52  0.078247041124  0.078247041124  0.005975150550  -0.000235905484   0.083986286190  -0.156172893183
53  0.078284526713  0.078284526713  0.006370822910  -0.000425411047   0.084229938575  -0.161782980356
54  0.078358710117  0.078358710117  0.005425880282  -0.000328158513   0.083456431886  -0.138716146135
55  0.078596363317  0.078596363317  0.005992171168  -0.000590428386   0.083998106100  -0.146988983561
56  0.078631787210  0.078631787210  0.006089627856  -0.000497453749   0.084223961317  -0.152170886498
57  0.078767039194  0.078767039194  0.006378916185  -0.000548045898   0.084597909481  -0.158666143726
58  0.078800223407  0.078800223407  0.005177780660  -0.000104427138   0.083873576929  -0.138053052036
59  0.078820376871  0.078820376871  0.005269449272  -0.000236287347   0.083853538795  -0.136959382385
60  0.078846156816  0.078846156816  0.005434869985  -0.000212068241   0.084068958559  -0.142119747364
61  0.078869804412  0.078869804412  0.005579797723  -0.000320540420   0.084129061715  -0.143111754171
62  0.078932989100  0.078932989100  0.007764434612  -0.000029886380   0.086667537332  -0.210467885774
63  0.079033658204  0.079033658204  0.005136832427  -0.000105436285   0.084065054346  -0.136911332989
64  0.079057115252  0.079057115252  0.005202675816  -0.000129977553   0.084129813515  -0.138035221516
65  0.079063109471  0.079063109471  0.005051138676  -0.000058608747   0.084055639401  -0.135853728925
66  0.079083629074  0.079083629074  0.005122107032  -0.000163236671   0.084042499435  -0.134937804930
67  0.079103623745  0.079103623745  0.005670339569  -0.000643280468   0.084130682846  -0.136793316009
68  0.079331450951  0.079331450951  0.005573324897  -0.000388395220   0.084516380628  -0.141089195420
69  0.079379729707  0.079379729707  0.005051489849  -0.000025722034   0.084405497522  -0.136758178311
70  0.079424148899  0.079424148899  0.005095869908  -0.000047858702   0.084472160104  -0.137363452107
71  0.079447783027  0.079447783027  0.004964554074  -0.000064780035   0.084347557066  -0.133329711288
72  0.079472174835  0.079472174835  0.004997630628  -0.000049290680   0.084420514784  -0.134651257674
73  0.079521537669  0.079521537669  0.004950712168  -0.000084292603   0.084387957234  -0.132422089338
74  0.079536858540  0.079536858540  0.005045498913  -0.000186407966   0.084395949487  -0.132222667391
75  0.079559747658  0.079559747658  0.005185592172  -0.000195588702   0.084549751128  -0.135784980415
76  0.079575263363  0.079575263363  0.007552982572  -0.000602104185   0.086526141750  -0.189143132139
77  0.079579935062  0.079579935062  0.004823151764  -0.000106484850   0.084296601976  -0.128347110064
78  0.079608229578  0.079608229578  0.005199006241  -0.000226268017   0.084580967802  -0.135315168908
79  0.079654025333  0.079654025333  0.007509860847  -0.000645227177   0.086518659003  -0.186796292650
80  0.079678128016  0.079678128016  0.004933500220  -0.000126686825   0.084484941411  -0.130800122014
81  0.079714578599  0.079714578599  0.004806978719  -0.000036109726   0.084485447591  -0.129822024500
82  0.079747802923  0.079747802923  0.004803370530  -0.000060624049   0.084490549404  -0.129056771600
83  0.079755280558  0.079755280558  0.004895890607  -0.000093630312   0.084557540853  -0.130676225787
84  0.079778870688  0.079778870688  0.004995334418  -0.000094088032   0.084680117074  -0.133369775912
85  0.079842976119  0.079842976119  0.004842203053  -0.000134478418   0.084550700754  -0.128103778118
86  0.079864555653  0.079864555653  0.004719807661  -0.000048872769   0.084535490545  -0.127102677708
87  0.079896022545  0.079896022545  0.004829145836  -0.000025952531   0.084699215850  -0.130701614294
88  0.079913644279  0.079913644279  0.004740915174  -0.000122899492   0.084531659961  -0.125662671925
89  0.079925723031  0.079925723031  0.004788751815  -0.000114680974   0.084599793872  -0.127188011288
90  0.079928651136  0.079928651136  0.007516107247  -0.000940851842   0.086503906541  -0.178921904917
91  0.080002181309  0.080002181309  0.004945111465  -0.000022692428   0.084924600347  -0.133945913388
92  0.080028969322  0.080028969322  0.004935385454  -0.000114381641   0.084849973135  -0.131186263175
93  0.080068620327  0.080068620327  0.004887964396  -0.000063662528   0.084892922196  -0.131276007862
94  0.080134667395  0.080134667395  0.005048891535  -0.000120175041   0.085063383889  -0.134117276007
95  0.080251778975  0.080251778975  0.004874229188  -0.000409607920   0.084716400243  -0.121488595177
96  0.080286276066  0.080286276066  0.004477641774  -0.000030713984   0.084733203855  -0.121007130854
97  0.080321811141  0.080321811141  0.004416263008  -0.000103824050   0.084634250098  -0.117347501456
98  0.080378550286  0.080378550286  0.004430361034  -0.000078448891   0.084730462429  -0.118421622101
99  0.080411514560  0.080411514560  0.004691338357  -0.000226987849   0.084875865068  -0.121481227418
100  0.080607912201  0.080607912201  0.004295619891  -0.000027498471   0.084876033621  -0.116141559207
101  0.080637683021  0.080637683021  0.004397094545  -0.000033313844   0.085001463722  -0.118744582170
102  0.080650452996  0.080650452996  0.004494949394  -0.000093087619   0.085052314771  -0.119780821501
103  0.080695303708  0.080695303708  0.004616218912  -0.000203758597   0.085107764023  -0.120069222614
104  0.080829028377  0.080829028377  0.004475096744  -0.000033686087   0.085270439034  -0.120857001964
105  0.080847460625  0.080847460625  0.004485660164  -0.000021638135   0.085311482653  -0.121472289024
106  0.080856146593  0.080856146593  0.004489723850  -0.000130063428   0.085215807015  -0.118632463604
107  0.080888779921  0.080888779921  0.004531971746  -0.000098069115   0.085322682552  -0.120652698052
108  0.080988144660  0.080988144660  0.005043145935  -0.000004985995   0.086026304599  -0.137095385380
109  0.080995897011  0.080995897011  0.005049250066  -0.000019578478   0.086025568598  -0.136864405433
110  0.080999400438  0.080999400438  0.005067417944  -0.000039950860   0.086026867523  -0.136804417829
111  0.081011135914  0.081011135914  0.004686843761  -0.000015309865   0.085682669810  -0.127118977453
112  0.081035571996  0.081035571996  0.004637602588  -0.000030371771   0.085642802813  -0.125369200673
113  0.081039091370  0.081039091370  0.004638442188  -0.000028587684   0.085648945874  -0.125440594862
114  0.081049989233  0.081049989233  0.005032166750  -0.000090415386   0.085991740597  -0.134471973053
115  0.081053698029  0.081053698029  0.004595878291  -0.000041084551   0.085608491769  -0.123942314380
116  0.081569498182  0.081569498182  0.004313583663  -0.000029099131   0.085853982713  -0.116586822391
117  0.081588806855  0.081588806855  0.004264164090  -0.000009278865   0.085843692080  -0.115781383821
118  0.081597813543  0.081597813543  0.004307732242  -0.000051262898   0.085854282887  -0.115824489906
119  0.081599041528  0.081599041528  0.006823935309  -0.000118156025   0.088304820812  -0.182473642402
120  0.081624964042  0.081624964042  0.004352548589  -0.000079843238   0.085897669393  -0.116266294390
121  0.081737593394  0.081737593394  0.006681617031  -0.000132116252   0.088287094173  -0.178221085511
122  0.081901699265  0.081901699265  0.006686645804  -0.000244522905   0.088343822165  -0.175299183065
123  0.082147298526  0.082147298526  0.006382770659  -0.000311329242   0.088218739942  -0.165212420972
124  0.082176352732  0.082176352732  0.006240154273  -0.000221307827   0.088195199177  -0.163781238166
125  0.082297187460  0.082297187460  0.006054036460  -0.000201604477   0.088149619443  -0.159252867681
126  0.082368231978  0.082368231978  0.005586659889  -0.000353024191   0.087601867675  -0.142414554422
127  0.082437043200  0.082437043200  0.006005621629  -0.000396706204   0.088045958625  -0.152626441200
128  0.082490040038  0.082490040038  0.005617539928  -0.000315002270   0.087792577697  -0.144289473234
129  0.082529600520  0.082529600520  0.005863580467  -0.000316466585   0.088076714401  -0.150944734673
130  0.082627278129  0.082627278129  0.006092949437  -0.000362795287   0.088357432279  -0.155925516644
131  0.082709448675  0.082709448675  0.005815599164  -0.000337346264   0.088187701575  -0.149070930955
132  0.082812513507  0.082812513507  0.005420346584  -0.000232738615   0.088000121477  -0.141162075497
133  0.082843663487  0.082843663487  0.004836931762  -0.000054490076   0.087626105173  -0.130136933687
134  0.082889863610  0.082889863610  0.005146425404  -0.000203402249   0.087832886766  -0.134506580303
135  0.082932715690  0.082932715690  0.005422815765  -0.000324385176   0.088031146279  -0.138735434141
136  0.083026074863  0.083026074863  0.005779911502  -0.000383922367   0.088422063998  -0.146832418767
137  0.083081367415  0.083081367415  0.005976617261  -0.000172707525   0.088885277151  -0.157932509395
138  0.083145328111  0.083145328111  0.006015327475  -0.000376781937   0.088783873649  -0.153432718034
139  0.083208579450  0.083208579450  0.006163810011  -0.000356143460   0.089016246001  -0.158034737588
140  0.083274112123  0.083274112123  0.005829609106  -0.000135398303   0.088968322926  -0.154947447844
141  0.083307302303  0.083307302303  0.005901251425  -0.000176962668   0.089031591060  -0.155765911092
142  0.083367132045  0.083367132045  0.005382275036  -0.000080917145   0.088668489936  -0.144257370116
143  0.083408271144  0.083408271144  0.005829063486  -0.000400674123   0.088836660507  -0.147714074317
144  0.083452783145  0.083452783145  0.005573827253  -0.000333665776   0.088692944622  -0.142592130014
145  0.083497548745  0.083497548745  0.005814778817  -0.000345400648   0.088966926914  -0.148829437124
146  0.083556807146  0.083556807146  0.005421568807  -0.000209650028   0.088768725925  -0.141823606666
147  0.083615204461  0.083615204461  0.006065006545  -0.000305911025   0.089374299981  -0.156713051821
148  0.083673381170  0.083673381170  0.005539639761  -0.000179264188   0.089033756743  -0.145863323859
149  0.083683574820  0.083683574820  0.005549056196  -0.000188133272   0.089044497744  -0.145878218061
150  0.083707111121  0.083707111121  0.005458453172  -0.000137083824   0.089028480469  -0.144801909876
151  0.083748977734  0.083748977734  0.005458550330  -0.000201048181   0.089006479883  -0.143063993981
152  0.083763935284  0.083763935284  0.005699040208  -0.000292767946   0.089170207547  -0.147112237052
153  0.083837426904  0.083837426904  0.005427574560  -0.000244667225   0.089020334238  -0.141034164649
154  0.083868929846  0.083868929846  0.005524878362  -0.000260837173   0.089132971035  -0.143241930412
155  0.083907711774  0.083907711774  0.005722607141  -0.000320122997   0.089310195918  -0.147009157038
156  0.083928950014  0.083928950014  0.006916201710  -0.000026543200   0.090818608525  -0.187477253591
157  0.083948740654  0.083948740654  0.005595334673  -0.000302729328   0.089241345999  -0.144019201092
158  0.083969061614  0.083969061614  0.005763414517  -0.000350416128   0.089382060003  -0.147295264370
159  0.083985112127  0.083985112127  0.005613132579  -0.000285963130   0.089312281575  -0.144959738727
160  0.084004223329  0.084004223329  0.005697112039  -0.000234850161   0.089466485207  -0.148635792862
161  0.084030188715  0.084030188715  0.005639989325  -0.000250448011   0.089419730029  -0.146656964518
162  0.084099487597  0.084099487597  0.005483678918  -0.000304594713   0.089278571802  -0.140930131940
163  0.084154356673  0.084154356673  0.005127430524  -0.000092347309   0.089189439889  -0.137011663416
164  0.084222217211  0.084222217211  0.005266835029  -0.000162224780   0.089326827459  -0.138903591307
165  0.084238457132  0.084238457132  0.005373865355  -0.000231784323   0.089380538164  -0.139923223809
166  0.084282106183  0.084282106183  0.005487424642  -0.000378359382   0.089391171443  -0.139024818431
167  0.084311319156  0.084311319156  0.004998701517  -0.000130222711   0.089179797962  -0.132478124179
168  0.084341545579  0.084341545579  0.005023107481  -0.000119123180   0.089245529880  -0.133444278416
169  0.084370719992  0.084370719992  0.004826622359  -0.000117416887   0.089079925464  -0.128144073782
170  0.084383335305  0.084383335305  0.005098806645  -0.000148258239   0.089333883711  -0.134711352891
171  0.084403390448  0.084403390448  0.004804696152  -0.000087089994   0.089120996606  -0.128372668211
172  0.084431653164  0.084431653164  0.004970966435  -0.000102645430   0.089299974169  -0.132473830194
173  0.084448205166  0.084448205166  0.005132640730  -0.000166000724   0.089414845173  -0.135149227870
174  0.084501109415  0.084501109415  0.005145192495  -0.000092048922   0.089554252988  -0.137503111030
175  0.084510246657  0.084510246656  0.006875951672  -0.000571383779   0.090814814549  -0.171556118747
176  0.084525836862  0.084525836862  0.005341826903  -0.000243168669   0.089624495096  -0.138741628668
177  0.084574682467  0.084574682467  0.005022385308  -0.000141269140   0.089455798635  -0.132822004496
178  0.084588213993  0.084588213993  0.006884256145  -0.000640959631   0.090831510507  -0.169888838754
179  0.084596361070  0.084596361070  0.005164636061  -0.000135017053   0.089625980079  -0.136862974681
180  0.084611709275  0.084611709275  0.005118236919  -0.000092284451   0.089637661743  -0.136763202996
181  0.084636711313  0.084636711313  0.004913915007  -0.000074046442   0.089476579878  -0.131699599459
182  0.084649568685  0.084649568685  0.005062903210  -0.000144429835   0.089568042060  -0.133838546405
183  0.084663096307  0.084663096307  0.004939519709  -0.000140709124   0.089461906892  -0.130582354336
184  0.084682932865  0.084682932865  0.006833123258  -0.000709895544   0.090806160579  -0.166621598630
185  0.084686177494  0.084686177494  0.004913374407  -0.000096527331   0.089503024570  -0.131073152525
186  0.084705744199  0.084705744199  0.005006155733  -0.000132027355   0.089579872578  -0.132631856962
187  0.084720770688  0.084720770688  0.004789842138  -0.000084500086   0.089426112741  -0.128038944719
188  0.084744899457  0.084744899457  0.004780841716  -0.000084565749   0.089441175425  -0.127792243866
189  0.084765039474  0.084765039474  0.004961319874  -0.000114667101   0.089611692247  -0.131884207265
190  0.084777117576  0.084777117576  0.005051878559  -0.000116106138   0.089712889996  -0.134309277633
191  0.084793647545  0.084793647545  0.004953836459  -0.000094525591   0.089652958412  -0.132228651743
192  0.084811862340  0.084811862340  0.004911952747  -0.000099804539   0.089624010548  -0.130945289747
193  0.084844284399  0.084844284399  0.004915208334  -0.000135407960   0.089624084774  -0.130065059914
194  0.084855332809  0.084855332809  0.005012755546  -0.000109352372   0.089758735984  -0.133428465153
195  0.084857692107  0.084857692107  0.004662502398  -0.000076417972   0.089443776533  -0.124793777751
196  0.084886583285  0.084886583285  0.005091652430  -0.000193599893   0.089784635822  -0.133282866800
197  0.084928764834  0.084928764834  0.005158002482  -0.000125766317   0.089961000999  -0.136934191179
198  0.084949278380  0.084949278380  0.004823615214  -0.000143654886   0.089629238708  -0.127348272479
199  0.084974544292  0.084974544292  0.005143862091  -0.000206545340   0.089911861043  -0.134351301033
200  0.085020420765  0.085020420765  0.004838282407  -0.000142139655   0.089716563517  -0.127788618895
201  0.085065467137  0.085065467137  0.005437736835  -0.000175408718   0.090327795254  -0.143195315323
202  0.085088097743  0.085088097743  0.005178225812  -0.000337638239   0.089928685316  -0.131719164685
203  0.085141492180  0.085141492180  0.005065998906  -0.000199738153   0.090007752933  -0.132417767846
204  0.085160688765  0.085160688765  0.004667684775  -0.000081426857   0.089746946684  -0.124798498732
205  0.085176030369  0.085176030369  0.004906805206  -0.000221506484   0.089861329091  -0.127493537633
206  0.085183430281  0.085183430281  0.004849863254  -0.000167906502   0.089865387033  -0.127402597962
207  0.085205908964  0.085205908964  0.004821313925  -0.000154865321   0.089872357569  -0.126980599551
208  0.085237431283  0.085237431283  0.004770839195  -0.000117111954   0.089891158524  -0.126634433432
209  0.085263458252  0.085263458252  0.004921437545  -0.000125378340   0.090059517456  -0.130507485439
210  0.085274248579  0.085274248579  0.005064091349  -0.000163441555   0.090174898373  -0.133353541795
211  0.085294723513  0.085294723513  0.004918163393  -0.000109651747   0.090103235159  -0.130846333809
212  0.085314417116  0.085314417116  0.005022741474  -0.000160436007   0.090176722583  -0.132310138982
213  0.085352473636  0.085352473636  0.005279553866  -0.000283492009   0.090348535492  -0.135949837594
214  0.085372156848  0.085372156848  0.004918515754  -0.000114473922   0.090176198680  -0.130724703914
215  0.085424919036  0.085424919036  0.004845356598  -0.000104551825   0.090165723809  -0.129003934993
216  0.085444057724  0.085444057724  0.004772252323  -0.000073612473   0.090142697575  -0.127856568433
217  0.085451614733  0.085451614733  0.004853317953  -0.000092953764   0.090211978923  -0.129536174103
218  0.085474477785  0.085474477785  0.004857971589  -0.000084212446   0.090248236928  -0.129900669547
219  0.085485317779  0.085485317779  0.004764043326  -0.000060554713   0.090188806393  -0.127988510058
220  0.085515400476  0.085515400476  0.004862028848  -0.000086846775   0.090290582549  -0.129939389461
221  0.085539271442  0.085539271442  0.004841697929  -0.000124670648   0.090256298723  -0.128356916153
222  0.085563733897  0.085563733897  0.004722959018  -0.000105586613   0.090181106302  -0.125645167459
223  0.085583040375  0.085583040375  0.004941398103  -0.000155498842   0.090368939635  -0.130231019142
224  0.085590446068  0.085590446068  0.005018040976  -0.000198907838   0.090409579206  -0.131135359483
225  0.085664350112  0.085664350112  0.004936787260  -0.000209868645   0.090391268728  -0.128626073212
226  0.085673178875  0.085673178875  0.004821589624  -0.000097762114   0.090397006385  -0.128541959909
227  0.085717041863  0.085717041863  0.004925417979  -0.000048584744   0.090593875098  -0.132705459893
228  0.085729792817  0.085729792817  0.005030285743  -0.000227066044   0.090533012516  -0.130702332523
229  0.085825369177  0.085825369177  0.004846321426  -0.000273276195   0.090398414408  -0.124438962992
230  0.085851204241  0.085851204241  0.004920328999  -0.000032937512   0.090738595728  -0.132992764700
231  0.085886982574  0.085886982574  0.004921200293  -0.000056099020   0.090752083847  -0.132386216780
232  0.085899446674  0.085899446674  0.004868134805  -0.000058523582   0.090709057897  -0.130876254836
233  0.085936306018  0.085936306018  0.005947370679  -0.000120674544   0.091763002152  -0.158552559190
234  0.085965322568  0.085965322568  0.004798845212  -0.000053692496   0.090710475284  -0.129122248612
235  0.085977476829  0.085977476829  0.004813249820  -0.000054077418   0.090736649232  -0.129503743909
236  0.085990134889  0.085990134889  0.004854201827  -0.000042572077   0.090801764639  -0.130931181800
237  0.086030660327  0.086030660327  0.004944665175  -0.000096425102   0.090878900400  -0.131927399919
238  0.086036063824  0.086036063824  0.004882929728  -0.000061415219   0.090857578332  -0.131200159909
239  0.086058469116  0.086058469116  0.005704801428  -0.000094619902   0.091668650643  -0.152660893591
240  0.086086154716  0.086086154716  0.005041097491  -0.000163543840   0.090963708367  -0.132725063413
241  0.086114556762  0.086114556762  0.005562528748  -0.000175743098   0.091501342412  -0.146581979040
242  0.086143158576  0.086143158576  0.004566591682  -0.000081550433   0.090628199825  -0.122044251453
243  0.086169313886  0.086169313886  0.004486498571  -0.000062273282   0.090593539175  -0.120389364049
244  0.086169956350  0.086169956350  0.004842541287  -0.000127237755   0.090885259881  -0.128310010518
245  0.086186346328  0.086186346328  0.004503310810  -0.000145330898   0.090544326240  -0.118586734567
246  0.086205988011  0.086205988011  0.004759408462  -0.000065496186   0.090899900286  -0.127727924489
247  0.086244317316  0.086244317316  0.004325244248  -0.000047903114   0.090521658450  -0.116392440533
248  0.086268551624  0.086268551624  0.004718640302  -0.000115302964   0.090871888962  -0.125263253640
249  0.086278480127  0.086278480127  0.004842832331  -0.000052643066   0.091068669392  -0.130347756167
250  0.086301688040  0.086301688040  0.004401448627  -0.000044152773   0.090658983893  -0.118568120392
251  0.086331951252  0.086331951252  0.004533627357  -0.000151133422   0.090714445187  -0.119253795453
252  0.086350735950  0.086350735950  0.004337588532  -0.000054286400   0.090634038082  -0.116554647644
253  0.086375900481  0.086375900481  0.004508456126  -0.000142565483   0.090741791124  -0.118801996653
254  0.086381738337  0.086381738337  0.005455786649  -0.000221606560   0.091615918427  -0.142429368089
255  0.086391432795  0.086391432795  0.004355375539  -0.000103040619   0.090643767715  -0.115711986424
256  0.086397822118  0.086397822118  0.004319947249  -0.000118771568   0.090598997798  -0.114319871906
257  0.086432321218  0.086432321218  0.005630572466  -0.000289095967   0.091773797717  -0.145349053614
258  0.086481979332  0.086481979332  0.004462693870  -0.000130371587   0.090814301616  -0.117888554590
259  0.086501907597  0.086501907597  0.005331644631  -0.000185280904   0.091648271324  -0.140039761929
260  0.086548914361  0.086548914361  0.004572917365  -0.000212643624   0.090909188102  -0.118649152873
261  0.086551355218  0.086551355218  0.004512862887  -0.000173768708   0.090890449397  -0.118072827349
262  0.086581626632  0.086581626632  0.004665574630  -0.000287104678   0.090960096584  -0.119144297249
263  0.086617817336  0.086617817336  0.004390196236  -0.000119791667   0.090888221906  -0.116203686900
264  0.086641146666  0.086641146666  0.005686974522  -0.000268856812   0.092059264375  -0.147434568242
265  0.086688235294  0.086688235294  0.004480332315  -0.000111697605   0.091056870004  -0.118876666554
266  0.086697066274  0.086697066274  0.005417654745  -0.000191132321   0.091923588697  -0.142220992274
267  0.086753076586  0.086753076586  0.005016170090  -0.000515240681   0.091254005996  -0.122476590533
268  0.086783968278  0.086783968278  0.005354924528  -0.000133952522   0.092004940284  -0.142069957638
269  0.086818825762  0.086818825762  0.005698456310  -0.000324999169   0.092192282903  -0.146219291652
270  0.086904979313  0.086904979313  0.005437925061  -0.000250772550   0.092092131823  -0.141149681834
271  0.086905319788  0.086905319788  0.004878521117  -0.000588054932   0.091195785973  -0.116749591543
272  0.086939648208  0.086939648208  0.005221096306  -0.000139872930   0.092020871585  -0.138267201791
273  0.086959615262  0.086959615262  0.005274581807  -0.000216127258   0.092018069811  -0.137647630107
274  0.087004503493  0.087004503493  0.004890964625  -0.000019356978   0.091876111140  -0.132563264331
275  0.087023276867  0.087023276867  0.005100745043  -0.000132643042   0.091991378869  -0.135189010812
276  0.087023732159  0.087023732159  0.004336555629  -0.000018366044   0.091341921744  -0.117503984074
277  0.087059149891  0.087059149891  0.004357605974  -0.000086277867   0.091330477997  -0.116228817629
278  0.087081580460  0.087081580460  0.004280615015  -0.000085371299   0.091276824176  -0.114158454852
279  0.087099677484  0.087099677484  0.004369549928  -0.000130926206   0.091338301205  -0.115338885535
280  0.087138036845  0.087138036845  0.005093628055  -0.000060870135   0.092170794764  -0.136948388855
281  0.087178483244  0.087178483244  0.005193061929  -0.000140243867   0.092231301307  -0.137494253428
282  0.087211782809  0.087211782809  0.005151904774  -0.000112914533   0.092250773051  -0.137117979055
283  0.087212910655  0.087212910655  0.004412560350  -0.000096641261   0.091528829744  -0.117442200701
284  0.087239806722  0.087239806722  0.005142040984  -0.000112409042   0.092269438665  -0.136863326628
285  0.087247693020  0.087247693020  0.004408992917  -0.000093204086   0.091563481851  -0.117438656203
286  0.087252455675  0.087252455675  0.004380309764  -0.000080937165   0.091551828275  -0.116991947560
287  0.087276190958  0.087276190958  0.004454251711  -0.000125870023   0.091604572646  -0.117781325469
288  0.087324520054  0.087324520054  0.004875337690  -0.000278362032   0.091921495712  -0.125090143411
289  0.087356312711  0.087356312711  0.004821733363  -0.000266076081   0.091911969993  -0.123965812574
290  0.087446275113  0.087446275113  0.004560003634  -0.000054794100   0.091951484647  -0.122593058705
291  0.087472388682  0.087472388682  0.004595967016  -0.000092545027   0.091975810671  -0.122544417109
292  0.087487785199  0.087487785199  0.004560219166  -0.000054336637   0.091993667729  -0.122611371856
293  0.087585514312  0.087585514312  0.004722528614  -0.000275149270   0.092032893656  -0.121019418264
294  0.087869746017  0.087869746017  0.004413569329  -0.000055130588   0.092228184758  -0.118599219956
295  0.087875917634  0.087875917634  0.004502907324  -0.000111198855   0.092267626103  -0.119504535848
296  0.087891780796  0.087891780796  0.004331874542  -0.000016436426   0.092207218912  -0.117429112727
297  0.087909260152  0.087909260152  0.004380238881  -0.000049945388   0.092239553645  -0.117833348371
298  0.087989511760  0.087989511760  0.005825162430  -0.000148169951   0.093666504239  -0.154478913142
299  0.088147305898  0.088147305898  0.005341681142  -0.000181208050   0.093307778989  -0.140423697482
300  0.088252709374  0.088252709374  0.005298469963  -0.000185251967   0.093365927370  -0.139137820189
301  0.088325126479  0.088325126479  0.005007347562  -0.000193902151   0.093138571890  -0.130980588467
302  0.088386468090  0.088386468090  0.005115892228  -0.000215168378   0.093287191939  -0.133355556962
303  0.088426776868  0.088426776868  0.004994258660  -0.000167471677   0.093253563850  -0.131343631299
304  0.088539803315  0.088539803315  0.005236408504  -0.000147532671   0.093628679148  -0.138475435842
305  0.088601687247  0.088601687247  0.005165575147  -0.000132454770   0.093634807623  -0.136958251821
306  0.088615797682  0.088615797682  0.005090514469  -0.000167120101   0.093539192049  -0.133972453494
307  0.088681437206  0.088681437206  0.004829056750  -0.000129072848   0.093381421108  -0.127893141959
308  0.088728357208  0.088728357208  0.004623491547  -0.000100043277   0.093251805478  -0.123089360258
309  0.088767595192  0.088767595192  0.004673001250  -0.000145008094   0.093295588348  -0.123213032964
310  0.088797779407  0.088797779407  0.004586420952  -0.000111213218   0.093272987141  -0.121776667720
311  0.088808973328  0.088808973328  0.004483131498  -0.000103293508   0.093188811318  -0.119181523478
312  0.088848639635  0.088848639635  0.004829061015  -0.000140000294   0.093537700356  -0.127595906919
313  0.088889332920  0.088889332920  0.004599082907  -0.000106764774   0.093381651053  -0.122242265646
314  0.088906960760  0.088906960760  0.004737152522  -0.000112175845   0.093531937436  -0.125852090344
315  0.088933114865  0.088933114865  0.004620776681  -0.000146501421   0.093407390125  -0.121751293808
316  0.088979497113  0.088979497113  0.004880255686  -0.000088806827   0.093770945972  -0.130382031484
317  0.089004702719  0.089004702719  0.005018529343  -0.000141931394   0.093881300667  -0.132699057409
318  0.089049751789  0.089049751789  0.004812458252  -0.000122408011   0.093739802030  -0.127622833126
319  0.089051238984  0.089051238984  0.006064112461  -0.000016931467   0.095098419979  -0.164552260912
320  0.089088730493  0.089088730493  0.005047597331  -0.000120410952   0.094015916872  -0.134075639433
321  0.089100499824  0.089100499824  0.004896545531  -0.000131727508   0.093865317847  -0.129657369148
322  0.089130806275  0.089130806275  0.004992923291  -0.000147048424   0.093976681143  -0.131863039377
323  0.089174890885  0.089174890885  0.004730530200  -0.000120390592   0.093785030492  -0.125448352910
324  0.089207383271  0.089207383271  0.005025643338  -0.000155714640   0.094077311969  -0.132517577782
325  0.089248898959  0.089248898959  0.005049142449  -0.000136783854   0.094161257554  -0.133672154694
326  0.089315979812  0.089315979812  0.004771514387  -0.000100833453   0.093986660746  -0.127095767180
327  0.089339466061  0.089339466061  0.004867834725  -0.000162923141   0.094044377645  -0.128027231070
328  0.089380934062  0.089380934062  0.006094417827  -0.000325301752   0.095150050137  -0.156985725171
329  0.089381631773  0.089381631773  0.004831557358  -0.000080400216   0.094132788915  -0.129285637452
330  0.089398412292  0.089398412292  0.004736503070  -0.000096411219   0.094038504142  -0.126263395383
331  0.089414074837  0.089414074837  0.004779104639  -0.000151199701   0.094041979775  -0.125931772432
332  0.089454057713  0.089454057713  0.004787114269  -0.000144200276   0.094096971706  -0.126340189835
333  0.089485591876  0.089485591876  0.004977621209  -0.000155529991   0.094307683093  -0.131215852965
334  0.089519308470  0.089519308470  0.004918313623  -0.000170827024   0.094266795069  -0.129185756838
335  0.089525527613  0.089525527613  0.004857710023  -0.000166407954   0.094216829682  -0.127656897118
336  0.089573321283  0.089573321283  0.005151025894  -0.000126117795   0.094598229382  -0.136734784247
337  0.089591820067  0.089591820067  0.006259066148  -0.000621560638   0.095229325577  -0.153404417436
338  0.089613342828  0.089613342828  0.004723443575  -0.000098878227   0.094237908175  -0.125840897494
339  0.089639284159  0.089639284159  0.006245328873  -0.000655651492   0.095228961540  -0.152102947074
340  0.089644216738  0.089644216738  0.004919030893  -0.000147029379   0.094416218252  -0.129852842009
341  0.089664677571  0.089664677571  0.005072199024  -0.000184711731   0.094552164863  -0.132995371709
342  0.089741497712  0.089741497712  0.004793662818  -0.000106321180   0.094428839349  -0.127549128232
343  0.089746467919  0.089746467919  0.004991053778  -0.000123036291   0.094614485406  -0.132465571037
344  0.089787343353  0.089787343353  0.004699262582  -0.000086387438   0.094400218496  -0.125522790679
345  0.089818241111  0.089818241111  0.004738835275  -0.000091101593   0.094465974793  -0.126471340325
346  0.089852880285  0.089852880285  0.004683936404  -0.000078894727   0.094457921962  -0.125309631096
347  0.089870570452  0.089870570452  0.004881732685  -0.000126847459   0.094625455678  -0.129387083847
348  0.089905242724  0.089905242724  0.004876424042  -0.000162215415   0.094619451351  -0.128280216634
349  0.089936128868  0.089936128868  0.004817984345  -0.000109461511   0.094644651702  -0.128125498233
350  0.089957758437  0.089957758437  0.004861617475  -0.000084490578   0.094734885334  -0.129992310861
351  0.089980274206  0.089980274206  0.004782977958  -0.000148000219   0.094615251946  -0.126124233265
352  0.090010944135  0.090010944135  0.004750606173  -0.000124644211   0.094636906098  -0.125878901349
353  0.090032760333  0.090032760333  0.004865173395  -0.000135744018   0.094762189710  -0.128694394541
354  0.090063614519  0.090063614519  0.004961575347  -0.000114843921   0.094910345946  -0.131886347539
355  0.090089837889  0.090089837889  0.004806111677  -0.000118507007   0.094777442559  -0.127556285721
356  0.090105826186  0.090105826186  0.004763214945  -0.000097123486   0.094771917645  -0.126970881132
357  0.090142761316  0.090142761316  0.004769708765  -0.000100796191   0.094811673890  -0.127047647615
358  0.090161451218  0.090161451218  0.004772769340  -0.000099983133   0.094834237425  -0.127153054611
359  0.090174688611  0.090174688611  0.004759192556  -0.000152651062   0.094781230105  -0.125350443191
360  0.090215131199  0.090215131199  0.004735609456  -0.000095457950   0.094855282705  -0.126265018690
361  0.090261048035  0.090261048035  0.004762464350  -0.000098836571   0.094924675814  -0.126903840953
362  0.090284411557  0.090284411557  0.004697863181  -0.000090211490   0.094892063248  -0.125380653224
363  0.090317914513  0.090317914513  0.004820963660  -0.000135411862   0.095003466311  -0.127500424212
364  0.090325923194  0.090325923194  0.004880292379  -0.000136556523   0.095069659050  -0.129083693878
365  0.090363194728  0.090363194728  0.004919851507  -0.000140808508   0.095142237727  -0.130044450674
366  0.090393751704  0.090393751704  0.004952158020  -0.000118253825   0.095227655899  -0.131537300605
367  0.090422099064  0.090422099064  0.004924003424  -0.000116238240   0.095229864248  -0.130826021531
368  0.090440083790  0.090440083790  0.004820902951  -0.000128936886   0.095132049855  -0.127674965377
369  0.090461834203  0.090461834203  0.004964611163  -0.000166976132   0.095259469233  -0.130550365869
370  0.090501845653  0.090501845653  0.004705467387  -0.000091449545   0.095115863495  -0.125553885114
371  0.090515500701  0.090515500701  0.005155690771  -0.000161930313   0.095509261159  -0.135887213323
372  0.090541141371  0.090541141371  0.004828599374  -0.000121919824   0.095247820921  -0.128075339904
373  0.090558381442  0.090558381442  0.004733220658  -0.000114963236   0.095176638865  -0.125669250019
374  0.090587939483  0.090587939483  0.004855657567  -0.000164185603   0.095279411447  -0.127661520205
375  0.090603863940  0.090603863940  0.005056422210  -0.000216009672   0.095444276477  -0.131714401728
376  0.090657572534  0.090657572534  0.004908801306  -0.000151626481   0.095414747360  -0.129449387044
377  0.090669511537  0.090669511537  0.005074192877  -0.000151656019   0.095592048396  -0.133949119478
378  0.090712940736  0.090712940736  0.004693698265  -0.000107299690   0.095299339311  -0.124802326176
379  0.090734744007  0.090734744007  0.004899422314  -0.000197141032   0.095437025289  -0.127955656878
380  0.090742660036  0.090742660036  0.004921375757  -0.000191787996   0.095472247797  -0.128698704400
381  0.090750498348  0.090750498348  0.004728356649  -0.000119946342   0.095358908655  -0.125401296224
382  0.090794790628  0.090794790628  0.004821186191  -0.000132147870   0.095483828948  -0.127595297359
383  0.090830900660  0.090830900660  0.004779546887  -0.000131507936   0.095478939611  -0.126479647122
384  0.090836021702  0.090836021702  0.004809729925  -0.000173079093   0.095472672534  -0.126169760439
385  0.090868372931  0.090868372931  0.004745392102  -0.000151364287   0.095462400745  -0.125009928479
386  0.090883029539  0.090883029539  0.004627707468  -0.000160303881   0.095350433126  -0.121564305951
387  0.090887078712  0.090887078712  0.004497169479  -0.000014741535   0.095369506657  -0.121973139771
388  0.090894102077  0.090894102077  0.004576917028  -0.000084340584   0.095386678520  -0.122249294625
389  0.090899905812  0.090899905812  0.004451005538  -0.000031770083   0.095319141267  -0.120253583662
390  0.090920312802  0.090920312802  0.004707917877  -0.000147049470   0.095481181210  -0.124107614586
391  0.090922873423  0.090922873423  0.004415707172  -0.000031862959   0.095306717636  -0.119290538416
392  0.090927158581  0.090927158581  0.004471521809  -0.000074681882   0.095323998508  -0.119644169972
393  0.090931661507  0.090931661507  0.004670472714  -0.000123665234   0.095478468986  -0.123724997043
394  0.090953157587  0.090953157587  0.004582912405  -0.000127699902   0.095408370090  -0.121232569495
395  0.090974238285  0.090974238285  0.004509851259  -0.000102619116   0.095381470428  -0.119926956740
396  0.090993918650  0.090993918650  0.004938603619  -0.000089205286   0.095843316984  -0.131958917808
397  0.091026316633  0.091026316633  0.004739217611  -0.000091344149   0.095674190095  -0.126475143928
398  0.091052375502  0.091052375502  0.004659205805  -0.000107712307   0.095603869000  -0.123852510174
399  0.091084094394  0.091084094394  0.004584601503  -0.000073651850   0.095595044047  -0.122749255391
400  0.091096916598  0.091096916598  0.004582543936  -0.000143595482   0.095535865053  -0.120790001966
401  0.091137435825  0.091137435825  0.004790455439  -0.000079679228   0.095848212036  -0.128186815776
402  0.091172640912  0.091172640912  0.004766499725  -0.000084091721   0.095855048915  -0.127414877156
403  0.091184896626  0.091184896626  0.004687835660  -0.000066339798   0.095806392488  -0.125757372499
404  0.091190392750  0.091190392750  0.004686478596  -0.000106394144   0.095770477202  -0.124630510064
405  0.091216169367  0.091216169367  0.004948302531  -0.000108046345   0.096056425553  -0.131710147191
406  0.091260799093  0.091260799093  0.004877224992  -0.000098457221   0.096039566864  -0.130036961329
407  0.091274922464  0.091274922464  0.004877614965  -0.000121338703   0.096031198727  -0.129424935889
408  0.091318843871  0.091318843871  0.004939408172  -0.000137834208   0.096120417836  -0.130657549772
409  0.091330584399  0.091330584399  0.005301386718  -0.000089050217   0.096542920900  -0.141834973447
410  0.091356161037  0.091356161037  0.005092205274  -0.000262730991   0.096185635320  -0.131416756504
411  0.091380818475  0.091380818475  0.004825885258  -0.000127387501   0.096079316232  -0.127852701884
412  0.091402016279  0.091402016279  0.004892423927  -0.000195335978   0.096099104229  -0.127814339024
413  0.091431063051  0.091431063051  0.005217819571  -0.000122028289   0.096526854332  -0.138663614887
414  0.091432362576  0.091432362576  0.004796215832  -0.000217263806   0.096011314602  -0.124599695162
415  0.091464273950  0.091464273950  0.004848189742  -0.000215898541   0.096096565150  -0.126051128769
416  0.091503403480  0.091503403480  0.005135050254  -0.000116500545   0.096521953189  -0.136561763543
417  0.091514999077  0.091514999077  0.004764020770  -0.000072373971   0.096206645876  -0.127666277693
418  0.091554812807  0.091554812807  0.004757935986  -0.000125910715   0.096186838078  -0.126043892467
419  0.091591141836  0.091591141836  0.004748374146  -0.000155202493   0.096184313488  -0.124986631100
420  0.091623005172  0.091623005172  0.004728725445  -0.000143187492   0.096208543125  -0.124778907448
421  0.091626136649  0.091626136649  0.005100905264  -0.000159161369   0.096567880544  -0.134471769827
422  0.091646443512  0.091646443512  0.004690906063  -0.000083298758   0.096254050817  -0.125379445413
423  0.091680543848  0.091680543848  0.004797978108  -0.000079987833   0.096398534123  -0.128383120578
424  0.091688079083  0.091688079083  0.005090789761  -0.000214185336   0.096564683508  -0.132699233662
425  0.091705946133  0.091705946133  0.004952660113  -0.000130890262   0.096527715984  -0.131207108125
426  0.091722169858  0.091722169858  0.004977870701  -0.000109027819   0.096591012740  -0.132488031206
427  0.091775772327  0.091775772327  0.005004406593  -0.000250442231   0.096529736690  -0.129362025850
428  0.091798995309  0.091798995309  0.004981791568  -0.000176746582   0.096604040295  -0.130752001130
429  0.091817917081  0.091817917081  0.004971312625  -0.000177707417   0.096611522289  -0.130440708764
430  0.091845469118  0.091845469118  0.004993450155  -0.000272022874   0.096566896399  -0.128476646323
431  0.091877831719  0.091877831719  0.004996096356  -0.000086196856   0.096787731218  -0.133605239231
432  0.091887532693  0.091887532693  0.004973495199  -0.000310313306   0.096550714586  -0.126891707762
433  0.091908875087  0.091908875087  0.004940813573  -0.000108093639   0.096741595021  -0.131505075207
434  0.091928324830  0.091928324830  0.004932809872  -0.000096559532   0.096764575170  -0.131601142520
435  0.091950285052  0.091950285052  0.005101057196  -0.000201866025   0.096849476223  -0.133313850630
436  0.091964906754  0.091964906754  0.004984815620  -0.000109556710   0.096840165664  -0.132662620299
437  0.092012945353  0.092012945353  0.004715534593  -0.000041771713   0.096686708233  -0.127179631238
438  0.092023631431  0.092023631431  0.004916029739  -0.000131067198   0.096808593972  -0.130205529698
439  0.092030704400  0.092030704400  0.004690204834  -0.000038718786   0.096682190448  -0.126573447426
440  0.092036031647  0.092036031647  0.004693339425  -0.000057004516   0.096672366555  -0.126161163739
441  0.092038304740  0.092038304740  0.004859476487  -0.000090045781   0.096807735446  -0.129782886701
442  0.092068366886  0.092068366886  0.004673674203  -0.000058046395   0.096683994695  -0.125597694554
443  0.092087403975  0.092087403975  0.004838506430  -0.000141503747   0.096784406658  -0.127812018815
444  0.092101962557  0.092101962557  0.004941138433  -0.000172231556   0.096870869434  -0.129768632601
445  0.092138708406  0.092138708406  0.004856616503  -0.000168430577   0.096826894333  -0.127572102518
446  0.092189891469  0.092189891469  0.004838054744  -0.000153644897   0.096874301316  -0.127469350126
447  0.092198756940  0.092198756940  0.004868697767  -0.000182170180   0.096885284527  -0.127526976784
448  0.092209156693  0.092209156693  0.004814070879  -0.000112893119   0.096910334453  -0.127925628503
449  0.092234225807  0.092234225807  0.004632822998  -0.000082220808   0.096784827997  -0.123828256421
450  0.092268802544  0.092268802544  0.004899350479  -0.000055137877   0.097113015146  -0.131817806798
451  0.092269119555  0.092269119555  0.004577188941  -0.000074659089   0.096771649407  -0.122520140815
452  0.092304179166  0.092304179166  0.005001453361  -0.000098943334   0.097206689193  -0.133404161352
453  0.092304734342  0.092304734342  0.004639872792  -0.000103456123   0.096841151011  -0.123442248553
454  0.092313386893  0.092313386893  0.004656084235  -0.000105747767   0.096863723361  -0.123821025771
455  0.092342571261  0.092342571261  0.005075438846  -0.000128284729   0.097289725378  -0.134618989539
456  0.092370339180  0.092370339180  0.004900713894  -0.000133861233   0.097137191841  -0.129712734500
457  0.092372480973  0.092372480973  0.004728260807  -0.000240561079   0.096860180701  -0.122116592370
458  0.092415873396  0.092415873396  0.005302370444  -0.000148224063   0.097570019777  -0.140251538830
459  0.092430018130  0.092430018130  0.005077551791  -0.000115711120   0.097391858801  -0.135018631239
460  0.092432523784  0.092432523784  0.004870586568  -0.000275148546   0.097027961806  -0.125048302182
461  0.092459899550  0.092459899550  0.005018356569  -0.000133091085   0.097345165033  -0.132934913183
462  0.092471221652  0.092471221652  0.004980841731  -0.000368922696   0.097083140687  -0.125496773628
463  0.092531681285  0.092531681285  0.004865986872  -0.000025824716   0.097371843441  -0.131707588492
464  0.092540556212  0.092540556212  0.004990853105  -0.000109648891   0.097421760427  -0.132824400357
465  0.092567792866  0.092567792866  0.004957569214  -0.000171531206   0.097353830875  -0.130234794660
466  0.092592941967  0.092592941967  0.004919486849  -0.000105927053   0.097406501763  -0.130983701045
467  0.092599300952  0.092599300951  0.005168004543  -0.000214815789   0.097552489706  -0.134783200475
468  0.092620630407  0.092620630407  0.004822482481  -0.000054952724   0.097388160165  -0.129731159250
469  0.092626597997  0.092626597997  0.004926941731  -0.000128372977   0.097425166751  -0.130575773794
470  0.092629952085  0.092629952085  0.004949711745  -0.000065376990   0.097514286840  -0.132909586753
471  0.092657111155  0.092657111155  0.004905811134  -0.000094801342   0.097468120947  -0.130914311851
472  0.092667472105  0.092667472105  0.004905890054  -0.000160239535   0.097413122624  -0.129135794546
473  0.092688519014  0.092688519014  0.004741555234  -0.000100703889   0.097329370359  -0.126284062269
474  0.092737936178  0.092737936178  0.004826942055  -0.000077999897   0.097486878336  -0.129225364633
475  0.092765252214  0.092765252214  0.004873589156  -0.000131545486   0.097507295884  -0.129037647113
476  0.092787338272  0.092787338272  0.004824084929  -0.000116559879   0.097494863322  -0.128098347146
477  0.092791067025  0.092791067025  0.004985311234  -0.000072753622   0.097703624637  -0.133677570203
478  0.092799924446  0.092799924446  0.005077605289  -0.000093574267   0.097783955467  -0.135622461751
479  0.092810340240  0.092810340240  0.004823081264  -0.000138039841   0.097495381662  -0.127486536165
480  0.092834945738  0.092834945738  0.004768325151  -0.000062892050   0.097540378838  -0.128041422265
481  0.092847543300  0.092847543300  0.005048585868  -0.000131398473   0.097764730694  -0.133803553066
482  0.092856635360  0.092856635360  0.004809274342  -0.000107560225   0.097558349477  -0.127940223525
483  0.092873240670  0.092873240670  0.005109287899  -0.000196375838   0.097786152730  -0.133687215241
484  0.093306997003  0.093306997003  0.004579294047  -0.000061030797   0.097825260253  -0.122948268605
485  0.093311724510  0.093311724510  0.004781567807  -0.000101228406   0.097992063911  -0.127358587575
486  0.093335762355  0.093335762355  0.004793486772  -0.000133379992   0.097995869134  -0.126808029616
487  0.093346599909  0.093346599909  0.004775840154  -0.000144602685   0.097977837379  -0.126022455278
488  0.093375305906  0.093375305906  0.005113814578  -0.000011518717   0.098477601767  -0.138840613588
489  0.093376585075  0.093376585075  0.004873386385  -0.000067367157   0.098182604303  -0.130778511634
490  0.093389743194  0.093389743194  0.004782283802  -0.000201027234   0.097970999763  -0.124662404984
491  0.093394479673  0.093394479673  0.004796484283  -0.000076595307   0.098114368649  -0.128434786894
492  0.093419173539  0.093419173539  0.004823073347  -0.000144484335   0.098097762551  -0.127310957022
493  0.093446075280  0.093446075280  0.004779139033  -0.000161900495   0.098063313818  -0.125641524751
494  0.093473934021  0.093473934021  0.005131316769  -0.000104663576   0.098500587214  -0.136782270718
495  0.093516882771  0.093516882771  0.004757595760  -0.000181166151   0.098093312380  -0.124531056657
496  0.093550423244  0.093550423244  0.004580254920  -0.000119667780   0.098011010384  -0.121378820899
497  0.093631077019  0.093631077019  0.004630415155  -0.000231896657   0.098029595517  -0.119689846256
498  0.093708031423  0.093708031423  0.004956498890  -0.000045762301   0.098618768012  -0.133628017640
499  0.093769159506  0.093769159506  0.005160259762  -0.000317681677   0.098611737591  -0.131773329288
500  0.093827445966  0.093827445966  0.005222812096  -0.000417853536   0.098632404526  -0.130749649357
501  0.093889851657  0.093889851657  0.005186893324  -0.000460396314   0.098616348666  -0.128614600734
502  0.093914266015  0.093914266015  0.004591306559  -0.000043694727   0.098461877847  -0.123746884618
503  0.093939494240  0.093939494240  0.005193864989  -0.000496604579   0.098636754650  -0.127819031925
504  0.093974240503  0.093974240503  0.004573748446  -0.000083068160   0.098464920790  -0.122197697537
505  0.094000685792  0.094000685792  0.004365231127  -0.000081082159   0.098284834760  -0.116577691244
506  0.094034479352  0.094034479352  0.004454354542  -0.000115630134   0.098373203760  -0.118062765353
507  0.094047051004  0.094047051004  0.005180045826  -0.000538594378   0.098688502452  -0.126300391933
508  0.094048748532  0.094048748532  0.004307039158  -0.000103148248   0.098252639441  -0.114393757095
509  0.094070531274  0.094070531274  0.004398252302  -0.000109809756   0.098358973820  -0.116694525490
510  0.094220976410  0.094220976410  0.004741015529  -0.000033297326   0.098928694612  -0.128103603094
511  0.094246119552  0.094246119552  0.004776799086  -0.000062112888   0.098960805750  -0.128293212017
512  0.094283342148  0.094283342148  0.004824459592  -0.000128434909   0.098979366831  -0.127785406081
513  0.094381937250  0.094381937250  0.004822377905  -0.000216356776   0.098987958379  -0.125336283337
514  0.094644533594  0.094644533594  0.004656861337  -0.000077487784   0.099223907147  -0.124611165501
515  0.094700598974  0.094700598974  0.004676776544  -0.000128399280   0.099248976238  -0.123767713074
516  0.094818470144  0.094818470144  0.004720674320  -0.000088191810   0.099450952654  -0.126056334570
517  0.094899440791  0.094899440791  0.004739126254  -0.000174092596   0.099464474449  -0.124220956884
518  0.095023320400  0.095023320400  0.004807549634  -0.000124324737   0.099706545296  -0.127437105943
519  0.095064062541  0.095064062541  0.004738319173  -0.000144007880   0.099658373833  -0.125017642302
520  0.095104767780  0.095104767780  0.004683554804  -0.000118966464   0.099669356121  -0.124208839171
521  0.095173545340  0.095173545340  0.004695544252  -0.000135521453   0.099733568139  -0.124084604415
522  0.095221600605  0.095221600605  0.004623104913  -0.000107930956   0.099736774563  -0.122864204619
523  0.095241408193  0.095241408193  0.004656769003  -0.000119205539   0.099778971658  -0.123473454447
524  0.095416454921  0.095416454921  0.004698445887  -0.000091168028   0.100023732780  -0.125370480733
525  0.095453616015  0.095453616015  0.004704336468  -0.000103034723   0.100054917761  -0.125207862313
526  0.095482009042  0.095482009042  0.004703351035  -0.000146507731   0.100038852347  -0.123998085889
527  0.095501041126  0.095501041126  0.004743522176  -0.000179851661   0.100064711640  -0.124183863843
528  0.095679746195  0.095679746195  0.004686214200  -0.000109946418   0.100256013977  -0.124526653124
529  0.095728938029  0.095728938029  0.004654822670  -0.000136419502   0.100247341197  -0.122952075965
530  0.095867025094  0.095867025094  0.004698258535  -0.000102505836   0.100462777793  -0.125056864979
531  0.095944980025  0.095944980025  0.004776488965  -0.000228338458   0.100493130532  -0.123761542696
532  0.096205386399  0.096205386399  0.004668117951  -0.000080234265   0.100793270085  -0.124842738116
533  0.096242883701  0.096242883701  0.004652535482  -0.000115559223   0.100779859960  -0.123457475791
534  0.096339661990  0.096339661990  0.004735137029  -0.000133018081   0.100941780939  -0.125230099556
535  0.096362195458  0.096362195458  0.004770214820  -0.000171791423   0.100960618856  -0.125129538441
536  0.096406992942  0.096406992942  0.004830079234  -0.000074120789   0.101162951387  -0.129416287634
537  0.096512349172  0.096512349172  0.004848415285  -0.000183753016   0.101177011440  -0.126931990858
538  0.096577614736  0.096577614736  0.004733328124  -0.000097326248   0.101213616612  -0.126152101449
539  0.096608475304  0.096608475304  0.004731899286  -0.000127128186   0.101213246405  -0.125302268322
540  0.096643124385  0.096643124385  0.004815271525  -0.000103177621   0.101355218289  -0.128222672062
541  0.096710982238  0.096710982238  0.004834781241  -0.000186878384   0.101358885095  -0.126475943806
542  0.096870266611  0.096870266611  0.004682250494  -0.000089015528   0.101463501577  -0.124988353957
543  0.096975211568  0.096975211568  0.004700822768  -0.000079224393   0.101596809942  -0.125760162008
544  0.096992268799  0.096992268799  0.004708034928  -0.000099338715   0.101600965012  -0.125409076126
545  0.096998540447  0.096998540447  0.004699079289  -0.000214043003   0.101483576733  -0.122044116400
546  0.097212269182  0.097212269182  0.004593203624  -0.000085224190   0.101720248616  -0.122668431565
547  0.097241880515  0.097241880515  0.004605786892  -0.000111856132   0.101735811275  -0.122286147482
548  0.097391069915  0.097391069915  0.004614364524  -0.000075222650   0.101930211789  -0.123516405195
549  0.097419249333  0.097419249333  0.004606918708  -0.000099738861   0.101926429180  -0.122646673691
