0 -0.2713448674787 1.21602e-06
1 -0.27134486747847 1.08826e-06
2 -0.271006364705889 1.58433e-06
3 -0.271006364705788 1.33708e-06
4 -0.270859562512693 1.0261e-06
5 -0.270859562512484 9.95141e-07
6 -0.270506367198255 2.51952e-06
7 -0.270506367197997 1.13442e-06
8 -0.267388572667206 2.85344e-07
9 -0.267388572667185 3.70662e-07
10 -0.267365077414355 3.1023e-07
11 -0.267365077414102 2.33686e-07
12 -0.266738368215437 5.94741e-07
13 -0.266738368215368 6.38689e-07
14 -0.264848555800749 2.617e-07
15 -0.26484855580072 2.76852e-07
16 -0.264819943842945 2.57557e-07
17 -0.264819943842907 2.13059e-07
18 -0.263851983864696 1.86451e-07
19 -0.263851983864527 2.63128e-07
20 -0.263439815619009 2.2837e-07
21 -0.263439815618908 2.57611e-07
22 -0.261617123886864 3.01311e-07
23 -0.261617123886773 2.52029e-07
24 -0.261459543952538 2.66638e-07
25 -0.261459543952366 2.62283e-07
26 -0.260900389956175 2.91598e-07
27 -0.260900389956052 3.09289e-07
28 -0.256832685782453 2.71972e-07
29 -0.25683268578226 2.44454e-07
30 -0.256772158987606 1.94929e-07
31 -0.25677215898734 2.36519e-07
32 -0.256743214870026 2.63786e-07
33 -0.256743214869858 2.31718e-07
34 -0.256131849518624 2.95756e-07
35 -0.256131849518344 2.63128e-07
36 -0.255673435842808 2.16099e-07
37 -0.255673435842602 2.72354e-07
38 -0.254517987124788 2.36255e-07
39 -0.254517987124643 2.26784e-07
40 -0.251550358748794 2.12668e-07
41 -0.251550358748639 2.43971e-07
42 -0.248234929544245 2.04993e-07
43 -0.248234929544133 1.75247e-07
44 -0.248132036084337 1.19064e-07
45 -0.248132036084158 2.03821e-07
46 -0.247550336102533 1.67617e-07
47 -0.247550336102386 1.73496e-07
48 -0.240453260258355 1.52782e-07
49 -0.240453260258217 9.55956e-08
50 -0.146641076150884 2.52661e-08
51 -0.146641076150517 3.1665e-08
52 -0.137325310667997 1.11759e-08
53 -0.13732531066782 2.24292e-08
54 -0.136894789987211 3.36309e-08
55 -0.136894789986911 5.26177e-08
56 -0.132904847940312 3.59737e-08
57 -0.132904847940184 3.32157e-08
58 -0.129763690372764 1.666e-08
59 -0.129763690372602 2.99185e-08
60 -0.127672861237769 1.79627e-08
61 -0.127672861237744 1.74732e-08
62 -0.127284560373454 4.16083e-08
63 -0.127284560373398 2.81253e-08
64 -0.125850367919756 2.81869e-08
65 -0.125850367919687 2.35608e-08
66 -0.125370323379952 8.73658e-09
67 -0.125370323379876 2.51974e-08
68 -0.121245864086238 2.18811e-08
69 -0.121245864086149 2.86145e-08
70 -0.120538796452231 1.07001e-08
71 -0.120538796452158 3.03217e-08
72 -0.118982806102075 2.58432e-08
73 -0.118982806101957 3.56102e-08
74 -0.117902885227204 1.52464e-08
75 -0.117902885227142 1.38764e-08
76 -0.11492280113406 1.91318e-08
77 -0.114922801134005 1.87656e-08
78 -0.114338975350841 2.72481e-08
79 -0.114338975350729 1.22142e-08
80 -0.112763775821553 4.9281e-09
81 -0.112763775821466 1.37508e-08
82 -0.1115733974687 1.0861e-08
83 -0.111573397468648 7.792e-09
84 -0.110769060473226 3.48469e-09
85 -0.110769060473193 1.92674e-08
86 -0.109077326830165 3.10286e-08
87 -0.109077326830111 5.4305e-09
88 -0.107388589112046 3.22888e-08
89 -0.107388589111997 3.14175e-08
90 -0.106423487609328 2.457e-08
91 -0.106423487609196 2.28886e-08
92 -0.103384448186385 9.10603e-08
93 -0.103384448186325 7.27148e-08
94 -0.102594677665627 1.23104e-07
95 -0.102594677665515 1.11766e-07
96 -0.0984585834522302 3.43869e-07
97 -0.0984585834521102 4.45161e-07
98 -0.0980743162574961 4.13564e-07
99 -0.0980743162569837 8.27149e-07
100 -0.0958306671445196 1.37164e-06
101 -0.0958306671423582 2.35755e-06
102 -0.0950823426182677 3.08033e-06
103 -0.0950823426159705 1.91557e-06
104 -0.0936108026958151 3.02863e-06
105 -0.0936108026883928 3.69528e-06
106 -0.0932788764504412 4.42902e-06
107 -0.093278876432235 5.0728e-06
