191 
I -10.9986 17.9666 -11.1504
I -11.02 11.0712 -18.0024
Cs -16.5893 16.7126 -5.92119
Cs -16.6007 16.7496 5.78317
Cs -16.5842 5.70371 -5.68796
I -17.9003 11.121 -11.1354
I -11.0201 18.0366 11.0152
I -17.8385 11.6668 -0.0542087
I -11.5207 17.9332 -0.0678884
I -11.4168 11.5232 5.81495
Cs -16.6554 5.97288 16.6283
I -17.9219 11.1911 11.0301
Cs -5.58034 16.6179 -5.71179
Cs -5.80021 16.7397 16.6048
Cs -16.6709 -5.83674 -16.6611
Cs -16.623 5.86751 -16.6981
I -11.4708 -5.85178 -11.4507
I -17.8747 0.0364075 -11.6114
I -11.1106 -11.0942 -17.9324
Cs -16.6304 -5.60374 -5.65227
Cs -16.6414 -5.56799 5.65527
Cs -16.7256 -16.6135 -5.81596
Cs -16.5952 5.73946 5.61958
I -17.991 -11.0444 -11.0654
I -11.493 -5.77933 11.4652
I -17.8972 0.109723 11.5762
I -17.9333 -11.5207 0.0190125
I -11.5255 -5.81408 0.0071923
I -17.9207 0.073208 -0.017633
I -11.4959 0.0284536 -5.87244
I -11.5105 -11.3926 5.88733
Cs -16.7032 -5.73137 16.6653
I -18.0125 -10.9743 11.1001
I -11.6112 0.103914 17.8746
Cs -5.61451 5.6243 -16.6363
Cs -5.76786 16.6343 -16.7216
I 0.0351281 5.82471 -11.5201
I -5.80443 11.4456 -11.4999
I 0.0174006 -0.0566616 -17.9207
I -11.5764 -0.00918974 -17.8974
Cs -5.71465 5.74898 -5.76752
Cs -5.72582 5.7853 5.71994
Cs -5.76161 -5.73838 -5.73124
Cs -5.59132 16.6537 5.59575
Pb -11.8187 0.0109226 -11.8418
Pb -11.8674 11.9387 -11.9772
Pb -11.885 0.0485509 -0.0116936
Pb -11.7818 11.8784 -0.0489968
I -11.4229 5.87295 -11.4878
I -5.84993 -0.0124231 -11.5074
I 0.0127935 5.89744 11.4831
I -5.82667 11.5181 11.416
I -11.4776 5.90806 -0.0298256
I -5.87588 0.0240033 -0.00578067
I 0.0240222 5.87586 -0.0185552
I -5.81408 11.5255 -0.0420861
I -11.4054 11.4862 -5.90988
I 0.052712 11.483 -5.89744
I -0.00570509 0.0185779 5.8759
I -11.5073 0.0655168 5.8498
Cs -5.64677 5.72935 16.5894
Cs -5.69299 -5.5781 16.6251
Pb -11.8416 0.0857312 11.8186
Pb -11.8905 12.0141 11.8784
I -11.4451 5.9454 11.4282
I -5.87227 0.0603087 11.4959
I -11.0549 11.1847 17.9106
I 0.0300296 11.6503 17.8494
Cs 5.93646 16.5865 -16.71
I 11.1669 17.876 -11.1286
I 11.1455 10.9806 -17.9806
I 0.0647647 11.5372 -17.9226
Cs 5.72716 16.5717 -5.70066
Cs 5.71618 16.6075 5.60688
Cs 5.77278 5.70206 -5.75622
Pb 0.0598495 11.7927 -11.8675
Pb 0.0485887 11.885 -0.03753
I 0.0843782 17.8492 -11.6503
I 5.92036 11.3977 -11.4884
I 11.1454 17.9461 11.037
I 0.0732628 17.9206 -0.0565898
I 5.90812 11.4776 -0.0305531
I 11.6669 17.8385 -0.0450738
I 11.4991 11.4296 5.8375
I 0.0413283 11.5201 5.8248
Cs 5.90409 16.6918 16.6163
Cs 5.66073 5.68316 16.6006
Pb 0.0368761 11.8675 11.7928
I 0.0618621 17.9225 11.5373
I 5.8981 11.4702 11.4276
Cs 16.7369 16.5765 -5.88841
Cs -16.7369 -16.5765 5.88841
Cs -5.90409 -16.6918 -16.6163
Cs -5.66073 -5.68316 -16.6006
I -0.0618621 -17.9225 -11.5373
I -5.8981 -11.4702 -11.4276
Cs -5.71618 -16.6075 -5.60688
Cs -5.72716 -16.5717 5.70066
Cs -5.77278 -5.70206 5.75622
Pb -11.9649 -11.9167 -11.9018
Pb -11.8785 -11.7818 0.0257173
I -11.1454 -17.9461 -11.037
I -0.0843782 -17.8492 11.6503
I -5.92036 -11.3977 11.4884
I -11.6669 -17.8385 0.0450738
I -0.0732628 -17.9206 0.0565898
I -5.90812 -11.4776 0.0305531
I -11.4991 -11.4296 -5.8375
I -0.0413283 -11.5201 -5.8248
Cs -5.93646 -16.5865 16.71
Pb -11.9881 -11.8412 11.9537
I -11.1669 -17.876 11.1286
I -11.1455 -10.9806 17.9806
I -0.0647647 -11.5372 17.9226
Cs 5.64677 -5.72935 -16.5894
Cs 5.69299 5.5781 -16.6251
I 11.4451 -5.9454 -11.4282
I 5.87227 -0.0603087 -11.4959
I 11.0549 -11.1847 -17.9106
I -0.0300296 -11.6503 -17.8494
Cs 5.72582 -5.7853 -5.71994
Cs 5.71465 -5.74898 5.76752
Cs 5.59132 -16.6537 -5.59575
Cs 5.76161 5.73838 5.73124
Pb -0.0368761 -11.8675 -11.7928
Pb 0.0115406 -0.0375791 -11.8851
Pb -0.0485887 -11.885 0.03753
Pb 0 0 0
I -0.0127935 -5.89744 -11.4831
I 5.82667 -11.5181 -11.416
I 11.4229 -5.87295 11.4878
I 5.84993 0.0124231 11.5074
I -0.0240222 -5.87586 0.0185552
I 5.81408 -11.5255 0.0420861
I 11.4776 -5.90806 0.0298256
I 5.87588 -0.0240033 0.00578067
I 0.00570509 -0.0185779 -5.8759
I 11.5073 -0.0655168 -5.8498
I 11.4054 -11.4862 5.90988
I -0.052712 -11.483 5.89744
Cs 5.61451 -5.6243 16.6363
Cs 5.76786 -16.6343 16.7216
Pb -0.0598495 -11.7927 11.8675
Pb -0.0115406 0.0375791 11.8851
I -0.0351281 -5.82471 11.5201
I 5.80443 -11.4456 11.4999
I -0.0174006 0.0566616 17.9207
I 11.5764 0.00918974 17.8974
Cs 16.7032 5.73137 -16.6653
I 18.0125 10.9743 -11.1001
I 11.6112 -0.103914 -17.8746
Cs 16.6414 5.56799 -5.65527
Cs 16.6304 5.60374 5.65227
Cs 16.5952 -5.73946 -5.61958
Cs 16.7256 16.6135 5.81596
Pb 11.8416 -0.0857312 -11.8186
Pb 11.9881 11.8412 -11.9537
Pb 11.885 -0.0485509 0.0116936
Pb 11.8785 11.7818 -0.0257173
I 11.493 5.77933 -11.4652
I 17.8972 -0.109723 -11.5762
I 17.991 11.0444 11.0654
I 11.5255 5.81408 -0.0071923
I 17.9207 -0.073208 0.017633
I 17.9333 11.5207 -0.0190125
I 11.5105 11.3926 -5.88733
I 11.4959 -0.0284536 5.87244
Cs 16.6709 5.83674 16.6611
Cs 16.623 -5.86751 16.6981
Pb 11.8187 -0.0109226 11.8418
Pb 11.9649 11.9167 11.9018
I 11.4708 5.85178 11.4507
I 17.8747 -0.0364075 11.6114
I 11.1106 11.0942 17.9324
Cs 5.80021 -16.7397 -16.6048
Cs 5.58034 -16.6179 5.71179
Cs 16.6554 -5.97288 -16.6283
I 17.9219 -11.1911 -11.0301
Cs 16.6007 -16.7496 -5.78317
Cs 16.5893 -16.7126 5.92119
Cs 16.5842 -5.70371 5.68796
Pb 11.8905 -12.0141 -11.8784
Pb 11.7818 -11.8784 0.0489968
I 11.0201 -18.0366 -11.0152
I 17.9003 -11.121 11.1354
I 11.5207 -17.9332 0.0678884
I 17.8385 -11.6668 0.0542087
I 11.4168 -11.5232 -5.81495
Pb 11.8674 -11.9387 11.9772
I 10.9986 -17.9666 11.1504
I 11.02 -11.0712 18.0024
